         1  100000000.    
       288   97347920.    
       576   95007096.    
       864   92869248.    
      1152   90927176.    
      1440   89174264.    
      1728   86916064.    
      2016   84866896.    
      2304   83017712.    
      2592   81360696.    
      2880   79888864.    
      3168   78596000.    
      3456   76859928.    
      3744   75315848.    
      4032   73956080.    
      4320   72774008.    
      4608   71763712.    
      4896   70920520.    
      5184   69674288.    
      5472   68603560.    
      5760   67702392.    
      6048   66965848.    
      6336   66390132.    
      6624   65972172.    
      6912   65174820.    
      7200   64540592.    
      7488   64064400.    
      7776   63744516.    
      8064   63579192.    
      8352   63049052.    
      8640   62676892.    
      8928   62460272.    
      9216   62397716.    
      9504   62488736.    
      9792   62733932.    
     10080   62615588.    
     10368   62652784.    
     10656   62845512.    
     10944   63194616.    
     11232   63702144.    
     11520   64371048.    
     11808   64670028.    
     12096   65129472.    
     12384   65752576.    
     12672   66542972.    
     12960   67505088.    
     13248   68084120.    
     13536   68833688.    
     13824   69757008.    
     14112   70860112.    
     14400   72149152.    
     14688   73631504.    
     14976   75316024.    
     15264   76587048.    
     15552   78057096.    
     15840   79734512.    
     16128   81628608.    
     16416   83750216.    
     16704   86107992.    
     16992   88015808.    
     17280   90159152.    
     17568   92549664.    
     17856   95200560.    
     18144   98124560.    
     18432  0.10134038E+09
     18720  0.10486652E+09
     19008  0.10788016E+09
     19296  0.11119737E+09
     19584  0.11483723E+09
     19872  0.11881955E+09
     20160  0.12316620E+09
     20448  0.12789677E+09
     20736  0.13304204E+09
     21024  0.13759818E+09
     21312  0.14256286E+09
     21600  0.14796128E+09
     21888  0.15382496E+09
     22176  0.16018544E+09
     22464  0.16707739E+09
     22752  0.17453158E+09
     23040  0.18259576E+09
     23328  0.18996734E+09
     23616  0.19794734E+09
     23904  0.20657619E+09
     24192  0.21590403E+09
     24480  0.22598075E+09
     24768  0.23686078E+09
     25056  0.24859334E+09
     25344  0.26125035E+09
     25632  0.27331728E+09
     25920  0.28633635E+09
     26208  0.30037075E+09
     26496  0.31549888E+09
     26784  0.33179709E+09
     27072  0.34934531E+09
     27360  0.36822621E+09
     27648  0.38851126E+09
     27936  0.40788074E+09
     28224  0.42869190E+09
     28512  0.45102659E+09
     28800  0.47495722E+09
     29088  0.50056362E+09
     29376  0.52791040E+09
     29664  0.55705062E+09
     29952  0.58800230E+09
     30240  0.61762810E+09
     30528  0.64899379E+09
     30816  0.68208813E+09
     31104  0.71687674E+09
     31392  0.75328678E+09
     31680  0.79123469E+09
     31968  0.83059603E+09
     32256  0.87121210E+09
     32544  0.90904698E+09
     32832  0.94779539E+09
     33120  0.98726221E+09
     33408  0.10272342E+10
     33696  0.10674850E+10
     33984  0.11077620E+10
     34272  0.11478540E+10
     34560  0.11875319E+10
     34848  0.12224902E+10
     35136  0.12568841E+10
     35424  0.12905546E+10
     35712  0.13233530E+10
     36000  0.13551693E+10
     36288  0.13859046E+10
     36576  0.14154806E+10
     36864  0.14438369E+10
     37152  0.14669306E+10
     37440  0.14891345E+10
     37728  0.15104417E+10
     38016  0.15308456E+10
     38304  0.15503538E+10
     38592  0.15689798E+10
     38880  0.15867444E+10
     39168  0.16036737E+10
     39456  0.16159770E+10
     39744  0.16279346E+10
     40032  0.16395578E+10
     40320  0.16508498E+10
     40608  0.16618196E+10
     40896  0.16724718E+10
     41184  0.16828147E+10
     41472  0.16928575E+10
     41760  0.16989572E+10
     42048  0.17052026E+10
     42336  0.17115613E+10
     42624  0.17180015E+10
     42912  0.17244945E+10
     43200  0.17309926E+10
     43488  0.17374908E+10
     43776  0.17439626E+10
     44064  0.17468791E+10
     44352  0.17501535E+10
     44640  0.17537194E+10
     44928  0.17575194E+10
     45216  0.17614986E+10
     45504  0.17656088E+10
     45792  0.17698022E+10
     46080  0.17740372E+10
     46368  0.17782735E+10
     46656  0.17824764E+10
     46944  0.17866103E+10
     47232  0.17872237E+10
     47520  0.17881335E+10
     47808  0.17892705E+10
     48096  0.17905661E+10
     48384  0.17919590E+10
     48672  0.17933957E+10
     48960  0.17948224E+10
     49248  0.17962170E+10
     49536  0.17978973E+10
     49824  0.17999611E+10
     50112  0.18022612E+10
     50400  0.18046982E+10
     50688  0.18071569E+10
     50976  0.18095556E+10
     51264  0.18118342E+10
     51552  0.18139397E+10
     51840  0.18158351E+10
     52128  0.18174885E+10
     52416  0.18188760E+10
     52704  0.18199813E+10
     52992  0.18207930E+10
     53280  0.18212988E+10
     53568  0.18214930E+10
     53856  0.18213760E+10
     54144  0.18209627E+10
     54432  0.18202319E+10
     54720  0.18191852E+10
     55008  0.18178243E+10
     55296  0.18161498E+10
     55584  0.18141629E+10
     55872  0.18118664E+10
     56160  0.18092605E+10
     56448  0.18063484E+10
     56736  0.18031295E+10
     57024  0.17996101E+10
     57312  0.17957861E+10
     57600  0.17953133E+10
     57888  0.17940759E+10
     58176  0.17921276E+10
     58464  0.17895177E+10
     58752  0.17862879E+10
     59040  0.17824799E+10
     59328  0.17781362E+10
     59616  0.17732741E+10
     59904  0.17679226E+10
     60192  0.17659057E+10
     60480  0.17629613E+10
     60768  0.17591668E+10
     61056  0.17545878E+10
     61344  0.17492815E+10
     61632  0.17433018E+10
     61920  0.17367005E+10
     62208  0.17334445E+10
     62496  0.17291392E+10
     62784  0.17238752E+10
     63072  0.17177313E+10
     63360  0.17107781E+10
     63648  0.17030799E+10
     63936  0.16987182E+10
     64224  0.16932406E+10
     64512  0.16867150E+10
     64800  0.16792319E+10
     65088  0.16708714E+10
     65376  0.16617034E+10
     65664  0.16559351E+10
     65952  0.16489714E+10
     66240  0.16409180E+10
     66528  0.16318785E+10
     66816  0.16219256E+10
     67104  0.16153948E+10
     67392  0.16075788E+10
     67680  0.15985953E+10
     67968  0.15885494E+10
     68256  0.15818842E+10
     68544  0.15738125E+10
     68832  0.15644692E+10
     69120  0.15539796E+10
     69408  0.15469004E+10
     69696  0.15383324E+10
     69984  0.15284196E+10
     70272  0.15172909E+10
     70560  0.15050595E+10
     70848  0.14963433E+10
     71136  0.14861911E+10
     71424  0.14747410E+10
     71712  0.14621185E+10
     72000  0.14542063E+10
     72288  0.14446694E+10
     72576  0.14336681E+10
     72864  0.14213422E+10
     73152  0.14078223E+10
     73440  0.13978924E+10
     73728  0.13864571E+10
     74016  0.13736671E+10
     74304  0.13596524E+10
     74592  0.13492774E+10
     74880  0.13373757E+10
     75168  0.13240975E+10
     75456  0.13143948E+10
     75744  0.13030513E+10
     76032  0.12902284E+10
     76320  0.12760745E+10
     76608  0.12655654E+10
     76896  0.12534634E+10
     77184  0.12399428E+10
     77472  0.12251259E+10
     77760  0.12140353E+10
     78048  0.12013864E+10
     78336  0.11873371E+10
     78624  0.11720291E+10
     78912  0.11604852E+10
     79200  0.11474262E+10
     79488  0.11330074E+10
     79776  0.11173764E+10
     80064  0.11055596E+10
     80352  0.10922648E+10
     80640  0.10776457E+10
     80928  0.10618369E+10
     81216  0.10498467E+10
     81504  0.10364250E+10
     81792  0.10217196E+10
     82080  0.10058767E+10
     82368  0.98900224E+09
     82656  0.97601837E+09
     82944  0.96175430E+09
     83232  0.94634189E+09
     83520  0.92990253E+09
     83808  0.91727725E+09
     84096  0.90341946E+09
     84384  0.88843040E+09
     84672  0.87242989E+09
     84960  0.85552813E+09
     85248  0.84241024E+09
     85536  0.82816371E+09
     85824  0.81290701E+09
     86112  0.79676512E+09
     86400  0.77982522E+09
     86688  0.76656102E+09
     86976  0.75228339E+09
     87264  0.73710650E+09
     87552  0.72113568E+09
     87840  0.70447834E+09
     88128  0.68721843E+09
     88416  0.67346317E+09
     88704  0.65891040E+09
     88992  0.64366573E+09
     89280  0.62782854E+09
     89568  0.61150406E+09
     89856  0.59477203E+09
     90144  0.57771757E+09
     90432  0.56390618E+09
     90720  0.54961280E+09
     91008  0.53493142E+09
     91296  0.51996563E+09
     91584  0.50478483E+09
     91872  0.48946810E+09
     92160  0.47408787E+09
     92448  0.45871120E+09
     92736  0.44339990E+09
     93024  0.42821235E+09
     93312  0.41586714E+09
     93600  0.40350138E+09
     93888  0.39117152E+09
     94176  0.37892819E+09
     94464  0.36682634E+09
     94752  0.35489613E+09
     95040  0.34317155E+09
     95328  0.33168237E+09
     95616  0.32045424E+09
     95904  0.30950768E+09
     96192  0.29886579E+09
     96480  0.28853760E+09
     96768  0.27853395E+09
     97056  0.26886266E+09
     97344  0.25952954E+09
     97632  0.25053757E+09
     97920  0.24188818E+09
     98208  0.23358602E+09
     98496  0.22562568E+09
     98784  0.21800379E+09
     99072  0.21071592E+09
     99360  0.20375746E+09
     99648  0.19712243E+09
     99936  0.19080437E+09
    100224  0.18480214E+09
    100512  0.17910394E+09
    100800  0.17370245E+09
    101088  0.16859014E+09
    101376  0.16375923E+09
    101664  0.15920216E+09
    101952  0.15377277E+09
    102240  0.14867888E+09
    102528  0.14390624E+09
    102816  0.13944110E+09
    103104  0.13527363E+09
    103392  0.13138958E+09
    103680  0.12777721E+09
    103968  0.12442582E+09
    104256  0.12132562E+09
    104544  0.11846710E+09
    104832  0.11495567E+09
