         1   1.8012198    
       288   1.7534500    
       576   1.7112865    
       864   1.6727792    
      1152   1.6377982    
      1440   1.6062243    
      1728   1.5655494    
      2016   1.5286393    
      2304   1.4953314    
      2592   1.4654849    
      2880   1.4389739    
      3168   1.4156866    
      3456   1.3844162    
      3744   1.3566039    
      4032   1.3321115    
      4320   1.3108197    
      4608   1.2926221    
      4896   1.2774343    
      5184   1.2549870    
      5472   1.2357008    
      5760   1.2194688    
      6048   1.2062020    
      6336   1.1958321    
      6624   1.1883038    
      6912   1.1739417    
      7200   1.1625179    
      7488   1.1539406    
      7776   1.1481788    
      8064   1.1452010    
      8352   1.1356519    
      8640   1.1289486    
      8928   1.1250467    
      9216   1.1239200    
      9504   1.1255594    
      9792   1.1299759    
     10080   1.1278443    
     10368   1.1285143    
     10656   1.1319858    
     10944   1.1382738    
     11232   1.1474155    
     11520   1.1594640    
     11808   1.1648493    
     12096   1.1731249    
     12384   1.1843483    
     12672   1.1985852    
     12960   1.2159150    
     13248   1.2263446    
     13536   1.2398460    
     13824   1.2564770    
     14112   1.2763462    
     14400   1.2995647    
     14688   1.3262652    
     14976   1.3566071    
     15264   1.3795010    
     15552   1.4059798    
     15840   1.4361937    
     16128   1.4703106    
     16416   1.5085253    
     16704   1.5509942    
     16992   1.5853580    
     17280   1.6239644    
     17568   1.6670228    
     17856   1.7147713    
     18144   1.7674390    
     18432   1.8253629    
     18720   1.8888766    
     19008   1.9431587    
     19296   2.0029089    
     19584   2.0684707    
     19872   2.1402013    
     20160   2.2184939    
     20448   2.3037019    
     20736   2.3963795    
     21024   2.4784455    
     21312   2.5678706    
     21600   2.6651077    
     21888   2.7707257    
     22176   2.8852918    
     22464   3.0094311    
     22752   3.1436975    
     23040   3.2889507    
     23328   3.4217291    
     23616   3.5654666    
     23904   3.7208910    
     24192   3.8889058    
     24480   4.0704098    
     24768   4.2663832    
     25056   4.4777122    
     25344   4.7056928    
     25632   4.9230447    
     25920   5.1575470    
     26208   5.4103370    
     26496   5.6828279    
     26784   5.9763947    
     27072   6.2924767    
     27360   6.6325631    
     27648   6.9979415    
     27936   7.3468285    
     28224   7.7216830    
     28512   8.1239796    
     28800   8.5550232    
     29088   9.0162506    
     29376   9.5088263    
     29664   10.033706    
     29952   10.591213    
     30240   11.124840    
     30528   11.689804    
     30816   12.285907    
     31104   12.912524    
     31392   13.568350    
     31680   14.251876    
     31968   14.960860    
     32256   15.692443    
     32544   16.373934    
     32832   17.071877    
     33120   17.782761    
     33408   18.502747    
     33696   19.227749    
     33984   19.953228    
     34272   20.675373    
     34560   21.390059    
     34848   22.019735    
     35136   22.639244    
     35424   23.245724    
     35712   23.836494    
     36000   24.409575    
     36288   24.963188    
     36576   25.495914    
     36864   26.006676    
     37152   26.422644    
     37440   26.822582    
     37728   27.206373    
     38016   27.573891    
     38304   27.925278    
     38592   28.260773    
     38880   28.580751    
     39168   28.885687    
     39456   29.107294    
     39744   29.322680    
     40032   29.532038    
     40320   29.735434    
     40608   29.933022    
     40896   30.124891    
     41184   30.311190    
     41472   30.492083    
     41760   30.601950    
     42048   30.714443    
     42336   30.828979    
     42624   30.944983    
     42912   31.061934    
     43200   31.178982    
     43488   31.296028    
     43776   31.412600    
     44064   31.465130    
     44352   31.524111    
     44640   31.588339    
     44928   31.656784    
     45216   31.728460    
     45504   31.802492    
     45792   31.878025    
     46080   31.954308    
     46368   32.030613    
     46656   32.106316    
     46944   32.180779    
     47232   32.191826    
     47520   32.208214    
     47808   32.228695    
     48096   32.252029    
     48384   32.277119    
     48672   32.302998    
     48960   32.328693    
     49248   32.353813    
     49536   32.384083    
     49824   32.421253    
     50112   32.462685    
     50400   32.506580    
     50688   32.550865    
     50976   32.594070    
     51264   32.635117    
     51552   32.673038    
     51840   32.707180    
     52128   32.736961    
     52416   32.761955    
     52704   32.781860    
     52992   32.796482    
     53280   32.805592    
     53568   32.809090    
     53856   32.806984    
     54144   32.799538    
     54432   32.786377    
     54720   32.767521    
     55008   32.743008    
     55296   32.712849    
     55584   32.677059    
     55872   32.635693    
     56160   32.588757    
     56448   32.536304    
     56736   32.478325    
     57024   32.414932    
     57312   32.346054    
     57600   32.337536    
     57888   32.315250    
     58176   32.280155    
     58464   32.233147    
     58752   32.174969    
     59040   32.106380    
     59328   32.028141    
     59616   31.940563    
     59904   31.844170    
     60192   31.807842    
     60480   31.754805    
     60768   31.686459    
     61056   31.603981    
     61344   31.508402    
     61632   31.400696    
     61920   31.281794    
     62208   31.223145    
     62496   31.145597    
     62784   31.050781    
     63072   30.940117    
     63360   30.814875    
     63648   30.676210    
     63936   30.597647    
     64224   30.498983    
     64512   30.381443    
     64800   30.246655    
     65088   30.096064    
     65376   29.930931    
     65664   29.827030    
     65952   29.701597    
     66240   29.556540    
     66528   29.393717    
     66816   29.214443    
     67104   29.096809    
     67392   28.956024    
     67680   28.794214    
     67968   28.613264    
     68256   28.493210    
     68544   28.347818    
     68832   28.179529    
     69120   27.990587    
     69408   27.863075    
     69696   27.708746    
     69984   27.530193    
     70272   27.329741    
     70560   27.109428    
     70848   26.952429    
     71136   26.769566    
     71424   26.563326    
     71712   26.335968    
     72000   26.193453    
     72288   26.021669    
     72576   25.823513    
     72864   25.601496    
     73152   25.357975    
     73440   25.179111    
     73728   24.973137    
     74016   24.742764    
     74304   24.490324    
     74592   24.303452    
     74880   24.089077    
     75168   23.849907    
     75456   23.675138    
     75744   23.470816    
     76032   23.239847    
     76320   22.984905    
     76608   22.795614    
     76896   22.577629    
     77184   22.334093    
     77472   22.067209    
     77760   21.867443    
     78048   21.639608    
     78336   21.386549    
     78624   21.110817    
     78912   20.902889    
     79200   20.667665    
     79488   20.407951    
     79776   20.126404    
     80064   19.913557    
     80352   19.674089    
     80640   19.410767    
     80928   19.126015    
     81216   18.910044    
     81504   18.668291    
     81792   18.403414    
     82080   18.118050    
     82368   17.814104    
     82656   17.580235    
     82944   17.323309    
     83232   17.045696    
     83520   16.749588    
     83808   16.522179    
     84096   16.272570    
     84384   16.002584    
     84672   15.714379    
     84960   15.409941    
     85248   15.173659    
     85536   14.917048    
     85824   14.642241    
     86112   14.351491    
     86400   14.046365    
     86688   13.807447    
     86976   13.550276    
     87264   13.276908    
     87552   12.989238    
     87840   12.689203    
     88128   12.378314    
     88416   12.130550    
     88704   11.868423    
     88992   11.593834    
     89280   11.308572    
     89568   11.014531    
     89856   10.713151    
     90144   10.405963    
     90432   10.157188    
     90720   9.8997335    
     91008   9.6352901    
     91296   9.3657236    
     91584   9.0922842    
     91872   8.8163958    
     92160   8.5393639    
     92448   8.2623968    
     92736   7.9866061    
     93024   7.7130456    
     93312   7.4906812    
     93600   7.2679458    
     93888   7.0458584    
     94176   6.8253288    
     94464   6.6073484    
     94752   6.3924584    
     95040   6.1812739    
     95328   5.9743280    
     95616   5.7720847    
     95904   5.5749130    
     96192   5.3832297    
     96480   5.1971960    
     96768   5.0170088    
     97056   4.8428073    
     97344   4.6746974    
     97632   4.5127320    
     97920   4.3569374    
     98208   4.2073975    
     98496   4.0640140    
     98784   3.9267271    
     99072   3.7954569    
     99360   3.6701193    
     99648   3.5506082    
     99936   3.4368057    
    100224   3.3286927    
    100512   3.2260554    
    100800   3.1287630    
    101088   3.0366788    
    101376   2.9496636    
    101664   2.8675807    
    101952   2.7697854    
    102240   2.6780334    
    102528   2.5920677    
    102816   2.5116408    
    103104   2.4365754    
    103392   2.3666148    
    103680   2.3015482    
    103968   2.2411823    
    104256   2.1853409    
    104544   2.1338527    
    104832   2.0706043    
