         1  0.33822218    
       288  0.20613079E-02
       576  0.20725550E-02
       864  0.20839882E-02
      1152  0.20956127E-02
      1440  0.21074323E-02
      1728  0.21209226E-02
      2016  0.21345799E-02
      2304  0.21484152E-02
      2592  0.21624321E-02
      2880  0.21766329E-02
      3168  0.21910197E-02
      3456  0.22069940E-02
      3744  0.22231352E-02
      4032  0.22394445E-02
      4320  0.22559238E-02
      4608  0.22725710E-02
      4896  0.22893834E-02
      5184  0.23077216E-02
      5472  0.23262091E-02
      5760  0.23448414E-02
      6048  0.23636131E-02
      6336  0.23825183E-02
      6624  0.24015449E-02
      6912  0.24220543E-02
      7200  0.24426740E-02
      7488  0.24633945E-02
      7776  0.24842035E-02
      8064  0.25050838E-02
      8352  0.25274171E-02
      8640  0.25498087E-02
      8928  0.25722438E-02
      9216  0.25947082E-02
      9504  0.26171806E-02
      9792  0.26396385E-02
     10080  0.26635271E-02
     10368  0.26873930E-02
     10656  0.27112071E-02
     10944  0.27349489E-02
     11232  0.27585910E-02
     11520  0.27821015E-02
     11808  0.28070312E-02
     12096  0.28318206E-02
     12384  0.28564360E-02
     12672  0.28808434E-02
     12960  0.29050091E-02
     13248  0.29305988E-02
     13536  0.29559361E-02
     13824  0.29809817E-02
     14112  0.30056962E-02
     14400  0.30300335E-02
     14688  0.30539527E-02
     14976  0.30774008E-02
     15264  0.31022949E-02
     15552  0.31267130E-02
     15840  0.31506044E-02
     16128  0.31739138E-02
     16416  0.31965864E-02
     16704  0.32185749E-02
     16992  0.32420517E-02
     17280  0.32648277E-02
     17568  0.32868427E-02
     17856  0.33080326E-02
     18144  0.33283392E-02
     18432  0.33476842E-02
     18720  0.33659914E-02
     19008  0.33858849E-02
     19296  0.34047489E-02
     19584  0.34225045E-02
     19872  0.34390737E-02
     20160  0.34543739E-02
     20448  0.34683361E-02
     20736  0.34808535E-02
     21024  0.34950927E-02
     21312  0.35079005E-02
     21600  0.35191914E-02
     21888  0.35288669E-02
     22176  0.35368283E-02
     22464  0.35429748E-02
     22752  0.35472226E-02
     23040  0.35494494E-02
     23328  0.35536014E-02
     23616  0.35557479E-02
     23904  0.35557861E-02
     24192  0.35535926E-02
     24480  0.35490580E-02
     24768  0.35420610E-02
     25056  0.35325151E-02
     25344  0.35202773E-02
     25632  0.35096495E-02
     25920  0.34963216E-02
     26208  0.34801932E-02
     26496  0.34611353E-02
     26784  0.34390436E-02
     27072  0.34138213E-02
     27360  0.33853829E-02
     27648  0.33536924E-02
     27936  0.33246304E-02
     28224  0.32923694E-02
     28512  0.32568665E-02
     28800  0.32181218E-02
     29088  0.31761478E-02
     29376  0.31309994E-02
     29664  0.30827764E-02
     29952  0.30316750E-02
     30240  0.29843836E-02
     30528  0.29345241E-02
     30816  0.28823141E-02
     31104  0.28280185E-02
     31392  0.27719657E-02
     31680  0.27144896E-02
     31968  0.26559622E-02
     32256  0.25967855E-02
     32544  0.25436759E-02
     32832  0.24903156E-02
     33120  0.24370414E-02
     33408  0.23841888E-02
     33696  0.23320804E-02
     33984  0.22810483E-02
     34272  0.22313371E-02
     34560  0.21831908E-02
     34848  0.21421516E-02
     35136  0.21024945E-02
     35424  0.20643566E-02
     35712  0.20278620E-02
     36000  0.19930745E-02
     36288  0.19600443E-02
     36576  0.19287948E-02
     36864  0.18993296E-02
     37152  0.18760461E-02
     37440  0.18539875E-02
     37728  0.18331277E-02
     38016  0.18134454E-02
     38304  0.17949030E-02
     38592  0.17774632E-02
     38880  0.17610850E-02
     39168  0.17457163E-02
     39456  0.17351218E-02
     39744  0.17250079E-02
     40032  0.17153455E-02
     40320  0.17061164E-02
     40608  0.16972977E-02
     40896  0.16888764E-02
     41184  0.16808290E-02
     41472  0.16731357E-02
     41760  0.16692403E-02
     42048  0.16652748E-02
     42336  0.16612528E-02
     42624  0.16571889E-02
     42912  0.16530944E-02
     43200  0.16490053E-02
     43488  0.16449085E-02
     43776  0.16408165E-02
     44064  0.16399807E-02
     44352  0.16388075E-02
     44640  0.16373382E-02
     44928  0.16356050E-02
     45216  0.16336461E-02
     45504  0.16314900E-02
     45792  0.16291656E-02
     46080  0.16266992E-02
     46368  0.16241159E-02
     46656  0.16214341E-02
     46944  0.16186769E-02
     47232  0.16189640E-02
     47520  0.16188625E-02
     47808  0.16184128E-02
     48096  0.16176545E-02
     48384  0.16166256E-02
     48672  0.16153586E-02
     48960  0.16138903E-02
     49248  0.16129807E-02
     49536  0.16153643E-02
     49824  0.16168533E-02
     50112  0.16175894E-02
     50400  0.16177167E-02
     50688  0.16173902E-02
     50976  0.16167311E-02
     51264  0.16158313E-02
     51552  0.16147775E-02
     51840  0.16136296E-02
     52128  0.16124424E-02
     52416  0.16112621E-02
     52704  0.16101223E-02
     52992  0.16090499E-02
     53280  0.16080709E-02
     53568  0.16072002E-02
     53856  0.16064487E-02
     54144  0.16058093E-02
     54432  0.16053100E-02
     54720  0.16049561E-02
     55008  0.16047505E-02
     55296  0.16046986E-02
     55584  0.16047992E-02
     55872  0.16050563E-02
     56160  0.16054697E-02
     56448  0.16060385E-02
     56736  0.16067647E-02
     57024  0.16076397E-02
     57312  0.16086720E-02
     57600  0.16065559E-02
     57888  0.16049689E-02
     58176  0.16038716E-02
     58464  0.16032280E-02
     58752  0.16030052E-02
     59040  0.16031740E-02
     59328  0.16036939E-02
     59616  0.16045576E-02
     59904  0.16057431E-02
     60192  0.16037768E-02
     60480  0.16024839E-02
     60768  0.16018064E-02
     61056  0.16016914E-02
     61344  0.16020964E-02
     61632  0.16029801E-02
     61920  0.16042972E-02
     62208  0.16024280E-02
     62496  0.16013446E-02
     62784  0.16009714E-02
     63072  0.16012510E-02
     63360  0.16021270E-02
     63648  0.16035513E-02
     63936  0.16017742E-02
     64224  0.16008381E-02
     64512  0.16007009E-02
     64800  0.16012884E-02
     65088  0.16025412E-02
     65376  0.16044058E-02
     65664  0.14829292E+15
     65952  0.16024905E-02
     66240  0.16028396E-02
     66528  0.16039504E-02
     66816  0.16057694E-02
     67104  0.16042534E-02
     67392  0.16037519E-02
     67680  0.16041757E-02
     67968  0.16054432E-02
     68256  0.16033846E-02
     68544  0.16024581E-02
     68832  0.16025584E-02
     69120  0.16035829E-02
     69408  0.16012377E-02
     69696  0.16001102E-02
     69984  0.16000891E-02
     70272  0.16010709E-02
     70560  0.16029706E-02
     70848  0.16013886E-02
     71136  0.16010042E-02
     71424  0.16017078E-02
     71712  0.16033996E-02
     72000  0.16004327E-02
     72288  0.15988415E-02
     72576  0.15984963E-02
     72864  0.15992917E-02
     73152  0.16011228E-02
     73440  0.15993561E-02
     73728  0.15988919E-02
     74016  0.15996125E-02
     74304  0.16014187E-02
     74592  0.15995489E-02
     74880  0.15990259E-02
     75168  0.15997315E-02
     75456  0.15967995E-02
     75744  0.15953331E-02
     76032  0.15952023E-02
     76320  0.15962909E-02
     76608  0.15936679E-02
     76896  0.15924963E-02
     77184  0.15926330E-02
     77472  0.15939850E-02
     77760  0.15915323E-02
     78048  0.15905314E-02
     78336  0.15908546E-02
     78624  0.15923922E-02
     78912  0.15900681E-02
     79200  0.15891888E-02
     79488  0.15896272E-02
     79776  0.15912640E-02
     80064  0.15889669E-02
     80352  0.15881130E-02
     80640  0.15885771E-02
     80928  0.15902547E-02
     81216  0.15879739E-02
     81504  0.15871259E-02
     81792  0.15875951E-02
     82080  0.15892573E-02
     82368  0.15920333E-02
     82656  0.15907529E-02
     82944  0.15908143E-02
     83232  0.15921164E-02
     83520  0.15945631E-02
     83808  0.15929908E-02
     84096  0.15927508E-02
     84384  0.15937679E-02
     84672  0.15959498E-02
     84960  0.15992112E-02
     85248  0.15984508E-02
     85536  0.15989819E-02
     85824  0.16007152E-02
     86112  0.16035448E-02
     86400  0.16074049E-02
     86688  0.16073121E-02
     86976  0.16084583E-02
     87264  0.16107528E-02
     87552  0.16141153E-02
     87840  0.16184542E-02
     88128  0.16237058E-02
     88416  0.16251296E-02
     88704  0.16276519E-02
     88992  0.16311880E-02
     89280  0.16356579E-02
     89568  0.16409686E-02
     89856  0.16470535E-02
     90144  0.16538409E-02
     90432  0.16569984E-02
     90720  0.16610037E-02
     91008  0.16657748E-02
     91296  0.16712146E-02
     91584  0.16772590E-02
     91872  0.16838358E-02
     92160  0.16908753E-02
     92448  0.16983094E-02
     92736  0.17060788E-02
     93024  0.17141183E-02
     93312  0.17188113E-02
     93600  0.17238986E-02
     93888  0.17293281E-02
     94176  0.17350476E-02
     94464  0.17409954E-02
     94752  0.17471442E-02
     95040  0.17534542E-02
     95328  0.17598963E-02
     95616  0.17664391E-02
     95904  0.17730611E-02
     96192  0.17797329E-02
     96480  0.17864425E-02
     96768  0.17931809E-02
     97056  0.17999355E-02
     97344  0.18067011E-02
     97632  0.18134734E-02
     97920  0.18202518E-02
     98208  0.18270265E-02
     98496  0.18338062E-02
     98784  0.18405949E-02
     99072  0.18473984E-02
     99360  0.18542222E-02
     99648  0.18610748E-02
     99936  0.18679653E-02
    100224  0.18748927E-02
    100512  0.18818717E-02
    100800  0.18889132E-02
    101088  0.18960274E-02
    101376  0.19032232E-02
    101664  0.19105127E-02
    101952  0.19198989E-02
    102240  0.19293131E-02
    102528  0.19387678E-02
    102816  0.19482790E-02
    103104  0.19578552E-02
    103392  0.19675116E-02
    103680  0.19772623E-02
    103968  0.19871194E-02
    104256  0.19970927E-02
    104544  0.20071901E-02
    104832  0.20191399E-02
