         1   2000.0000    
       288   1998.3761    
       576   1996.8800    
       864   1995.5347    
      1152   1994.3308    
      1440   1993.2367    
      1728   1992.4464    
      2016   1991.7562    
      2304   1991.1510    
      2592   1990.6177    
      2880   1990.1471    
      3168   1989.7286    
      3456   1989.5286    
      3744   1989.3730    
      4032   1989.2506    
      4320   1989.1539    
      4608   1989.0769    
      4896   1989.0121    
      5184   1989.1132    
      5472   1989.2480    
      5760   1989.3960    
      6048   1989.5419    
      6336   1989.6786    
      6624   1989.8005    
      6912   1990.0580    
      7200   1990.3016    
      7488   1990.5284    
      7776   1990.7349    
      8064   1990.9148    
      8352   1991.2104    
      8640   1991.4832    
      8928   1991.7274    
      9216   1991.9395    
      9504   1992.1150    
      9792   1992.2515    
     10080   1992.4822    
     10368   1992.6664    
     10656   1992.7970    
     10944   1992.8843    
     11232   1992.9232    
     11520   1992.9083    
     11808   1992.9882    
     12096   1993.0236    
     12384   1993.0090    
     12672   1992.9399    
     12960   1992.8093    
     13248   1992.7764    
     13536   1992.6901    
     13824   1992.5481    
     14112   1992.3436    
     14400   1992.0725    
     14688   1991.7288    
     14976   1991.3051    
     15264   1990.9752    
     15552   1990.5759    
     15840   1990.1017    
     16128   1989.5453    
     16416   1988.8998    
     16704   1988.1586    
     16992   1987.5157    
     17280   1986.7886    
     17568   1985.9697    
     17856   1985.0511    
     18144   1984.0243    
     18432   1982.8804    
     18720   1981.6101    
     19008   1980.4409    
     19296   1979.1587    
     19584   1977.7532    
     19872   1976.2120    
     20160   1974.5251    
     20448   1972.6814    
     20736   1970.6670    
     21024   1968.7614    
     21312   1966.7006    
     21600   1964.4718    
     21888   1962.0588    
     22176   1959.4463    
     22464   1956.6185    
     22752   1953.5576    
     23040   1950.2435    
     23328   1947.0411    
     23616   1943.6055    
     23904   1939.9153    
     24192   1935.9491    
     24480   1931.6804    
     24768   1927.0837    
     25056   1922.1381    
     25344   1916.8156    
     25632   1911.5334    
     25920   1905.8807    
     26208   1899.8279    
     26496   1893.3396    
     26784   1886.3813    
     27072   1878.9165    
     27360   1870.9071    
     27648   1862.3198    
     27936   1853.7991    
     28224   1844.7191    
     28512   1835.0408    
     28800   1824.7250    
     29088   1813.7321    
     29376   1802.0282    
     29664   1789.5800    
     29952   1776.3689    
     30240   1763.2745    
     30528   1749.4907    
     30816   1735.0042    
     31104   1719.8304    
     31392   1703.9786    
     31680   1687.4496    
     31968   1670.2755    
     32256   1652.5026    
     32544   1635.2889    
     32832   1617.6849    
     33120   1599.7513    
     33408   1581.5718    
     33696   1563.2280    
     33984   1544.7996    
     34272   1526.3663    
     34560   1508.0210    
     34848   1491.0247    
     35136   1474.3225    
     35424   1457.9767    
     35712   1442.0620    
     36000   1426.6281    
     36288   1411.7230    
     36576   1397.3854    
     36864   1383.6479    
     37152   1371.6830    
     37440   1360.3538    
     37728   1349.6560    
     38016   1339.5840    
     38304   1330.1298    
     38592   1321.2798    
     38880   1313.0201    
     39168   1305.3333    
     39456   1299.2916    
     39744   1293.7528    
     40032   1288.6794    
     40320   1284.0389    
     40608   1279.8007    
     40896   1275.9354    
     41184   1272.4193    
     41472   1269.2261    
     41760   1267.3718    
     42048   1265.7543    
     42336   1264.3420    
     42624   1263.1100    
     42912   1262.0355    
     43200   1261.1049    
     43488   1260.2957    
     43776   1259.5944    
     44064   1259.9906    
     44352   1260.4257    
     44640   1260.8864    
     44928   1261.3593    
     45216   1261.8374    
     45504   1262.3154    
     45792   1262.7903    
     46080   1263.2622    
     46368   1263.7310    
     46656   1264.2003    
     46944   1264.6733    
     47232   1266.1345    
     47520   1267.5699    
     47808   1268.9778    
     48096   1270.3646    
     48384   1271.7371    
     48672   1273.1045    
     48960   1274.4775    
     49248   1275.8019    
     49536   1276.7416    
     49824   1277.6395    
     50112   1278.5156    
     50400   1279.3766    
     50688   1280.2417    
     50976   1281.1245    
     51264   1282.0361    
     51552   1282.9861    
     51840   1283.9833    
     52128   1285.0366    
     52416   1286.1512    
     52704   1287.3337    
     52992   1288.5856    
     53280   1289.9106    
     53568   1291.3108    
     53856   1292.7878    
     54144   1294.3420    
     54432   1295.9785    
     54720   1297.6964    
     55008   1299.4972    
     55296   1301.3805    
     55584   1303.3458    
     55872   1305.3940    
     56160   1307.5232    
     56448   1309.7346    
     56736   1312.0260    
     57024   1314.3967    
     57312   1316.8479    
     57600   1318.3430    
     57888   1319.9757    
     58176   1321.7516    
     58464   1323.6730    
     58752   1325.7385    
     59040   1327.9445    
     59328   1330.2889    
     59616   1332.7715    
     59904   1335.3887    
     60192   1337.0605    
     60480   1338.9211    
     60768   1340.9734    
     61056   1343.2156    
     61344   1345.6461    
     61632   1348.2594    
     61920   1351.0481    
     62208   1352.8955    
     62496   1354.9727    
     62784   1357.2754    
     63072   1359.8049    
     63360   1362.5562    
     63648   1365.5204    
     63936   1367.5490    
     64224   1369.8308    
     64512   1372.3721    
     64800   1375.1658    
     65088   1378.2090    
     65376   1381.4933    
     65664   1383.8347    
     65952   1386.4602    
     66240   1389.3665    
     66528   1392.5452    
     66816   1395.9922    
     67104   1398.4896    
     67392   1401.2950    
     67680   1404.4058    
     67968   1407.8146    
     68256   1410.2783    
     68544   1413.0800    
     68832   1416.2155    
     69120   1419.6738    
     69408   1422.1831    
     69696   1425.0562    
     69984   1428.2881    
     70272   1431.8691    
     70560   1435.7877    
     70848   1438.7487    
     71136   1442.0757    
     71424   1445.7637    
     71712   1449.8014    
     72000   1452.5364    
     72288   1455.6636    
     72576   1459.1782    
     72864   1463.0714    
     73152   1467.3325    
     73440   1470.6205    
     73728   1474.2997    
     74016   1478.3630    
     74304   1482.7998    
     74592   1486.2490    
     74880   1490.0939    
     75168   1494.3274    
     75456   1497.5710    
     75744   1501.2286    
     76032   1505.2925    
     76320   1509.7543    
     76608   1513.2250    
     76896   1517.1118    
     77184   1521.3997    
     77472   1526.0870    
     77760   1529.7693    
     78048   1533.8621    
     78336   1538.3599    
     78624   1543.2510    
     78912   1547.1302    
     79200   1551.4122    
     79488   1556.0902    
     79776   1561.1521    
     80064   1565.1906    
     80352   1569.6227    
     80640   1574.4410    
     80928   1579.6392    
     81216   1583.8131    
     81504   1588.3682    
     81792   1593.3002    
     82080   1598.5969    
     82368   1604.2517    
     82656   1608.8810    
     82944   1613.8656    
     83232   1619.1998    
     83520   1624.8757    
     83808   1629.5369    
     84096   1634.5288    
     84384   1639.8596    
     84672   1645.5193    
     84960   1651.5006    
     85248   1656.4865    
     85536   1661.7861    
     85824   1667.3961    
     86112   1673.3081    
     86400   1679.5160    
     86688   1684.7605    
     86976   1690.2913    
     87264   1696.1045    
     87552   1702.1931    
     87840   1708.5461    
     88128   1715.1541    
     88416   1720.8584    
     88704   1726.7997    
     88992   1732.9723    
     89280   1739.3655    
     89568   1745.9651    
     89856   1752.7605    
     90144   1759.7354    
     90432   1765.8796    
     90720   1772.1763    
     91008   1778.6154    
     91296   1785.1787    
     91584   1791.8568    
     91872   1798.6342    
     92160   1805.4927    
     92448   1812.4185    
     92736   1819.3932    
     93024   1826.3998    
     93312   1832.6593    
     93600   1838.9213    
     93888   1845.1746    
     94176   1851.4105    
     94464   1857.6173    
     94752   1863.7855    
     95040   1869.9065    
     95328   1875.9708    
     95616   1881.9694    
     95904   1887.8954    
     96192   1893.7385    
     96480   1899.4932    
     96768   1905.1525    
     97056   1910.7120    
     97344   1916.1654    
     97632   1921.5090    
     97920   1926.7374    
     98208   1931.8466    
     98496   1936.8351    
     98784   1941.7009    
     99072   1946.4412    
     99360   1951.0543    
     99648   1955.5389    
     99936   1959.8949    
    100224   1964.1206    
    100512   1968.2166    
    100800   1972.1821    
    101088   1976.0186    
    101376   1979.7255    
    101664   1983.3046    
    101952   1987.0822    
    102240   1990.7404    
    102528   1994.2780    
    102816   1997.6957    
    103104   2000.9919    
    103392   2004.1688    
    103680   2007.2257    
    103968   2010.1624    
    104256   2012.9811    
    104544   2015.6824    
    104832   2018.5199    
