         1   1.0000000    
       288   1.0000000    
       576   1.0000000    
       864   1.0000000    
      1152   1.0000000    
      1440   1.0000000    
      1728   1.0000000    
      2016   1.0000000    
      2304   1.0000000    
      2592   1.0000000    
      2880   1.0000000    
      3168   1.0000000    
      3456   1.0000000    
      3744   1.0000000    
      4032   1.0000000    
      4320   1.0000000    
      4608   1.0000000    
      4896   1.0000000    
      5184   1.0000000    
      5472   1.0000000    
      5760   1.0000000    
      6048   1.0000000    
      6336   1.0000000    
      6624   1.0000000    
      6912   1.0000000    
      7200   1.0000000    
      7488   1.0000000    
      7776   1.0000000    
      8064   1.0000000    
      8352   1.0000000    
      8640   1.0000000    
      8928   1.0000000    
      9216   1.0000000    
      9504   1.0000000    
      9792   1.0000000    
     10080   1.0000000    
     10368   1.0000000    
     10656   1.0000000    
     10944   1.0000000    
     11232   1.0000000    
     11520   1.0000000    
     11808   1.0000000    
     12096   1.0000000    
     12384   1.0000000    
     12672   1.0000000    
     12960   1.0000000    
     13248   1.0000000    
     13536   1.0000000    
     13824   1.0000000    
     14112   1.0000000    
     14400   1.0000000    
     14688   1.0000000    
     14976   1.0000000    
     15264   1.0000000    
     15552   1.0000000    
     15840   1.0000000    
     16128   1.0000000    
     16416   1.0000000    
     16704   1.0000000    
     16992   1.0000000    
     17280   1.0000000    
     17568   1.0000000    
     17856   1.0000000    
     18144   1.0000000    
     18432   1.0000000    
     18720   1.0000000    
     19008   1.0000000    
     19296   1.0000000    
     19584   1.0000000    
     19872   1.0000000    
     20160   1.0000000    
     20448   1.0000000    
     20736   1.0000000    
     21024   1.0000000    
     21312   1.0000000    
     21600   1.0000000    
     21888   1.0000000    
     22176   1.0000000    
     22464   1.0000000    
     22752   1.0000000    
     23040   1.0000000    
     23328   1.0000000    
     23616   1.0000000    
     23904   1.0000000    
     24192   1.0000463    
     24480   1.0035269    
     24768   1.0112358    
     25056   1.0234421    
     25344   1.0405471    
     25632   1.0631418    
     25920   1.0917231    
     26208   1.1268389    
     26496   1.1692660    
     26784   1.2198118    
     27072   1.2794855    
     27360   1.3495202    
     27648   1.4315062    
     27936   1.5281073    
     28224   1.6417974    
     28512   1.7751383    
     28800   1.9314204    
     29088   2.1148584    
     29376   2.3301520    
     29664   2.5829687    
     29952   2.8803525    
     30240   3.2330332    
     30528   3.6519082    
     30816   4.1482868    
     31104   4.7351761    
     31392   5.4276237    
     31680   6.2425814    
     31968   7.1960440    
     32256   8.3028717    
     32544   9.5823259    
     32832   11.046555    
     33120   12.693716    
     33408   14.513227    
     33696   16.485764    
     33984   18.585957    
     34272   20.782969    
     34560   23.039358    
     34848   25.329565    
     35136   27.619366    
     35424   29.872095    
     35712   32.058449    
     36000   34.151909    
     36288   36.128239    
     36576   37.969559    
     36864   39.663132    
     37152   41.215206    
     37440   42.625023    
     37728   43.890049    
     38016   45.011314    
     38304   45.993851    
     38592   46.844662    
     38880   47.571972    
     39168   48.184772    
     39456   48.705521    
     39744   49.145622    
     40032   49.510719    
     40320   49.807560    
     40608   50.043304    
     40896   50.224697    
     41184   50.357742    
     41472   50.447865    
     41760   50.511665    
     42048   50.552616    
     42336   50.572571    
     42624   50.573463    
     42912   50.556641    
     43200   50.525539    
     43488   50.478497    
     43776   50.414883    
     44064   50.345268    
     44352   50.268356    
     44640   50.181660    
     44928   50.082584    
     45216   49.968239    
     45504   49.835365    
     45792   49.680389    
     46080   49.499443    
     46368   49.288235    
     46656   49.042294    
     46944   48.756886    
     47232   48.436466    
     47520   48.075443    
     47808   47.667271    
     48096   47.205906    
     48384   46.686054    
     48672   46.103363    
     48960   45.454880    
     49248   45.086044    
     49536   46.636837    
     49824   48.189438    
     50112   49.702480    
     50400   51.168289    
     50688   52.585239    
     50976   53.950058    
     51264   55.260162    
     51552   56.513573    
     51840   57.709129    
     52128   58.846279    
     52416   59.925083    
     52704   60.946144    
     52992   61.910606    
     53280   62.820004    
     53568   63.676174    
     53856   64.481415    
     54144   65.234367    
     54432   65.940979    
     54720   66.604050    
     55008   67.226486    
     55296   67.811172    
     55584   68.361008    
     55872   68.878998    
     56160   69.367973    
     56448   69.830826    
     56736   70.270203    
     57024   70.684898    
     57312   71.081078    
     57600   71.444450    
     57888   71.775421    
     58176   72.078255    
     58464   72.357140    
     58752   72.616219    
     59040   72.859467    
     59328   73.086494    
     59616   73.304596    
     59904   73.517296    
     60192   73.709503    
     60480   73.881821    
     60768   74.039330    
     61056   74.186691    
     61344   74.328346    
     61632   74.468498    
     61920   74.606667    
     62208   74.731148    
     62496   74.843109    
     62784   74.947929    
     63072   75.050735    
     63360   75.156349    
     63648   75.269188    
     63936   75.373207    
     64224   75.465210    
     64512   75.555107    
     64800   75.648682    
     65088   75.751060    
     65376   75.866989    
     65664   75.979561    
     65952   76.090332    
     66240   76.205360    
     66528   76.325966    
     66816   76.461708    
     67104   76.595093    
     67392   76.728088    
     67680   76.867508    
     67968   77.019821    
     68256   77.167221    
     68544   77.312386    
     68832   77.463188    
     69120   77.621933    
     69408   77.774574    
     69696   77.924873    
     69984   78.081215    
     70272   78.251984    
     70560   78.444450    
     70848   78.638916    
     71136   78.838821    
     71424   79.052788    
     71712   79.283745    
     72000   79.509605    
     72288   79.732483    
     72576   79.962395    
     72864   80.208687    
     73152   80.479996    
     73440   80.753975    
     73728   81.035248    
     74016   81.333992    
     74304   81.659294    
     74592   81.981712    
     74880   82.310173    
     75168   82.656639    
     75456   82.996162    
     75744   83.334908    
     76032   83.684944    
     76320   84.056847    
     76608   84.423698    
     76896   84.792152    
     77184   85.169106    
     77472   85.568619    
     77760   85.963219    
     78048   86.360001    
     78336   86.772530    
     78624   87.211609    
     78912   87.644745    
     79200   88.079330    
     79488   88.529671    
     79776   89.000343    
     80064   89.456985    
     80352   89.910614    
     80640   90.377151    
     80928   90.867439    
     81216   91.341751    
     81504   91.807358    
     81792   92.281181    
     82080   92.767395    
     82368   93.274658    
     82656   93.762833    
     82944   94.238724    
     83232   94.720695    
     83520   95.218689    
     83808   95.682861    
     84096   96.111649    
     84384   96.521751    
     84672   96.930351    
     84960   97.346214    
     85248   97.714523    
     85536   98.038460    
     85824   98.340225    
     86112   98.622925    
     86400   98.885727    
     86688   99.077721    
     86976   99.202751    
     87264   99.286125    
     87552   99.339005    
     87840   99.359825    
     88128   99.342400    
     88416   99.234665    
     88704   99.038666    
     88992   98.781654    
     89280   98.476288    
     89568   98.122108    
     89856   97.711174    
     90144   97.250870    
     90432   96.690140    
     90720   96.028435    
     91008   95.291885    
     91296   94.489136    
     91584   93.616684    
     91872   92.683968    
     92160   91.695305    
     92448   90.652016    
     92736   89.553612    
     93024   88.394493    
     93312   87.127174    
     93600   85.756142    
     93888   84.305733    
     94176   82.791054    
     94464   81.218597    
     94752   79.586609    
     95040   77.903145    
     95328   76.174011    
     95616   74.403374    
     95904   72.594635    
     96192   70.748466    
     96480   68.862228    
     96768   66.942108    
     97056   64.993805    
     97344   63.022732    
     97632   61.034065    
     97920   59.033031    
     98208   57.023491    
     98496   55.007164    
     98784   52.991295    
     99072   50.982544    
     99360   48.987247    
     99648   47.011242    
     99936   45.059990    
    100224   43.137707    
    100512   41.246998    
    100800   39.393246    
    101088   37.581150    
    101376   35.814678    
    101664   34.097103    
    101952   32.430988    
    102240   30.814638    
    102528   29.248112    
    102816   27.732088    
    103104   26.267298    
    103392   24.854065    
    103680   23.493814    
    103968   22.187679    
    104256   20.936388    
    104544   19.740324    
    104832   18.597757    
