         1   3.6682949    
       288   3.6833088    
       576   3.6956668    
       864   3.7076766    
      1152   3.7193487    
      1440   3.7306929    
      1728   3.7443163    
      2016   3.7575569    
      2304   3.7704349    
      2592   3.7829633    
      2880   3.7951536    
      3168   3.8070128    
      3456   3.8209755    
      3744   3.8345735    
      4032   3.8478150    
      4320   3.8607132    
      4608   3.8732731    
      4896   3.8854997    
      5184   3.8997035    
      5472   3.9135489    
      5760   3.9270394    
      6048   3.9401784    
      6336   3.9529679    
      6624   3.9654021    
      6912   3.9797301    
      7200   3.9936898    
      7488   4.0072799    
      7776   4.0204945    
      8064   4.0333228    
      8352   4.0479927    
      8640   4.0622640    
      8928   4.0761299    
      9216   4.0895844    
      9504   4.1026130    
      9792   4.1151986    
     10080   4.1296005    
     10368   4.1435585    
     10656   4.1570497    
     10944   4.1700611    
     11232   4.1825705    
     11520   4.1945524    
     11808   4.2083526    
     12096   4.2216287    
     12384   4.2343512    
     12672   4.2464938    
     12960   4.2580285    
     13248   4.2714081    
     13536   4.2841825    
     13824   4.2963200    
     14112   4.3077869    
     14400   4.3185425    
     14688   4.3285522    
     14976   4.3377681    
     15264   4.3489032    
     15552   4.3592587    
     15840   4.3687897    
     16128   4.3774462    
     16416   4.3851790    
     16704   4.3919506    
     16992   4.4007363    
     17280   4.4085622    
     17568   4.4153719    
     17856   4.4211078    
     18144   4.4257197    
     18432   4.4291315    
     18720   4.4312711    
     19008   4.4356046    
     19296   4.4387007    
     19584   4.4404826    
     19872   4.4408798    
     20160   4.4398127    
     20448   4.4372211    
     20736   4.4329991    
     21024   4.4311891    
     21312   4.4277864    
     21600   4.4227099    
     21888   4.4158654    
     22176   4.4071579    
     22464   4.3964891    
     22752   4.3837852    
     23040   4.3689222    
     23328   4.3567686    
     23616   4.3424931    
     23904   4.3259978    
     24192   4.3071599    
     24480   4.2858734    
     24768   4.2620201    
     25056   4.2355223    
     25344   4.2062359    
     25632   4.1793089    
     25920   4.1496000    
     26208   4.1170154    
     26496   4.0814261    
     26784   4.0427337    
     27072   4.0008478    
     27360   3.9556913    
     27648   3.9072452    
     27936   3.8623605    
     28224   3.8142483    
     28512   3.7628777    
     28800   3.7082663    
     29088   3.6504443    
     29376   3.5894883    
     29664   3.5255263    
     29952   3.4587910    
     30240   3.3969038    
     30528   3.3325758    
     30816   3.2660584    
     31104   3.1976528    
     31392   3.1277294    
     31680   3.0566609    
     31968   2.9848590    
     32256   2.9127667    
     32544   2.8478913    
     32832   2.7831209    
     33120   2.7188184    
     33408   2.6553445    
     33696   2.5930414    
     33984   2.5322616    
     34272   2.4732585    
     34560   2.4162831    
     34848   2.3674419    
     35136   2.3203735    
     35424   2.2752123    
     35712   2.2320805    
     36000   2.1910322    
     36288   2.1521077    
     36576   2.1153188    
     36864   2.0806553    
     37152   2.0529158    
     37440   2.0266550    
     37728   2.0018342    
     38016   1.9784219    
     38304   1.9563692    
     38592   1.9356269    
     38880   1.9161433    
     39168   1.8978552    
     39456   1.8848456    
     39744   1.8724384    
     40032   1.8605984    
     40320   1.8493016    
     40608   1.8385202    
     40896   1.8282360    
     41184   1.8184209    
     41472   1.8090503    
     41760   1.8038424    
     42048   1.7986118    
     42336   1.7933706    
     42624   1.7881335    
     42912   1.7829111    
     43200   1.7777404    
     43488   1.7726057    
     43776   1.7675195    
     44064   1.7659811    
     44352   1.7641170    
     44640   1.7619716    
     44928   1.7595786    
     45216   1.7569778    
     45504   1.7541996    
     45792   1.7512742    
     46080   1.7482289    
     46368   1.7450898    
     46656   1.7418766    
     46944   1.7386130    
     47232   1.7386488    
     47520   1.7382956    
     47808   1.7375969    
     48096   1.7365947    
     48384   1.7353299    
     48672   1.7338369    
     48960   1.7321551    
     49248   1.7311000    
     49536   1.7336062    
     49824   1.7351792    
     50112   1.7359711    
     50400   1.7361368    
     50688   1.7358428    
     50976   1.7352196    
     51264   1.7343661    
     51552   1.7333748    
     51840   1.7323114    
     52128   1.7312344    
     52416   1.7301947    
     52704   1.7292279    
     52992   1.7283640    
     53280   1.7276316    
     53568   1.7270476    
     53856   1.7266244    
     54144   1.7263553    
     54432   1.7262712    
     54720   1.7263790    
     55008   1.7266829    
     55296   1.7271900    
     55584   1.7279001    
     55872   1.7288191    
     56160   1.7299482    
     56448   1.7312874    
     56736   1.7328409    
     57024   1.7346009    
     57312   1.7365781    
     57600   1.7352040    
     57888   1.7344488    
     58176   1.7342718    
     58464   1.7346367    
     58752   1.7355101    
     59040   1.7368629    
     59328   1.7386534    
     59616   1.7408769    
     59904   1.7435111    
     60192   1.7427847    
     60480   1.7428511    
     60768   1.7436501    
     61056   1.7451280    
     61344   1.7472421    
     61632   1.7499503    
     61920   1.7532070    
     62208   1.7530556    
     62496   1.7538365    
     62784   1.7554723    
     63072   1.7579039    
     63360   1.7610737    
     63648   1.7649339    
     63936   1.7653565    
     64224   1.7667898    
     64512   1.7691932    
     64800   1.7724907    
     65088   1.7766216    
     65376   1.7815326    
     65664   1.7828941    
     65952   1.7853844    
     66240   1.7889158    
     66528   1.7934048    
     66816   1.7987988    
     67104   1.8005656    
     67392   1.8035783    
     67680   1.8077439    
     67968   1.8129793    
     68256   1.8145742    
     68544   1.8175619    
     68832   1.8218334    
     69120   1.8272815    
     69408   1.8290119    
     69696   1.8322505    
     69984   1.8368820    
     70272   1.8427991    
     70560   1.8499144    
     70848   1.8531481    
     71136   1.8578985    
     71424   1.8640521    
     71712   1.8715048    
     72000   1.8736581    
     72288   1.8775507    
     72576   1.8830463    
     72864   1.8900352    
     73152   1.8984081    
     73440   1.9026670    
     73728   1.9086202    
     74016   1.9161439    
     74304   1.9251349    
     74592   1.9298646    
     74880   1.9363682    
     75168   1.9445213    
     75456   1.9484043    
     75744   1.9542181    
     76032   1.9618243    
     76320   1.9710999    
     76608   1.9759504    
     76896   1.9827483    
     77184   1.9913363    
     77472   2.0016203    
     77760   2.0072887    
     78048   2.0149379    
     78336   2.0244298    
     78624   2.0356464    
     78912   2.0420914    
     79200   2.0505407    
     79488   2.0608568    
     79776   2.0729070    
     80064   2.0799956    
     80352   2.0891197    
     80640   2.1001406    
     80928   2.1129436    
     81216   2.1206458    
     81504   2.1304014    
     81792   2.1420810    
     82080   2.1555421    
     82368   2.1707006    
     82656   2.1804907    
     82944   2.1922615    
     83232   2.2058976    
     83520   2.2212903    
     83808   2.2312307    
     84096   2.2431579    
     84384   2.2569931    
     84672   2.2726288    
     84960   2.2899663    
     85248   2.3016813    
     85536   2.3153651    
     85824   2.3309119    
     86112   2.3481910    
     86400   2.3671262    
     86688   2.3803561    
     86976   2.3955071    
     87264   2.4124660    
     87552   2.4311335    
     87840   2.4513900    
     88128   2.4731534    
     88416   2.4891765    
     88704   2.5069396    
     88992   2.5263302    
     89280   2.5472379    
     89568   2.5695298    
     89856   2.5931113    
     90144   2.6178763    
     90432   2.6369338    
     90720   2.6573431    
     91008   2.6789794    
     91296   2.7016902    
     91584   2.7253745    
     91872   2.7499127    
     92160   2.7751873    
     92448   2.8010817    
     92736   2.8274875    
     93024   2.8542871    
     93312   2.8754175    
     93600   2.8970706    
     93888   2.9191487    
     94176   2.9415512    
     94464   2.9641616    
     94752   2.9869180    
     95040   3.0097361    
     95328   3.0325491    
     95616   3.0552859    
     95904   3.0778897    
     96192   3.1002898    
     96480   3.1224477    
     96768   3.1443262    
     97056   3.1658835    
     97344   3.1870909    
     97632   3.2079213    
     97920   3.2283525    
     98208   3.2483497    
     98496   3.2679090    
     98784   3.2870193    
     99072   3.3056729    
     99360   3.3238640    
     99648   3.3415909    
     99936   3.3588529    
    100224   3.3756356    
    100512   3.3919511    
    100800   3.4078052    
    101088   3.4232047    
    101376   3.4381552    
    101664   3.4526668    
    101952   3.4703507    
    102240   3.4874604    
    102528   3.5040083    
    102816   3.5200148    
    103104   3.5354874    
    103392   3.5504472    
    103680   3.5649161    
    103968   3.5789087    
    104256   3.5924401    
    104544   3.6055238    
    104832   3.6212549    
