         1   0.0000000    
       288  0.91383591E-01
       576  0.11272833    
       864  0.11190421    
      1152  0.10560860    
      1440  0.98792233E-01
      1728  0.91840871E-01
      2016  0.86750351E-01
      2304  0.82553722E-01
      2592  0.78941554E-01
      2880  0.75783312E-01
      3168  0.73003396E-01
      3456  0.70081241E-01
      3744  0.68117924E-01
      4032  0.66446669E-01
      4320  0.64923167E-01
      4608  0.63513130E-01
      4896  0.62205855E-01
      5184  0.60671844E-01
      5472  0.59769817E-01
      5760  0.58978256E-01
      6048  0.58206324E-01
      6336  0.57446405E-01
      6624  0.56706101E-01
      6912  0.55736147E-01
      7200  0.55272650E-01
      7488  0.54883957E-01
      7776  0.54510035E-01
      8064  0.54118220E-01
      8352  0.53489003E-01
      8640  0.53299125E-01
      8928  0.53129025E-01
      9216  0.52919883E-01
      9504  0.52679472E-01
      9792  0.52425753E-01
     10080  0.51988751E-01
     10368  0.52017063E-01
     10656  0.52071355E-01
     10944  0.52091286E-01
     11232  0.52085388E-01
     11520  0.52072726E-01
     11808  0.51865108E-01
     12096  0.52117296E-01
     12384  0.52434381E-01
     12672  0.52728686E-01
     12960  0.53004954E-01
     13248  0.53071257E-01
     13536  0.53569790E-01
     13824  0.54120883E-01
     14112  0.54680981E-01
     14400  0.55225372E-01
     14688  0.55770233E-01
     14976  0.56336563E-01
     15264  0.56750756E-01
     15552  0.57693604E-01
     15840  0.58685407E-01
     16128  0.59669558E-01
     16416  0.60660038E-01
     16704  0.61714359E-01
     16992  0.62618367E-01
     17280  0.64060017E-01
     17568  0.65553151E-01
     17856  0.67047559E-01
     18144  0.68603672E-01
     18432  0.70250466E-01
     18720  0.71963795E-01
     19008  0.73480986E-01
     19296  0.75699612E-01
     19584  0.78050368E-01
     19872  0.80427580E-01
     20160  0.82848132E-01
     20448  0.85400589E-01
     20736  0.88115200E-01
     21024  0.90639465E-01
     21312  0.93958795E-01
     21600  0.97461447E-01
     21888  0.10108234    
     22176  0.10478421    
     22464  0.10859990    
     22752  0.11264997    
     23040  0.11696035    
     23328  0.12112582    
     23616  0.12634522    
     23904  0.13184007    
     24192  0.13752750    
     24480  0.14336023    
     24768  0.14938194    
     25056  0.15576585    
     25344  0.16252464    
     25632  0.16930626    
     25920  0.17735133    
     26208  0.18578756    
     26496  0.19451649    
     26784  0.20346770    
     27072  0.21269122    
     27360  0.22223930    
     27648  0.23236087    
     27936  0.24279393    
     28224  0.25492430    
     28512  0.26760545    
     28800  0.28107259    
     29088  0.29514167    
     29376  0.30962417    
     29664  0.32451102    
     29952  0.34009644    
     30240  0.35624334    
     30528  0.37391716    
     30816  0.39105982    
     31104  0.40751722    
     31392  0.42355511    
     31680  0.43867084    
     31968  0.45233783    
     32256  0.46421772    
     32544  0.47495252    
     32832  0.48434886    
     33120  0.49001798    
     33408  0.49227002    
     33696  0.49165684    
     33984  0.48920456    
     34272  0.48509914    
     34560  0.47982094    
     34848  0.47486234    
     35136  0.47036916    
     35424  0.46541613    
     35712  0.46075699    
     36000  0.45607659    
     36288  0.45158076    
     36576  0.44742203    
     36864  0.44366384    
     37152  0.44136345    
     37440  0.44019148    
     37728  0.43880713    
     38016  0.43749079    
     38304  0.43634900    
     38592  0.43539798    
     38880  0.43464574    
     39168  0.43406579    
     39456  0.43484855    
     39744  0.43643633    
     40032  0.43755075    
     40320  0.43843329    
     40608  0.43913981    
     40896  0.43966201    
     41184  0.43983972    
     41472  0.43991739    
     41760  0.44136524    
     42048  0.44330186    
     42336  0.44494858    
     42624  0.44627219    
     42912  0.44724524    
     43200  0.44816965    
     43488  0.44843811    
     43776  0.44827917    
     44064  0.44907880    
     44352  0.44984403    
     44640  0.44985366    
     44928  0.44910181    
     45216  0.44758999    
     45504  0.44532415    
     45792  0.44230521    
     46080  0.43852648    
     46368  0.43397883    
     46656  0.42865562    
     46944  0.42255002    
     47232  0.41707176    
     47520  0.41095945    
     47808  0.40370160    
     48096  0.39538944    
     48384  0.38615286    
     48672  0.37614134    
     48960  0.36553267    
     49248  0.18044190    
     49536  0.14523657    
     49824  0.14391255    
     50112  0.14265808    
     50400  0.14169283    
     50688  0.14045264    
     50976  0.13924485    
     51264  0.13807745    
     51552  0.13695583    
     51840  0.13588390    
     52128  0.13486525    
     52416  0.13390028    
     52704  0.13299111    
     52992  0.13213767    
     53280  0.13133977    
     53568  0.13059682    
     53856  0.12990828    
     54144  0.12948823    
     54432  0.12889509    
     54720  0.12835425    
     55008  0.12786449    
     55296  0.12742488    
     55584  0.12703550    
     55872  0.12669538    
     56160  0.12640356    
     56448  0.12616050    
     56736  0.12596543    
     57024  0.12602632    
     57312  0.12591945    
     57600  0.12539025    
     57888  0.12490673    
     58176  0.12453540    
     58464  0.12426774    
     58752  0.12409657    
     59040  0.12401535    
     59328  0.12423327    
     59616  0.12431156    
     59904  0.12446678    
     60192  0.12420543    
     60480  0.12400880    
     60768  0.12394560    
     61056  0.12400459    
     61344  0.12417788    
     61632  0.12445825    
     61920  0.12508053    
     62208  0.12503996    
     62496  0.12507443    
     62784  0.12526304    
     63072  0.12559368    
     63360  0.12605786    
     63648  0.12664579    
     63936  0.12681286    
     64224  0.12734717    
     64512  0.12776826    
     64800  0.12835342    
     65088  0.12909161    
     65376  0.12997459    
     65664  0.13042237    
     65952  0.13095261    
     66240  0.13167767    
     66528  0.13294026    
     66816  0.13402598    
     67104  0.13466851    
     67392  0.13539328    
     67680  0.13634343    
     67968  0.13750669    
     68256  0.13823052    
     68544  0.13904758    
     68832  0.14012314    
     69120  0.14190154    
     69408  0.14278176    
     69696  0.14374825    
     69984  0.14500672    
     70272  0.14653958    
     70560  0.14833494    
     70848  0.14966632    
     71136  0.15105470    
     71424  0.15275550    
     71712  0.15536240    
     72000  0.15669140    
     72288  0.15801543    
     72576  0.15971433    
     72864  0.16176914    
     73152  0.16416307    
     73440  0.16608813    
     73728  0.16800556    
     74016  0.17031649    
     74304  0.17300642    
     74592  0.17603189    
     74880  0.17820849    
     75168  0.18081437    
     75456  0.18297450    
     75744  0.18505241    
     76032  0.18761651    
     76320  0.19064987    
     76608  0.19323871    
     76896  0.19567005    
     77184  0.19959241    
     77472  0.20305561    
     77760  0.20606796    
     78048  0.20881073    
     78336  0.21209571    
     78624  0.21591578    
     78912  0.21931553    
     79200  0.22233431    
     79488  0.22591920    
     79776  0.23120441    
     80064  0.23498881    
     80352  0.23820308    
     80640  0.24200118    
     80928  0.24639161    
     81216  0.25041038    
     81504  0.25374252    
     81792  0.25767016    
     82080  0.26342040    
     82368  0.26857796    
     82656  0.27333218    
     82944  0.27711132    
     83232  0.28145325    
     83520  0.28638798    
     83808  0.29100040    
     84096  0.29566756    
     84384  0.29969308    
     84672  0.30425400    
     84960  0.30936414    
     85248  0.31417069    
     85536  0.31749523    
     85824  0.32132593    
     86112  0.32681298    
     86400  0.33165869    
     86688  0.33617461    
     86976  0.33887178    
     87264  0.34201685    
     87552  0.34564564    
     87840  0.35067639    
     88128  0.35501790    
     88416  0.35905015    
     88704  0.36086297    
     88992  0.36301032    
     89280  0.36554483    
     89568  0.36917993    
     89856  0.37209755    
     90144  0.37512940    
     90432  0.37790388    
     90720  0.37803954    
     91008  0.37830943    
     91296  0.37941217    
     91584  0.37984061    
     91872  0.38027850    
     92160  0.38069972    
     92448  0.38102040    
     92736  0.38116133    
     93024  0.38144678    
     93312  0.38071904    
     93600  0.37692225    
     93888  0.37292546    
     94176  0.36898050    
     94464  0.36528724    
     94752  0.36095899    
     95040  0.35645381    
     95328  0.35178956    
     95616  0.34693331    
     95904  0.34185812    
     96192  0.33668804    
     96480  0.33086744    
     96768  0.32479092    
     97056  0.31852248    
     97344  0.31207705    
     97632  0.30546683    
     97920  0.29870722    
     98208  0.29187226    
     98496  0.28463811    
     98784  0.27731168    
     99072  0.26996163    
     99360  0.26261449    
     99648  0.25528917    
     99936  0.24800417    
    100224  0.24079010    
    100512  0.23344164    
    100800  0.22618477    
    101088  0.21906944    
    101376  0.21211170    
    101664  0.20532018    
    101952  0.19846047    
    102240  0.19311506    
    102528  0.18791653    
    102816  0.18265015    
    103104  0.17730725    
    103392  0.17180762    
    103680  0.16632746    
    103968  0.16092567    
    104256  0.15563311    
    104544  0.15047100    
    104832  0.14523818    
