         1   71.400002    
       288   71.320053    
       576   71.303459    
       864   71.303185    
      1152   71.303131    
      1440   71.298737    
      1728   71.287827    
      2016   71.272598    
      2304   71.254364    
      2592   71.233452    
      2880   71.210075    
      3168   71.184425    
      3456   71.155525    
      3744   71.125183    
      4032   71.094109    
      4320   71.062347    
      4608   71.029945    
      4896   70.996429    
      5184   70.961128    
      5472   70.925377    
      5760   70.889671    
      6048   70.853790    
      6336   70.817474    
      6624   70.780754    
      6912   70.742386    
      7200   70.703926    
      7488   70.664818    
      7776   70.625565    
      8064   70.586021    
      8352   70.545090    
      8640   70.504158    
      8928   70.463425    
      9216   70.422554    
      9504   70.381210    
      9792   70.339233    
     10080   70.294968    
     10368   70.250366    
     10656   70.205612    
     10944   70.160477    
     11232   70.114655    
     11520   70.067947    
     11808   70.019203    
     12096   69.969238    
     12384   69.918678    
     12672   69.867439    
     12960   69.815269    
     13248   69.760841    
     13536   69.705673    
     13824   69.648903    
     14112   69.591354    
     14400   69.532593    
     14688   69.472252    
     14976   69.409851    
     15264   69.343407    
     15552   69.275505    
     15840   69.206284    
     16128   69.135376    
     16416   69.062233    
     16704   68.985565    
     16992   68.904953    
     17280   68.822243    
     17568   68.737488    
     17856   68.650108    
     18144   68.558678    
     18432   68.463951    
     18720   68.365326    
     19008   68.260941    
     19296   68.151733    
     19584   68.039177    
     19872   67.922813    
     20160   67.801674    
     20448   67.673981    
     20736   67.540527    
     21024   67.398849    
     21312   67.251976    
     21600   67.097885    
     21888   66.937836    
     22176   66.770920    
     22464   66.596161    
     22752   66.410728    
     23040   66.215904    
     23328   66.008118    
     23616   65.791626    
     23904   65.563538    
     24192   65.325485    
     24480   65.076241    
     24768   64.814552    
     25056   64.535995    
     25344   64.242630    
     25632   63.929119    
     25920   63.601364    
     26208   63.254810    
     26496   62.892025    
     26784   62.511364    
     27072   62.111065    
     27360   61.689407    
     27648   61.239555    
     27936   60.759064    
     28224   60.258343    
     28512   59.735992    
     28800   59.183376    
     29088   58.605618    
     29376   58.001148    
     29664   57.368652    
     29952   56.699505    
     30240   55.992687    
     30528   55.266754    
     30816   54.523548    
     31104   53.764427    
     31392   52.982700    
     31680   52.193993    
     31968   51.404099    
     32256   50.619827    
     32544   49.828110    
     32832   49.070396    
     33120   48.347965    
     33408   47.656628    
     33696   46.989403    
     33984   46.330051    
     34272   45.682266    
     34560   45.035751    
     34848   44.375980    
     35136   43.710918    
     35424   43.032021    
     35712   42.329262    
     36000   41.611122    
     36288   40.872864    
     36576   40.112873    
     36864   39.330544    
     37152   38.520885    
     37440   37.686417    
     37728   36.832947    
     38016   35.957069    
     38304   35.058994    
     38592   34.139610    
     38880   33.199810    
     39168   32.240673    
     39456   31.259085    
     39744   30.256836    
     40032   29.241083    
     40320   28.210470    
     40608   27.166916    
     40896   26.112631    
     41184   25.050371    
     41472   23.981993    
     41760   22.904821    
     42048   21.823067    
     42336   20.738190    
     42624   19.653074    
     42912   18.570766    
     43200   17.491528    
     43488   16.424383    
     43776   15.369834    
     44064   14.327388    
     44352   13.302592    
     44640   12.299320    
     44928   11.322191    
     45216   10.375785    
     45504   9.4645100    
     45792   8.5926170    
     46080   7.7640762    
     46368   6.9825411    
     46656   6.2511973    
     46944   5.5726786    
     47232   4.9461064    
     47520   4.3748136    
     47808   3.8593886    
     48096   3.3996346    
     48384   2.9940472    
     48672   2.6398950    
     48960   2.3334124    
     49248  0.35483447    
     49536  0.43825272E-01
     49824  0.42840932E-01
     50112  0.42180922E-01
     50400  0.42252734E-01
     50688  0.41570865E-01
     50976  0.40899713E-01
     51264  0.40245067E-01
     51552  0.39611168E-01
     51840  0.39000694E-01
     52128  0.38416315E-01
     52416  0.37859268E-01
     52704  0.37330747E-01
     52992  0.36831498E-01
     53280  0.36361929E-01
     53568  0.35922185E-01
     53856  0.35512093E-01
     54144  0.35716865E-01
     54432  0.35353709E-01
     54720  0.35020418E-01
     55008  0.34716692E-01
     55296  0.34442212E-01
     55584  0.34196813E-01
     55872  0.33980105E-01
     56160  0.33791702E-01
     56448  0.33631556E-01
     56736  0.33499431E-01
     57024  0.33955384E-01
     57312  0.33874106E-01
     57600  0.33933297E-01
     57888  0.33791795E-01
     58176  0.33679534E-01
     58464  0.33597510E-01
     58752  0.33546761E-01
     59040  0.33528004E-01
     59328  0.34129947E-01
     59616  0.34176461E-01
     59904  0.34258135E-01
     60192  0.34495715E-01
     60480  0.34521826E-01
     60768  0.34584895E-01
     61056  0.34686413E-01
     61344  0.34828145E-01
     61632  0.35011563E-01
     61920  0.35900272E-01
     62208  0.36316648E-01
     62496  0.36493044E-01
     62784  0.36717143E-01
     63072  0.36991172E-01
     63360  0.37317816E-01
     63648  0.37698563E-01
     63936  0.38295429E-01
     64224  0.39418224E-01
     64512  0.39815322E-01
     64800  0.40276490E-01
     65088  0.40805209E-01
     65376  0.41404612E-01
     65664  0.42282533E-01
     65952  0.42834096E-01
     66240  0.43462589E-01
     66528  0.45146886E-01
     66816  0.45962170E-01
     67104  0.47131229E-01
     67392  0.47894914E-01
     67680  0.48756350E-01
     67968  0.49721964E-01
     68256  0.51104769E-01
     68544  0.52019142E-01
     68832  0.53049423E-01
     69120  0.55474401E-01
     69408  0.57174079E-01
     69696  0.58295146E-01
     69984  0.59557810E-01
     70272  0.60971476E-01
     70560  0.62544189E-01
     70848  0.64770006E-01
     71136  0.66297159E-01
     71424  0.67997448E-01
     71712  0.71555495E-01
     72000  0.74342325E-01
     72288  0.76086670E-01
     72576  0.78033298E-01
     72864  0.80204092E-01
     73152  0.82609661E-01
     73440  0.86055987E-01
     73728  0.88414103E-01
     74016  0.91018267E-01
     74304  0.93901262E-01
     74592  0.10030641    
     74880  0.10322788    
     75168  0.10638437    
     75456  0.11105385    
     75744  0.11414681    
     76032  0.11754530    
     76320  0.12132271    
     76608  0.12692502    
     76896  0.13066462    
     77184  0.13754201    
     77472  0.14225119    
     77760  0.14909142    
     78048  0.15366048    
     78336  0.15858033    
     78624  0.16403985    
     78912  0.17221871    
     79200  0.17775860    
     79488  0.18364471    
     79776  0.19353355    
     80064  0.20380308    
     80352  0.21062556    
     80640  0.21770982    
     80928  0.22554512    
     81216  0.23730689    
     81504  0.24555406    
     81792  0.25400263    
     82080  0.26716462    
     82368  0.27832934    
     82656  0.29377311    
     82944  0.30512735    
     83232  0.31645831    
     83520  0.32880881    
     83808  0.34676862    
     84096  0.36470520    
     84384  0.37949887    
     84672  0.39440736    
     84960  0.41056073    
     85248  0.43335718    
     85536  0.45173174    
     85824  0.46945190    
     86112  0.49272296    
     86400  0.51529658    
     86688  0.54436487    
     86976  0.56873453    
     87264  0.59187132    
     87552  0.61594570    
     87840  0.64644998    
     88128  0.67734838    
     88416  0.71573716    
     88704  0.75000000    
     88992  0.78264636    
     89280  0.81602257    
     89568  0.85585296    
     89856  0.89683932    
     90144  0.93968409    
     90432  0.99141622    
     90720   1.0405195    
     91008   1.0880561    
     91296   1.1403301    
     91584   1.1932745    
     91872   1.2476628    
     92160   1.3043715    
     92448   1.3639708    
     92736   1.4268014    
     93024   1.4968700    
     93312   1.5751364    
     93600   1.6512705    
     93888   1.7248713    
     94176   1.7972804    
     94464   1.8730341    
     94752   1.9486687    
     95040   2.0243881    
     95328   2.1005538    
     95616   2.1773889    
     95904   2.2549746    
     96192   2.3362439    
     96480   2.4176223    
     96768   2.4987884    
     97056   2.5796695    
     97344   2.6601784    
     97632   2.7401907    
     97920   2.8195510    
     98208   2.9004543    
     98496   2.9799528    
     98784   3.0577128    
     99072   3.1336246    
     99360   3.2075930    
     99648   3.2795243    
     99936   3.3493156    
    100224   3.4187510    
    100512   3.4855325    
    100800   3.5494626    
    101088   3.6105020    
    101376   3.6686444    
    101664   3.7238786    
    101952   3.7740433    
    102240   3.8233199    
    102528   3.8723752    
    102816   3.9208527    
    103104   3.9696434    
    103392   4.0167599    
    103680   4.0617952    
    103968   4.1045194    
    104256   4.1447740    
    104544   4.1824274    
    104832   4.2158656    
