         1   170.00000    
       288   183.49605    
       576   195.16942    
       864   205.28169    
      1152   214.07155    
      1440   221.72488    
      1728   228.21321    
      2016   233.86552    
      2304   238.79382    
      2592   243.09569    
      2880   246.85612    
      3168   250.14903    
      3456   252.87430    
      3744   255.26305    
      4032   257.36169    
      4320   259.21045    
      4608   260.84521    
      4896   262.29703    
      5184   263.44141    
      5472   264.46088    
      5760   265.37387    
      6048   266.19681    
      6336   266.94434    
      6624   267.62857    
      6912   268.11771    
      7200   268.56989    
      7488   268.99127    
      7776   269.38879    
      8064   269.76755    
      8352   269.99448    
      8640   270.21689    
      8928   270.43732    
      9216   270.65811    
      9504   270.88168    
      9792   271.11020    
     10080   271.20700    
     10368   271.31531    
     10656   271.43509    
     10944   271.56769    
     11232   271.71436    
     11520   271.87534    
     11808   271.90897    
     12096   271.96051    
     12384   272.02985    
     12672   272.11731    
     12960   272.22433    
     13248   272.20151    
     13536   272.20032    
     13824   272.22055    
     14112   272.26276    
     14400   272.32788    
     14688   272.41681    
     14976   272.53055    
     15264   272.50333    
     15552   272.50217    
     15840   272.52728    
     16128   272.58014    
     16416   272.66223    
     16704   272.77435    
     16992   272.73138    
     17280   272.71988    
     17568   272.74103    
     17856   272.79654    
     18144   272.88852    
     18432   273.01941    
     18720   273.19205    
     19008   273.18417    
     19296   273.21832    
     19584   273.29602    
     19872   273.42032    
     20160   273.59445    
     20448   273.82104    
     20736   274.10431    
     21024   274.17361    
     21312   274.30002    
     21600   274.48630    
     21888   274.73669    
     22176   275.05606    
     22464   275.44955    
     22752   275.92017    
     23040   276.47488    
     23328   276.76172    
     23616   277.13333    
     23904   277.59412    
     24192   278.15112    
     24480   278.81171    
     24768   279.58279    
     25056   280.46970    
     25344   281.48209    
     25632   282.20917    
     25920   283.06601    
     26208   284.05872    
     26496   285.19827    
     26784   286.49396    
     27072   287.95483    
     27360   289.59009    
     27648   291.40378    
     27936   292.76721    
     28224   294.31454    
     28512   295.46765    
     28800   296.34537    
     29088   297.11160    
     29376   297.74921    
     29664   298.36639    
     29952   299.00153    
     30240   298.98260    
     30528   299.17413    
     30816   299.49646    
     31104   299.91006    
     31392   300.37204    
     31680   300.85825    
     31968   301.32718    
     32256   301.73978    
     32544   301.32535    
     32832   301.08420    
     33120   300.92569    
     33408   300.75134    
     33696   300.54050    
     33984   300.23743    
     34272   299.82150    
     34560   299.28497    
     34848   297.72375    
     35136   296.28714    
     35424   294.88226    
     35712   293.43036    
     36000   291.91165    
     36288   290.28549    
     36576   288.54059    
     36864   286.68829    
     37152   283.78043    
     37440   281.08795    
     37728   278.49567    
     38016   275.98459    
     38304   273.50018    
     38592   271.00311    
     38880   268.52151    
     39168   266.06848    
     39456   262.63806    
     39744   259.52628    
     40032   256.65021    
     40320   253.97760    
     40608   251.48303    
     40896   249.16121    
     41184   247.09962    
     41472   245.11305    
     41760   242.12740    
     42048   239.30435    
     42336   236.64641    
     42624   234.15239    
     42912   231.81708    
     43200   229.62854    
     43488   227.58235    
     43776   225.66971    
     44064   222.97112    
     44352   220.56892    
     44640   218.42960    
     44928   216.52182    
     45216   214.81636    
     45504   213.28595    
     45792   211.90508    
     46080   210.65114    
     46368   209.50394    
     46656   208.44539    
     46944   207.45985    
     47232   205.65079    
     47520   204.07796    
     47808   202.70689    
     48096   201.50720    
     48384   200.45148    
     48672   199.51555    
     48960   198.67758    
     49248   198.09822    
     49536   198.23755    
     49824   198.35918    
     50112   198.42909    
     50400   198.44289    
     50688   198.40042    
     50976   198.30080    
     51264   198.14465    
     51552   197.93370    
     51840   197.67020    
     52128   197.35777    
     52416   197.00035    
     52704   196.60202    
     52992   196.16739    
     53280   195.70129    
     53568   195.20818    
     53856   194.69238    
     54144   194.15746    
     54432   193.60834    
     54720   193.04855    
     55008   192.48093    
     55296   191.90872    
     55584   191.33417    
     55872   190.75952    
     56160   190.18640    
     56448   189.61655    
     56736   189.05099    
     57024   188.48634    
     57312   187.92880    
     57600   188.30981    
     57888   188.48566    
     58176   188.48866    
     58464   188.34782    
     58752   188.08920    
     59040   187.73534    
     59328   187.30290    
     59616   186.81250    
     59904   186.27791    
     60192   186.67943    
     60480   186.83736    
     60768   186.79364    
     61056   186.58556    
     61344   186.24498    
     61632   185.79980    
     61920   185.27074    
     62208   185.68388    
     62496   185.82584    
     62784   185.74487    
     63072   185.48360    
     63360   185.07878    
     63648   184.56192    
     63936   184.98766    
     64224   185.12117    
     64512   185.01299    
     64800   184.71028    
     65088   184.25378    
     65376   183.67813    
     65664   184.07025    
     65952   184.16153    
     66240   184.00781    
     66528   183.65404    
     66816   183.14511    
     67104   183.60466    
     67392   183.73561    
     67680   183.59850    
     67968   183.24603    
     68256   183.83531    
     68544   184.05235    
     68832   183.96536    
     69120   183.63074    
     69408   184.24370    
     69696   184.46164    
     69984   184.35741    
     70272   183.99411    
     70560   183.42586    
     70848   183.85593    
     71136   183.92340    
     71424   183.69601    
     71712   183.22855    
     72000   184.05826    
     72288   184.44064    
     72576   184.45450    
     72864   184.16904    
     73152   183.64377    
     73440   184.13013    
     73728   184.23059    
     74016   184.01555    
     74304   183.54610    
     74592   184.09056    
     74880   184.23700    
     75168   184.05727    
     75456   184.85240    
     75744   185.19693    
     76032   185.16902    
     76320   184.83696    
     76608   185.50789    
     76896   185.74933    
     77184   185.63712    
     77472   185.23415    
     77760   185.86014    
     78048   186.06914    
     78336   185.93394    
     78624   185.51756    
     78912   186.13823    
     79200   186.35243    
     79488   186.22954    
     79776   185.82994    
     80064   186.47627    
     80352   186.72189    
     80640   186.63457    
     80928   186.27335    
     81216   186.95364    
     81504   187.24055    
     81792   187.19926    
     82080   186.88696    
     82368   186.35168    
     82656   186.88666    
     82944   187.07504    
     83232   186.97412    
     83520   186.63412    
     83808   187.32721    
     84096   187.67026    
     84384   187.71378    
     84672   187.50798    
     84960   187.09708    
     85248   187.71236    
     85536   188.00949    
     85824   188.03928    
     86112   187.84770    
     86400   187.47110    
     86688   188.08739    
     86976   188.41394    
     87264   188.49748    
     87552   188.37851    
     87840   188.09451    
     88128   187.67740    
     88416   188.20764    
     88704   188.50809    
     88992   188.61938    
     89280   188.57631    
     89568   188.41238    
     89856   188.15530    
     90144   187.83281    
     90432   188.38118    
     90720   188.77939    
     91008   189.06107    
     91296   189.25688    
     91584   189.38832    
     91872   189.47945    
     92160   189.55026    
     92448   189.61909    
     92736   189.70178    
     93024   189.81270    
     93312   190.66527    
     93600   191.47406    
     93888   192.25748    
     94176   193.02769    
     94464   193.79840    
     94752   194.57678    
     95040   195.37141    
     95328   196.18848    
     95616   197.03389    
     95904   197.91130    
     96192   198.82516    
     96480   199.77773    
     96768   200.77002    
     97056   201.80267    
     97344   202.87550    
     97632   203.98744    
     97920   205.13739    
     98208   206.32506    
     98496   207.54794    
     98784   208.80400    
     99072   210.09090    
     99360   211.40572    
     99648   212.74599    
     99936   214.10884    
    100224   215.49287    
    100512   216.89449    
    100800   218.31120    
    101088   219.74048    
    101376   221.17937    
    101664   222.62544    
    101952   223.77368    
    102240   224.95401    
    102528   226.16098    
    102816   227.39081    
    103104   228.64110    
    103392   229.90842    
    103680   231.19006    
    103968   232.48262    
    104256   233.78323    
    104544   235.08945    
    104832   236.16296    
