         1   0.0000000    
       288  0.35815267E-03
       576  0.66831161E-03
       864  0.93407324E-03
      1152  0.11601023E-02
      1440  0.13507905E-02
      1728  0.15057686E-02
      2016  0.16249053E-02
      2304  0.17126129E-02
      2592  0.17730047E-02
      2880  0.18099197E-02
      3168  0.18269421E-02
      3456  0.18231905E-02
      3744  0.17979625E-02
      4032  0.17548675E-02
      4320  0.16972560E-02
      4608  0.16295488E-02
      4896  0.15562858E-02
      5184  0.14798226E-02
      5472  0.13999412E-02
      5760  0.13199954E-02
      6048  0.12425070E-02
      6336  0.11692514E-02
      6624  0.11004094E-02
      6912  0.10357003E-02
      7200  0.97486196E-03
      7488  0.91765058E-03
      7776  0.86383929E-03
      8064  0.81321551E-03
      8352  0.76558249E-03
      8640  0.72075526E-03
      8928  0.67856174E-03
      9216  0.63884142E-03
      9504  0.60144311E-03
      9792  0.56622701E-03
     10080  0.53306128E-03
     10368  0.50182350E-03
     10656  0.47239859E-03
     10944  0.44467874E-03
     11232  0.41856276E-03
     11520  0.39395632E-03
     11808  0.37077081E-03
     12096  0.34892315E-03
     12384  0.32833545E-03
     12672  0.30893416E-03
     12960  0.29065087E-03
     13248  0.27509566E-03
     13536  0.26262266E-03
     13824  0.25481349E-03
     14112  0.25416911E-03
     14400  0.26461994E-03
     14688  0.29129884E-03
     14976  0.33851757E-03
     15264  0.40342755E-03
     15552  0.48316087E-03
     15840  0.57943125E-03
     16128  0.69389725E-03
     16416  0.82816742E-03
     16704  0.98379480E-03
     16992  0.11575967E-02
     17280  0.13464943E-02
     17568  0.15523096E-02
     17856  0.17767932E-02
     18144  0.20216226E-02
     18432  0.22883792E-02
     18720  0.25786459E-02
     19008  0.28887503E-02
     19296  0.32151043E-02
     19584  0.35595368E-02
     19872  0.39238296E-02
     20160  0.43096733E-02
     20448  0.47186371E-02
     20736  0.51521454E-02
     21024  0.56058643E-02
     21312  0.60757115E-02
     21600  0.65635280E-02
     21888  0.70709465E-02
     22176  0.75995629E-02
     22464  0.81508402E-02
     22752  0.87260194E-02
     23040  0.93261385E-02
     23328  0.99458750E-02
     23616  0.10580454E-01
     23904  0.11231461E-01
     24192  0.11900410E-01
     24480  0.12591140E-01
     24768  0.13311001E-01
     25056  0.14068482E-01
     25344  0.14872951E-01
     25632  0.15729062E-01
     25920  0.16643787E-01
     26208  0.17631555E-01
     26496  0.18708501E-01
     26784  0.19893156E-01
     27072  0.21206584E-01
     27360  0.22673042E-01
     27648  0.24320580E-01
     27936  0.26173465E-01
     28224  0.28265122E-01
     28512  0.30644899E-01
     28800  0.33370376E-01
     29088  0.36510244E-01
     29376  0.40146828E-01
     29664  0.44378042E-01
     29952  0.49320642E-01
     30240  0.55100776E-01
     30528  0.61882667E-01
     30816  0.69878660E-01
     31104  0.79337887E-01
     31392  0.90551339E-01
     31680  0.10385949    
     31968  0.11965279    
     32256  0.13836484    
     32544  0.16042997    
     32832  0.18633834    
     33120  0.21660246    
     33408  0.25167710    
     33696  0.29192048    
     33984  0.33755794    
     34272  0.38866821    
     34560  0.44515732    
     34848  0.50668532    
     35136  0.57282037    
     35424  0.64302939    
     35712  0.71663910    
     36000  0.79289114    
     36288  0.87095314    
     36576  0.94994688    
     36864   1.0289863    
     37152   1.1071200    
     37440   1.1835564    
     37728   1.2576438    
     38016   1.3287865    
     38304   1.3964642    
     38592   1.4602417    
     38880   1.5197785    
     39168   1.5748192    
     39456   1.6251065    
     39744   1.6705780    
     40032   1.7113144    
     40320   1.7474232    
     40608   1.7790436    
     40896   1.8063519    
     41184   1.8295472    
     41472   1.8488483    
     41760   1.8644086    
     42048   1.8765029    
     42336   1.8854495    
     42624   1.8915473    
     42912   1.8950741    
     43200   1.8962830    
     43488   1.8954282    
     43776   1.8927256    
     44064   1.8882964    
     44352   1.8823470    
     44640   1.8750954    
     44928   1.8667207    
     45216   1.8573686    
     45504   1.8471550    
     45792   1.8361624    
     46080   1.8244478    
     46368   1.8120397    
     46656   1.7989436    
     46944   1.7851405    
     47232   1.7705361    
     47520   1.7551053    
     47808   1.7388269    
     48096   1.7216445    
     48384   1.7034841    
     48672   1.6842498    
     48960   1.6638401    
     49248   1.6414800    
     49536   1.6208491    
     49824   1.6095278    
     50112   1.6060643    
     50400   1.6091102    
     50688   1.6174672    
     50976   1.6300957    
     51264   1.6460878    
     51552   1.6646564    
     51840   1.6851200    
     52128   1.7068940    
     52416   1.7294801    
     52704   1.7524621    
     52992   1.7754884    
     53280   1.7982732    
     53568   1.8205858    
     53856   1.8422426    
     54144   1.8631090    
     54432   1.8830631    
     54720   1.9020377    
     55008   1.9199919    
     55296   1.9369117    
     55584   1.9528002    
     55872   1.9676789    
     56160   1.9815837    
     56448   1.9945598    
     56736   2.0066588    
     57024   2.0179470    
     57312   2.0284712    
     57600   2.0383422    
     57888   2.0475771    
     58176   2.0561595    
     58464   2.0641000    
     58752   2.0714316    
     59040   2.0781996    
     59328   2.0844636    
     59616   2.0902672    
     59904   2.0956831    
     60192   2.1008387    
     60480   2.1057494    
     60768   2.1104033    
     61056   2.1148143    
     61344   2.1190121    
     61632   2.1230464    
     61920   2.1269736    
     62208   2.1308961    
     62496   2.1348164    
     62784   2.1387169    
     63072   2.1425991    
     63360   2.1464949    
     63648   2.1504452    
     63936   2.1545691    
     64224   2.1588671    
     64512   2.1632855    
     64800   2.1678240    
     65088   2.1725068    
     65376   2.1773818    
     65664   2.1825690    
     65952   2.1880724    
     66240   2.1938560    
     66528   2.1999199    
     66816   2.2062626    
     67104   2.2130032    
     67392   2.2201345    
     67680   2.2276075    
     67968   2.2354167    
     68256   2.2436640    
     68544   2.2523208    
     68832   2.2613242    
     69120   2.2706575    
     69408   2.2804029    
     69696   2.2905319    
     69984   2.3009770    
     70272   2.3117228    
     70560   2.3227913    
     70848   2.3343303    
     71136   2.3463416    
     71424   2.3587697    
     71712   2.3716137    
     72000   2.3850183    
     72288   2.3989580    
     72576   2.4133258    
     72864   2.4280748    
     73152   2.4432058    
     73440   2.4588830    
     73728   2.4751012    
     74016   2.4917912    
     74304   2.5089347    
     74592   2.5267024    
     74880   2.5450501    
     75168   2.5638888    
     75456   2.5833492    
     75744   2.6033771    
     76032   2.6238437    
     76320   2.6446896    
     76608   2.6660810    
     76896   2.6879914    
     77184   2.7102976    
     77472   2.7329147    
     77760   2.7560372    
     78048   2.7796392    
     78336   2.8035941    
     78624   2.8278453    
     78912   2.8526046    
     79200   2.8778496    
     79488   2.9034314    
     79776   2.9292824    
     80064   2.9555886    
     80352   2.9823129    
     80640   3.0092781    
     80928   3.0363896    
     81216   3.0638850    
     81504   3.0917211    
     81792   3.1196902    
     82080   3.1476727    
     82368   3.1755538    
     82656   3.2036076    
     82944   3.2318089    
     83232   3.2599325    
     83520   3.2878370    
     83808   3.3157821    
     84096   3.3437061    
     84384   3.3712797    
     84672   3.3982656    
     84960   3.4245126    
     85248   3.4503195    
     85536   3.4756267    
     85824   3.5000966    
     86112   3.5234981    
     86400   3.5456030    
     86688   3.5666847    
     86976   3.5866716    
     87264   3.6051779    
     87552   3.6219330    
     87840   3.6367252    
     88128   3.6493316    
     88416   3.6600642    
     88704   3.6688995    
     88992   3.6754458    
     89280   3.6794236    
     89568   3.6806293    
     89856   3.6788599    
     90144   3.6739340    
     90432   3.6662641    
     90720   3.6559525    
     91008   3.6426740    
     91296   3.6262252    
     91584   3.6064444    
     91872   3.5832057    
     92160   3.5564380    
     92448   3.5261104    
     92736   3.4922171    
     93024   3.4547727    
     93312   3.4143431    
     93600   3.3712525    
     93888   3.3253672    
     94176   3.2766559    
     94464   3.2251530    
     94752   3.1709266    
     95040   3.1140656    
     95328   3.0546932    
     95616   2.9929614    
     95904   2.9290357    
     96192   2.8631067    
     96480   2.7953584    
     96768   2.7259820    
     97056   2.6551819    
     97344   2.5831735    
     97632   2.5101755    
     97920   2.4364092    
     98208   2.3621056    
     98496   2.2874849    
     98784   2.2127578    
     99072   2.1381371    
     99360   2.0638275    
     99648   1.9900290    
     99936   1.9169303    
    100224   1.8447132    
    100512   1.7735444    
    100800   1.7035738    
    101088   1.6349380    
    101376   1.5677630    
    101664   1.5021589    
    101952   1.4380225    
    102240   1.3752929    
    102528   1.3141056    
    102816   1.2545701    
    103104   1.1967769    
    103392   1.1407981    
    103680   1.0866857    
    103968   1.0344789    
    104256  0.98420060    
    104544  0.93586290    
    104832  0.88936555    
