         1   0.0000000    
       288  0.13440791    
       576  0.26816893    
       864  0.40096754    
      1152  0.53291547    
      1440  0.66408688    
      1728  0.79290313    
      2016  0.91798431    
      2304   1.0395547    
      2592   1.1578426    
      2880   1.2730826    
      3168   1.3855178    
      3456   1.4935292    
      3744   1.5959123    
      4032   1.6933362    
      4320   1.7864363    
      4608   1.8758178    
      4896   1.9620626    
      5184   2.0437505    
      5472   2.1199393    
      5760   2.1916108    
      6048   2.2596505    
      6336   2.3248658    
      6624   2.3879943    
      6912   2.4476938    
      7200   2.5031061    
      7488   2.5552471    
      7776   2.6048903    
      8064   2.6529281    
      8352   2.6981268    
      8640   2.7397211    
      8928   2.7788649    
      9216   2.8165662    
      9504   2.8537059    
      9792   2.8910718    
     10080   2.9272001    
     10368   2.9609883    
     10656   2.9935770    
     10944   3.0259604    
     11232   3.0590041    
     11520   3.0934842    
     11808   3.1278656    
     12096   3.1610615    
     12384   3.1939640    
     12672   3.2275903    
     12960   3.2628376    
     13248   3.2981386    
     13536   3.3324769    
     13824   3.3669703    
     14112   3.4024270    
     14400   3.4398239    
     14688   3.4800241    
     14976   3.5238085    
     15264   3.5691445    
     15552   3.6144676    
     15840   3.6610684    
     16128   3.7100689    
     16416   3.7624598    
     16704   3.8190179    
     16992   3.8772511    
     17280   3.9358141    
     17568   3.9961607    
     17856   4.0595446    
     18144   4.1269407    
     18432   4.1990113    
     18720   4.2767653    
     19008   4.3575883    
     19296   4.4396248    
     19584   4.5241237    
     19872   4.6126027    
     20160   4.7063956    
     20448   4.8065391    
     20736   4.9136939    
     21024   5.0247488    
     21312   5.1377492    
     21600   5.2544856    
     21888   5.3762197    
     22176   5.5046468    
     22464   5.6412730    
     22752   5.7872467    
     23040   5.9432921    
     23328   6.1054006    
     23616   6.2711582    
     23904   6.4428396    
     24192   6.6220555    
     24480   6.8110099    
     24768   7.0117049    
     25056   7.2256608    
     25344   7.4538493    
     25632   7.6919284    
     25920   7.9375973    
     26208   8.1937952    
     26496   8.4626322    
     26784   8.7471161    
     27072   9.0499935    
     27360   9.3738413    
     27648   9.7206059    
     27936   10.082312    
     28224   10.455787    
     28512   10.846145    
     28800   11.257276    
     29088   11.691986    
     29376   12.154496    
     29664   12.648699    
     29952   13.177526    
     30240   13.730829    
     30528   14.305687    
     30816   14.910057    
     31104   15.551258    
     31392   16.235575    
     31680   16.968704    
     31968   17.759769    
     32256   18.618834    
     32544   19.540489    
     32832   20.527603    
     33120   21.601017    
     33408   22.779890    
     33696   24.080976    
     33984   25.516180    
     34272   27.093559    
     34560   28.819788    
     34848   30.673857    
     35136   32.641926    
     35424   34.721958    
     35712   36.904297    
     36000   39.177849    
     36288   41.531639    
     36576   43.951553    
     36864   46.421947    
     37152   48.897701    
     37440   51.349224    
     37728   53.767925    
     38016   56.144524    
     38304   58.468212    
     38592   60.728745    
     38880   62.916885    
     39168   65.024506    
     39456   67.012856    
     39744   68.864021    
     40032   70.584763    
     40320   72.180359    
     40608   73.654816    
     40896   75.012657    
     41184   76.258888    
     41472   77.398735    
     41760   78.406059    
     42048   79.279045    
     42336   80.033379    
     42624   80.683052    
     42912   81.240875    
     43200   81.715263    
     43488   82.120674    
     43776   82.468544    
     44064   82.737602    
     44352   82.929955    
     44640   83.063843    
     44928   83.155289    
     45216   83.218826    
     45504   83.267830    
     45792   83.314362    
     46080   83.369888    
     46368   83.445221    
     46656   83.550812    
     46944   83.696709    
     47232   83.861740    
     47520   84.048264    
     47808   84.275719    
     48096   84.561493    
     48384   84.921127    
     48672   85.368134    
     48960   85.913872    
     49248   85.924683    
     49536   82.816742    
     49824   80.087303    
     50112   77.727165    
     50400   75.690483    
     50688   73.930946    
     50976   72.410332    
     51264   71.094978    
     51552   69.955307    
     51840   68.965469    
     52128   68.102882    
     52416   67.347809    
     52704   66.683212    
     52992   66.094261    
     53280   65.568214    
     53568   65.093979    
     53856   64.662186    
     54144   64.267975    
     54432   63.901463    
     54720   63.556618    
     55008   63.228527    
     55296   62.913033    
     55584   62.606548    
     55872   62.306141    
     56160   62.009369    
     56448   61.714142    
     56736   61.418709    
     57024   61.124737    
     57312   60.828018    
     57600   60.552238    
     57888   60.304142    
     58176   60.074501    
     58464   59.855808    
     58752   59.641949    
     59040   59.427963    
     59328   59.213020    
     59616   58.990944    
     59904   58.759220    
     60192   58.541645    
     60480   58.344631    
     60768   58.158302    
     61056   57.974785    
     61344   57.787777    
     61632   57.592339    
     61920   57.387653    
     62208   57.194126    
     62496   57.017654    
     62784   56.847523    
     63072   56.675289    
     63360   56.494331    
     63648   56.299534    
     63936   56.113747    
     64224   55.945332    
     64512   55.780228    
     64800   55.609341    
     65088   55.425667    
     65376   55.223873    
     65664   55.027138    
     65952   54.841095    
     66240   54.654358    
     66528   54.460838    
     66816   54.250816    
     67104   54.046627    
     67392   53.852962    
     67680   53.657734    
     67968   53.451324    
     68256   53.254372    
     68544   53.070126    
     68832   52.884937    
     69120   52.690895    
     69408   52.505718    
     69696   52.332039    
     69984   52.155586    
     70272   51.965172    
     70560   51.752205    
     70848   51.538803    
     71136   51.329231    
     71424   51.110622    
     71712   50.875660    
     72000   50.649597    
     72288   50.439007    
     72576   50.228031    
     72864   50.004169    
     73152   49.757793    
     73440   49.510296    
     73728   49.265369    
     74016   49.009773    
     74304   48.733349    
     74592   48.459385    
     74880   48.189514    
     75168   47.909641    
     75456   47.638535    
     75744   47.377579    
     76032   47.111641    
     76320   46.829037    
     76608   46.549431    
     76896   46.275173    
     77184   45.994148    
     77472   45.694439    
     77760   45.395424    
     78048   45.099941    
     78336   44.794319    
     78624   44.468452    
     78912   44.142681    
     79200   43.820026    
     79488   43.487370    
     79776   43.136837    
     80064   42.788197    
     80352   42.443607    
     80640   42.089996    
     80928   41.718140    
     81216   41.347858    
     81504   40.982624    
     81792   40.609756    
     82080   40.221851    
     82368   39.812149    
     82656   39.400002    
     82944   38.990044    
     83232   38.570934    
     83520   38.135105    
     83808   37.701771    
     84096   37.276566    
     84384   36.848679    
     84672   36.408779    
     84960   35.950817    
     85248   35.493587    
     85536   35.042191    
     85824   34.586102    
     86112   34.119560    
     86400   33.638710    
     86688   33.159924    
     86976   32.688133    
     87264   32.213535    
     87552   31.729820    
     87840   31.233551    
     88128   30.722908    
     88416   30.213205    
     88704   29.710072    
     88992   29.205437    
     89280   28.694265    
     89568   28.174067    
     89856   27.644051    
     90144   27.102169    
     90432   26.562494    
     90720   26.031229    
     91008   25.502815    
     91296   24.974382    
     91584   24.445028    
     91872   23.913012    
     92160   23.377607    
     92448   22.838732    
     92736   22.296867    
     93024   21.753096    
     93312   21.219408    
     93600   20.701294    
     93888   20.195518    
     94176   19.699987    
     94464   19.213791    
     94752   18.736982    
     95040   18.268824    
     95328   17.808990    
     95616   17.357376    
     95904   16.914064    
     96192   16.479471    
     96480   16.054468    
     96768   15.639052    
     97056   15.233320    
     97344   14.837393    
     97632   14.451414    
     97920   14.075546    
     98208   13.710079    
     98496   13.355646    
     98784   13.012147    
     99072   12.679524    
     99360   12.357722    
     99648   12.046696    
     99936   11.746397    
    100224   11.456891    
    100512   11.178510    
    100800   10.911047    
    101088   10.654329    
    101376   10.408178    
    101664   10.172440    
    101952   9.9429207    
    102240   9.7170029    
    102528   9.4958630    
    102816   9.2804413    
    103104   9.0715437    
    103392   8.8700590    
    103680   8.6763163    
    103968   8.4905758    
    104256   8.3130465    
    104544   8.1438704    
    104832   7.9799232    
