         1   0.0000000    
       288  0.11809622E-03
       576  0.21922543E-03
       864  0.30486914E-03
      1152  0.37680849E-03
      1440  0.43668869E-03
      1728  0.48466821E-03
      2016  0.52094937E-03
      2304  0.54707198E-03
      2592  0.56444935E-03
      2880  0.57438359E-03
      3168  0.57807134E-03
      3456  0.57535985E-03
      3744  0.56613469E-03
      4032  0.55153953E-03
      4320  0.53262658E-03
      4608  0.51075459E-03
      4896  0.48730313E-03
      5184  0.46298889E-03
      5472  0.43776227E-03
      5760  0.41261569E-03
      6048  0.38828957E-03
      6336  0.36530176E-03
      6624  0.34369875E-03
      6912  0.32339263E-03
      7200  0.30430127E-03
      7488  0.28634781E-03
      7776  0.26946122E-03
      8064  0.25357510E-03
      8352  0.23862738E-03
      8640  0.22456014E-03
      8928  0.21131939E-03
      9216  0.19885467E-03
      9504  0.18711890E-03
      9792  0.17606792E-03
     10080  0.16566056E-03
     10368  0.15585829E-03
     10656  0.14662489E-03
     10944  0.13792662E-03
     11232  0.12973178E-03
     11520  0.12201086E-03
     11808  0.11473594E-03
     12096  0.10788096E-03
     12384  0.10142151E-03
     12672  0.95334595E-04
     12960  0.89598674E-04
     13248  0.84669635E-04
     13536  0.80647500E-04
     13824  0.77980847E-04
     14112  0.77380340E-04
     14400  0.79961144E-04
     14688  0.87176428E-04
     14976  0.10023850E-03
     15264  0.11834494E-03
     15552  0.14071216E-03
     15840  0.16781488E-03
     16128  0.20010919E-03
     16416  0.23803345E-03
     16704  0.28201140E-03
     16992  0.33121216E-03
     17280  0.38481256E-03
     17568  0.44329782E-03
     17856  0.50713582E-03
     18144  0.57678117E-03
     18432  0.65268140E-03
     18720  0.73525583E-03
     19008  0.82359725E-03
     19296  0.91679115E-03
     19584  0.10153289E-02
     19872  0.11196608E-02
     20160  0.12302189E-02
     20448  0.13474255E-02
     20736  0.14716976E-02
     21024  0.16020304E-02
     21312  0.17373884E-02
     21600  0.18782109E-02
     21888  0.20249358E-02
     22176  0.21779374E-02
     22464  0.23375661E-02
     22752  0.25041571E-02
     23040  0.26780402E-02
     23328  0.28580506E-02
     23616  0.30429855E-02
     23904  0.32331601E-02
     24192  0.34289586E-02
     24480  0.36313576E-02
     24768  0.38423908E-02
     25056  0.40644794E-02
     25344  0.43003941E-02
     25632  0.45519560E-02
     25920  0.48214039E-02
     26208  0.51127621E-02
     26496  0.54306979E-02
     26784  0.57804375E-02
     27072  0.61679902E-02
     27360  0.66003171E-02
     27648  0.70856083E-02
     27936  0.76321308E-02
     28224  0.82500735E-02
     28512  0.89534670E-02
     28800  0.97589148E-02
     29088  0.10686501E-01
     29376  0.11759915E-01
     29664  0.13007383E-01
     29952  0.14462759E-01
     30240  0.16165275E-01
     30528  0.18163320E-01
     30816  0.20517031E-01
     31104  0.23296773E-01
     31392  0.26584493E-01
     31680  0.30475615E-01
     31968  0.35076320E-01
     32256  0.40501878E-01
     32544  0.46871278E-01
     32832  0.54310109E-01
     33120  0.62934928E-01
     33408  0.72837919E-01
     33696  0.84076434E-01
     33984  0.96666612E-01
     34272  0.11058063    
     34560  0.12573862    
     34848  0.14201899    
     35136  0.15926705    
     35424  0.17729875    
     35712  0.19590867    
     36000  0.21487691    
     36288  0.23397085    
     36576  0.25295976    
     36864  0.27162245    
     37152  0.28977051    
     37440  0.30723554    
     37728  0.32387269    
     38016  0.33955842    
     38304  0.35419539    
     38592  0.36771071    
     38880  0.38005534    
     39168  0.39120138    
     39456  0.40116569    
     39744  0.40997219    
     40032  0.41765279    
     40320  0.42424843    
     40608  0.42980903    
     40896  0.43439043    
     41184  0.43805036    
     41472  0.44084978    
     41760  0.44287780    
     42048  0.44420180    
     42336  0.44488898    
     42624  0.44500175    
     42912  0.44459775    
     43200  0.44373661    
     43488  0.44246104    
     43776  0.44081071    
     44064  0.43884826    
     44352  0.43661034    
     44640  0.43412840    
     44928  0.43142599    
     45216  0.42852044    
     45504  0.42542142    
     45792  0.42213228    
     46080  0.41865039    
     46368  0.41496623    
     46656  0.41106540    
     46944  0.40692794    
     47232  0.40255886    
     47520  0.39793468    
     47808  0.39302513    
     48096  0.38779527    
     48384  0.38220817    
     48672  0.37622675    
     48960  0.36981794    
     49248  0.36409986    
     49536  0.36502931    
     49824  0.36742115    
     50112  0.37094823    
     50400  0.37538075    
     50688  0.38052577    
     50976  0.38621074    
     51264  0.39228514    
     51552  0.39861852    
     51840  0.40509862    
     52128  0.41163042    
     52416  0.41813368    
     52704  0.42454186    
     52992  0.43080160    
     53280  0.43686968    
     53568  0.44271350    
     53856  0.44830903    
     54144  0.45363149    
     54432  0.45867583    
     54720  0.46343896    
     55008  0.46792242    
     55296  0.47213227    
     55584  0.47607765    
     55872  0.47977087    
     56160  0.48322675    
     56448  0.48646134    
     56736  0.48949265    
     57024  0.49232954    
     57312  0.49499613    
     57600  0.49747255    
     57888  0.49976054    
     58176  0.50187159    
     58464  0.50382024    
     58752  0.50562412    
     59040  0.50730342    
     59328  0.50886947    
     59616  0.51034933    
     59904  0.51176608    
     60192  0.51309997    
     60480  0.51435363    
     60768  0.51554072    
     61056  0.51667672    
     61344  0.51778144    
     61632  0.51887465    
     61920  0.51996845    
     62208  0.52104580    
     62496  0.52210885    
     62784  0.52316970    
     63072  0.52424514    
     63360  0.52535325    
     63648  0.52651638    
     63936  0.52770966    
     64224  0.52892411    
     64512  0.53017646    
     64800  0.53148448    
     65088  0.53286684    
     65376  0.53434622    
     65664  0.53589875    
     65952  0.53752506    
     66240  0.53923702    
     66528  0.54104161    
     66816  0.54296249    
     67104  0.54497617    
     67392  0.54708296    
     67680  0.54929435    
     67968  0.55162627    
     68256  0.55405253    
     68544  0.55657184    
     68832  0.55919570    
     69120  0.56192982    
     69408  0.56475210    
     69696  0.56766337    
     69984  0.57067585    
     70272  0.57380849    
     70560  0.57708490    
     70848  0.58048433    
     71136  0.58401263    
     71424  0.58768290    
     71712  0.59150642    
     72000  0.59545439    
     72288  0.59952325    
     72576  0.60371906    
     72864  0.60805821    
     73152  0.61256254    
     73440  0.61721343    
     73728  0.62201601    
     74016  0.62698388    
     74304  0.63213682    
     74592  0.63744295    
     74880  0.64290911    
     75168  0.64854753    
     75456  0.65433025    
     75744  0.66025567    
     76032  0.66632831    
     76320  0.67256188    
     76608  0.67893481    
     76896  0.68544960    
     77184  0.69210154    
     77472  0.69890445    
     77760  0.70584214    
     78048  0.71291906    
     78336  0.72014058    
     78624  0.72751939    
     78912  0.73503739    
     79200  0.74269891    
     79488  0.75050372    
     79776  0.75845200    
     80064  0.76651847    
     80352  0.77470785    
     80640  0.78301609    
     80928  0.79144734    
     81216  0.79998130    
     81504  0.80861604    
     81792  0.81733847    
     82080  0.82613689    
     82368  0.83500302    
     82656  0.84392977    
     82944  0.85291469    
     83232  0.86194074    
     83520  0.87099701    
     83808  0.88006371    
     84096  0.88911521    
     84384  0.89810312    
     84672  0.90700519    
     84960  0.91580415    
     85248  0.92448437    
     85536  0.93302637    
     85824  0.94138652    
     86112  0.94951981    
     86400  0.95737410    
     86688  0.96493661    
     86976  0.97218323    
     87264  0.97905689    
     87552  0.98550957    
     87840  0.99149269    
     88128  0.99694443    
     88416   1.0018617    
     88704   1.0062246    
     88992   1.0099685    
     89280   1.0130388    
     89568   1.0153866    
     89856   1.0169473    
     90144   1.0176771    
     90432   1.0176038    
     90720   1.0167303    
     91008   1.0149992    
     91296   1.0123636    
     91584   1.0087714    
     91872   1.0041960    
     92160  0.99861646    
     92448  0.99201822    
     92736  0.98439187    
     93024  0.97572798    
     93312  0.96610451    
     93600  0.95559150    
     93888  0.94417280    
     94176  0.93185234    
     94464  0.91864377    
     94752  0.90456158    
     95040  0.88963485    
     95328  0.87390143    
     95616  0.85740411    
     95904  0.84019148    
     96192  0.82231379    
     96480  0.80381948    
     96768  0.78476506    
     97056  0.76521230    
     97344  0.74522442    
     97632  0.72486824    
     97920  0.70421052    
     98208  0.68331838    
     98496  0.66225564    
     98784  0.64108980    
     99072  0.61988646    
     99360  0.59871066    
     99648  0.57762474    
     99936  0.55668849    
    100224  0.53595841    
    100512  0.51548582    
    100800  0.49531883    
    101088  0.47550282    
    101376  0.45607868    
    101664  0.43708259    
    101952  0.41849771    
    102240  0.40031195    
    102528  0.38256288    
    102816  0.36528227    
    103104  0.34849623    
    103392  0.33222538    
    103680  0.31648684    
    103968  0.30129349    
    104256  0.28665352    
    104544  0.27257147    
    104832  0.25902325    
