         1   0.0000000    
       288   2.4553289    
       576   4.6944013    
       864   6.7288742    
      1152   8.5777359    
      1440   10.258461    
      1728   11.779604    
      2016   13.149321    
      2304   14.382804    
      2592   15.493978    
      2880   16.495581    
      3168   17.399240    
      3456   18.209410    
      3744   18.929979    
      4032   19.571064    
      4320   20.141893    
      4608   20.650883    
      4896   21.105780    
      5184   21.508244    
      5472   21.859447    
      5760   22.166180    
      6048   22.434694    
      6336   22.670767    
      6624   22.879757    
      6912   23.061634    
      7200   23.215908    
      7488   23.347441    
      7776   23.460901    
      8064   23.560452    
      8352   23.645296    
      8640   23.714132    
      8928   23.770826    
      9216   23.819057    
      9504   23.862324    
      9792   23.903942    
     10080   23.942547    
     10368   23.976334    
     10656   24.008429    
     10944   24.041817    
     11232   24.079441    
     11520   24.124174    
     11808   24.174118    
     12096   24.226866    
     12384   24.285370    
     12672   24.352377    
     12960   24.430574    
     13248   24.517807    
     13536   24.611246    
     13824   24.713655    
     14112   24.828007    
     14400   24.957001    
     14688   25.103395    
     14976   25.269970    
     15264   25.454346    
     15552   25.653402    
     15840   25.869865    
     16128   26.106607    
     16416   26.366577    
     16704   26.652964    
     16992   26.963137    
     17280   27.293224    
     17568   27.646252    
     17856   28.025431    
     18144   28.434309    
     18432   28.876749    
     18720   29.356421    
     19008   29.869965    
     19296   30.412922    
     19584   30.989342    
     19872   31.603123    
     20160   32.258457    
     20448   32.959949    
     20736   33.712646    
     21024   34.512459    
     21312   35.353851    
     21600   36.241676    
     21888   37.181473    
     22176   38.178646    
     22464   39.238960    
     22752   40.368767    
     23040   41.575073    
     23328   42.852760    
     23616   44.195019    
     23904   45.608696    
     24192   47.101597    
     24480   48.681297    
     24768   50.356052    
     25056   52.134903    
     25344   54.027817    
     25632   56.030399    
     25920   58.136433    
     26208   60.355961    
     26496   62.700386    
     26784   65.180740    
     27072   67.808891    
     27360   70.597244    
     27648   73.559189    
     27936   76.687172    
     28224   79.969566    
     28512   83.419182    
     28800   87.050133    
     29088   90.877350    
     29376   94.914001    
     29664   99.172890    
     29952   103.66647    
     30240   108.37763    
     30528   113.28273    
     30816   118.38861    
     31104   123.69980    
     31392   129.21878    
     31680   134.94502    
     31968   140.87003    
     32256   146.98010    
     32544   153.22144    
     32832   159.53421    
     33120   165.88956    
     33408   172.25531    
     33696   178.59685    
     33984   184.87941    
     34272   191.06805    
     34560   197.12593    
     34848   202.98669    
     35136   208.58759    
     35424   213.91177    
     35712   218.94823    
     36000   223.68686    
     36288   228.11768    
     36576   232.23421    
     36864   236.03314    
     37152   239.48831    
     37440   242.57674    
     37728   245.31419    
     38016   247.71738    
     38304   249.80510    
     38592   251.59668    
     38880   253.11044    
     39168   254.36475    
     39456   255.35823    
     39744   256.08725    
     40032   256.57816    
     40320   256.85669    
     40608   256.94742    
     40896   256.87213    
     41184   256.65036    
     41472   256.29953    
     41760   255.81950    
     42048   255.20158    
     42336   254.46922    
     42624   253.64308    
     42912   252.74026    
     43200   251.77899    
     43488   250.76724    
     43776   249.71370    
     44064   248.61174    
     44352   247.44624    
     44640   246.23250    
     44928   244.98227    
     45216   243.70399    
     45504   242.40376    
     45792   241.08415    
     46080   239.74625    
     46368   238.38849    
     46656   237.00739    
     46944   235.59718    
     47232   234.13989    
     47520   232.60783    
     47808   231.00046    
     48096   229.31432    
     48384   227.54349    
     48672   225.68007    
     48960   223.71623    
     49248   222.34496    
     49536   224.39114    
     49824   225.98604    
     50112   227.15779    
     50400   227.97255    
     50688   228.49112    
     50976   228.76224    
     51264   228.82643    
     51552   228.71776    
     51840   228.46475    
     52128   228.09177    
     52416   227.61926    
     52704   227.06424    
     52992   226.44133    
     53280   225.76276    
     53568   225.03896    
     53856   224.27890    
     54144   223.48651    
     54432   222.67189    
     54720   221.84062    
     55008   220.99710    
     55296   220.14510    
     55584   219.28815    
     55872   218.42886    
     56160   217.56955    
     56448   216.71220    
     56736   215.85864    
     57024   215.00674    
     57312   214.16118    
     57600   213.33913    
     57888   212.56091    
     58176   211.81564    
     58464   211.09538    
     58752   210.39391    
     59040   209.70654    
     59328   209.02620    
     59616   208.35428    
     59904   207.68890    
     60192   207.04562    
     60480   206.44389    
     60768   205.87146    
     61056   205.31897    
     61344   204.77939    
     61632   204.24741    
     61920   203.71599    
     62208   203.20412    
     62496   202.73036    
     62784   202.28162    
     63072   201.84792    
     63360   201.42152    
     63648   200.99673    
     63936   200.58823    
     64224   200.21172    
     64512   199.85638    
     64800   199.51157    
     65088   199.16891    
     65376   198.82254    
     65664   198.48752    
     65952   198.18359    
     66240   197.89592    
     66528   197.61009    
     66816   197.32109    
     67104   197.04375    
     67392   196.79674    
     67680   196.56383    
     67968   196.33286    
     68256   196.11621    
     68544   195.93126    
     68832   195.75996    
     69120   195.58524    
     69408   195.42247    
     69696   195.28925    
     69984   195.16637    
     70272   195.03882    
     70560   194.89606    
     70848   194.75342    
     71136   194.63051    
     71424   194.50937    
     71712   194.37344    
     72000   194.24713    
     72288   194.15553    
     72576   194.07532    
     72864   193.98883    
     73152   193.88200    
     73440   193.77071    
     73728   193.67487    
     74016   193.57468    
     74304   193.45508    
     74592   193.32826    
     74880   193.21661    
     75168   193.09979    
     75456   192.98944    
     75744   192.90247    
     76032   192.81508    
     76320   192.70815    
     76608   192.59628    
     76896   192.49825    
     77184   192.38924    
     77472   192.25247    
     77760   192.10507    
     78048   191.96698    
     78336   191.81619    
     78624   191.63376    
     78912   191.43694    
     79200   191.24652    
     79488   191.04021    
     79776   190.79720    
     80064   190.53618    
     80352   190.27986    
     80640   190.00612    
     80928   189.69566    
     81216   189.36667    
     81504   189.04060    
     81792   188.69531    
     82080   188.30978    
     82368   187.86890    
     82656   187.39551    
     82944   186.91388    
     83232   186.40442    
     83520   185.84953    
     83808   185.26941    
     84096   184.68474    
     84384   184.07445    
     84672   183.42201    
     84960   182.71217    
     85248   181.96715    
     85536   181.21033    
     85824   180.42340    
     86112   179.58835    
     86400   178.68987    
     86688   177.75201    
     86976   176.79858    
     87264   175.81291    
     87552   174.77948    
     87840   173.68341    
     88128   172.51303    
     88416   171.29408    
     88704   170.05084    
     88992   168.76967    
     89280   167.43829    
     89568   166.04549    
     89856   164.58163    
     90144   163.04129    
     90432   161.45059    
     90720   159.83365    
     91008   158.18150    
     91296   156.48589    
     91584   154.73946    
     91872   152.93822    
     92160   151.07950    
     92448   149.16185    
     92736   147.18503    
     93024   145.14937    
     93312   143.08032    
     93600   141.00307    
     93888   138.91507    
     94176   136.81445    
     94464   134.70010    
     94752   132.57092    
     95040   130.42795    
     95328   128.27242    
     95616   126.10617    
     95904   123.93139    
     96192   121.75029    
     96480   119.56508    
     96768   117.37894    
     97056   115.19512    
     97344   113.01686    
     97632   110.84740    
     97920   108.68983    
     98208   106.54717    
     98496   104.42200    
     98784   102.31746    
     99072   100.23634    
     99360   98.181381    
     99648   96.155045    
     99936   94.159630    
    100224   92.197250    
    100512   90.269585    
    100800   88.378532    
    101088   86.525780    
    101376   84.712990    
    101664   82.941498    
    101952   81.201462    
    102240   79.483902    
    102528   77.792122    
    102816   76.128952    
    103104   74.497032    
    103392   72.898567    
    103680   71.335739    
    103968   69.810524    
    104256   68.324730    
    104544   66.879868    
    104832   65.468987    
