         1   4.4000001    
       288   4.3682489    
       576   4.3399725    
       864   4.3151207    
      1152   4.2933426    
      1440   4.2743192    
      1728   4.2572637    
      2016   4.2427173    
      2304   4.2303638    
      2592   4.2199130    
      2880   4.2110949    
      3168   4.2036653    
      3456   4.1969676    
      3744   4.1916313    
      4032   4.1874232    
      4320   4.1841435    
      4608   4.1816106    
      4896   4.1796689    
      5184   4.1777816    
      5472   4.1765924    
      5760   4.1759458    
      6048   4.1756954    
      6336   4.1757150    
      6624   4.1758909    
      6912   4.1757851    
      7200   4.1760335    
      7488   4.1763000    
      7776   4.1767225    
      8064   4.1771922    
      8352   4.1772900    
      8640   4.1776366    
      8928   4.1781077    
      9216   4.1785975    
      9504   4.1790233    
      9792   4.1793065    
     10080   4.1788654    
     10368   4.1785536    
     10656   4.1782494    
     10944   4.1778626    
     11232   4.1773162    
     11520   4.1765265    
     11808   4.1751118    
     12096   4.1735044    
     12384   4.1718292    
     12672   4.1700015    
     12960   4.1679263    
     13248   4.1652002    
     13536   4.1624699    
     13824   4.1594038    
     14112   4.1561680    
     14400   4.1526566    
     14688   4.1487894    
     14976   4.1444817    
     15264   4.1390357    
     15552   4.1334763    
     15840   4.1276822    
     16128   4.1215324    
     16416   4.1149292    
     16704   4.1074972    
     16992   4.0990257    
     17280   4.0903559    
     17568   4.0813394    
     17856   4.0718436    
     18144   4.0614147    
     18432   4.0503058    
     18720   4.0383997    
     19008   4.0250359    
     19296   4.0108628    
     19584   3.9961312    
     19872   3.9806700    
     20160   3.9643152    
     20448   3.9464612    
     20736   3.9274576    
     21024   3.9064496    
     21312   3.8847284    
     21600   3.8615406    
     21888   3.8372500    
     22176   3.8116319    
     22464   3.7844679    
     22752   3.7549055    
     23040   3.7234380    
     23328   3.6888688    
     23616   3.6529799    
     23904   3.6146734    
     24192   3.5744910    
     24480   3.5321071    
     24768   3.4872034    
     25056   3.4385121    
     25344   3.3867743    
     25632   3.3302932    
     25920   3.2714188    
     26208   3.2085190    
     26496   3.1424534    
     26784   3.0727677    
     27072   2.9990282    
     27360   2.9208145    
     27648   2.8361747    
     27936   2.7443900    
     28224   2.6493051    
     28512   2.5503347    
     28800   2.4450622    
     29088   2.3352323    
     29376   2.2204978    
     29664   2.1006513    
     29952   1.9733027    
     30240   1.8383574    
     30528   1.7021725    
     30816   1.5648931    
     31104   1.4270726    
     31392   1.2869186    
     31680   1.1493819    
     31968   1.0163742    
     32256  0.89022648    
     32544  0.76744783    
     32832  0.66133058    
     33120  0.57173991    
     33408  0.49769586    
     33696  0.43739697    
     33984  0.38626891    
     34272  0.34574997    
     34560  0.31292951    
     34848  0.28411642    
     35136  0.26210657    
     35424  0.24387242    
     35712  0.22645567    
     36000  0.21240357    
     36288  0.20026563    
     36576  0.18954828    
     36864  0.18001240    
     37152  0.17073694    
     37440  0.16243765    
     37728  0.15618981    
     38016  0.15064101    
     38304  0.14558108    
     38592  0.14094283    
     38880  0.13668001    
     39168  0.13275275    
     39456  0.12872051    
     39744  0.12478358    
     40032  0.12209949    
     40320  0.11961851    
     40608  0.11726826    
     40896  0.11503480    
     41184  0.11290888    
     41472  0.11088172    
     41760  0.10870151    
     42048  0.10724729    
     42336  0.10583778    
     42624  0.10444967    
     42912  0.10308295    
     43200  0.10087669    
     43488  0.99549860E-01
     43776  0.98271810E-01
     44064  0.96870147E-01
     44352  0.95986255E-01
     44640  0.95098928E-01
     44928  0.94203271E-01
     45216  0.93304649E-01
     45504  0.92409708E-01
     45792  0.91523997E-01
     46080  0.90653405E-01
     46368  0.89803837E-01
     46656  0.88981211E-01
     46944  0.88191532E-01
     47232  0.87354667E-01
     47520  0.86935565E-01
     47808  0.86534187E-01
     48096  0.86154878E-01
     48384  0.85807443E-01
     48672  0.85500613E-01
     48960  0.85241780E-01
     49248  0.16791597    
     49536  0.38337606    
     49824  0.52520472    
     50112  0.61533070    
     50400  0.67518419    
     50688  0.71574342    
     50976  0.74385893    
     51264  0.76371789    
     51552  0.77803576    
     51840  0.78861064    
     52128  0.79664660    
     52416  0.80295676    
     52704  0.80809563    
     52992  0.81243879    
     53280  0.81624281    
     53568  0.81968188    
     53856  0.82287538    
     54144  0.82606691    
     54432  0.82900321    
     54720  0.83187449    
     55008  0.83470362    
     55296  0.83750641    
     55584  0.84029311    
     55872  0.84307015    
     56160  0.84584278    
     56448  0.84861368    
     56736  0.85138237    
     57024  0.85431492    
     57312  0.85710913    
     57600  0.85988283    
     57888  0.86266619    
     58176  0.86549795    
     58464  0.86836344    
     58752  0.87125236    
     59040  0.87415636    
     59328  0.87724501    
     59616  0.88019329    
     59904  0.88315088    
     60192  0.88608885    
     60480  0.88902986    
     60768  0.89201766    
     61056  0.89503813    
     61344  0.89808160    
     61632  0.90113896    
     61920  0.90440112    
     62208  0.90747386    
     62496  0.91054493    
     62784  0.91366559    
     63072  0.91682029    
     63360  0.91999918    
     63648  0.92319369    
     63936  0.92637289    
     64224  0.92977238    
     64512  0.93301815    
     64800  0.93630475    
     65088  0.93962139    
     65376  0.94295835    
     65664  0.94628876    
     65952  0.94959062    
     66240  0.95294797    
     66528  0.95663220    
     66816  0.96009487    
     67104  0.96357274    
     67392  0.96700996    
     67680  0.97051650    
     67968  0.97407550    
     68256  0.97766322    
     68544  0.98119915    
     68832  0.98481190    
     69120  0.98885655    
     69408  0.99261558    
     69696  0.99630386    
     69984   1.0000839    
     70272   1.0039388    
     70560   1.0078560    
     70848   1.0118389    
     71136   1.0157096    
     71424   1.0196782    
     71712   1.0242163    
     72000   1.0283824    
     72288   1.0323789    
     72576   1.0365095    
     72864   1.0407559    
     73152   1.0451056    
     73440   1.0496085    
     73728   1.0539137    
     74016   1.0583540    
     74304   1.0629210    
     74592   1.0683469    
     74880   1.0729250    
     75168   1.0776602    
     75456   1.0826833    
     75744   1.0874137    
     76032   1.0923334    
     76320   1.0974377    
     76608   1.1028931    
     76896   1.1079788    
     77184   1.1140788    
     77472   1.1196606    
     77760   1.1256701    
     78048   1.1312153    
     78336   1.1369882    
     78624   1.1430165    
     78912   1.1496174    
     79200   1.1556603    
     79488   1.1619488    
     79776   1.1695077    
     80064   1.1769565    
     80352   1.1836597    
     80640   1.1906210    
     80928   1.1979353    
     81216   1.2061412    
     81504   1.2135744    
     81792   1.2212740    
     82080   1.2304862    
     82368   1.2392569    
     82656   1.2490342    
     82944   1.2578888    
     83232   1.2669981    
     83520   1.2765865    
     83808   1.2875248    
     84096   1.2986983    
     84384   1.3092486    
     84672   1.3201194    
     84960   1.3315569    
     85248   1.3446339    
     85536   1.3566686    
     85824   1.3688890    
     86112   1.3829396    
     86400   1.3969510    
     86688   1.4126505    
     86976   1.4272201    
     87264   1.4418924    
     87552   1.4571456    
     87840   1.4744530    
     88128   1.4920214    
     88416   1.5116024    
     88704   1.5301425    
     88992   1.5487447    
     89280   1.5679351    
     89568   1.5892140    
     89856   1.6109860    
     90144   1.6336056    
     90432   1.6586703    
     90720   1.6829822    
     91008   1.7073846    
     91296   1.7335091    
     91584   1.7600629    
     91872   1.7873735    
     92160   1.8156388    
     92448   1.8449748    
     92736   1.8754474    
     93024   1.9081173    
     93312   1.9429893    
     93600   1.9770908    
     93888   2.0109551    
     94176   2.0449131    
     94464   2.0800900    
     94752   2.1154058    
     95040   2.1509867    
     95328   2.1868913    
     95616   2.2231364    
     95904   2.2597039    
     96192   2.2973387    
     96480   2.3349979    
     96768   2.3726659    
     97056   2.4103041    
     97344   2.4478660    
     97632   2.4852901    
     97920   2.5225096    
     98208   2.5600812    
     98496   2.5971506    
     98784   2.6336839    
     99072   2.6696370    
     99360   2.7049689    
     99648   2.7396328    
     99936   2.7735846    
    100224   2.8072762    
    100512   2.8400488    
    100800   2.8718922    
    101088   2.9027882    
    101376   2.9327261    
    101664   2.9616952    
    101952   2.9890492    
    102240   3.0162706    
    102528   3.0431828    
    102816   3.0696368    
    103104   3.0958681    
    103392   3.1213374    
    103680   3.1459887    
    103968   3.1697745    
    104256   3.1926594    
    104544   3.2146161    
    104832   3.2351587    
