         1  0.30649887E-08
       288  0.28341276E-08
       576  0.26278948E-08
       864  0.24466396E-08
      1152  0.22871964E-08
      1440  0.21467841E-08
      1728  0.20436484E-08
      2016  0.19507123E-08
      2304  0.18667916E-08
      2592  0.17908367E-08
      2880  0.17219262E-08
      3168  0.16592416E-08
      3456  0.16187711E-08
      3744  0.15800311E-08
      4032  0.15429097E-08
      4320  0.15073275E-08
      4608  0.14732016E-08
      4896  0.14404615E-08
      5184  0.14239679E-08
      5472  0.14060104E-08
      5760  0.13869139E-08
      6048  0.13669671E-08
      6336  0.13464178E-08
      6624  0.13254838E-08
      6912  0.13183274E-08
      7200  0.13085816E-08
      7488  0.12984155E-08
      7776  0.12863006E-08
      8064  0.12726551E-08
      8352  0.12713323E-08
      8640  0.12666848E-08
      8928  0.12593165E-08
      9216  0.12497648E-08
      9504  0.12384956E-08
      9792  0.12259109E-08
     10080  0.12271111E-08
     10368  0.12248637E-08
     10656  0.12198175E-08
     10944  0.12125441E-08
     11232  0.12035323E-08
     11520  0.11932011E-08
     11808  0.11946674E-08
     12096  0.11946441E-08
     12384  0.11917878E-08
     12672  0.11866935E-08
     12960  0.11798679E-08
     13248  0.11843281E-08
     13536  0.11853371E-08
     13824  0.11853052E-08
     14112  0.11828016E-08
     14400  0.11783801E-08
     14688  0.11725043E-08
     14976  0.11655609E-08
     15264  0.11719089E-08
     15552  0.11749005E-08
     15840  0.11752406E-08
     16128  0.11735258E-08
     16416  0.11702509E-08
     16704  0.11676116E-08
     16992  0.11759395E-08
     17280  0.11808704E-08
     17568  0.11831486E-08
     17856  0.11833746E-08
     18144  0.11838467E-08
     18432  0.11828064E-08
     18720  0.11806586E-08
     19008  0.11897745E-08
     19296  0.11975564E-08
     19584  0.12025300E-08
     19872  0.12053420E-08
     20160  0.12065178E-08
     20448  0.12083702E-08
     20736  0.12089543E-08
     21024  0.12205433E-08
     21312  0.12288220E-08
     21600  0.12364402E-08
     21888  0.12417007E-08
     22176  0.12451630E-08
     22464  0.12472795E-08
     22752  0.12503869E-08
     23040  0.12523594E-08
     23328  0.12652482E-08
     23616  0.12748052E-08
     23904  0.12837720E-08
     24192  0.12903132E-08
     24480  0.12949946E-08
     24768  0.12982577E-08
     25056  0.13025189E-08
     25344  0.13055088E-08
     25632  0.13178525E-08
     25920  0.13269270E-08
     26208  0.13355100E-08
     26496  0.13416139E-08
     26784  0.13457724E-08
     27072  0.13484115E-08
     27360  0.13498532E-08
     27648  0.13524872E-08
     27936  0.13646692E-08
     28224  0.13728727E-08
     28512  0.13779174E-08
     28800  0.13825611E-08
     29088  0.13845767E-08
     29376  0.13844050E-08
     29664  0.13823643E-08
     29952  0.13807603E-08
     30240  0.13866432E-08
     30528  0.13874011E-08
     30816  0.13837015E-08
     31104  0.13759123E-08
     31392  0.13661179E-08
     31680  0.13515650E-08
     31968  0.13321697E-08
     32256  0.13077275E-08
     32544  0.12870734E-08
     32832  0.12576331E-08
     33120  0.12211844E-08
     33408  0.11796618E-08
     33696  0.11350709E-08
     33984  0.10904023E-08
     34272  0.10453184E-08
     34560  0.10014293E-08
     34848  0.96368002E-09
     35136  0.92699948E-09
     35424  0.89257735E-09
     35712  0.86140678E-09
     36000  0.83222368E-09
     36288  0.80539458E-09
     36576  0.78088513E-09
     36864  0.75856499E-09
     37152  0.74061701E-09
     37440  0.72427392E-09
     37728  0.70899264E-09
     38016  0.69509615E-09
     38304  0.68251499E-09
     38592  0.67113304E-09
     38880  0.66083539E-09
     39168  0.65152483E-09
     39456  0.64479561E-09
     39744  0.63877931E-09
     40032  0.63302613E-09
     40320  0.62779626E-09
     40608  0.62304095E-09
     40896  0.61870653E-09
     41184  0.61473115E-09
     41472  0.61107086E-09
     41760  0.60909539E-09
     42048  0.60704630E-09
     42336  0.60509003E-09
     42624  0.60319405E-09
     42912  0.60131755E-09
     43200  0.59968874E-09
     43488  0.59776328E-09
     43776  0.59576416E-09
     44064  0.59493305E-09
     44352  0.59374072E-09
     44640  0.59229821E-09
     44928  0.59057009E-09
     45216  0.58851202E-09
     45504  0.58609051E-09
     45792  0.58326327E-09
     46080  0.57998256E-09
     46368  0.57619948E-09
     46656  0.57186894E-09
     46944  0.56694349E-09
     47232  0.56250532E-09
     47520  0.55717969E-09
     47808  0.55103705E-09
     48096  0.54406640E-09
     48384  0.53628862E-09
     48672  0.52774546E-09
     48960  0.51852345E-09
     49248  0.68828970E-09
     49536  0.71836864E-09
     49824  0.71709277E-09
     50112  0.71575951E-09
     50400  0.71429146E-09
     50688  0.71293277E-09
     50976  0.71160394E-09
     51264  0.71032208E-09
     51552  0.70909867E-09
     51840  0.70794437E-09
     52128  0.70687289E-09
     52416  0.70588502E-09
     52704  0.70499301E-09
     52992  0.70420036E-09
     53280  0.70351008E-09
     53568  0.70292455E-09
     53856  0.70244699E-09
     54144  0.70197065E-09
     54432  0.70168088E-09
     54720  0.70150219E-09
     55008  0.70143363E-09
     55296  0.70147443E-09
     55584  0.70162953E-09
     55872  0.70189743E-09
     56160  0.70227651E-09
     56448  0.70277173E-09
     56736  0.70338141E-09
     57024  0.70400047E-09
     57312  0.70480682E-09
     57600  0.70422834E-09
     57888  0.70387296E-09
     58176  0.70372036E-09
     58464  0.70377237E-09
     58752  0.70403172E-09
     59040  0.70449657E-09
     59328  0.70505635E-09
     59616  0.70589651E-09
     59904  0.70693651E-09
     60192  0.70658146E-09
     60480  0.70653289E-09
     60768  0.70676409E-09
     61056  0.70726996E-09
     61344  0.70805201E-09
     61632  0.70910772E-09
     61920  0.71031253E-09
     62208  0.71018197E-09
     62496  0.71042733E-09
     62784  0.71101480E-09
     63072  0.71193929E-09
     63360  0.71320222E-09
     63648  0.71478989E-09
     63936  0.71493378E-09
     64224  0.71536971E-09
     64512  0.71630779E-09
     64800  0.71764339E-09
     65088  0.71936734E-09
     65376  0.72147444E-09
     65664  0.72207390E-09
     65952  0.72317569E-09
     66240  0.72472145E-09
     66528  0.72654827E-09
     66816  0.72894568E-09
     67104  0.72976586E-09
     67392  0.73115797E-09
     67680  0.73305234E-09
     67968  0.73545098E-09
     68256  0.73622819E-09
     68544  0.73765144E-09
     68832  0.73963818E-09
     69120  0.74196910E-09
     69408  0.74278766E-09
     69696  0.74432843E-09
     69984  0.74649364E-09
     70272  0.74927603E-09
     70560  0.75267675E-09
     70848  0.75428996E-09
     71136  0.75669288E-09
     71424  0.75975909E-09
     71712  0.76320456E-09
     72000  0.76436918E-09
     72288  0.76644574E-09
     72576  0.76925843E-09
     72864  0.77280593E-09
     73152  0.77708417E-09
     73440  0.77933043E-09
     73728  0.78255546E-09
     74016  0.78656731E-09
     74304  0.79136458E-09
     74592  0.79355705E-09
     74880  0.79718149E-09
     75168  0.80165186E-09
     75456  0.80379031E-09
     75744  0.80711504E-09
     76032  0.81133666E-09
     76320  0.81645590E-09
     76608  0.81907375E-09
     76896  0.82299406E-09
     77184  0.82732265E-09
     77472  0.83306051E-09
     77760  0.83607571E-09
     78048  0.84053486E-09
     78336  0.84600044E-09
     78624  0.85246643E-09
     78912  0.85592966E-09
     79200  0.86097662E-09
     79488  0.86709140E-09
     79776  0.87354368E-09
     80064  0.87722407E-09
     80352  0.88270974E-09
     80640  0.88933449E-09
     80928  0.89704755E-09
     81216  0.90106494E-09
     81504  0.90700564E-09
     81792  0.91415603E-09
     82080  0.92156993E-09
     82368  0.93077179E-09
     82656  0.93582875E-09
     82944  0.94306141E-09
     83232  0.95162389E-09
     83520  0.96138586E-09
     83808  0.96640418E-09
     84096  0.97271302E-09
     84384  0.98114183E-09
     84672  0.99098763E-09
     84960  0.10021054E-08
     85248  0.10077957E-08
     85536  0.10160783E-08
     85824  0.10259852E-08
     86112  0.10360460E-08
     86400  0.10480485E-08
     86688  0.10540723E-08
     86976  0.10629859E-08
     87264  0.10737561E-08
     87552  0.10860108E-08
     87840  0.10982820E-08
     88128  0.11124593E-08
     88416  0.11197030E-08
     88704  0.11300265E-08
     88992  0.11424235E-08
     89280  0.11564284E-08
     89568  0.11703432E-08
     89856  0.11860405E-08
     90144  0.12031823E-08
     90432  0.12118782E-08
     90720  0.12234987E-08
     91008  0.12371424E-08
     91296  0.12506796E-08
     91584  0.12658330E-08
     91872  0.12821945E-08
     92160  0.12994804E-08
     92448  0.13174785E-08
     92736  0.13360135E-08
     93024  0.13532836E-08
     93312  0.13596465E-08
     93600  0.13682778E-08
     93888  0.13783925E-08
     94176  0.13894369E-08
     94464  0.13992575E-08
     94752  0.14096451E-08
     95040  0.14202713E-08
     95328  0.14308832E-08
     95616  0.14412802E-08
     95904  0.14513036E-08
     96192  0.14590583E-08
     96480  0.14665001E-08
     96768  0.14734727E-08
     97056  0.14798481E-08
     97344  0.14855288E-08
     97632  0.14904300E-08
     97920  0.14944923E-08
     98208  0.14958941E-08
     98496  0.14966467E-08
     98784  0.14966682E-08
     99072  0.14959012E-08
     99360  0.14943021E-08
     99648  0.14918431E-08
     99936  0.14885052E-08
    100224  0.14825189E-08
    100512  0.14759114E-08
    100800  0.14686469E-08
    101088  0.14607028E-08
    101376  0.14520678E-08
    101664  0.14427396E-08
    101952  0.14466676E-08
    102240  0.14477672E-08
    102528  0.14463618E-08
    102816  0.14427435E-08
    103104  0.14354662E-08
    103392  0.14266871E-08
    103680  0.14165642E-08
    103968  0.14052396E-08
    104256  0.13928425E-08
    104544  0.13794925E-08
    104832  0.13790835E-08
