         1  0.19438481E-09
       288  0.23310226E-09
       576  0.26553915E-09
       864  0.29231895E-09
      1152  0.31419484E-09
      1440  0.33183015E-09
      1728  0.34943720E-09
      2016  0.36344805E-09
      2304  0.37433887E-09
      2592  0.38253148E-09
      2880  0.38840015E-09
      3168  0.39227646E-09
      3456  0.39860673E-09
      3744  0.40285275E-09
      4032  0.40530931E-09
      4320  0.40624068E-09
      4608  0.40587977E-09
      4896  0.40443388E-09
      5184  0.40635975E-09
      5472  0.40682055E-09
      5760  0.40604642E-09
      6048  0.40424078E-09
      6336  0.40158329E-09
      6624  0.39823198E-09
      6912  0.39855746E-09
      7200  0.39769171E-09
      7488  0.39636583E-09
      7776  0.39414763E-09
      8064  0.39120718E-09
      8352  0.39185291E-09
      8640  0.39129838E-09
      8928  0.38975551E-09
      9216  0.38741096E-09
      9504  0.38442746E-09
      9792  0.38094586E-09
     10080  0.38168191E-09
     10368  0.38128026E-09
     10656  0.37995684E-09
     10944  0.37789616E-09
     11232  0.37525785E-09
     11520  0.37217718E-09
     11808  0.37275116E-09
     12096  0.37284201E-09
     12384  0.37203216E-09
     12672  0.37050987E-09
     12960  0.36843492E-09
     13248  0.36987105E-09
     13536  0.37022790E-09
     13824  0.37025141E-09
     14112  0.36949796E-09
     14400  0.36814038E-09
     14688  0.36632491E-09
     14976  0.36417316E-09
     15264  0.36617473E-09
     15552  0.36712247E-09
     15840  0.36724074E-09
     16128  0.36671557E-09
     16416  0.36570180E-09
     16704  0.36488598E-09
     16992  0.36749742E-09
     17280  0.36904768E-09
     17568  0.36976766E-09
     17856  0.36984643E-09
     18144  0.37000200E-09
     18432  0.36968464E-09
     18720  0.36902145E-09
     19008  0.37187992E-09
     19296  0.37432160E-09
     19584  0.37588491E-09
     19872  0.37677270E-09
     20160  0.37714967E-09
     20448  0.37773848E-09
     20736  0.37793149E-09
     21024  0.38156525E-09
     21312  0.38416514E-09
     21600  0.38656012E-09
     21888  0.38821704E-09
     22176  0.38931239E-09
     22464  0.38998826E-09
     22752  0.39097475E-09
     23040  0.39160722E-09
     23328  0.39565534E-09
     23616  0.39866160E-09
     23904  0.40148371E-09
     24192  0.40355047E-09
     24480  0.40503553E-09
     24768  0.40607914E-09
     25056  0.40743608E-09
     25344  0.40839712E-09
     25632  0.41228923E-09
     25920  0.41515610E-09
     26208  0.41787399E-09
     26496  0.41981724E-09
     26784  0.42115456E-09
     27072  0.42201831E-09
     27360  0.42251005E-09
     27648  0.42337855E-09
     27936  0.42723827E-09
     28224  0.42985818E-09
     28512  0.43149209E-09
     28800  0.43300230E-09
     29088  0.43369403E-09
     29376  0.43370874E-09
     29664  0.43313983E-09
     29952  0.43271442E-09
     30240  0.43463949E-09
     30528  0.43496542E-09
     30816  0.43389745E-09
     31104  0.43155182E-09
     31392  0.42858198E-09
     31680  0.42412376E-09
     31968  0.41814638E-09
     32256  0.41058412E-09
     32544  0.40421350E-09
     32832  0.39507894E-09
     33120  0.38373746E-09
     33408  0.37079553E-09
     33696  0.35688505E-09
     33984  0.34293993E-09
     34272  0.32885700E-09
     34560  0.31514585E-09
     34848  0.30335906E-09
     35136  0.29190456E-09
     35424  0.28115818E-09
     35712  0.27143573E-09
     36000  0.26233424E-09
     36288  0.25397406E-09
     36576  0.24634536E-09
     36864  0.23940638E-09
     37152  0.23384703E-09
     37440  0.22879630E-09
     37728  0.22408357E-09
     38016  0.21981232E-09
     38304  0.21596060E-09
     38592  0.21249223E-09
     38880  0.20937352E-09
     39168  0.20657343E-09
     39456  0.20459998E-09
     39744  0.20286278E-09
     40032  0.20121779E-09
     40320  0.19975073E-09
     40608  0.19844883E-09
     40896  0.19729424E-09
     41184  0.19627182E-09
     41472  0.19536785E-09
     41760  0.19502319E-09
     42048  0.19468006E-09
     42336  0.19439442E-09
     42624  0.19415949E-09
     42912  0.19396662E-09
     43200  0.19389407E-09
     43488  0.19377169E-09
     43776  0.19367559E-09
     44064  0.19401920E-09
     44352  0.19431375E-09
     44640  0.19460712E-09
     44928  0.19489901E-09
     45216  0.19518784E-09
     45504  0.19547639E-09
     45792  0.19576535E-09
     46080  0.19605795E-09
     46368  0.19635800E-09
     46656  0.19667092E-09
     46944  0.19700212E-09
     47232  0.19775279E-09
     47520  0.19847431E-09
     47808  0.19921166E-09
     48096  0.19997193E-09
     48384  0.20076646E-09
     48672  0.20160582E-09
     48960  0.20250117E-09
     49248  0.19547951E-09
     49536  0.17472829E-09
     49824  0.16102976E-09
     50112  0.15228457E-09
     50400  0.14645836E-09
     50688  0.14250646E-09
     50976  0.13977604E-09
     51264  0.13786888E-09
     51552  0.13652537E-09
     51840  0.13557447E-09
     52128  0.13489998E-09
     52416  0.13442418E-09
     52704  0.13409397E-09
     52992  0.13387264E-09
     53280  0.13373369E-09
     53568  0.13365975E-09
     53856  0.13363859E-09
     54144  0.13364646E-09
     54432  0.13370578E-09
     54720  0.13379813E-09
     55008  0.13391944E-09
     55296  0.13406913E-09
     55584  0.13424407E-09
     55872  0.13444479E-09
     56160  0.13467040E-09
     56448  0.13491851E-09
     56736  0.13519062E-09
     57024  0.13547159E-09
     57312  0.13578864E-09
     57600  0.13584536E-09
     57888  0.13594277E-09
     58176  0.13607759E-09
     58464  0.13625094E-09
     58752  0.13646353E-09
     59040  0.13671594E-09
     59328  0.13699311E-09
     59616  0.13732263E-09
     59904  0.13769122E-09
     60192  0.13779451E-09
     60480  0.13795476E-09
     60768  0.13816778E-09
     61056  0.13843406E-09
     61344  0.13875355E-09
     61632  0.13912560E-09
     61920  0.13953251E-09
     62208  0.13968281E-09
     62496  0.13990396E-09
     62784  0.14019028E-09
     63072  0.14054201E-09
     63360  0.14096031E-09
     63648  0.14144218E-09
     63936  0.14164549E-09
     64224  0.14190932E-09
     64512  0.14227003E-09
     64800  0.14270858E-09
     65088  0.14322409E-09
     65376  0.14381497E-09
     65664  0.14411296E-09
     65952  0.14450835E-09
     66240  0.14499138E-09
     66528  0.14553471E-09
     66816  0.14619314E-09
     67104  0.14654158E-09
     67392  0.14700199E-09
     67680  0.14756182E-09
     67968  0.14822268E-09
     68256  0.14856406E-09
     68544  0.14903259E-09
     68832  0.14961429E-09
     69120  0.15027063E-09
     69408  0.15062798E-09
     69696  0.15112833E-09
     69984  0.15175382E-09
     70272  0.15250569E-09
     70560  0.15338233E-09
     70848  0.15390479E-09
     71136  0.15458619E-09
     71424  0.15540365E-09
     71712  0.15630230E-09
     72000  0.15674526E-09
     72288  0.15737149E-09
     72576  0.15814638E-09
     72864  0.15907312E-09
     73152  0.16015295E-09
     73440  0.16082347E-09
     73728  0.16169414E-09
     74016  0.16272725E-09
     74304  0.16392421E-09
     74592  0.16459957E-09
     74880  0.16557132E-09
     75168  0.16671835E-09
     75456  0.16739130E-09
     75744  0.16830894E-09
     76032  0.16941359E-09
     76320  0.17070730E-09
     76608  0.17149165E-09
     76896  0.17254850E-09
     77184  0.17369636E-09
     77472  0.17514547E-09
     77760  0.17603609E-09
     78048  0.17723084E-09
     78336  0.17863981E-09
     78624  0.18026361E-09
     78912  0.18126949E-09
     79200  0.18261256E-09
     79488  0.18418495E-09
     79776  0.18583890E-09
     80064  0.18692474E-09
     80352  0.18839820E-09
     80640  0.19011816E-09
     80928  0.19207734E-09
     81216  0.19326579E-09
     81504  0.19487206E-09
     81792  0.19674305E-09
     82080  0.19868167E-09
     82368  0.20102076E-09
     82656  0.20249237E-09
     82944  0.20444484E-09
     83232  0.20669347E-09
     83520  0.20921388E-09
     83808  0.21072846E-09
     84096  0.21253865E-09
     84384  0.21482656E-09
     84672  0.21743775E-09
     84960  0.22034222E-09
     85248  0.22208538E-09
     85536  0.22441721E-09
     85824  0.22712050E-09
     86112  0.22987361E-09
     86400  0.23308300E-09
     86688  0.23499980E-09
     86976  0.23758320E-09
     87264  0.24059718E-09
     87552  0.24396091E-09
     87840  0.24734920E-09
     88128  0.25119945E-09
     88416  0.25352651E-09
     88704  0.25658126E-09
     88992  0.26012911E-09
     89280  0.26406555E-09
     89568  0.26800454E-09
     89856  0.27238892E-09
     90144  0.27714206E-09
     90432  0.27999383E-09
     90720  0.28355734E-09
     91008  0.28761865E-09
     91296  0.29167724E-09
     91584  0.29614708E-09
     91872  0.30093197E-09
     92160  0.30596792E-09
     92448  0.31120664E-09
     92736  0.31660977E-09
     93024  0.32174405E-09
     93312  0.32432768E-09
     93600  0.32748687E-09
     93888  0.33102443E-09
     94176  0.33480266E-09
     94464  0.33829181E-09
     94752  0.34193329E-09
     95040  0.34564429E-09
     95328  0.34936079E-09
     95616  0.35303135E-09
     95904  0.35661524E-09
     96192  0.35963554E-09
     96480  0.36258285E-09
     96768  0.36541301E-09
     97056  0.36809170E-09
     97344  0.37059159E-09
     97632  0.37288767E-09
     97920  0.37496176E-09
     98208  0.37634618E-09
     98496  0.37755155E-09
     98784  0.37855433E-09
     99072  0.37933670E-09
     99360  0.37988468E-09
     99648  0.38018821E-09
     99936  0.38024034E-09
    100224  0.37957987E-09
    100512  0.37873152E-09
    100800  0.37768363E-09
    101088  0.37642850E-09
    101376  0.37496181E-09
    101664  0.37328235E-09
    101952  0.37500247E-09
    102240  0.37596259E-09
    102528  0.37624651E-09
    102816  0.37592740E-09
    103104  0.37462408E-09
    103392  0.37290376E-09
    103680  0.37080630E-09
    103968  0.36836825E-09
    104256  0.36562242E-09
    104544  0.36259976E-09
    104832  0.36295777E-09
