         1  0.33990213E+16
       288  0.34228822E+16
       576  0.34415584E+16
       864  0.34605437E+16
      1152  0.34798467E+16
      1440  0.34994736E+16
      1728  0.35218745E+16
      2016  0.35445533E+16
      2304  0.35675273E+16
      2592  0.35908026E+16
      2880  0.36143838E+16
      3168  0.36382738E+16
      3456  0.36647995E+16
      3744  0.36916025E+16
      4032  0.37186850E+16
      4320  0.37460495E+16
      4608  0.37736928E+16
      4896  0.38016103E+16
      5184  0.38320616E+16
      5472  0.38627607E+16
      5760  0.38937003E+16
      6048  0.39248716E+16
      6336  0.39562646E+16
      6624  0.39878591E+16
      6912  0.40219156E+16
      7200  0.40561556E+16
      7488  0.40905628E+16
      7776  0.41251166E+16
      8064  0.41597891E+16
      8352  0.41968745E+16
      8640  0.42340569E+16
      8928  0.42713112E+16
      9216  0.43086140E+16
      9504  0.43459303E+16
      9792  0.43832227E+16
     10080  0.44228907E+16
     10368  0.44625207E+16
     10656  0.45020650E+16
     10944  0.45414893E+16
     11232  0.45807480E+16
     11520  0.46197882E+16
     11808  0.46611847E+16
     12096  0.47023487E+16
     12384  0.47432234E+16
     12672  0.47837528E+16
     12960  0.48238807E+16
     13248  0.48663735E+16
     13536  0.49084470E+16
     13824  0.49500362E+16
     14112  0.49910757E+16
     14400  0.50314887E+16
     14688  0.50712075E+16
     14976  0.51101440E+16
     15264  0.51514815E+16
     15552  0.51920287E+16
     15840  0.52317013E+16
     16128  0.52704075E+16
     16416  0.53080561E+16
     16704  0.53445693E+16
     16992  0.53835531E+16
     17280  0.54213735E+16
     17568  0.54579306E+16
     17856  0.54931171E+16
     18144  0.55268369E+16
     18432  0.55589601E+16
     18720  0.55893598E+16
     19008  0.56223940E+16
     19296  0.56537183E+16
     19584  0.56832022E+16
     19872  0.57107158E+16
     20160  0.57361226E+16
     20448  0.57593074E+16
     20736  0.57800929E+16
     21024  0.58037378E+16
     21312  0.58250054E+16
     21600  0.58437545E+16
     21888  0.58598209E+16
     22176  0.58730414E+16
     22464  0.58832478E+16
     22752  0.58903012E+16
     23040  0.58939992E+16
     23328  0.59008937E+16
     23616  0.59044580E+16
     23904  0.59045213E+16
     24192  0.59008792E+16
     24480  0.58933490E+16
     24768  0.58817301E+16
     25056  0.58658790E+16
     25344  0.58455579E+16
     25632  0.58279098E+16
     25920  0.58057784E+16
     26208  0.57789966E+16
     26496  0.57473502E+16
     26784  0.57106658E+16
     27072  0.56687835E+16
     27360  0.56215603E+16
     27648  0.55689367E+16
     27936  0.55206785E+16
     28224  0.54671079E+16
     28512  0.54081536E+16
     28800  0.53438166E+16
     29088  0.52741173E+16
     29376  0.51991465E+16
     29664  0.51190706E+16
     29952  0.50342144E+16
     30240  0.49556852E+16
     30528  0.48728917E+16
     30816  0.47861951E+16
     31104  0.46960351E+16
     31392  0.46029573E+16
     31680  0.45075156E+16
     31968  0.44103288E+16
     32256  0.43120634E+16
     32544  0.42238730E+16
     32832  0.41352659E+16
     33120  0.40468022E+16
     33408  0.39590386E+16
     33696  0.38725103E+16
     33984  0.37877695E+16
     34272  0.37052224E+16
     34560  0.36252734E+16
     34848  0.35571260E+16
     35136  0.34912740E+16
     35424  0.34279447E+16
     35712  0.33673440E+16
     36000  0.33095780E+16
     36288  0.32547300E+16
     36576  0.32028390E+16
     36864  0.31539107E+16
     37152  0.31152477E+16
     37440  0.30786183E+16
     37728  0.30439800E+16
     38016  0.30112966E+16
     38304  0.29805062E+16
     38592  0.29515469E+16
     38880  0.29243504E+16
     39168  0.28988299E+16
     39456  0.28812375E+16
     39744  0.28644428E+16
     40032  0.28483982E+16
     40320  0.28330726E+16
     40608  0.28184289E+16
     40896  0.28044451E+16
     41184  0.27910821E+16
     41472  0.27783070E+16
     41760  0.27718385E+16
     42048  0.27652538E+16
     42336  0.27585751E+16
     42624  0.27518266E+16
     42912  0.27450277E+16
     43200  0.27382376E+16
     43488  0.27314346E+16
     43776  0.27246397E+16
     44064  0.27232519E+16
     44352  0.27213036E+16
     44640  0.27188638E+16
     44928  0.27159859E+16
     45216  0.27127330E+16
     45504  0.27091526E+16
     45792  0.27052931E+16
     46080  0.27011975E+16
     46368  0.26969077E+16
     46656  0.26924546E+16
     46944  0.26878762E+16
     47232  0.26883529E+16
     47520  0.26881843E+16
     47808  0.26874375E+16
     48096  0.26861783E+16
     48384  0.26844697E+16
     48672  0.26823660E+16
     48960  0.26799278E+16
     49248  0.26784173E+16
     49536  0.26823754E+16
     49824  0.26848479E+16
     50112  0.26860701E+16
     50400  0.26862817E+16
     50688  0.26857394E+16
     50976  0.26846450E+16
     51264  0.26831509E+16
     51552  0.26814010E+16
     51840  0.26794948E+16
     52128  0.26775234E+16
     52416  0.26755636E+16
     52704  0.26736708E+16
     52992  0.26718900E+16
     53280  0.26702644E+16
     53568  0.26688186E+16
     53856  0.26675706E+16
     54144  0.26665090E+16
     54432  0.26656798E+16
     54720  0.26650922E+16
     55008  0.26647507E+16
     55296  0.26646646E+16
     55584  0.26648315E+16
     55872  0.26652586E+16
     56160  0.26659450E+16
     56448  0.26668896E+16
     56736  0.26680954E+16
     57024  0.26695485E+16
     57312  0.26712624E+16
     57600  0.26677486E+16
     57888  0.26651134E+16
     58176  0.26632912E+16
     58464  0.26622226E+16
     58752  0.26618527E+16
     59040  0.26621329E+16
     59328  0.26629962E+16
     59616  0.26644305E+16
     59904  0.26663989E+16
     60192  0.26631339E+16
     60480  0.26609870E+16
     60768  0.26598620E+16
     61056  0.26596708E+16
     61344  0.26603435E+16
     61632  0.26618108E+16
     61920  0.26639980E+16
     62208  0.26608941E+16
     62496  0.26590951E+16
     62784  0.26584755E+16
     63072  0.26589396E+16
     63360  0.26603943E+16
     63648  0.26627595E+16
     63936  0.26598086E+16
     64224  0.26582540E+16
     64512  0.26580261E+16
     64800  0.26590019E+16
     65088  0.26610820E+16
     65376  0.26641784E+16
     65664  0.26618175E+16
     65952  0.26609980E+16
     66240  0.26615775E+16
     66528  0.26634222E+16
     66816  0.26664427E+16
     67104  0.26639253E+16
     67392  0.26630926E+16
     67680  0.26637962E+16
     67968  0.26659010E+16
     68256  0.26624827E+16
     68544  0.26609440E+16
     68832  0.26611107E+16
     69120  0.26628118E+16
     69408  0.26589176E+16
     69696  0.26570453E+16
     69984  0.26570104E+16
     70272  0.26586406E+16
     70560  0.26617952E+16
     70848  0.26591681E+16
     71136  0.26585297E+16
     71424  0.26596982E+16
     71712  0.26625077E+16
     72000  0.26575808E+16
     72288  0.26549386E+16
     72576  0.26543655E+16
     72864  0.26556862E+16
     73152  0.26587268E+16
     73440  0.26557930E+16
     73728  0.26550223E+16
     74016  0.26562190E+16
     74304  0.26592183E+16
     74592  0.26561133E+16
     74880  0.26552449E+16
     75168  0.26564166E+16
     75456  0.26515477E+16
     75744  0.26491127E+16
     76032  0.26488956E+16
     76320  0.26507032E+16
     76608  0.26463476E+16
     76896  0.26444022E+16
     77184  0.26446291E+16
     77472  0.26468743E+16
     77760  0.26428013E+16
     78048  0.26411394E+16
     78336  0.26416760E+16
     78624  0.26442294E+16
     78912  0.26403701E+16
     79200  0.26389100E+16
     79488  0.26396380E+16
     79776  0.26423560E+16
     80064  0.26385415E+16
     80352  0.26371236E+16
     80640  0.26378940E+16
     80928  0.26406798E+16
     81216  0.26368925E+16
     81504  0.26354845E+16
     81792  0.26362635E+16
     82080  0.26390236E+16
     82368  0.26436334E+16
     82656  0.26415072E+16
     82944  0.26416092E+16
     83232  0.26437714E+16
     83520  0.26478342E+16
     83808  0.26452234E+16
     84096  0.26448248E+16
     84384  0.26465138E+16
     84672  0.26501368E+16
     84960  0.26555525E+16
     85248  0.26542898E+16
     85536  0.26551719E+16
     85824  0.26580500E+16
     86112  0.26627487E+16
     86400  0.26691584E+16
     86688  0.26690043E+16
     86976  0.26709078E+16
     87264  0.26747177E+16
     87552  0.26803015E+16
     87840  0.26875063E+16
     88128  0.26962269E+16
     88416  0.26985910E+16
     88704  0.27027794E+16
     88992  0.27086512E+16
     89280  0.27160737E+16
     89568  0.27248923E+16
     89856  0.27349965E+16
     90144  0.27462673E+16
     90432  0.27515104E+16
     90720  0.27581614E+16
     91008  0.27660840E+16
     91296  0.27751169E+16
     91584  0.27851540E+16
     91872  0.27960750E+16
     92160  0.28077643E+16
     92448  0.28201091E+16
     92736  0.28330104E+16
     93024  0.28463602E+16
     93312  0.28541531E+16
     93600  0.28626008E+16
     93888  0.28716167E+16
     94176  0.28811140E+16
     94464  0.28909908E+16
     94752  0.29012010E+16
     95040  0.29116791E+16
     95328  0.29223763E+16
     95616  0.29332409E+16
     95904  0.29442371E+16
     96192  0.29553157E+16
     96480  0.29664574E+16
     96768  0.29776469E+16
     97056  0.29888629E+16
     97344  0.30000975E+16
     97632  0.30113433E+16
     97920  0.30225991E+16
     98208  0.30338487E+16
     98496  0.30451066E+16
     98784  0.30563795E+16
     99072  0.30676769E+16
     99360  0.30790081E+16
     99648  0.30903873E+16
     99936  0.31018291E+16
    100224  0.31133324E+16
    100512  0.31249213E+16
    100800  0.31366141E+16
    101088  0.31484274E+16
    101376  0.31603763E+16
    101664  0.31724808E+16
    101952  0.31880670E+16
    102240  0.32036996E+16
    102528  0.32193996E+16
    102816  0.32351932E+16
    103104  0.32510948E+16
    103392  0.32671295E+16
    103680  0.32833210E+16
    103968  0.32996894E+16
    104256  0.33162503E+16
    104544  0.33330176E+16
    104832  0.33528606E+16
