         1   71.400002    
       288   71.405533    
       576   71.420197    
       864   71.441971    
      1152   71.468918    
      1440   71.500099    
      1728   71.534706    
      2016   71.571892    
      2304   71.610954    
      2592   71.651665    
      2880   71.693604    
      3168   71.736107    
      3456   71.779556    
      3744   71.823654    
      4032   71.868019    
      4320   71.912750    
      4608   71.957970    
      4896   72.003380    
      5184   72.048927    
      5472   72.094742    
      5760   72.140648    
      6048   72.186569    
      6336   72.232430    
      6624   72.278160    
      6912   72.323593    
      7200   72.369225    
      7488   72.414841    
      7776   72.459305    
      8064   72.503616    
      8352   72.547951    
      8640   72.592339    
      8928   72.636711    
      9216   72.680954    
      9504   72.724899    
      9792   72.768845    
     10080   72.812790    
     10368   72.856735    
     10656   72.900681    
     10944   72.944626    
     11232   72.988571    
     11520   73.032516    
     11808   73.076462    
     12096   73.120499    
     12384   73.164703    
     12672   73.208969    
     12960   73.253258    
     13248   73.298378    
     13536   73.344139    
     13824   73.390121    
     14112   73.436264    
     14400   73.482407    
     14688   73.528809    
     14976   73.575325    
     15264   73.623047    
     15552   73.671272    
     15840   73.719994    
     16128   73.769913    
     16416   73.820175    
     16704   73.870987    
     16992   73.923012    
     17280   73.976120    
     17568   74.030449    
     17856   74.085754    
     18144   74.142281    
     18432   74.199806    
     18720   74.258621    
     19008   74.318962    
     19296   74.380867    
     19584   74.444733    
     19872   74.510628    
     20160   74.578537    
     20448   74.648506    
     20736   74.720634    
     21024   74.795166    
     21312   74.872162    
     21600   74.952644    
     21888   75.036011    
     22176   75.122360    
     22464   75.212250    
     22752   75.305122    
     23040   75.401703    
     23328   75.502609    
     23616   75.608414    
     23904   75.719208    
     24192   75.835167    
     24480   75.956238    
     24768   76.083015    
     25056   76.215317    
     25344   76.353798    
     25632   76.499702    
     25920   76.653442    
     26208   76.815338    
     26496   76.985764    
     26784   77.164963    
     27072   77.353333    
     27360   77.551537    
     27648   77.759850    
     27936   77.980255    
     28224   78.213852    
     28512   78.460709    
     28800   78.721413    
     29088   78.996597    
     29376   79.286682    
     29664   79.592216    
     29952   79.913994    
     30240   80.254387    
     30528   80.614342    
     30816   80.993698    
     31104   81.392212    
     31392   81.809853    
     31680   82.246452    
     31968   82.701233    
     32256   83.172890    
     32544   83.661812    
     32832   84.166664    
     33120   84.683998    
     33408   85.210526    
     33696   85.743340    
     33984   86.280396    
     34272   86.820259    
     34560   87.361618    
     34848   87.905029    
     35136   88.450363    
     35424   88.996895    
     35712   89.544678    
     36000   90.093666    
     36288   90.643845    
     36576   91.195335    
     36864   91.748329    
     37152   92.304199    
     37440   92.863441    
     37728   93.425827    
     38016   93.991219    
     38304   94.559647    
     38592   95.131119    
     38880   95.705811    
     39168   96.283592    
     39456   96.865639    
     39744   97.452164    
     40032   98.042778    
     40320   98.637184    
     40608   99.235214    
     40896   99.836571    
     41184   100.44106    
     41472   101.04892    
     41760   101.66059    
     42048   102.27570    
     42336   102.89448    
     42624   103.51598    
     42912   104.13992    
     43200   104.76630    
     43488   105.39467    
     43776   106.02423    
     44064   106.65569    
     44352   107.28909    
     44640   107.92387    
     44928   108.55922    
     45216   109.19453    
     45504   109.82926    
     45792   110.46266    
     46080   111.09441    
     46368   111.72363    
     46656   112.34980    
     46944   112.97211    
     47232   113.59088    
     47520   114.20515    
     47808   114.81386    
     48096   115.41593    
     48384   116.01062    
     48672   116.59669    
     48960   117.17348    
     49248   117.76964    
     49536   118.55114    
     49824   119.33756    
     50112   120.12426    
     50400   120.91074    
     50688   121.69704    
     50976   122.48303    
     51264   123.26857    
     51552   124.05373    
     51840   124.83838    
     52128   125.62247    
     52416   126.40598    
     52704   127.18897    
     52992   127.97134    
     53280   128.75302    
     53568   129.53410    
     53856   130.31471    
     54144   131.09464    
     54432   131.87392    
     54720   132.65254    
     55008   133.43030    
     55296   134.20741    
     55584   134.98395    
     55872   135.75996    
     56160   136.53543    
     56448   137.31020    
     56736   138.08418    
     57024   138.85709    
     57312   139.62950    
     57600   140.40016    
     57888   141.16876    
     58176   141.93600    
     58464   142.70155    
     58752   143.46547    
     59040   144.22862    
     59328   144.99026    
     59616   145.75069    
     59904   146.51003    
     60192   147.26749    
     60480   148.02264    
     60768   148.77620    
     61056   149.52785    
     61344   150.27800    
     61632   151.02702    
     61920   151.77446    
     62208   152.51952    
     62496   153.26234    
     62784   154.00317    
     63072   154.74228    
     63360   155.47968    
     63648   156.21581    
     63936   156.94960    
     64224   157.68076    
     64512   158.40967    
     64800   159.13680    
     65088   159.86249    
     65376   160.58644    
     65664   161.30829    
     65952   162.02750    
     66240   162.74492    
     66528   163.46011    
     66816   164.17380    
     67104   164.88503    
     67392   165.59352    
     67680   166.29991    
     67968   167.00441    
     68256   167.70628    
     68544   168.40533    
     68832   169.10194    
     69120   169.79668    
     69408   170.48831    
     69696   171.17714    
     69984   171.86346    
     70272   172.54805    
     70560   173.23053    
     70848   173.91074    
     71136   174.58812    
     71424   175.26373    
     71712   175.93687    
     72000   176.60727    
     72288   177.27440    
     72576   177.93887    
     72864   178.60156    
     73152   179.26233    
     73440   179.92038    
     73728   180.57568    
     74016   181.22899    
     74304   181.88051    
     74592   182.52899    
     74880   183.17438    
     75168   183.81810    
     75456   184.45815    
     75744   185.09508    
     76032   185.72975    
     76320   186.36211    
     76608   186.99150    
     76896   187.61766    
     77184   188.24146    
     77472   188.86313    
     77760   189.48169    
     78048   190.09743    
     78336   190.71037    
     78624   191.32195    
     78912   191.93002    
     79200   192.53508    
     79488   193.13789    
     79776   193.73854    
     80064   194.33588    
     80352   194.92986    
     80640   195.52127    
     80928   196.11084    
     81216   196.69687    
     81504   197.27943    
     81792   197.85970    
     82080   198.43742    
     82368   199.01326    
     82656   199.58569    
     82944   200.15482    
     83232   200.72128    
     83520   201.28575    
     83808   201.84648    
     84096   202.40323    
     84384   202.95662    
     84672   203.50731    
     84960   204.05594    
     85248   204.60054    
     85536   205.14104    
     85824   205.67854    
     86112   206.21317    
     86400   206.74510    
     86688   207.27280    
     86976   207.79594    
     87264   208.31566    
     87552   208.83237    
     87840   209.34595    
     88128   209.85733    
     88416   210.36385    
     88704   210.86536    
     88992   211.36281    
     89280   211.85710    
     89568   212.34799    
     89856   212.83525    
     90144   213.31985    
     90432   213.79958    
     90720   214.27304    
     91008   214.74159    
     91296   215.20570    
     91584   215.66525    
     91872   216.12045    
     92160   216.57133    
     92448   217.01791    
     92736   217.46021    
     93024   217.89809    
     93312   218.32912    
     93600   218.75189    
     93888   219.16731    
     94176   219.57532    
     94464   219.97655    
     94752   220.37042    
     95040   220.75722    
     95328   221.13687    
     95616   221.50943    
     95904   221.87480    
     96192   222.23262    
     96480   222.58292    
     96768   222.92522    
     97056   223.25993    
     97344   223.58670    
     97632   223.90541    
     97920   224.21645    
     98208   224.51926    
     98496   224.81371    
     98784   225.10023    
     99072   225.37862    
     99360   225.64900    
     99648   225.91106    
     99936   226.16528    
    100224   226.41161    
    100512   226.65019    
    100800   226.88101    
    101088   227.10374    
    101376   227.31938    
    101664   227.52797    
    101952   227.73035    
    102240   227.92793    
    102528   228.11943    
    102816   228.30467    
    103104   228.48514    
    103392   228.65936    
    103680   228.82755    
    103968   228.99045    
    104256   229.14726    
    104544   229.29878    
    104832   229.44429    
