         1  0.55226421    
       288  0.55409217    
       576  0.55548733    
       864  0.55690891    
      1152  0.55835611    
      1440  0.55982828    
      1728  0.56152064    
      2016  0.56322879    
      2304  0.56495339    
      2592  0.56669360    
      2880  0.56844902    
      3168  0.57021898    
      3456  0.57217968    
      3744  0.57414758    
      4032  0.57612211    
      4320  0.57810277    
      4608  0.58008868    
      4896  0.58207881    
      5184  0.58423460    
      5472  0.58638817    
      5760  0.58853865    
      6048  0.59068489    
      6336  0.59282595    
      6624  0.59495997    
      6912  0.59723830    
      7200  0.59950441    
      7488  0.60175717    
      7776  0.60399508    
      8064  0.60621637    
      8352  0.60856557    
      8640  0.61089337    
      8928  0.61319834    
      9216  0.61547935    
      9504  0.61773479    
      9792  0.61996275    
     10080  0.62230343    
     10368  0.62461334    
     10656  0.62689036    
     10944  0.62913352    
     11232  0.63134116    
     11520  0.63351154    
     11808  0.63578337    
     12096  0.63801563    
     12384  0.64020675    
     12672  0.64235526    
     12960  0.64445996    
     13248  0.64666021    
     13536  0.64881521    
     13824  0.65092391    
     14112  0.65298527    
     14400  0.65499777    
     14688  0.65696073    
     14976  0.65887272    
     15264  0.66087955    
     15552  0.66283667    
     15840  0.66474295    
     16128  0.66659796    
     16416  0.66840094    
     16704  0.67015219    
     16992  0.67200494    
     17280  0.67380857    
     17568  0.67556292    
     17856  0.67726809    
     18144  0.67892486    
     18432  0.68053287    
     18720  0.68209231    
     19008  0.68377519    
     19296  0.68541747    
     19584  0.68702030    
     19872  0.68858492    
     20160  0.69011307    
     20448  0.69160759    
     20736  0.69306904    
     21024  0.69469523    
     21312  0.69630271    
     21600  0.69789535    
     21888  0.69947648    
     22176  0.70104992    
     22464  0.70261979    
     22752  0.70419151    
     23040  0.70576864    
     23328  0.70759374    
     23616  0.70944834    
     23904  0.71133864    
     24192  0.71326977    
     24480  0.71524739    
     24768  0.71727622    
     25056  0.71936250    
     25344  0.72150785    
     25632  0.72398758    
     25920  0.72654980    
     26208  0.72919565    
     26496  0.73192132    
     26784  0.73472136    
     27072  0.73758644    
     27360  0.74050301    
     27648  0.74345499    
     27936  0.74684900    
     28224  0.75026041    
     28512  0.75365615    
     28800  0.75699800    
     29088  0.76024044    
     29376  0.76333255    
     29664  0.76621920    
     29952  0.76884663    
     30240  0.77177167    
     30528  0.77435738    
     30816  0.77654386    
     31104  0.77827466    
     31392  0.77950221    
     31680  0.78018373    
     31968  0.78028786    
     32256  0.77979612    
     32544  0.77953899    
     32832  0.77870148    
     33120  0.77729243    
     33408  0.77533388    
     33696  0.77285910    
     33984  0.76991665    
     34272  0.76655442    
     34560  0.76283073    
     34848  0.75975329    
     35136  0.75639600    
     35424  0.75281352    
     35712  0.74906260    
     36000  0.74519211    
     36288  0.74125040    
     36576  0.73728091    
     36864  0.73332316    
     37152  0.73035395    
     37440  0.72738111    
     37728  0.72442609    
     38016  0.72150993    
     38304  0.71864831    
     38592  0.71585518    
     38880  0.71314216    
     39168  0.71051598    
     39456  0.70887953    
     39744  0.70725268    
     40032  0.70563912    
     40320  0.70404470    
     40608  0.70247275    
     40896  0.70092827    
     41184  0.69941294    
     41472  0.69792849    
     41760  0.69732791    
     42048  0.69667137    
     42336  0.69596571    
     42624  0.69521797    
     42912  0.69443393    
     43200  0.69362503    
     43488  0.69279057    
     43776  0.69193584    
     44064  0.69187820    
     44352  0.69172066    
     44640  0.69147533    
     44928  0.69115132    
     45216  0.69075912    
     45504  0.69030678    
     45792  0.68980259    
     46080  0.68925381    
     46368  0.68866730    
     46656  0.68804842    
     46944  0.68740350    
     47232  0.68752635    
     47520  0.68754572    
     47808  0.68747252    
     48096  0.68731713    
     48384  0.68708944    
     48672  0.68679792    
     48960  0.68645209    
     49248  0.68624598    
     49536  0.68687671    
     49824  0.68727702    
     50112  0.68748385    
     50400  0.68753415    
     50688  0.68746746    
     50976  0.68731475    
     51264  0.68709952    
     51552  0.68684375    
     51840  0.68656272    
     52128  0.68627059    
     52416  0.68597913    
     52704  0.68569690    
     52992  0.68543106    
     53280  0.68518823    
     53568  0.68497241    
     53856  0.68478644    
     54144  0.68462855    
     54432  0.68450594    
     54720  0.68442029    
     55008  0.68437213    
     55296  0.68436301    
     55584  0.68439257    
     55872  0.68446195    
     56160  0.68457121    
     56448  0.68471974    
     56736  0.68490839    
     57024  0.68513477    
     57312  0.68540102    
     57600  0.68486154    
     57888  0.68445677    
     58176  0.68417704    
     58464  0.68401343    
     58752  0.68395746    
     59040  0.68400180    
     59328  0.68413609    
     59616  0.68435830    
     59904  0.68466258    
     60192  0.68415904    
     60480  0.68382758    
     60768  0.68365383    
     61056  0.68362415    
     61344  0.68372792    
     61632  0.68395442    
     61920  0.68429178    
     62208  0.68381166    
     62496  0.68353266    
     62784  0.68343580    
     63072  0.68350649    
     63360  0.68373013    
     63648  0.68409419    
     63936  0.68363649    
     64224  0.68339419    
     64512  0.68335682    
     64800  0.68350548    
     65088  0.68382448    
     65376  0.68429995    
     65664  0.68393236    
     65952  0.68380231    
     66240  0.68388820    
     66528  0.68416917    
     66816  0.68463099    
     67104  0.68423772    
     67392  0.68410403    
     67680  0.68420702    
     67968  0.68452579    
     68256  0.68399155    
     68544  0.68374658    
     68832  0.68376446    
     69120  0.68401873    
     69408  0.68340760    
     69696  0.68310785    
     69984  0.68309140    
     70272  0.68333167    
     70560  0.68380618    
     70848  0.68338585    
     71136  0.68327159    
     71424  0.68343526    
     71712  0.68385071    
     72000  0.68306887    
     72288  0.68263769    
     72576  0.68252456    
     72864  0.68270236    
     73152  0.68314338    
     73440  0.68265736    
     73728  0.68250269    
     74016  0.68264902    
     74304  0.68307000    
     74592  0.68254286    
     74880  0.68235654    
     75168  0.68248057    
     75456  0.68166387    
     75744  0.68121690    
     76032  0.68110627    
     76320  0.68130141    
     76608  0.68053222    
     76896  0.68012643    
     77184  0.68004656    
     77472  0.68026716    
     77760  0.67949396    
     78048  0.67907923    
     78336  0.67898870    
     78624  0.67919171    
     78912  0.67837882    
     79200  0.67791432    
     79488  0.67776293    
     79776  0.67789042    
     80064  0.67697281    
     80352  0.67639035    
     80640  0.67610651    
     80928  0.67608941    
     81216  0.67500550    
     81504  0.67423451    
     81792  0.67374057    
     82080  0.67348403    
     82368  0.67343569    
     82656  0.67226779    
     82944  0.67135149    
     83232  0.67065060    
     83520  0.67012876    
     83808  0.66846722    
     84096  0.66701293    
     84384  0.66573381    
     84672  0.66459179    
     84960  0.66355026    
     85248  0.66132319    
     85536  0.65922832    
     85824  0.65722805    
     86112  0.65528119    
     86400  0.65335637    
     86688  0.65023071    
     86976  0.64716685    
     87264  0.64413357    
     87552  0.64110374    
     87840  0.63805044    
     88128  0.63495660    
     88416  0.63072687    
     88704  0.62652826    
     88992  0.62235081    
     89280  0.61819029    
     89568  0.61404300    
     89856  0.60991561    
     90144  0.60581672    
     90432  0.60084707    
     90720  0.59601617    
     91008  0.59133595    
     91296  0.58681542    
     91584  0.58247048    
     91872  0.57831407    
     92160  0.57435787    
     92448  0.57061201    
     92736  0.56708533    
     93024  0.56378275    
     93312  0.56003773    
     93600  0.55658025    
     93888  0.55340606    
     94176  0.55050766    
     94464  0.54787391    
     94752  0.54549688    
     95040  0.54336488    
     95328  0.54146636    
     95616  0.53978789    
     95904  0.53831702    
     96192  0.53703916    
     96480  0.53594214    
     96768  0.53501409    
     97056  0.53424251    
     97344  0.53361630    
     97632  0.53312451    
     97920  0.53275728    
     98208  0.53250360    
     98496  0.53235596    
     98784  0.53230631    
     99072  0.53234774    
     99360  0.53247344    
     99648  0.53267777    
     99936  0.53295559    
    100224  0.53330052    
    100512  0.53370929    
    100800  0.53417844    
    101088  0.53470439    
    101376  0.53528434    
    101664  0.53591579    
    101952  0.53689724    
    102240  0.53790963    
    102528  0.53895193    
    102816  0.54002368    
    103104  0.54112351    
    103392  0.54225129    
    103680  0.54340702    
    103968  0.54459023    
    104256  0.54580045    
    104544  0.54703695    
    104832  0.54854095    
