         1  0.70025754    
       288  0.70278203    
       576  0.70474315    
       864  0.70672345    
      1152  0.70872325    
      1440  0.71074259    
      1728  0.71303034    
      2016  0.71532798    
      2304  0.71763682    
      2592  0.71995676    
      2880  0.72228777    
      3168  0.72462958    
      3456  0.72720659    
      3744  0.72978604    
      4032  0.73236763    
      4320  0.73495102    
      4608  0.73753548    
      4896  0.74011993    
      5184  0.74290997    
      5472  0.74569237    
      5760  0.74846613    
      6048  0.75123006    
      6336  0.75398296    
      6624  0.75672275    
      6912  0.75964189    
      7200  0.76254147    
      7488  0.76541996    
      7776  0.76827562    
      8064  0.77110612    
      8352  0.77409530    
      8640  0.77705318    
      8928  0.77997792    
      9216  0.78286803    
      9504  0.78572112    
      9792  0.78853500    
     10080  0.79148757    
     10368  0.79439616    
     10656  0.79725802    
     10944  0.80007154    
     11232  0.80283445    
     11520  0.80554408    
     11808  0.80837667    
     12096  0.81115234    
     12384  0.81386876    
     12672  0.81652367    
     12960  0.81911492    
     13248  0.82181907    
     13536  0.82445663    
     13824  0.82702547    
     14112  0.82952356    
     14400  0.83194822    
     14688  0.83429760    
     14976  0.83656883    
     15264  0.83894610    
     15552  0.84124434    
     15840  0.84346116    
     16128  0.84559423    
     16416  0.84764111    
     16704  0.84960032    
     16992  0.85166430    
     17280  0.85363960    
     17568  0.85552394    
     17856  0.85731471    
     18144  0.85900998    
     18432  0.86060625    
     18720  0.86210024    
     19008  0.86370558    
     19296  0.86521053    
     19584  0.86661190    
     19872  0.86790645    
     20160  0.86909068    
     20448  0.87016213    
     20736  0.87111521    
     21024  0.87219095    
     21312  0.87315083    
     21600  0.87399101    
     21888  0.87470663    
     22176  0.87529236    
     22464  0.87574273    
     22752  0.87605304    
     23040  0.87621540    
     23328  0.87651753    
     23616  0.87667340    
     23904  0.87667620    
     24192  0.87651688    
     24480  0.87618685    
     24768  0.87567586    
     25056  0.87497538    
     25344  0.87407160    
     25632  0.87328136    
     25920  0.87228334    
     26208  0.87106514    
     26496  0.86961067    
     26784  0.86790413    
     27072  0.86592841    
     27360  0.86366528    
     27648  0.86109835    
     27936  0.85870188    
     28224  0.85599315    
     28512  0.85295218    
     28800  0.84956014    
     29088  0.84579712    
     29376  0.84164435    
     29664  0.83708513    
     29952  0.83211052    
     30240  0.82737148    
     30528  0.82223022    
     30816  0.81668246    
     31104  0.81072927    
     31392  0.80438054    
     31680  0.79764938    
     31968  0.79055709    
     32256  0.78313327    
     32544  0.77624691    
     32832  0.76910776    
     33120  0.76175284    
     33408  0.75422472    
     33696  0.74656975    
     33984  0.73884177    
     34272  0.73108745    
     34560  0.72335768    
     34848  0.71659386    
     35136  0.70990068    
     35424  0.70331490    
     35712  0.69687295    
     36000  0.69060212    
     36288  0.68452811    
     36576  0.67867172    
     36864  0.67305017    
     37152  0.66853863    
     37440  0.66420698    
     37728  0.66005862    
     38016  0.65609753    
     38304  0.65232360    
     38592  0.64873624    
     38880  0.64533365    
     39168  0.64211071    
     39456  0.63987201    
     39744  0.63772178    
     40032  0.63565546    
     40320  0.63367087    
     40608  0.63176441    
     40896  0.62993461    
     41184  0.62817758    
     41472  0.62649000    
     41760  0.62563264    
     42048  0.62475789    
     42336  0.62386847    
     42624  0.62296760    
     42912  0.62205791    
     43200  0.62114716    
     43488  0.62023246    
     43776  0.61931670    
     44064  0.61912942    
     44352  0.61886621    
     44640  0.61853647    
     44928  0.61814713    
     45216  0.61770666    
     45504  0.61722112    
     45792  0.61669707    
     46080  0.61614025    
     46368  0.61555612    
     46656  0.61494881    
     46944  0.61432338    
     47232  0.61438859    
     47520  0.61436552    
     47808  0.61426342    
     48096  0.61409122    
     48384  0.61385745    
     48672  0.61356938    
     48960  0.61323524    
     49248  0.61302817    
     49536  0.61357069    
     49824  0.61390918    
     50112  0.61407644    
     50400  0.61410534    
     50688  0.61403120    
     50976  0.61388141    
     51264  0.61367691    
     51552  0.61343718    
     51840  0.61317587    
     52128  0.61290550    
     52416  0.61263651    
     52704  0.61237651    
     52992  0.61213177    
     53280  0.61190820    
     53568  0.61170924    
     53856  0.61153746    
     54144  0.61139125    
     54432  0.61127698    
     54720  0.61119604    
     55008  0.61114895    
     55296  0.61113709    
     55584  0.61116010    
     55872  0.61121893    
     56160  0.61131358    
     56448  0.61144364    
     56736  0.61160970    
     57024  0.61180967    
     57312  0.61204547    
     57600  0.61156195    
     57888  0.61119890    
     58176  0.61094773    
     58464  0.61080039    
     58752  0.61074930    
     59040  0.61078799    
     59328  0.61090708    
     59616  0.61110485    
     59904  0.61137605    
     60192  0.61092603    
     60480  0.61062986    
     60768  0.61047459    
     61056  0.61044812    
     61344  0.61054099    
     61632  0.61074352    
     61920  0.61104518    
     62208  0.61061704    
     62496  0.61036861    
     62784  0.61028302    
     63072  0.61034715    
     63360  0.61054802    
     63648  0.61087441    
     63936  0.61046720    
     64224  0.61025250    
     64512  0.61022103    
     64800  0.61035579    
     65088  0.61064297    
     65376  0.61107004    
     65664  0.61074448    
     65952  0.61063135    
     66240  0.61071134    
     66528  0.61096585    
     66816  0.61138213    
     67104  0.61103517    
     67392  0.61092037    
     67680  0.61101735    
     67968  0.61130750    
     68256  0.61083627    
     68544  0.61062396    
     68832  0.61064696    
     69120  0.61088163    
     69408  0.61034417    
     69696  0.61008549    
     69984  0.61008060    
     70272  0.61030591    
     70560  0.61074138    
     70848  0.61037874    
     71136  0.61029053    
     71424  0.61045194    
     71712  0.61083966    
     72000  0.61015946    
     72288  0.60979414    
     72576  0.60971487    
     72864  0.60989755    
     73152  0.61031783    
     73440  0.60991234    
     73728  0.60980576    
     74016  0.60997123    
     74304  0.61038566    
     74592  0.60995662    
     74880  0.60983652    
     75168  0.60999852    
     75456  0.60932487    
     75744  0.60898757    
     76032  0.60895741    
     76320  0.60920787    
     76608  0.60860407    
     76896  0.60833412    
     77184  0.60836565    
     77472  0.60867715    
     77760  0.60811180    
     78048  0.60788083    
     78336  0.60795546    
     78624  0.60831010    
     78912  0.60777390    
     79200  0.60757089    
     79488  0.60767210    
     79776  0.60804993    
     80064  0.60751963    
     80352  0.60732234    
     80640  0.60742950    
     80928  0.60781699    
     81216  0.60729015    
     81504  0.60709411    
     81792  0.60720259    
     82080  0.60758668    
     82368  0.60822737    
     82656  0.60793197    
     82944  0.60794616    
     83232  0.60824656    
     83520  0.60881031    
     83808  0.60844809    
     84096  0.60839278    
     84384  0.60862720    
     84672  0.60912943    
     84960  0.60987908    
     85248  0.60970438    
     85536  0.60982645    
     85824  0.61022425    
     86112  0.61087292    
     86400  0.61175603    
     86688  0.61173487    
     86976  0.61199665    
     87264  0.61252034    
     87552  0.61328650    
     87840  0.61427283    
     88128  0.61546338    
     88416  0.61578542    
     88704  0.61635542    
     88992  0.61715305    
     89280  0.61815906    
     89568  0.61935079    
     89856  0.62071168    
     90144  0.62222397    
     90432  0.62292540    
     90720  0.62381327    
     91008  0.62486827    
     91296  0.62606740    
     91584  0.62739545    
     91872  0.62883508    
     92160  0.63036978    
     92448  0.63198364    
     92736  0.63366276    
     93024  0.63539219    
     93312  0.63639796    
     93600  0.63748509    
     93888  0.63864183    
     94176  0.63985622    
     94464  0.64111489    
     94752  0.64241141    
     95040  0.64373708    
     95328  0.64508539    
     95616  0.64644957    
     95904  0.64782494    
     96192  0.64920521    
     96480  0.65058792    
     96768  0.65197098    
     97056  0.65335190    
     97344  0.65472960    
     97632  0.65610319    
     97920  0.65747249    
     98208  0.65883565    
     98496  0.66019440    
     98784  0.66154945    
     99072  0.66290212    
     99360  0.66425335    
     99648  0.66560483    
     99936  0.66695833    
    100224  0.66831350    
    100512  0.66967320    
    100800  0.67103958    
    101088  0.67241412    
    101376  0.67379868    
    101664  0.67519528    
    101952  0.67698479    
    102240  0.67876971    
    102528  0.68055248    
    102816  0.68233585    
    103104  0.68412131    
    103392  0.68591154    
    103680  0.68770909    
    103968  0.68951571    
    104256  0.69133300    
    104544  0.69316208    
    104832  0.69531274    
