         1  0.95005852    
       288  0.94599044    
       576  0.94175184    
       864  0.93743664    
      1152  0.93307525    
      1440  0.92869800    
      1728  0.92509961    
      2016  0.92153120    
      2304  0.91800368    
      2592  0.91452599    
      2880  0.91110533    
      3168  0.90774703    
      3456  0.90544063    
      3744  0.90312219    
      4032  0.90079135    
      4320  0.89844942    
      4608  0.89609706    
      4896  0.89373547    
      5184  0.89250457    
      5472  0.89113170    
      5760  0.88963264    
      6048  0.88802218    
      6336  0.88631314    
      6624  0.88451767    
      6912  0.88389075    
      7200  0.88302600    
      7488  0.88211018    
      7776  0.88099980    
      8064  0.87972391    
      8352  0.87959874    
      8640  0.87915701    
      8928  0.87844992    
      9216  0.87752098    
      9504  0.87640649    
      9792  0.87513775    
     10080  0.87525988    
     10368  0.87503099    
     10656  0.87451398    
     10944  0.87376130    
     11232  0.87281603    
     11520  0.87171483    
     11808  0.87187231    
     12096  0.87186980    
     12384  0.87156272    
     12672  0.87101132    
     12960  0.87026513    
     13248  0.87075371    
     13536  0.87086374    
     13824  0.87086028    
     14112  0.87058693    
     14400  0.87010133    
     14688  0.86945039    
     14976  0.86867267    
     15264  0.86938405    
     15552  0.86971664    
     15840  0.86975431    
     16128  0.86956400    
     16416  0.86919898    
     16704  0.86890334    
     16992  0.86983174    
     17280  0.87037528    
     17568  0.87062490    
     17856  0.87064958    
     18144  0.87070113    
     18432  0.87058747    
     18720  0.87035203    
     19008  0.87134534    
     19296  0.87218136    
     19584  0.87271005    
     19872  0.87300700    
     20160  0.87313074    
     20448  0.87332523    
     20736  0.87338644    
     21024  0.87458861    
     21312  0.87543356    
     21600  0.87620103    
     21888  0.87672555    
     22176  0.87706828    
     22464  0.87727690    
     22752  0.87758189    
     23040  0.87777472    
     23328  0.87901980    
     23616  0.87992674    
     23904  0.88076544    
     24192  0.88136989    
     24480  0.88179874    
     24768  0.88209581    
     25056  0.88248158    
     25344  0.88275069    
     25632  0.88384891    
     25920  0.88464326    
     26208  0.88538462    
     26496  0.88590610    
     26784  0.88625860    
     27072  0.88648123    
     27360  0.88660246    
     27648  0.88682336    
     27936  0.88783360    
     28224  0.88850385    
     28512  0.88891208    
     28800  0.88928521    
     29088  0.88944638    
     29376  0.88943267    
     29664  0.88926941    
     29952  0.88914078    
     30240  0.88961112    
     30528  0.88967139    
     30816  0.88937640    
     31104  0.88875020    
     31392  0.88795257    
     31680  0.88674611    
     31968  0.88509721    
     32256  0.88294959    
     32544  0.88107127    
     32832  0.87828726    
     33120  0.87465447    
     33408  0.87024248    
     33696  0.86514497    
     33984  0.85962063    
     34272  0.85356617    
     34560  0.84714848    
     34848  0.84116095    
     35136  0.83487582    
     35424  0.82850784    
     35712  0.82230228    
     36000  0.81607109    
     36288  0.80994409    
     36576  0.80397886    
     36864  0.79821110    
     37152  0.79332095    
     37440  0.78865731    
     37728  0.78410214    
     38016  0.77978587    
     38304  0.77572656    
     38592  0.77192301    
     38880  0.76836896    
     39168  0.76505882    
     39456  0.76260692    
     39744  0.76037109    
     40032  0.75819325    
     40320  0.75617886    
     40608  0.75431794    
     40896  0.75259674    
     41184  0.75099683    
     41472  0.74950534    
     41760  0.74869287    
     42048  0.74784458    
     42336  0.74702936    
     42624  0.74623424    
     42912  0.74544233    
     43200  0.74475092    
     43488  0.74392873    
     43776  0.74306947    
     44064  0.74271053    
     44352  0.74219388    
     44640  0.74156600    
     44928  0.74080974    
     45216  0.73990333    
     45504  0.73882872    
     45792  0.73756278    
     46080  0.73607826    
     46368  0.73434550    
     46656  0.73233378    
     46944  0.73000836    
     47232  0.72787815    
     47520  0.72527713    
     47808  0.72221470    
     48096  0.71865565    
     48384  0.71457535    
     48672  0.70995486    
     48960  0.70479637    
     49248  0.77760816    
     49536  0.78692001    
     49824  0.78654087    
     50112  0.78614324    
     50400  0.78570372    
     50688  0.78529531    
     50976  0.78489441    
     51264  0.78450620    
     51552  0.78413439    
     51840  0.78378242    
     52128  0.78345472    
     52416  0.78315163    
     52704  0.78287727    
     52992  0.78263289    
     53280  0.78241962    
     53568  0.78223836    
     53856  0.78209031    
     54144  0.78194243    
     54432  0.78185242    
     54720  0.78179681    
     55008  0.78177547    
     55296  0.78178817    
     55584  0.78183645    
     55872  0.78191972    
     56160  0.78203744    
     56448  0.78219104    
     56736  0.78237981    
     57024  0.78257114    
     57312  0.78281993    
     57600  0.78264153    
     57888  0.78253180    
     58176  0.78248459    
     58464  0.78250068    
     58752  0.78258079    
     59040  0.78272426    
     59328  0.78289676    
     59616  0.78315520    
     59904  0.78347421    
     60192  0.78336537    
     60480  0.78335047    
     60768  0.78342134    
     61056  0.78357625    
     61344  0.78381532    
     61632  0.78413719    
     61920  0.78450328    
     62208  0.78446370    
     62496  0.78453815    
     62784  0.78471613    
     63072  0.78499573    
     63360  0.78537643    
     63648  0.78585315    
     63936  0.78589624    
     64224  0.78602672    
     64512  0.78630692    
     64800  0.78670466    
     65088  0.78721583    
     65376  0.78783727    
     65664  0.78801340    
     65952  0.78833634    
     66240  0.78878784    
     66528  0.78931886    
     66816  0.79001176    
     67104  0.79024780    
     67392  0.79064715    
     67680  0.79118818    
     67968  0.79186922    
     68256  0.79208893    
     68544  0.79249007    
     68832  0.79304749    
     69120  0.79369760    
     69408  0.79392493    
     69696  0.79435152    
     69984  0.79494804    
     70272  0.79570949    
     70560  0.79663247    
     70848  0.79706740    
     71136  0.79771185    
     71424  0.79852825    
     71712  0.79943776    
     72000  0.79974335    
     72288  0.80028594    
     72576  0.80101615    
     72864  0.80192959    
     73152  0.80302006    
     73440  0.80358779    
     73728  0.80439723    
     74016  0.80539489    
     74304  0.80657464    
     74592  0.80710900    
     74880  0.80798602    
     75168  0.80905676    
     75456  0.80956477    
     75744  0.81034923    
     76032  0.81133604    
     76320  0.81251895    
     76608  0.81311816    
     76896  0.81400836    
     77184  0.81498152    
     77472  0.81625587    
     77760  0.81691849    
     78048  0.81788975    
     78336  0.81906629    
     78624  0.82043868    
     78912  0.82116520    
     79200  0.82221353    
     79488  0.82346725    
     79776  0.82477123    
     80064  0.82550639    
     80352  0.82659078    
     80640  0.82788253    
     80928  0.82936245    
     81216  0.83012325    
     81504  0.83123589    
     81792  0.83255595    
     82080  0.83390301    
     82368  0.83554506    
     82656  0.83643377    
     82944  0.83768821    
     83232  0.83914864    
     83520  0.84078193    
     83808  0.84160870    
     84096  0.84263599    
     84384  0.84398788    
     84672  0.84553790    
     84960  0.84725159    
     85248  0.84811407    
     85536  0.84935218    
     85824  0.85080683    
     86112  0.85225558    
     86400  0.85394758    
     86688  0.85478222    
     86976  0.85599995    
     87264  0.85744435    
     87552  0.85905296    
     87840  0.86062777    
     88128  0.86240399    
     88416  0.86329412    
     88704  0.86454302    
     88992  0.86601293    
     89280  0.86763555    
     89568  0.86920929    
     89856  0.87094033    
     90144  0.87277907    
     90432  0.87369192    
     90720  0.87489158    
     91008  0.87627131    
     91296  0.87761056    
     91584  0.87907565    
     91872  0.88061875    
     92160  0.88220674    
     92448  0.88381594    
     92736  0.88542783    
     93024  0.88688993    
     93312  0.88741928    
     93600  0.88812947    
     93888  0.88895035    
     94176  0.88983309    
     94464  0.89060628    
     94752  0.89141238    
     95040  0.89222485    
     95328  0.89302409    
     95616  0.89379579    
     95904  0.89452928    
     96192  0.89508986    
     96480  0.89562225    
     96768  0.89611614    
     97056  0.89656371    
     97344  0.89695925    
     97632  0.89729810    
     97920  0.89757729    
     98208  0.89767325    
     98496  0.89772469    
     98784  0.89772618    
     99072  0.89767373    
     99360  0.89756423    
     99648  0.89739537    
     99936  0.89716530    
    100224  0.89675003    
    100512  0.89628780    
    100800  0.89577478    
    101088  0.89520800    
    101376  0.89458483    
    101664  0.89390326    
    101952  0.89419132    
    102240  0.89427167    
    102528  0.89416891    
    102816  0.89390349    
    103104  0.89336568    
    103392  0.89270949    
    103680  0.89194280    
    103968  0.89107198    
    104256  0.89010245    
    104544  0.88903892    
    104832  0.88900602    
