         1  0.94502658    
       288  0.95415747    
       576  0.95975733    
       864  0.96344405    
      1152  0.96598923    
      1440  0.96779680    
      1728  0.96941942    
      2016  0.97059828    
      2304  0.97145367    
      2592  0.97206503    
      2880  0.97248715    
      3168  0.97275901    
      3456  0.97319162    
      3744  0.97347420    
      4032  0.97363496    
      4320  0.97369540    
      4608  0.97367203    
      4896  0.97357786    
      5184  0.97370309    
      5472  0.97373289    
      5760  0.97368282    
      6048  0.97356528    
      6336  0.97339034    
      6624  0.97316641    
      6912  0.97318828    
      7200  0.97312993    
      7488  0.97304004    
      7776  0.97288835    
      8064  0.97268456    
      8352  0.97272956    
      8640  0.97269094    
      8928  0.97258282    
      9216  0.97241688    
      9504  0.97220284    
      9792  0.97194874    
     10080  0.97200286    
     10368  0.97197336    
     10656  0.97187573    
     10944  0.97172236    
     11232  0.97152358    
     11520  0.97128785    
     11808  0.97133207    
     12096  0.97133905    
     12384  0.97127670    
     12672  0.97115868    
     12960  0.97099626    
     13248  0.97110885    
     13536  0.97113669    
     13824  0.97113854    
     14112  0.97107971    
     14400  0.97097301    
     14688  0.97082919    
     14976  0.97065681    
     15264  0.97081721    
     15552  0.97089255    
     15840  0.97090191    
     16128  0.97086024    
     16416  0.97077948    
     16704  0.97071415    
     16992  0.97092223    
     17280  0.97104442    
     17568  0.97110075    
     17856  0.97110695    
     18144  0.97111905    
     18432  0.97109431    
     18720  0.97104234    
     19008  0.97126490    
     19296  0.97145236    
     19584  0.97157109    
     19872  0.97163808    
     20160  0.97166640    
     20448  0.97171056    
     20736  0.97172505    
     21024  0.97199428    
     21312  0.97218382    
     21600  0.97235620    
     21888  0.97247416    
     22176  0.97255158    
     22464  0.97259915    
     22752  0.97266829    
     23040  0.97271246    
     23328  0.97299165    
     23616  0.97319531    
     23904  0.97338372    
     24192  0.97352004    
     24480  0.97361714    
     24768  0.97368491    
     25056  0.97377259    
     25344  0.97383428    
     25632  0.97408128    
     25920  0.97426027    
     26208  0.97442770    
     26496  0.97454607    
     26784  0.97462690    
     27072  0.97467881    
     27360  0.97470832    
     27648  0.97476017    
     27936  0.97498822    
     28224  0.97514063    
     28512  0.97523475    
     28800  0.97532117    
     29088  0.97536051    
     29376  0.97536135    
     29664  0.97532898    
     29952  0.97530472    
     30240  0.97541410    
     30528  0.97543252    
     30816  0.97537208    
     31104  0.97523820    
     31392  0.97506660    
     31680  0.97480452    
     31968  0.97444433    
     32256  0.97397369    
     32544  0.97356349    
     32832  0.97295225    
     33120  0.97215283    
     33408  0.97118086    
     33696  0.97005761    
     33984  0.96884000    
     34272  0.96750563    
     34560  0.96609187    
     34848  0.96477443    
     35136  0.96339214    
     35424  0.96199292    
     35712  0.96063155    
     36000  0.95926571    
     36288  0.95792484    
     36576  0.95662189    
     36864  0.95536458    
     37152  0.95430344    
     37440  0.95329469    
     37728  0.95231241    
     38016  0.95138580    
     38304  0.95051873    
     38592  0.94971108    
     38880  0.94896203    
     39168  0.94827020    
     39456  0.94777125    
     39744  0.94732398    
     40032  0.94689339    
     40320  0.94650334    
     40608  0.94615239    
     40896  0.94583726    
     41184  0.94555509    
     41472  0.94530320    
     41760  0.94520652    
     42048  0.94510996    
     42336  0.94502926    
     42624  0.94496280    
     42912  0.94490802    
     43200  0.94488746    
     43488  0.94485265    
     43776  0.94482529    
     44064  0.94492298    
     44352  0.94500649    
     44640  0.94508934    
     44928  0.94517159    
     45216  0.94525272    
     45504  0.94533354    
     45792  0.94541425    
     46080  0.94549572    
     46368  0.94557899    
     46656  0.94566560    
     46944  0.94575691    
     47232  0.94596285    
     47520  0.94615930    
     47808  0.94635856    
     48096  0.94656253    
     48384  0.94677401    
     48672  0.94699556    
     48960  0.94722992    
     49248  0.94533443    
     49536  0.93884218    
     49824  0.93363959    
     50112  0.92982876    
     50400  0.92703730    
     50688  0.92501390    
     50976  0.92354912    
     51264  0.92249155    
     51552  0.92172885    
     51840  0.92117983    
     52128  0.92078578    
     52416  0.92050540    
     52704  0.92030960    
     52992  0.92017788    
     53280  0.92009491    
     53568  0.92005074    
     53856  0.92003804    
     54144  0.92004275    
     54432  0.92007828    
     54720  0.92013341    
     55008  0.92020577    
     55296  0.92029488    
     55584  0.92039871    
     55872  0.92051756    
     56160  0.92065072    
     56448  0.92079663    
     56736  0.92095608    
     57024  0.92111999    
     57312  0.92130417    
     57600  0.92133701    
     57888  0.92139339    
     58176  0.92147130    
     58464  0.92157120    
     58752  0.92169338    
     59040  0.92183793    
     59328  0.92199606    
     59616  0.92218328    
     59904  0.92239159    
     60192  0.92244977    
     60480  0.92253983    
     60768  0.92265928    
     61056  0.92280799    
     61344  0.92298573    
     61632  0.92319173    
     61920  0.92341572    
     62208  0.92349809    
     62496  0.92361903    
     62784  0.92377502    
     63072  0.92396581    
     63360  0.92419142    
     63648  0.92444968    
     63936  0.92455816    
     64224  0.92469841    
     64512  0.92488933    
     64800  0.92512012    
     65088  0.92538965    
     65376  0.92569619    
     65664  0.92584985    
     65952  0.92605269    
     66240  0.92629910    
     66528  0.92657423    
     66816  0.92690492    
     67104  0.92707872    
     67392  0.92730713    
     67680  0.92758292    
     67968  0.92790580    
     68256  0.92807144    
     68544  0.92829758    
     68832  0.92857635    
     69120  0.92888832    
     69408  0.92905700    
     69696  0.92929190    
     69984  0.92958331    
     70272  0.92993051    
     70560  0.93033093    
     70848  0.93056744    
     71136  0.93087351    
     71424  0.93123716    
     71712  0.93163246    
     72000  0.93182570    
     72288  0.93209696    
     72576  0.93242967    
     72864  0.93282336    
     73152  0.93327630    
     73440  0.93355447    
     73728  0.93391228    
     74016  0.93433183    
     74304  0.93481135    
     74592  0.93507880    
     74880  0.93545985    
     75168  0.93590385    
     75456  0.93616158    
     75744  0.93650961    
     76032  0.93692362    
     76320  0.93740159    
     76608  0.93768793    
     76896  0.93806958    
     77184  0.93847883    
     77472  0.93898785    
     77760  0.93929654    
     78048  0.93970573    
     78336  0.94018131    
     78624  0.94072014    
     78912  0.94104910    
     79200  0.94148266    
     79488  0.94198221    
     79776  0.94249856    
     80064  0.94283259    
     80352  0.94327974    
     80640  0.94379288    
     80928  0.94436616    
     81216  0.94470829    
     81504  0.94516402    
     81792  0.94568551    
     82080  0.94621545    
     82368  0.94684130    
     82656  0.94722766    
     82944  0.94773161    
     83232  0.94830024    
     83520  0.94892311    
     83808  0.94929022    
     84096  0.94972211    
     84384  0.95025754    
     84672  0.95085490    
     84960  0.95150274    
     85248  0.95188338    
     85536  0.95238334    
     85824  0.95295006    
     86112  0.95351356    
     86400  0.95415366    
     86688  0.95452762    
     86976  0.95502210    
     87264  0.95558554    
     87552  0.95619792    
     87840  0.95679790    
     88128  0.95746011    
     88416  0.95785058    
     88704  0.95835239    
     88992  0.95892042    
     89280  0.95953280    
     89568  0.96012753    
     89856  0.96076936    
     90144  0.96144217    
     90432  0.96183485    
     90720  0.96231449    
     91008  0.96284664    
     91296  0.96336359    
     91584  0.96391660    
     91872  0.96449029    
     92160  0.96507478    
     92448  0.96566266    
     92736  0.96624869    
     93024  0.96678728    
     93312  0.96705186    
     93600  0.96736968    
     93888  0.96771842    
     94176  0.96808267    
     94464  0.96841186    
     94752  0.96874827    
     95040  0.96908385    
     95328  0.96941268    
     95616  0.96973073    
     95904  0.97003496    
     96192  0.97028661    
     96480  0.97052813    
     96768  0.97075635    
     97056  0.97096920    
     97344  0.97116500    
     97632  0.97134256    
     97920  0.97150111    
     98208  0.97160596    
     98496  0.97169656    
     98784  0.97177154    
     99072  0.97182977    
     99360  0.97187042    
     99648  0.97189289    
     99936  0.97189671    
    100224  0.97184783    
    100512  0.97178477    
    100800  0.97170645    
    101088  0.97161216    
    101376  0.97150111    
    101664  0.97137290    
    101952  0.97150421    
    102240  0.97157699    
    102528  0.97159839    
    102816  0.97157431    
    103104  0.97147542    
    103392  0.97134382    
    103680  0.97118169    
    103968  0.97099102    
    104256  0.97077310    
    104544  0.97052950    
    104832  0.97055858    
