         1   106.00000    
       288   229.11540    
       576   246.85611    
       864   264.93411    
      1152   283.22281    
      1440   301.59598    
      1728   316.65771    
      2016   331.61032    
      2304   346.40836    
      2592   361.01447    
      2880   375.39798    
      3168   389.53687    
      3456   399.17880    
      3744   408.89233    
      4032   418.67825    
      4320   428.53067    
      4608   438.44592    
      4896   448.41818    
      5184   453.53406    
      5472   459.27417    
      5760   465.57028    
      6048   472.35901    
      6336   479.58429    
      6624   487.19363    
      6912   489.76813    
      7200   493.37445    
      7488   497.21756    
      7776   501.90170    
      8064   507.30862    
      8352   507.74918    
      8640   509.55859    
      8928   512.52039    
      9216   516.44788    
      9504   521.18353    
      9792   526.59314    
     10080   526.00385    
     10368   526.92059    
     10656   529.08905    
     10944   532.28326    
     11232   536.31653    
     11520   541.03094    
     11808   540.30133    
     12096   540.27484    
     12384   541.56110    
     12672   543.91064    
     12960   547.10986    
     13248   544.96509    
     13536   544.45862    
     13824   544.46130    
     14112   545.62781    
     14400   547.71954    
     14688   550.53339    
     14976   553.90173    
     15264   550.83063    
     15552   549.39246    
     15840   549.23737    
     16128   550.07562    
     16416   551.67596    
     16704   552.98889    
     16992   548.99158    
     17280   546.66357    
     17568   545.61401    
     17856   545.54358    
     18144   545.36798    
     18432   545.90717    
     18720   546.97742    
     19008   542.72284    
     19296   539.15765    
     19584   536.92371    
     19872   535.69666    
     20160   535.22308    
     20448   534.45050    
     20736   534.25427    
     21024   529.11353    
     21312   525.52136    
     21600   522.27118    
     21888   520.07269    
     22176   518.66248    
     22464   517.83380    
     22752   516.59192    
     23040   515.83423    
     23328   510.51624    
     23616   506.66193    
     23904   503.10626    
     24192   500.56293    
     24480   498.77850    
     24768   497.56256    
     25056   495.96426    
     25344   494.86731    
     25632   490.17712    
     25920   486.79938    
     26208   483.65100    
     26496   481.45035    
     26784   479.97662    
     27072   479.06085    
     27360   478.57901    
     27648   477.66431    
     27936   473.32602    
     28224   470.45319    
     28512   468.70804    
     28800   467.11121    
     29088   466.42328    
     29376   466.48303    
     29664   467.17953    
     29952   467.71713    
     30240   465.64609    
     30528   465.33234    
     30816   466.53546    
     31104   469.14709    
     31392   472.47122    
     31680   477.52573    
     31968   484.44812    
     32256   493.47363    
     32544   501.26282    
     32832   512.91010    
     33120   528.17157    
     33408   546.75299    
     33696   568.25720    
     33984   591.56299    
     34272   617.13922    
     34560   644.26837    
     34848   669.50507    
     35136   696.04761    
     35424   722.95667    
     35712   749.14337    
     36000   775.46613    
     36288   801.35345    
     36576   826.55652    
     36864   850.92291    
     37152   871.48584    
     37440   891.09515    
     37728   910.30426    
     38016   928.51343    
     38304   945.63983    
     38592   961.68762    
     38880   976.68396    
     39168   990.65161    
     39456   1000.8986    
     39744   1010.2283    
     40032   1019.3934    
     40320   1027.8787    
     40608   1035.7216    
     40896   1042.9792    
     41184   1049.7296    
     41472   1056.0259    
     41760   1059.3635    
     42048   1062.9240    
     42336   1066.3547    
     42624   1069.7072    
     42912   1073.0519    
     43200   1075.8894    
     43488   1079.3683    
     43776   1083.0089    
     44064   1084.4530    
     44352   1086.6262    
     44640   1089.2759    
     44928   1092.4720    
     45216   1096.3057    
     45504   1100.8513    
     45792   1106.2058    
     46080   1112.4830    
     46368   1119.8080    
     46656   1128.3088    
     46944   1138.1324    
     47232   1147.0520    
     47520   1158.0088    
     47808   1170.9176    
     48096   1185.9263    
     48384   1203.1398    
     48672   1222.6384    
     48960   1244.4148    
     49248   950.10962    
     49536   896.56244    
     49824   898.37537    
     50112   900.26758    
     50400   902.37189    
     50688   904.26331    
     50976   906.10413    
     51264   907.87433    
     51552   909.55981    
     51840   911.14789    
     52128   912.62158    
     52416   913.98029    
     52704   915.20831    
     52992   916.30139    
     53280   917.25562    
     53568   918.06812    
     53856   918.73450    
     54144   919.43707    
     54432   919.84845    
     54720   920.11029    
     55008   920.22412    
     55296   920.19116    
     55584   920.00537    
     55872   919.66913    
     56160   919.18512    
     56448   918.54742    
     56736   917.75928    
     57024   916.99823    
     57312   915.95294    
     57600   916.75085    
     57888   917.23657    
     58176   917.45233    
     58464   917.39581    
     58752   917.06476    
     59040   916.46234    
     59328   915.77509    
     59616   914.68127    
     59904   913.32910    
     60192   913.82361    
     60480   913.89807    
     60768   913.60413    
     61056   912.95001    
     61344   911.93628    
     61632   910.56897    
     61920   909.05609    
     62208   909.25452    
     62496   908.94513    
     62784   908.19177    
     63072   907.00409    
     63360   905.38452    
     63648   903.35577    
     63936   903.20239    
     64224   902.70245    
     64512   901.51282    
     64800   899.82117    
     65088   897.64575    
     65376   895.00067    
     65664   894.28448    
     65952   892.91595    
     66240   890.99805    
     66528   888.79663    
     66816   885.84930    
     67104   884.88379    
     67392   883.19147    
     67680   880.89362    
     67968   877.99854    
     68256   877.10663    
     68544   875.40729    
     68832   873.03998    
     69120   870.34357    
     69408   869.42438    
     69696   867.61700    
     69984   865.08374    
     70272   861.84698    
     70560   857.92200    
     70848   856.12500    
     71136   853.39178    
     71424   849.92419    
     71712   846.13666    
     72000   844.90881    
     72288   842.61182    
     72576   839.51282    
     72864   835.63232    
     73152   830.99725    
     73440   828.65076    
     73728   825.21704    
     74016   820.97937    
     74304   815.96552    
     74592   813.85492    
     74880   810.13568    
     75168   805.58643    
     75456   803.50848    
     75744   800.18127    
     76032   795.98798    
     76320   790.95770    
     76608   788.49548    
     76896   784.71613    
     77184   780.66669    
     77472   775.24738    
     77760   772.52106    
     78048   768.39490    
     78336   763.38782    
     78624   757.54431    
     78912   754.55078    
     79200   750.09613    
     79488   744.75769    
     79776   739.28619    
     80064   736.26868    
     80352   731.66058    
     80640   726.15710    
     80928   719.84912    
     81216   716.71942    
     81504   711.99255    
     81792   706.36749    
     82080   700.69781    
     82368   693.70630    
     82656   690.03870    
     82944   684.71277    
     83232   678.49017    
     83520   671.52631    
     83808   668.12714    
     84096   663.84143    
     84384   658.10144    
     84672   651.49963    
     84960   644.19635    
     85248   640.65271    
     85536   635.41974    
     85824   629.23846    
     86112   623.12494    
     86400   615.94080    
     86688   612.53143    
     86976   607.40808    
     87264   601.28979    
     87552   594.46204    
     87840   587.81415    
     88128   580.28772    
     88416   576.65466    
     88704   571.42517    
     88992   565.22394    
     89280   558.35870    
     89568   551.72284    
     89856   544.40436    
     90144   536.61768    
     90432   532.88422    
     90720   527.87939    
     91008   522.07751    
     91296   516.44653    
     91584   510.26694    
     91872   503.74197    
     92160   497.01614    
     92448   490.19324    
     92736   483.35327    
     93024   477.14972    
     93312   475.01175    
     93600   472.07330    
     93888   468.63559    
     94176   464.91519    
     94464   461.64374    
     94752   458.23526    
     95040   454.78836    
     95328   451.38876    
     95616   448.09995    
     95904   444.96869    
     96192   442.55792    
     96480   440.28470    
     96768   438.17032    
     97056   436.24966    
     97344   434.54803    
     97632   433.08572    
     97920   431.87631    
     98208   431.42581    
     98496   431.19296    
     98784   431.17142    
     99072   431.37863    
     99360   431.82843    
     99648   432.53116    
     99936   433.49536    
    100224   435.22177    
    100512   437.18509    
    100800   439.36462    
    101088   441.77438    
    101376   444.42493    
    101664   447.32584    
    101952   446.04691    
    102240   445.62878    
    102528   446.00391    
    102816   447.08347    
    103104   449.29880    
    103392   452.06998    
    103680   455.31921    
    103968   459.01865    
    104256   463.14496    
    104544   467.67795    
    104832   467.77667    
