         1   106.00000    
       288   211.39470    
       576   181.29755    
       864   162.26595    
      1152   149.45659    
      1440   140.50479    
      1728   132.64531    
      2016   126.96662    
      2304   122.85191    
      2592   119.90364    
      2880   117.85344    
      3168   116.51241    
      3456   114.48412    
      3744   113.16315    
      4032   112.41422    
      4320   112.07545    
      4608   111.85301    
      4896   111.74552    
      5184   111.47421    
      5472   110.78173    
      5760   109.71687    
      6048   107.76855    
      6336   105.49590    
      6624   103.35209    
      6912   101.33652    
      7200   99.447975    
      7488   97.685143    
      7776   96.046028    
      8064   94.528351    
      8352   93.129478    
      8640   91.846397    
      8928   90.675667    
      9216   89.613548    
      9504   88.655876    
      9792   87.798180    
     10080   87.035606    
     10368   86.362930    
     10656   85.774666    
     10944   85.264969    
     11232   84.827827    
     11520   84.457031    
     11808   84.146240    
     12096   83.889069    
     12384   83.679230    
     12672   83.510544    
     12960   83.377113    
     13248   105.92297    
     13536   111.85595    
     13824   112.70472    
     14112   115.88557    
     14400   121.74972    
     14688   124.19756    
     14976   125.27347    
     15264   124.65226    
     15552   124.37613    
     15840   124.37174    
     16128   124.57986    
     16416   124.95199    
     16704   125.25056    
     16992   124.32462    
     17280   123.77966    
     17568   123.52632    
     17856   123.49588    
     18144   123.43995    
     18432   123.54785    
     18720   123.77637    
     19008   122.78326    
     19296   121.94780    
     19584   121.41795    
     19872   121.11854    
     20160   120.99142    
     20448   120.79552    
     20736   120.73206    
     21024   119.53500    
     21312   118.69262    
     21600   117.92783    
     21888   117.40495    
     22176   117.06263    
     22464   116.85354    
     22752   116.54961    
     23040   116.35697    
     23328   115.11813    
     23616   114.21496    
     23904   113.38023    
     24192   112.77702    
     24480   112.34975    
     24768   112.05447    
     25056   111.67308    
     25344   111.40815    
     25632   110.31981    
     25920   109.53490    
     26208   108.80277    
     26496   108.28916    
     26784   107.94272    
     27072   107.72476    
     27360   107.60649    
     27648   107.38889    
     27936   106.38882    
     28224   105.72405    
     28512   105.31748    
     28800   104.94495    
     29088   104.77980    
     29376   104.78403    
     29664   104.93362    
     29952   105.04549    
     30240   104.56306    
     30528   104.48093    
     30816   104.74468    
     31104   105.32893    
     31392   106.07476    
     31680   107.21421    
     31968   108.77916    
     32256   110.82282    
     32544   112.58681    
     32832   115.22775    
     33120   118.68781    
     33408   122.89758    
     33696   127.76366    
     33984   133.03232    
     34272   138.80643    
     34560   144.92070    
     34848   150.59891    
     35136   156.55927    
     35424   162.58871    
     35712   168.44011    
     36000   174.31000    
     36288   180.06723    
     36576   185.65561    
     36864   191.04240    
     37152   195.56303    
     37440   199.85580    
     37728   204.04555    
     38016   207.99690    
     38304   211.69221    
     38592   215.13278    
     38880   218.32268    
     39168   221.26796    
     39456   223.36751    
     39744   225.24425    
     40032   227.06979    
     40320   228.72444    
     40608   230.21355    
     40896   231.55092    
     41184   232.74861    
     41472   233.81828    
     41760   234.20491    
     42048   234.60814    
     42336   234.94485    
     42624   235.22188    
     42912   235.44894    
     43200   235.50850    
     43488   235.64993    
     43776   235.75987    
     44064   235.31662    
     44352   234.94774    
     44640   234.58073    
     44928   234.21521    
     45216   233.85272    
     45504   233.48949    
     45792   233.12428    
     46080   232.75285    
     46368   232.37019    
     46656   231.96964    
     46944   231.54445    
     47232   230.61041    
     47520   229.72394    
     47808   228.82059    
     48096   227.89259    
     48384   226.92772    
     48672   225.91530    
     48960   224.84483    
     49248   233.49330    
     49536   262.29138    
     49824   285.85770    
     50112   303.16229    
     50400   315.85999    
     50688   325.04507    
     50976   331.67496    
     51264   336.43781    
     51552   339.84787    
     51840   342.27768    
     52128   343.99841    
     52416   345.20004    
     52704   346.01706    
     52992   346.54498    
     53280   346.85394    
     53568   346.99063    
     53856   346.98837    
     54144   346.92490    
     54432   346.71286    
     54720   346.41653    
     55008   346.04724    
     55296   345.60696    
     55584   345.10474    
     55872   344.53949    
     56160   343.91400    
     56448   343.23529    
     56736   342.49982    
     57024   341.76111    
     57312   340.92114    
     57600   340.74509    
     57888   340.46313    
     58176   340.08984    
     58464   339.62283    
     58752   339.06076    
     59040   338.40308    
     59328   337.70294    
     59616   336.86234    
     59904   335.93097    
     60192   335.65723    
     60480   335.24023    
     60768   334.69714    
     61056   334.02783    
     61344   333.23373    
     61632   332.31805    
     61920   331.34137    
     62208   330.96802    
     62496   330.42163    
     62784   329.72406    
     63072   328.87640    
     63360   327.87808    
     63648   326.73849    
     63936   326.25522    
     64224   325.64618    
     64512   324.79886    
     64800   323.77905    
     65088   322.59167    
     65376   321.24399    
     65664   320.56671    
     65952   319.66763    
     66240   318.58054    
     66528   317.39044    
     66816   315.93777    
     67104   315.17422    
     67392   314.16415    
     67680   312.94916    
     67968   311.53024    
     68256   310.80289    
     68544   309.80258    
     68832   308.57462    
     69120   307.22797    
     69408   306.48904    
     69696   305.45078    
     69984   304.16806    
     70272   302.64401    
     70560   300.88916    
     70848   299.85800    
     71136   298.51096    
     71424   296.91455    
     71712   295.20877    
     72000   294.36853    
     72288   293.17062    
     72576   291.70721    
     72864   289.98001    
     73152   287.99570    
     73440   286.78629    
     73728   285.21289    
     74016   283.37183    
     74304   281.27097    
     74592   280.13858    
     74880   278.46292    
     75168   276.51358    
     75456   275.39395    
     75744   273.85989    
     76032   272.03998    
     76320   269.94266    
     76608   268.70020    
     76896   267.01981    
     77184   265.24908    
     77472   263.01672    
     77760   261.67825    
     78048   259.87698    
     78336   257.78711    
     78624   255.42278    
     78912   253.99692    
     79200   252.08928    
     79488   249.89391    
     79776   247.65257    
     80064   246.20753    
     80352   244.24059    
     80640   241.98470    
     80928   239.46762    
     81216   237.98593    
     81504   235.98193    
     81792   233.68968    
     82080   231.38365    
     82368   228.64145    
     82656   226.96960    
     82944   224.75804    
     83232   222.26137    
     83520   219.52908    
     83808   217.94159    
     84096   216.06517    
     84384   213.71913    
     84672   211.10033    
     84960   208.26218    
     85248   206.61922    
     85536   204.43431    
     85824   201.95335    
     86112   199.50015    
     86400   196.70482    
     86688   195.09735    
     86976   192.94484    
     87264   190.48581    
     87552   187.81245    
     87840   185.20396    
     88128   182.31941    
     88416   180.64638    
     88704   178.47191    
     88992   176.00226    
     89280   173.33679    
     89568   170.75478    
     89856   167.96388    
     90144   165.03537    
     90432   163.35393    
     90720   161.28134    
     91008   158.97284    
     91296   156.73131    
     91584   154.32855    
     91872   151.83157    
     92160   149.28525    
     92448   146.72163    
     92736   144.16451    
     93024   141.81490    
     93312   140.68384    
     93600   139.31184    
     93888   137.79848    
     94176   136.21237    
     94464   134.77652    
     94752   133.30853    
     95040   131.84149    
     95328   130.40129    
     95616   129.00687    
     95904   127.67162    
     96192   126.56211    
     96480   125.50110    
     96768   124.49709    
     97056   123.55994    
     97344   122.69670    
     97632   121.91328    
     97920   121.21326    
     98208   120.73904    
     98496   120.33839    
     98784   120.00661    
     99072   119.74875    
     99360   119.56858    
     99648   119.46899    
     99936   119.45192    
    100224   119.64598    
    100512   119.92564    
    100800   120.27299    
    101088   120.69180    
    101376   121.18495    
    101664   121.75459    
    101952   121.22145    
    102240   120.88455    
    102528   120.77691    
    102816   120.87227    
    103104   121.24870    
    103392   121.81998    
    103680   122.52582    
    103968   123.35732    
    104256   124.30716    
    104544   125.36904    
    104832   125.43252    
