         1   106.00000    
       288   193.17403    
       576   167.84244    
       864   151.14821    
      1152   139.54530    
      1440   131.20303    
      1728   123.83006    
      2016   118.38659    
      2304   114.34138    
      2592   111.34545    
      2880   109.15938    
      3168   107.61304    
      3456   105.53818    
      3744   104.08622    
      4032   103.13669    
      4320   102.59853    
      4608   102.40182    
      4896   102.49130    
      5184   101.82144    
      5472   101.52266    
      5760   101.53305    
      6048   101.80296    
      6336   102.29198    
      6624   102.96674    
      6912   102.78856    
      7200   102.90440    
      7488   103.14407    
      7776   103.60645    
      8064   104.25744    
      8352   104.04848    
      8640   104.13577    
      8928   104.47027    
      9216   105.00988    
      9504   105.71947    
      9792   106.56934    
     10080   106.36167    
     10368   106.44016    
     10656   106.75644    
     10944   107.26691    
     11232   107.93505    
     11520   108.73061    
     11808   108.56786    
     12096   108.53551    
     12384   108.73954    
     12672   109.13549    
     12960   109.68436    
     13248   109.29423    
     13536   109.19307    
     13824   109.18509    
     14112   109.38330    
     14400   109.74593    
     14688   110.23632    
     14976   110.82429    
     15264   110.28098    
     15552   110.02518    
     15840   109.99538    
     16128   110.14069    
     16416   110.42017    
     16704   110.64944    
     16992   109.94571    
     17280   109.53435    
     17568   109.34805    
     17856   109.33401    
     18144   109.30151    
     18432   109.39482    
     18720   109.58144    
     19008   108.83028    
     19296   108.19913    
     19584   107.80228    
     19872   107.58289    
     20160   107.49632    
     20448   107.35668    
     20736   107.31881    
     21024   106.40512    
     21312   105.76386    
     21600   105.18159    
     21888   104.78597    
     22176   104.53003    
     22464   104.37722    
     22752   104.15046    
     23040   104.00973    
     23328   103.05403    
     23616   102.35793    
     23904   101.71396    
     24192   101.24985    
     24480   100.92159    
     24768   100.69485    
     25056   100.39898    
     25344   100.19282    
     25632   99.337769    
     25920   98.718628    
     26208   98.138908    
     26496   97.729843    
     26784   97.451584    
     27072   97.274025    
     27360   97.174652    
     27648   96.996155    
     27936   96.195717    
     28224   95.659187    
     28512   95.326782    
     28800   95.020935    
     29088   94.879700    
     29376   94.873077    
     29664   94.982193    
     29952   95.061142    
     30240   94.664688    
     30528   94.586487    
     30816   94.783684    
     31104   95.235626    
     31392   95.815048    
     31680   96.705139    
     31968   97.928932    
     32256   99.524948    
     32544   100.89095    
     32832   102.93611    
     33120   105.60529    
     33408   108.83250    
     33696   112.53220    
     33984   116.49828    
     34272   120.79794    
     34560   125.29546    
     34848   129.41681    
     35136   133.69051    
     35424   137.95665    
     35712   142.03902    
     36000   146.07870    
     36288   149.98457    
     36576   153.72128    
     36864   157.27124    
     37152   160.20895    
     37440   162.96371    
     37728   165.61951    
     38016   168.09216    
     38304   170.37515    
     38592   172.47374    
     38880   174.39426    
     39168   176.14447    
     39456   177.37138    
     39744   178.45303    
     40032   179.49246    
     40320   180.41939    
     40608   181.23775    
     40896   181.95711    
     41184   182.58438    
     41472   183.12709    
     41760   183.27151    
     42048   183.41486    
     42336   183.50974    
     42624   183.55914    
     42912   183.56735    
     43200   183.46861    
     43488   183.39841    
     43776   183.29298    
     44064   182.86115    
     44352   182.44843    
     44640   182.01157    
     44928   181.54657    
     45216   181.04979    
     45504   180.51433    
     45792   179.93401    
     46080   179.29939    
     46368   178.59991    
     46656   177.82353    
     46944   176.95720    
     47232   175.73907    
     47520   174.45149    
     47808   173.05023    
     48096   171.52217    
     48384   169.85336    
     48672   168.03262    
     48960   166.05385    
     49248   188.88652    
     49536   215.76620    
     49824   235.54936    
     50112   250.12987    
     50400   260.83817    
     50688   268.59949    
     50976   274.19940    
     51264   278.21619    
     51552   281.08472    
     51840   283.12143    
     52128   284.55789    
     52416   285.55594    
     52704   286.23132    
     52992   286.66586    
     53280   286.91977    
     53568   287.03314    
     53856   287.03488    
     54144   286.97809    
     54432   286.81201    
     54720   286.58142    
     55008   286.29596    
     55296   285.95737    
     55584   285.57388    
     55872   285.14450    
     56160   284.67145    
     56448   284.16132    
     56736   283.61099    
     57024   283.05292    
     57312   282.42682    
     57600   282.24362    
     57888   281.98892    
     58176   281.67236    
     58464   281.29211    
     58752   280.84747    
     59040   280.33774    
     59328   279.79462    
     59616   279.15878    
     59904   278.46158    
     60192   278.20383    
     60480   277.85049    
     60768   277.41254    
     61056   276.88947    
     61344   276.28247    
     61632   275.59415    
     61920   274.86053    
     62208   274.53250    
     62496   274.08936    
     62784   273.54510    
     63072   272.90005    
     63360   272.15356    
     63648   271.31229    
     63936   270.91122    
     64224   270.42273    
     64512   269.77603    
     64800   269.01337    
     65088   268.13773    
     65376   267.15414    
     65664   266.62201    
     65952   265.94141    
     66240   265.13382    
     66528   264.25284    
     66816   263.19510    
     67104   262.60388    
     67392   261.84689    
     67680   260.95090    
     67968   259.91614    
     68256   259.35074    
     68544   258.60095    
     68832   257.69574    
     69120   256.70538    
     69408   256.13052    
     69696   255.35266    
     69984   254.40762    
     70272   253.29640    
     70560   252.02647    
     70848   251.25137    
     71136   250.26007    
     71424   249.09610    
     71712   247.85284    
     72000   247.20714    
     72288   246.31577    
     72576   245.24063    
     72864   243.98135    
     73152   242.54131    
     73440   241.63834    
     73728   240.48236    
     74016   239.13835    
     74304   237.61050    
     74592   236.75554    
     74880   235.52081    
     75168   234.09233    
     75456   233.24600    
     75744   232.10783    
     76032   230.76637    
     76320   229.22624    
     76608   228.28947    
     76896   227.04126    
     77184   225.72508    
     77472   224.07732    
     77760   223.06548    
     78048   221.72166    
     78336   220.16852    
     78624   218.41473    
     78912   217.33382    
     79200   215.90364    
     79488   214.26254    
     79776   212.58337    
     80064   211.47951    
     80352   209.99364    
     80640   208.29402    
     80928   206.39912    
     81216   205.26035    
     81504   203.73502    
     81792   201.99419    
     82080   200.23895    
     82368   198.15475    
     82656   196.86093    
     82944   195.16156    
     83232   193.24550    
     83520   191.14801    
     83808   189.90579    
     84096   188.44286    
     84384   186.62164    
     84672   184.58965    
     84960   182.38589    
     85248   181.08612    
     85536   179.36908    
     85824   177.42207    
     86112   175.49239    
     86400   173.29387    
     86688   172.00485    
     86976   170.29100    
     87264   168.33643    
     87552   166.21133    
     87840   164.13217    
     88128   161.83154    
     88416   160.47247    
     88704   158.71629    
     88992   156.72458    
     89280   154.57454    
     89568   152.48611    
     89856   150.22705    
     90144   147.85277    
     90432   146.46527    
     90720   144.76248    
     91008   142.86801    
     91296   141.02431    
     91584   139.04794    
     91872   136.99205    
     92160   134.89252    
     92448   132.77496    
     92736   130.65852    
     93024   128.70708    
     93312   127.74304    
     93600   126.58115    
     93888   125.30286    
     94176   123.96429    
     94464   122.74845    
     94752   121.50562    
     95040   120.26305    
     95328   119.04214    
     95616   117.85851    
     95904   116.72330    
     96192   115.77539    
     96480   114.86604    
     96768   114.00368    
     97056   113.19653    
     97344   112.45046    
     97632   111.77043    
     97920   111.15945    
     98208   110.74010    
     98496   110.37695    
     98784   110.07070    
     99072   109.82547    
     99360   109.64431    
     99648   109.52950    
     99936   109.48258    
    100224   109.62193    
    100512   109.81910    
    100800   110.07136    
    101088   110.38164    
    101376   110.75219    
    101664   111.18461    
    101952   110.67832    
    102240   110.37832    
    102528   110.26575    
    102816   110.31935    
    103104   110.63579    
    103392   111.07967    
    103680   111.63346    
    103968   112.29004    
    104256   113.04337    
    104544   113.88816    
    104832   113.75857    
