         1   106.00000    
       288   194.99463    
       576   171.11244    
       864   155.34818    
      1152   144.43542    
      1440   136.66304    
      1728   129.66548    
      2016   124.56290    
      2304   120.84676    
      2592   118.18214    
      2880   116.33879    
      3168   115.15240    
      3456   113.30914    
      3744   112.15201    
      4032   111.58215    
      4320   111.50813    
      4608   111.66344    
      4896   111.93517    
      5184   112.08761    
      5472   112.01727    
      5760   112.12676    
      6048   112.19080    
      6336   112.19080    
      6624   112.19080    
      6912   112.19080    
      7200   112.19080    
      7488   112.19080    
      7776   112.19080    
      8064   112.19080    
      8352   112.19080    
      8640   112.19080    
      8928   112.19080    
      9216   112.19080    
      9504   112.19080    
      9792   112.19080    
     10080   112.19080    
     10368   112.19080    
     10656   112.19080    
     10944   112.19080    
     11232   112.19080    
     11520   112.19080    
     11808   112.19080    
     12096   112.19080    
     12384   112.19080    
     12672   112.19080    
     12960   112.19080    
     13248   121.21928    
     13536   122.75356    
     13824   122.48924    
     14112   122.62089    
     14400   122.85282    
     14688   123.32607    
     14976   124.13902    
     15264   123.47660    
     15552   123.16853    
     15840   123.13529    
     16128   123.31518    
     16416   123.65880    
     16704   123.93436    
     16992   123.02850    
     17280   122.49303    
     17568   122.24105    
     17856   122.20574    
     18144   122.14645    
     18432   122.24635    
     18720   122.46352    
     19008   121.49959    
     19296   120.68851    
     19584   120.17342    
     19872   119.88148    
     20160   119.75643    
     20448   119.56502    
     20736   119.50191    
     21024   118.34286    
     21312   117.52690    
     21600   116.78611    
     21888   116.27930    
     22176   115.94717    
     22464   115.74393    
     22752   115.44910    
     23040   115.26192    
     23328   114.06358    
     23616   113.18974    
     23904   112.38209    
     24192   111.79827    
     24480   111.38453    
     24768   111.09841    
     25056   110.72914    
     25344   110.47246    
     25632   109.42013    
     25920   108.66101    
     26208   107.95290    
     26496   107.45596    
     26784   107.12061    
     27072   106.90945    
     27360   106.79469    
     27648   106.58404    
     27936   105.61731    
     28224   104.97457    
     28512   104.58138    
     28800   104.22113    
     29088   104.06139    
     29376   104.06544    
     29664   104.21015    
     29952   104.31860    
     30240   103.85279    
     30528   103.77399    
     30816   104.02974    
     31104   104.59561    
     31392   105.31814    
     31680   106.42178    
     31968   107.93761    
     32256   109.91744    
     32544   111.62790    
     32832   114.18823    
     33120   117.54333    
     33408   121.62708    
     33696   126.35011    
     33984   131.46765    
     34272   137.08038    
     34560   143.02896    
     34848   148.56046    
     35136   154.37204    
     35424   160.25696    
     35712   165.97452    
     36000   171.71573    
     36288   177.35234    
     36576   182.82901    
     36864   188.11290    
     37152   192.55464    
     37440   196.77571    
     37728   200.89786    
     38016   204.78796    
     38304   208.42810    
     38592   211.81902    
     38880   214.96432    
     39168   217.86958    
     39456   219.94604    
     39744   221.80315    
     40032   223.60957    
     40320   225.24759    
     40608   226.72246    
     40896   228.04770    
     41184   229.23528    
     41472   230.29671    
     41760   230.68820    
     42048   231.09593    
     42336   231.43817    
     42624   231.72183    
     42912   231.95659    
     43200   232.02699    
     43488   232.17848    
     43776   232.29961    
     44064   231.87929    
     44352   231.53297    
     44640   231.18967    
     44928   230.84927    
     45216   230.51350    
     45504   230.17892    
     45792   229.84462    
     46080   229.50667    
     46368   229.16055    
     46656   228.79999    
     46944   228.41870    
     47232   227.54158    
     47520   226.71509    
     47808   225.87596    
     48096   225.01639    
     48384   224.12418    
     48672   223.18846    
     48960   222.19814    
     49248   229.52652    
     49536   256.61798    
     49824   278.85184    
     50112   295.13568    
     50400   307.07834    
     50688   315.72766    
     50976   321.99011    
     51264   326.51157    
     51552   329.77228    
     51840   332.11877    
     52128   333.80273    
     52416   335.00040    
     52704   335.83618    
     52992   336.39850    
     53280   336.75238    
     53568   336.94104    
     53856   336.99545    
     54144   336.99036    
     54432   336.83994    
     54720   336.60605    
     55008   336.29953    
     55296   335.92218    
     55584   335.48254    
     55872   334.97980    
     56160   334.41666    
     56448   333.79984    
     56736   333.12616    
     57024   332.44812    
     57312   331.66998    
     57600   331.53693    
     57888   331.29877    
     58176   330.96985    
     58464   330.54794    
     58752   330.03195    
     59040   329.42154    
     59328   328.76929    
     59616   327.97894    
     59904   327.09955    
     60192   326.86050    
     60480   326.48047    
     60768   325.97647    
     61056   325.34860    
     61344   324.59836    
     61632   323.72903    
     61920   322.80032    
     62208   322.45969    
     62496   321.94934    
     62784   321.29089    
     63072   320.48563    
     63360   319.53320    
     63648   318.44299    
     63936   317.99304    
     64224   317.41998    
     64512   316.61407    
     64800   315.63974    
     65088   314.50201    
     65376   313.20810    
     65664   312.56857    
     65952   311.71222    
     66240   310.67242    
     66528   309.53238    
     66816   308.13660    
     67104   307.41354    
     67392   306.44955    
     67680   305.28558    
     67968   303.92291    
     68256   303.23517    
     68544   302.28076    
     68832   301.10416    
     69120   299.81216    
     69408   299.11340    
     69696   298.12204    
     69984   296.89200    
     70272   295.42685    
     70560   293.73685    
     70848   292.75366    
     71136   291.46210    
     71424   289.92743    
     71712   288.28665    
     72000   287.49097    
     72288   286.34570    
     72576   284.94119    
     72864   283.27948    
     73152   281.36749    
     73440   280.21231    
     73728   278.70163    
     74016   276.93002    
     74304   274.90533    
     74592   273.82687    
     74880   272.21780    
     75168   270.34174    
     75456   269.27588    
     75744   267.80490    
     76032   266.05478    
     76320   264.03418    
     76608   262.84854    
     76896   261.23492    
     77184   259.53351    
     77472   257.38153    
     77760   256.10269    
     78048   254.37141    
     78336   252.35831    
     78624   250.07762    
     78912   248.71382    
     79200   246.87895    
     79488   244.76311    
     79776   242.60316    
     80064   241.22104    
     80352   239.32823    
     80640   237.15311    
     80928   234.72321    
     81216   233.30492    
     81504   231.37541    
     81792   229.16414    
     82080   226.94012    
     82368   224.28993    
     82656   222.68562    
     82944   220.55295    
     83232   218.14142    
     83520   215.49983    
     83808   213.97670    
     84096   212.17049    
     84384   209.90434    
     84672   207.37134    
     84960   204.62401    
     85248   203.04436    
     85536   200.93349    
     85824   198.53259    
     86112   196.15923    
     86400   193.45090    
     86688   191.90271    
     86976   189.82004    
     87264   187.43697    
     87552   184.84401    
     87840   182.31493    
     88128   179.51556    
     88416   177.89905    
     88704   175.79086    
     88992   173.39348    
     89280   170.80441    
     89568   168.29733    
     89856   165.58585    
     90144   162.73993    
     90432   161.11096    
     90720   159.09871    
     91008   156.85551    
     91296   154.67802    
     91584   152.34270    
     91872   149.91539    
     92160   147.43997    
     92448   144.94789    
     92736   142.46237    
     93024   140.18004    
     93312   139.08496    
     93600   137.75391    
     93888   136.28441    
     94176   134.74352    
     94464   133.34961    
     94752   131.92381    
     95040   130.49870    
     95328   129.09956    
     95616   127.74497    
     95904   126.44788    
     96192   125.37156    
     96480   124.34180    
     96768   123.36737    
     97056   122.45788    
     97344   121.62025    
     97632   120.86021    
     97920   120.18130    
     98208   119.72321    
     98496   119.33602    
     98784   119.01575    
     99072   118.76729    
     99360   118.59441    
     99648   118.49991    
     99936   118.48569    
    100224   118.67818    
    100512   118.95328    
    100800   119.29419    
    101088   119.70455    
    101376   120.18712    
    101664   120.74403    
    101952   120.22553    
    102240   119.90025    
    102528   119.79893    
    102816   119.89582    
    103104   120.26784    
    103392   120.82961    
    103680   121.52254    
    103968   122.33781    
    104256   123.26817    
    104544   124.30724    
    104832   124.37555    
