         1   16.000000    
       288   12.077876    
       576   9.7410860    
       864   8.1749954    
      1152   7.0614033    
      1440   6.2359719    
      1728   5.6064124    
      2016   5.1189537    
      2304   4.7333784    
      2592   4.4232669    
      2880   4.1705441    
      3168   3.9623919    
      3456   3.7920935    
      3744   3.6510239    
      4032   3.5330827    
      4320   3.4337466    
      4608   3.3495469    
      4896   3.2777905    
      5184   3.2194231    
      5472   3.1696870    
      5760   3.1269920    
      6048   3.0901079    
      6336   3.0580473    
      6624   3.0300198    
      6912   3.0086968    
      7200   2.9899502    
      7488   2.9735973    
      7776   2.9589601    
      8064   2.9457374    
      8352   2.9371469    
      8640   2.9290957    
      8928   2.9214616    
      9216   2.9141712    
      9504   2.9071641    
      9792   2.9003935    
     10080   2.8978403    
     10368   2.8948872    
     10656   2.8915548    
     10944   2.8879209    
     11232   2.8840373    
     11520   2.8799636    
     11808   2.8794580    
     12096   2.8786678    
     12384   2.8772027    
     12672   2.8751874    
     12960   2.8727403    
     13248   2.8737068    
     13536   2.8736749    
     13824   2.8733935    
     14112   2.8724337    
     14400   2.8709412    
     14688   2.8690298    
     14976   2.8667953    
     15264   2.8685396    
     15552   2.8693182    
     15840   2.8693120    
     16128   2.8687031    
     16416   2.8676298    
     16704   2.8667400    
     16992   2.8691347    
     17280   2.8704946    
     17568   2.8710752    
     17856   2.8710511    
     18144   2.8710918    
     18432   2.8706944    
     18720   2.8699663    
     19008   2.8725159    
     19296   2.8746400    
     19584   2.8759487    
     19872   2.8766356    
     20160   2.8768539    
     20448   2.8772542    
     20736   2.8772943    
     21024   2.8803771    
     21312   2.8824995    
     21600   2.8843997    
     21888   2.8856626    
     22176   2.8864353    
     22464   2.8868420    
     22752   2.8874972    
     23040   2.8878489    
     23328   2.8909872    
     23616   2.8932261    
     23904   2.8952825    
     24192   2.8966949    
     24480   2.8976426    
     24768   2.8982286    
     25056   2.8990402    
     25344   2.8995323    
     25632   2.9021912    
     25920   2.9040673    
     26208   2.9057710    
     26496   2.9068899    
     26784   2.9075456    
     27072   2.9078474    
     27360   2.9078648    
     27648   2.9081218    
     27936   2.9104567    
     28224   2.9118612    
     28512   2.9125597    
     28800   2.9131565    
     29088   2.9131689    
     29376   2.9126699    
     29664   2.9117677    
     29952   2.9109137    
     30240   2.9116232    
     30528   2.9112134    
     30816   2.9098547    
     31104   2.9075987    
     31392   2.9048657    
     31680   2.9010336    
     31968   2.8960392    
     32256   2.8897371    
     32544   2.8841424    
     32832   2.8761895    
     33120   2.8660152    
     33408   2.8537858    
     33696   2.8397088    
     33984   2.8245094    
     34272   2.8078618    
     34560   2.7901688    
     34848   2.7736056    
     35136   2.7561524    
     35424   2.7383804    
     35712   2.7209487    
     36000   2.7033684    
     36288   2.6859553    
     36576   2.6688616    
     36864   2.6522014    
     37152   2.6378636    
     37440   2.6240294    
     37728   2.6103358    
     38016   2.5971580    
     38304   2.5845571    
     38592   2.5725310    
     38880   2.5610361    
     39168   2.5500677    
     39456   2.5413320    
     39744   2.5330198    
     40032   2.5246613    
     40320   2.5165546    
     40608   2.5086417    
     40896   2.5009012    
     41184   2.4932253    
     41472   2.4855778    
     41760   2.4795334    
     42048   2.4730053    
     42336   2.4661858    
     42624   2.4589963    
     42912   2.4513345    
     43200   2.4434617    
     43488   2.4345746    
     43776   2.4249296    
     44064   2.4159036    
     44352   2.4055591    
     44640   2.3939080    
     44928   2.3807693    
     45216   2.3659315    
     45504   2.3491871    
     45792   2.3303082    
     46080   2.3090091    
     46368   2.2849925    
     46656   2.2579670    
     46944   2.2276347    
     47232   2.1951406    
     47520   2.1585050    
     47808   2.1176467    
     48096   2.0724866    
     48384   2.0230763    
     48672   1.9695992    
     48960   1.9124790    
     49248   2.8541698    
     49536   3.4393742    
     49824   3.7483249    
     50112   3.9731014    
     50400   4.1346126    
     50688   4.2496138    
     50976   4.3301654    
     51264   4.3856945    
     51552   4.4232697    
     51840   4.4480367    
     52128   4.4637918    
     52416   4.4731302    
     52704   4.4779782    
     52992   4.4796619    
     53280   4.4791589    
     53568   4.4771214    
     53856   4.4740276    
     54144   4.4698439    
     54432   4.4653382    
     54720   4.4605389    
     55008   4.4555907    
     55296   4.4505129    
     55584   4.4454641    
     55872   4.4404149    
     56160   4.4353886    
     56448   4.4305134    
     56736   4.4257236    
     57024   4.4206843    
     57312   4.4159241    
     57600   4.4092736    
     57888   4.4029951    
     58176   4.3970361    
     58464   4.3913760    
     58752   4.3860126    
     59040   4.3809156    
     59328   4.3757019    
     59616   4.3709517    
     59904   4.3664579    
     60192   4.3600950    
     60480   4.3542190    
     60768   4.3487554    
     61056   4.3436527    
     61344   4.3389273    
     61632   4.3345852    
     61920   4.3302193    
     62208   4.3241425    
     62496   4.3186412    
     62784   4.3136334    
     63072   4.3090749    
     63360   4.3049426    
     63648   4.3012323    
     63936   4.2956367    
     64224   4.2902870    
     64512   4.2856622    
     64800   4.2815528    
     65088   4.2779193    
     65376   4.2747741    
     65664   4.2697048    
     65952   4.2653294    
     66240   4.2615099    
     66528   4.2578568    
     66816   4.2548752    
     67104   4.2499819    
     67392   4.2458482    
     67680   4.2423348    
     67968   4.2394071    
     68256   4.2345285    
     68544   4.2304835    
     68832   4.2270846    
     69120   4.2238731    
     69408   4.2189145    
     69696   4.2148633    
     69984   4.2115383    
     70272   4.2088475    
     70560   4.2068443    
     70848   4.2027392    
     71136   4.1995506    
     71424   4.1970353    
     71712   4.1947608    
     72000   4.1899767    
     72288   4.1862559    
     72576   4.1833482    
     72864   4.1811504    
     73152   4.1795931    
     73440   4.1758614    
     73728   4.1731586    
     74016   4.1712132    
     74304   4.1699672    
     74592   4.1658263    
     74880   4.1631088    
     75168   4.1611819    
     75456   4.1569247    
     75744   4.1538367    
     76032   4.1515532    
     76320   4.1500144    
     76608   4.1460195    
     76896   4.1431942    
     77184   4.1405497    
     77472   4.1389937    
     77760   4.1349020    
     78048   4.1320429    
     78336   4.1299605    
     78624   4.1285925    
     78912   4.1245198    
     79200   4.1216884    
     79488   4.1196241    
     79776   4.1175666    
     80064   4.1130471    
     80352   4.1098485    
     80640   4.1074243    
     80928   4.1056428    
     81216   4.1008968    
     81504   4.0974245    
     81792   4.0947070    
     82080   4.0919452    
     82368   4.0900698    
     82656   4.0850387    
     82944   4.0812449    
     83232   4.0781689    
     83520   4.0756416    
     83808   4.0698524    
     84096   4.0646172    
     84384   4.0604019    
     84672   4.0568089    
     84960   4.0537167    
     85248   4.0471954    
     85536   4.0418277    
     85824   4.0371728    
     86112   4.0324135    
     86400   4.0282631    
     86688   4.0206814    
     86976   4.0142093    
     87264   4.0084753    
     87552   4.0032659    
     87840   3.9978611    
     88128   3.9928806    
     88416   3.9844365    
     88704   3.9769371    
     88992   3.9701064    
     89280   3.9637492    
     89568   3.9572043    
     89856   3.9509549    
     90144   3.9448855    
     90432   3.9354017    
     90720   3.9266090    
     91008   3.9183228    
     91296   3.9099460    
     91584   3.9018586    
     91872   3.8939655    
     92160   3.8861663    
     92448   3.8783903    
     92736   3.8705640    
     93024   3.8622892    
     93312   3.8507788    
     93600   3.8396432    
     93888   3.8288414    
     94176   3.8183160    
     94464   3.8076661    
     94752   3.7972045    
     95040   3.7869003    
     95328   3.7767203    
     95616   3.7666414    
     95904   3.7566376    
     96192   3.7463932    
     96480   3.7362006    
     96768   3.7260842    
     97056   3.7160282    
     97344   3.7060289    
     97632   3.6960919    
     97920   3.6862185    
     98208   3.6761186    
     98496   3.6660986    
     98784   3.6561646    
     99072   3.6463194    
     99360   3.6365669    
     99648   3.6269090    
     99936   3.6173434    
    100224   3.6075768    
    100512   3.5979023    
    100800   3.5883389    
    101088   3.5788836    
    101376   3.5695353    
    101664   3.5602839    
    101952   3.5542605    
    102240   3.5479455    
    102528   3.5413518    
    102816   3.5345333    
    103104   3.5271955    
    103392   3.5196772    
    103680   3.5120232    
    103968   3.5042484    
    104256   3.4963691    
    104544   3.4883935    
    104832   3.4836745    
