         1   16.000000    
       288   12.202723    
       576   9.9404106    
       864   8.4112921    
      1152   7.3181462    
      1440   6.5051599    
      1728   5.8819370    
      2016   5.3989887    
      2304   5.0171165    
      2592   4.7103882    
      2880   4.4609509    
      3168   4.2560697    
      3456   4.0878816    
      3744   3.9498243    
      4032   3.8357725    
      4320   3.7412398    
      4608   3.6614766    
      4896   3.5927641    
      5184   3.5345538    
      5472   3.4920557    
      5760   3.4674275    
      6048   3.4610431    
      6336   3.4610431    
      6624   3.4610431    
      6912   3.4610431    
      7200   3.4610431    
      7488   3.4610431    
      7776   3.4610431    
      8064   3.4610431    
      8352   3.4610431    
      8640   3.4610431    
      8928   3.4610431    
      9216   3.4610431    
      9504   3.4610431    
      9792   3.4610431    
     10080   3.4610431    
     10368   3.4610431    
     10656   3.4610431    
     10944   3.4610431    
     11232   3.4610431    
     11520   3.4610431    
     11808   3.4610431    
     12096   3.4610431    
     12384   3.4610431    
     12672   3.4610431    
     12960   3.4610431    
     13248   3.2576880    
     13536   3.2015374    
     13824   3.1999605    
     14112   3.1996675    
     14400   3.1994007    
     14688   3.1992011    
     14976   3.1990407    
     15264   3.1988819    
     15552   3.1987684    
     15840   3.1986632    
     16128   3.1985700    
     16416   3.1984844    
     16704   3.1984053    
     16992   3.1983292    
     17280   3.1982501    
     17568   3.1981807    
     17856   3.1981111    
     18144   3.1980414    
     18432   3.1979742    
     18720   3.1979039    
     19008   3.1978261    
     19296   3.1977477    
     19584   3.1976750    
     19872   3.1976008    
     20160   3.1975219    
     20448   3.1974392    
     20736   3.1973519    
     21024   3.1972628    
     21312   3.1971664    
     21600   3.1970572    
     21888   3.1969576    
     22176   3.1968524    
     22464   3.1967375    
     22752   3.1966169    
     23040   3.1964898    
     23328   3.1963484    
     23616   3.1962075    
     23904   3.1960669    
     24192   3.1959016    
     24480   3.1957426    
     24768   3.1955743    
     25056   3.1954036    
     25344   3.1952267    
     25632   3.1950226    
     25920   3.1948464    
     26208   3.1946418    
     26496   3.1944375    
     26784   3.1942184    
     27072   3.1939898    
     27360   3.1937451    
     27648   3.1934769    
     27936   3.1931992    
     28224   3.1928849    
     28512   3.1925523    
     28800   3.1922083    
     29088   3.1918314    
     29376   3.1913936    
     29664   3.1909385    
     29952   3.1904299    
     30240   3.1898899    
     30528   3.1892953    
     30816   3.1886699    
     31104   3.1879990    
     31392   3.1872799    
     31680   3.1865098    
     31968   3.1857123    
     32256   3.1848884    
     32544   3.1840136    
     32832   3.1831365    
     33120   3.1822529    
     33408   3.1813593    
     33696   3.1804311    
     33984   3.1795197    
     34272   3.1785977    
     34560   3.1776333    
     34848   3.1766696    
     35136   3.1756725    
     35424   3.1746294    
     35712   3.1735106    
     36000   3.1723754    
     36288   3.1711709    
     36576   3.1698873    
     36864   3.1685383    
     37152   3.1671200    
     37440   3.1656098    
     37728   3.1639979    
     38016   3.1622651    
     38304   3.1604152    
     38592   3.1584442    
     38880   3.1563151    
     39168   3.1540353    
     39456   3.1515760    
     39744   3.1489162    
     40032   3.1460783    
     40320   3.1430144    
     40608   3.1396837    
     40896   3.1361022    
     41184   3.1321993    
     41472   3.1279731    
     41760   3.1233892    
     42048   3.1183896    
     42336   3.1129310    
     42624   3.1069582    
     42912   3.1004012    
     43200   3.0931902    
     43488   3.0852413    
     43776   3.0764902    
     44064   3.0668011    
     44352   3.0560679    
     44640   3.0441074    
     44928   3.0307477    
     45216   3.0157936    
     45504   2.9990394    
     45792   2.9802668    
     46080   2.9591942    
     46368   2.9355273    
     46656   2.9089735    
     46944   2.8792307    
     47232   2.8460200    
     47520   2.8090229    
     47808   2.7679834    
     48096   2.7228007    
     48384   2.6734850    
     48672   2.6201730    
     48960   2.5632281    
     49248   3.4648731    
     49536   4.0958414    
     49824   4.4422264    
     50112   4.6923227    
     50400   4.8714690    
     50688   4.9987855    
     50976   5.0881462    
     51264   5.1500783    
     51552   5.1923857    
     51840   5.2207003    
     52128   5.2391462    
     52416   5.2505422    
     52704   5.2569623    
     52992   5.2598333    
     53280   5.2602081    
     53568   5.2587886    
     53856   5.2560863    
     54144   5.2522407    
     54432   5.2477627    
     54720   5.2428198    
     55008   5.2375693    
     55296   5.2320342    
     55584   5.2263789    
     55872   5.2205739    
     56160   5.2146473    
     56448   5.2087321    
     56736   5.2027607    
     57024   5.1965432    
     57312   5.1903505    
     57600   5.1839242    
     57888   5.1775942    
     58176   5.1713428    
     58464   5.1651478    
     58752   5.1590033    
     59040   5.1528802    
     59328   5.1465440    
     59616   5.1403136    
     59904   5.1341071    
     60192   5.1276813    
     60480   5.1213727    
     60768   5.1151505    
     61056   5.1089668    
     61344   5.1028399    
     61632   5.0967841    
     61920   5.0905590    
     62208   5.0841460    
     62496   5.0778627    
     62784   5.0716820    
     63072   5.0655684    
     63360   5.0594983    
     63648   5.0534878    
     63936   5.0472498    
     64224   5.0409412    
     64512   5.0347543    
     64800   5.0286436    
     65088   5.0225811    
     65376   5.0165987    
     65664   5.0103860    
     65952   5.0043006    
     66240   4.9982924    
     66528   4.9921899    
     66816   4.9861069    
     67104   4.9798489    
     67392   4.9737220    
     67680   4.9676914    
     67968   4.9617286    
     68256   4.9555597    
     68544   4.9495311    
     68832   4.9435697    
     69120   4.9374971    
     69408   4.9312201    
     69696   4.9250898    
     69984   4.9190602    
     70272   4.9130564    
     70560   4.9071536    
     70848   4.9009814    
     71136   4.8949246    
     71424   4.8889103    
     71712   4.8828592    
     72000   4.8764949    
     72288   4.8702855    
     72576   4.8642116    
     72864   4.8581805    
     73152   4.8521442    
     73440   4.8458900    
     73728   4.8397450    
     74016   4.8336797    
     74304   4.8276582    
     74592   4.8211908    
     74880   4.8147898    
     75168   4.8084850    
     75456   4.8019395    
     75744   4.7955165    
     76032   4.7891741    
     76320   4.7828784    
     76608   4.7762818    
     76896   4.7697549    
     77184   4.7631779    
     77472   4.7565417    
     77760   4.7496223    
     78048   4.7427716    
     78336   4.7359710    
     78624   4.7291946    
     78912   4.7220783    
     79200   4.7149959    
     79488   4.7079563    
     79776   4.7008100    
     80064   4.6932187    
     80352   4.6856403    
     80640   4.6781092    
     80928   4.6705670    
     81216   4.6626630    
     81504   4.6547270    
     81792   4.6468205    
     82080   4.6388359    
     82368   4.6306605    
     82656   4.6220198    
     82944   4.6132731    
     83232   4.6045280    
     83520   4.5957422    
     83808   4.5865664    
     84096   4.5772257    
     84384   4.5677366    
     84672   4.5581870    
     84960   4.5485892    
     85248   4.5385580    
     85536   4.5283322    
     85824   4.5180764    
     86112   4.5077801    
     86400   4.4972444    
     86688   4.4862542    
     86976   4.4750180    
     87264   4.4637489    
     87552   4.4524646    
     87840   4.4411392    
     88128   4.4295554    
     88416   4.4175377    
     88704   4.4052200    
     88992   4.3928289    
     89280   4.3804159    
     89568   4.3680134    
     89856   4.3553886    
     90144   4.3425989    
     90432   4.3295026    
     90720   4.3161268    
     91008   4.3026619    
     91296   4.2892618    
     91584   4.2757468    
     91872   4.2621832    
     92160   4.2485843    
     92448   4.2349577    
     92736   4.2212892    
     93024   4.2076802    
     93312   4.1938682    
     93600   4.1798310    
     93888   4.1657696    
     94176   4.1517920    
     94464   4.1380501    
     94752   4.1244073    
     95040   4.1109109    
     95328   4.0975933    
     95616   4.0844817    
     95904   4.0715775    
     96192   4.0589886    
     96480   4.0465603    
     96768   4.0343385    
     97056   4.0223341    
     97344   4.0105600    
     97632   3.9990358    
     97920   3.9877741    
     98208   3.9768507    
     98496   3.9661713    
     98784   3.9557393    
     99072   3.9455707    
     99360   3.9356775    
     99648   3.9260700    
     99936   3.9167500    
    100224   3.9077833    
    100512   3.8990824    
    100800   3.8906522    
    101088   3.8825002    
    101376   3.8746319    
    101664   3.8670449    
    101952   3.8597469    
    102240   3.8527913    
    102528   3.8461297    
    102816   3.8397477    
    103104   3.8336463    
    103392   3.8277724    
    103680   3.8221021    
    103968   3.8166342    
    104256   3.8113627    
    104544   3.8062859    
    104832   3.8013761    
