         1  0.13300000E+10
       288  0.11902103E+10
       576  0.10531160E+10
       864  0.92396768E+09
      1152  0.80567987E+09
      1440  0.69935725E+09
      1728  0.60444320E+09
      2016  0.52109354E+09
      2304  0.44834486E+09
      2592  0.38514544E+09
      2880  0.33044397E+09
      3168  0.28324170E+09
      3456  0.24250096E+09
      3744  0.20754254E+09
      4032  0.17760866E+09
      4320  0.15202744E+09
      4608  0.13020514E+09
      4896  0.11161696E+09
      5184   95763536.    
      5472   82286472.    
      5760   70828632.    
      6048   61037192.    
      6336   52614264.    
      6624   45367680.    
      6912   39117520.    
      7200   33740496.    
      7488   29113656.    
      7776   25131454.    
      8064   21703186.    
      8352   18743444.    
      8640   16194734.    
      8928   13999274.    
      9216   12107472.    
      9504   10476735.    
      9792   9070522.0    
     10080   7853865.5    
     10368   6804243.0    
     10656   5898342.5    
     10944   5116145.0    
     11232   4440463.5    
     11520   3856520.2    
     11808   3349870.0    
     12096   2911751.8    
     12384   2532707.8    
     12672   2204603.5    
     12960   1920448.5    
     13248   1673239.6    
     13536   1458997.2    
     13824   1273217.8    
     14112   1112029.1    
     14400   972091.69    
     14688   850529.12    
     14976   744861.81    
     15264   652491.31    
     15552   572132.75    
     15840   502177.62    
     16128   441236.53    
     16416   388110.12    
     16704   341760.91    
     16992   301048.97    
     17280   265496.47    
     17568   234426.22    
     17856   207250.88    
     18144   183462.30    
     18432   162621.28    
     18720   144346.95    
     19008   128182.18    
     19296   113991.44    
     19584   101522.43    
     19872   90556.016    
     20160   80902.008    
     20448   72394.805    
     20736   64891.312    
     21024   58197.406    
     21312   52285.180    
     21600   47057.895    
     21888   42431.586    
     22176   38332.953    
     22464   34698.012    
     22752   31470.748    
     23040   28602.658    
     23328   26013.027    
     23616   23708.238    
     23904   21654.793    
     24192   19823.494    
     24480   18188.719    
     24768   16727.963    
     25056   15421.378    
     25344   14251.818    
     25632   13183.106    
     25920   12225.240    
     26208   11366.054    
     26496   10594.989    
     26784   9902.6621    
     27072   9280.8291    
     27360   8722.2178    
     27648   8220.3379    
     27936   7752.4878    
     28224   7332.1660    
     28512   6954.7881    
     28800   6616.2744    
     29088   6313.1055    
     29376   6042.1406    
     29664   5800.6328    
     29952   5586.0767    
     30240   5381.9937    
     30528   5201.5493    
     30816   5043.0151    
     31104   4904.9028    
     31392   4785.8994    
     31680   4684.9731    
     31968   4601.2275    
     32256   4533.9370    
     32544   4467.8882    
     32832   4417.1792    
     33120   4381.4014    
     33408   4360.2715    
     33696   4353.6646    
     33984   4361.5024    
     34272   4384.0044    
     34560   4421.4536    
     34848   4456.7212    
     35136   4506.9775    
     35424   4572.6675    
     35712   4653.9062    
     36000   4750.6846    
     36288   4862.9375    
     36576   4990.6074    
     36864   5133.6182    
     37152   5267.5781    
     37440   5414.5044    
     37728   5573.6743    
     38016   5744.2227    
     38304   5925.2637    
     38592   6115.8262    
     38880   6314.8418    
     39168   6521.1118    
     39456   6700.5957    
     39744   6882.6055    
     40032   7065.5747    
     40320   7247.7676    
     40608   7427.3687    
     40896   7602.4854    
     41184   7771.1631    
     41472   7931.4219    
     41760   8043.1890    
     42048   8141.9424    
     42336   8225.9727    
     42624   8293.6533    
     42912   8343.5127    
     43200   8374.0732    
     43488   8384.3926    
     43776   8373.5957    
     44064   8306.5576    
     44352   8218.9990    
     44640   8111.1880    
     44928   7983.6748    
     45216   7837.2920    
     45504   7673.1230    
     45792   7492.4619    
     46080   7296.7695    
     46368   7087.6621    
     46656   6866.8438    
     46944   6636.0845    
     47232   6378.9775    
     47520   6117.7251    
     47808   5853.9995    
     48096   5589.4062    
     48384   5325.4551    
     48672   5063.5513    
     48960   4804.9619    
     49248   4550.8403    
     49536   4302.2085    
     49824   4059.9485    
     50112   3824.8042    
     50400   3597.4312    
     50688   3378.2893    
     50976   3167.7615    
     51264   2966.1204    
     51552   2773.5417    
     51840   2590.1062    
     52128   2415.8237    
     52416   2250.6274    
     52704   2094.3970    
     52992   1946.9523    
     53280   1808.0762    
     53568   1677.5137    
     53856   1554.9811    
     54144   1440.1826    
     54432   1332.7899    
     54720   1232.4705    
     55008   1138.8877    
     55296   1051.7012    
     55584   970.57123    
     55872   895.16351    
     56160   825.14972    
     56448   760.21094    
     56736   700.03522    
     57024   644.32202    
     57312   592.78363    
     57600   545.59656    
     57888   501.96695    
     58176   461.65643    
     58464   424.43790    
     58752   390.09604    
     59040   358.42740    
     59328   329.24078    
     59616   302.35532    
     59904   277.60175    
     60192   255.01631    
     60480   234.22302    
     60768   215.08774    
     61056   197.48491    
     61344   181.29745    
     61632   166.41658    
     61920   152.74115    
     62208   140.28642    
     62496   128.83791    
     62784   118.31700    
     63072   108.65054    
     63360   99.770897    
     63648   91.615425    
     63936   84.195702    
     64224   77.378403    
     64512   71.115051    
     64800   65.361488    
     65088   60.077236    
     65376   55.224968    
     65664   50.816196    
     65952   46.765835    
     66240   43.045105    
     66528   39.627598    
     66816   36.488678    
     67104   33.640930    
     67392   31.023640    
     67680   28.618195    
     67968   26.407368    
     68256   24.404613    
     68544   22.562439    
     68832   20.867832    
     69120   19.308834    
     69408   17.899639    
     69696   16.601864    
     69984   15.406453    
     70272   14.305074    
     70560   13.290049    
     70848   12.376253    
     71136   11.533065    
     71424   10.754739    
     71712   10.035996    
     72000   9.3972979    
     72288   8.8066015    
     72576   8.2600431    
     72864   7.7540274    
     73152   7.2852640    
     73440   6.8696761    
     73728   6.4841223    
     74016   6.1261563    
     74304   5.7935238    
     74592   5.5027723    
     74880   5.2322283    
     75168   4.9802184    
     75456   4.7638745    
     75744   4.5622244    
     76032   4.3740354    
     76320   4.1981540    
     76608   4.0526671    
     76896   3.9168005    
     77184   3.7897503    
     77472   3.6705959    
     77760   3.5789092    
     78048   3.4932766    
     78336   3.4130387    
     78624   3.3375514    
     78912   3.2882385    
     79200   3.2424719    
     79488   3.1996939    
     79776   3.1593897    
     80064   3.1454828    
     80352   3.1331444    
     80640   3.1217790    
     80928   3.1107798    
     81216   3.1273258    
     81504   3.1437280    
     81792   3.1593244    
     82080   3.1735101    
     82368   3.1854954    
     82656   3.2274752    
     82944   3.2668319    
     83232   3.3027601    
     83520   3.3344486    
     83808   3.3984845    
     84096   3.4580491    
     84384   3.5119627    
     84672   3.5592933    
     84960   3.5991306    
     85248   3.6738708    
     85536   3.7404301    
     85824   3.7977848    
     86112   3.8450842    
     86400   3.8813179    
     86688   3.9536271    
     86976   4.0144553    
     87264   4.0635781    
     87552   4.1008677    
     87840   4.1263456    
     88128   4.1399236    
     88416   4.1926446    
     88704   4.2336507    
     88992   4.2629700    
     89280   4.2807055    
     89568   4.2871366    
     89856   4.2823682    
     90144   4.2667499    
     90432   4.2926016    
     90720   4.3076162    
     91008   4.3120904    
     91296   4.3065705    
     91584   4.2912307    
     91872   4.2665253    
     92160   4.2329702    
     92448   4.1911058    
     92736   4.1414962    
     93024   4.0847673    
     93312   4.0699720    
     93600   4.0476117    
     93888   4.0182080    
     94176   3.9822936    
     94464   3.9405801    
     94752   3.8934336    
     95040   3.8413990    
     95328   3.7850194    
     95616   3.7248251    
     95904   3.6613250    
     96192   3.5951166    
     96480   3.5265920    
     96768   3.4562075    
     97056   3.3844111    
     97344   3.3116119    
     97632   3.2382057    
     97920   3.1645534    
     98208   3.0910859    
     98496   3.0180268    
     98784   2.9456637    
     99072   2.8742545    
     99360   2.8040285    
     99648   2.7351954    
     99936   2.6679347    
    100224   2.6025164    
    100512   2.5389810    
    100800   2.4774456    
    101088   2.4180140    
    101376   2.3607688    
    101664   2.3057768    
    101952   2.2291284    
    102240   2.1564302    
    102528   2.0875688    
    102816   2.0224392    
    103104   1.9609867    
    103392   1.9030575    
    103680   1.8485453    
    103968   1.7973475    
    104256   1.7493613    
    104544   1.7044866    
    104832   1.6455725    
