         1  0.13300000E+10
       288  0.11596861E+10
       576  0.10176765E+10
       864  0.89290822E+09
      1152  0.78326285E+09
      1440  0.68693178E+09
      1728  0.60169971E+09
      2016  0.52706077E+09
      2304  0.46166912E+09
      2592  0.40436752E+09
      2880  0.35415616E+09
      3168  0.31016746E+09
      3456  0.27149773E+09
      3744  0.23769882E+09
      4032  0.20817875E+09
      4320  0.18242210E+09
      4608  0.15997717E+09
      4896  0.14044227E+09
      5184  0.12340157E+09
      5472  0.10860566E+09
      5760   95760656.    
      6048   84603496.    
      6336   74900384.    
      6624   66438964.    
      6912   58976360.    
      7200   52408716.    
      7488   46624564.    
      7776   41526532.    
      8064   37028912.    
      8352   33041028.    
      8640   29517208.    
      8928   26399368.    
      9216   23636850.    
      9504   21185332.    
      9792   19005896.    
     10080   17054556.    
     10368   15313745.    
     10656   13760010.    
     10944   12372669.    
     11232   11133370.    
     11520   10025812.    
     11808   9029727.0    
     12096   8139033.5    
     12384   7342185.0    
     12672   6628926.5    
     12960   5990154.0    
     13248   5413886.0    
     13536   4897449.5    
     13824   4434356.0    
     14112   4018858.2    
     14400   3645840.5    
     14688   3310752.5    
     14976   3009549.2    
     15264   2736292.5    
     15552   2490463.2    
     15840   2269165.8    
     16128   2069813.9    
     16416   1890110.1    
     16704   1727994.1    
     16992   1580106.9    
     17280   1446575.8    
     17568   1325919.4    
     17856   1216815.0    
     18144   1118079.6    
     18432   1028663.9    
     18720   947625.81    
     19008   873114.00    
     19296   805512.00    
     19584   744131.19    
     19872   688355.69    
     20160   637633.00    
     20448   591465.31    
     20736   549413.81    
     21024   510388.84    
     21312   474802.34    
     21600   442324.19    
     21888   412660.50    
     22176   385545.69    
     22464   360740.91    
     22752   338028.84    
     23040   317220.22    
     23328   297656.59    
     23616   279710.03    
     23904   263233.50    
     24192   248096.11    
     24480   234178.88    
     24768   221373.92    
     25056   209579.69    
     25344   198706.95    
     25632   188351.55    
     25920   178782.91    
     26208   169929.50    
     26496   161728.23    
     26784   154120.64    
     27072   147053.70    
     27360   140479.17    
     27648   134351.53    
     27936   128348.53    
     28224   122737.18    
     28512   117482.71    
     28800   112553.23    
     29088   107920.58    
     29376   103557.38    
     29664   99437.289    
     29952   95535.273    
     30240   91610.969    
     30528   87883.297    
     30816   84335.312    
     31104   80951.781    
     31392   77718.523    
     31680   74623.992    
     31968   71657.180    
     32256   68808.203    
     32544   65901.891    
     32832   63110.168    
     33120   60425.398    
     33408   57840.680    
     33696   55350.023    
     33984   52947.395    
     34272   50628.805    
     34560   48390.043    
     34848   46112.719    
     35136   43919.383    
     35424   41806.641    
     35712   39770.746    
     36000   37808.973    
     36288   35918.996    
     36576   34098.734    
     36864   32346.379    
     37152   30588.424    
     37440   28903.471    
     37728   27289.664    
     38016   25745.123    
     38304   24268.037    
     38592   22856.645    
     38880   21509.219    
     39168   20224.062    
     39456   18959.307    
     39744   17758.963    
     40032   16620.922    
     40320   15543.019    
     40608   14523.119    
     40896   13559.061    
     41184   12648.761    
     41472   11790.097    
     41760   10960.778    
     42048   10182.151    
     42336   9451.8281    
     42624   8767.4541    
     42912   8126.7480    
     43200   7527.4175    
     43488   6967.3574    
     43776   6444.4648    
     44064   5947.6450    
     44352   5485.6616    
     44640   5056.4204    
     44928   4657.9219    
     45216   4288.2661    
     45504   3945.6294    
     45792   3628.2852    
     46080   3334.5945    
     46368   3062.9998    
     46656   2812.0293    
     46944   2580.2842    
     47232   2364.0139    
     47520   2164.9084    
     47808   1981.7200    
     48096   1813.2766    
     48384   1658.4841    
     48672   1516.3164    
     48960   1385.8171    
     49248   1266.0913    
     49536   1156.3069    
     49824   1055.6892    
     50112   963.51709    
     50400   879.12439    
     50688   801.88647    
     50976   731.22870    
     51264   666.61487    
     51552   607.55310    
     51840   553.58630    
     52128   504.29373    
     52416   459.28586    
     52704   418.20410    
     52992   380.71829    
     53280   346.52386    
     53568   315.34128    
     53856   286.91290    
     54144   261.00339    
     54432   237.39464    
     54720   215.88797    
     55008   196.30057    
     55296   178.46516    
     55584   162.22841    
     55872   147.44980    
     56160   134.00119    
     56448   121.76505    
     56736   110.63393    
     57024   100.50980    
     57312   91.302925    
     57600   82.960548    
     57888   75.373337    
     58176   68.473770    
     58464   62.200466    
     58752   56.497345    
     59040   51.313145    
     59328   46.601254    
     59616   42.319065    
     59904   38.427765    
     60192   34.903549    
     60480   31.700626    
     60768   28.789982    
     61056   26.145166    
     61344   23.742092    
     61632   21.558817    
     61920   19.575397    
     62208   17.779629    
     62496   16.147953    
     62784   14.665462    
     63072   13.318601    
     63360   12.095022    
     63648   10.983499    
     63936   9.9773064    
     64224   9.0630932    
     64512   8.2324562    
     64800   7.4777884    
     65088   6.7921748    
     65376   6.1693177    
     65664   5.6056347    
     65952   5.0934267    
     66240   4.6279993    
     66528   4.2051020    
     66816   3.8208401    
     67104   3.4731781    
     67392   3.1571920    
     67680   2.8699927    
     67968   2.6089559    
     68256   2.3728297    
     68544   2.1581419    
     68832   1.9629384    
     69120   1.7854464    
     69408   1.6249467    
     69696   1.4789493    
     69984   1.3461337    
     70272   1.2253023    
     70560   1.1153631    
     70848   1.0160167    
     71136   1.0000000    
     71424   1.0000000    
     71712   1.0000000    
     72000   1.0000000    
     72288   1.0000000    
     72576   1.0000000    
     72864   1.0000000    
     73152   1.0000000    
     73440   1.0000000    
     73728   1.0000000    
     74016   1.0000000    
     74304   1.0000000    
     74592   1.0000000    
     74880   1.0000000    
     75168   1.0000000    
     75456   1.0000000    
     75744   1.0000000    
     76032   1.0000000    
     76320   1.0000000    
     76608   1.0000000    
     76896   1.0000000    
     77184   1.0000000    
     77472   1.0000000    
     77760   1.0000000    
     78048   1.0000000    
     78336   1.0000000    
     78624   1.0000000    
     78912   1.0000000    
     79200   1.0000000    
     79488   1.0000000    
     79776   1.0000000    
     80064   1.0000000    
     80352   1.0000000    
     80640   1.0000000    
     80928   1.0000000    
     81216   1.0000000    
     81504   1.0000000    
     81792   1.0000000    
     82080   1.0000000    
     82368   1.0000000    
     82656   1.0000000    
     82944   1.0000000    
     83232   1.0000000    
     83520   1.0001229    
     83808   1.0006958    
     84096   1.0013156    
     84384   1.0019685    
     84672   1.0026472    
     84960   1.0033467    
     85248   1.0040611    
     85536   1.0047897    
     85824   1.0055273    
     86112   1.0062710    
     86400   1.0070211    
     86688   1.0077711    
     86976   1.0085201    
     87264   1.0092698    
     87552   1.0100130    
     87840   1.0107485    
     88128   1.0114750    
     88416   1.0121909    
     88704   1.0128591    
     88992   1.0134790    
     89280   1.0140764    
     89568   1.0146500    
     89856   1.0151989    
     90144   1.0157216    
     90432   1.0161949    
     90720   1.0166377    
     91008   1.0170485    
     91296   1.0174272    
     91584   1.0177742    
     91872   1.0180925    
     92160   1.0183737    
     92448   1.0186281    
     92736   1.0188525    
     93024   1.0190492    
     93312   1.0191662    
     93600   1.0192549    
     93888   1.0193105    
     94176   1.0193430    
     94464   1.0193467    
     94752   1.0193268    
     95040   1.0192827    
     95328   1.0192238    
     95616   1.0191461    
     95904   1.0190496    
     96192   1.0189307    
     96480   1.0187951    
     96768   1.0186436    
     97056   1.0184788    
     97344   1.0183108    
     97632   1.0181451    
     97920   1.0179822    
     98208   1.0178156    
     98496   1.0176506    
     98784   1.0174863    
     99072   1.0173291    
     99360   1.0171719    
     99648   1.0170146    
     99936   1.0168570    
    100224   1.0166925    
    100512   1.0165268    
    100800   1.0163602    
    101088   1.0161959    
    101376   1.0160319    
    101664   1.0158666    
    101952   1.0158123    
    102240   1.0157442    
    102528   1.0156628    
    102816   1.0155703    
    103104   1.0154618    
    103392   1.0153440    
    103680   1.0152186    
    103968   1.0150872    
    104256   1.0149513    
    104544   1.0148089    
    104832   1.0147774    
