         1   23.956223    
       288   20.995117    
       576   18.293467    
       864   15.856834    
      1152   13.694992    
      1440   11.798209    
      1728   10.137670    
      2016   8.7014332    
      2304   7.4632163    
      2592   6.3982658    
      2880   5.4840093    
      3168   4.7002811    
      3456   4.0274758    
      3744   3.4525561    
      4032   2.9617946    
      4320   2.5433123    
      4608   2.1868210    
      4896   1.8832544    
      5184   1.6239808    
      5472   1.4028953    
      5760   1.2141446    
      6048   1.0525515    
      6336  0.91391218    
      6624  0.79476321    
      6912  0.69171631    
      7200  0.60271990    
      7488  0.52576643    
      7776  0.45914304    
      8064  0.40140074    
      8352  0.35117087    
      8640  0.30757177    
      8928  0.26969045    
      9216  0.23674300    
      9504  0.20805548    
      9792  0.18304780    
     10080  0.16114491    
     10368  0.14200975    
     10656  0.12527797    
     10944  0.11063506    
     11232  0.97809136E-01
     11520  0.86564869E-01
     11808  0.76657191E-01
     12096  0.67958876E-01
     12384  0.60315538E-01
     12672  0.53593252E-01
     12960  0.47675733E-01
     13248  0.42435881E-01
     13536  0.37816621E-01
     13824  0.33740684E-01
     14112  0.30140908E-01
     14400  0.26958706E-01
     14688  0.24143022E-01
     14976  0.21649292E-01
     15264  0.19424086E-01
     15552  0.17450375E-01
     15840  0.15698073E-01
     16128  0.14140833E-01
     16416  0.12755605E-01
     16704  0.11522130E-01
     16992  0.10413669E-01
     17280  0.94251642E-02
     17568  0.85427593E-02
     17856  0.77542774E-02
     18144  0.70489957E-02
     18432  0.64175162E-02
     18720  0.58515412E-02
     19008  0.53381268E-02
     19296  0.48772404E-02
     19584  0.44630924E-02
     19872  0.40905569E-02
     20160  0.37551122E-02
     20448  0.34527380E-02
     20736  0.31799171E-02
     21024  0.29298123E-02
     21312  0.27037892E-02
     21600  0.24993166E-02
     21888  0.23141601E-02
     22176  0.21463288E-02
     22464  0.19940506E-02
     22752  0.18557347E-02
     23040  0.17299979E-02
     23328  0.16130976E-02
     23616  0.15066596E-02
     23904  0.14096538E-02
     24192  0.13211695E-02
     24480  0.12403883E-02
     24768  0.11665757E-02
     25056  0.10990580E-02
     25344  0.10372479E-02
     25632  0.97899418E-03
     25920  0.92555489E-03
     26208  0.87647722E-03
     26496  0.83136396E-03
     26784  0.78985089E-03
     27072  0.75161073E-03
     27360  0.71634859E-03
     27648  0.68379083E-03
     27936  0.65226865E-03
     28224  0.62309642E-03
     28512  0.59606909E-03
     28800  0.57099963E-03
     29088  0.54772373E-03
     29376  0.52608689E-03
     29664  0.50594512E-03
     29952  0.48716209E-03
     30240  0.46845170E-03
     30528  0.45095882E-03
     30816  0.43458797E-03
     31104  0.41925354E-03
     31392  0.40487258E-03
     31680  0.39137507E-03
     31968  0.37869532E-03
     32256  0.36677680E-03
     32544  0.35456213E-03
     32832  0.34306312E-03
     33120  0.33223745E-03
     33408  0.32204762E-03
     33696  0.31246152E-03
     33984  0.30344664E-03
     34272  0.29498478E-03
     34560  0.28705556E-03
     34848  0.27875134E-03
     35136  0.27097834E-03
     35424  0.26371994E-03
     35712  0.25695193E-03
     36000  0.25065211E-03
     36288  0.24479858E-03
     36576  0.23937137E-03
     36864  0.23435209E-03
     37152  0.22887961E-03
     37440  0.22379508E-03
     37728  0.21908031E-03
     38016  0.21471654E-03
     38304  0.21068659E-03
     38592  0.20697448E-03
     38880  0.20356530E-03
     39168  0.20044550E-03
     39456  0.19677926E-03
     39744  0.19338843E-03
     40032  0.19026393E-03
     40320  0.18739776E-03
     40608  0.18478557E-03
     40896  0.18242675E-03
     41184  0.18032471E-03
     41472  0.17848764E-03
     41760  0.17611642E-03
     42048  0.17404639E-03
     42336  0.17230175E-03
     42624  0.17091594E-03
     42912  0.16993274E-03
     43200  0.16940363E-03
     43488  0.16940209E-03
     43776  0.17001346E-03
     44064  0.17045690E-03
     44352  0.17167124E-03
     44640  0.17375925E-03
     44928  0.17683698E-03
     45216  0.18103486E-03
     45504  0.18649666E-03
     45792  0.19337966E-03
     46080  0.20185456E-03
     46368  0.21210474E-03
     46656  0.22432607E-03
     46944  0.23872680E-03
     47232  0.25386908E-03
     47520  0.27135265E-03
     47808  0.29136872E-03
     48096  0.31412495E-03
     48384  0.33984848E-03
     48672  0.36879323E-03
     48960  0.40125116E-03
     49248  0.43756171E-03
     49536  0.47813248E-03
     49824  0.52345876E-03
     50112  0.57414942E-03
     50400  0.63098158E-03
     50688  0.69488573E-03
     50976  0.76705194E-03
     51264  0.84896758E-03
     51552  0.94249315E-03
     51840  0.10499496E-02
     52128  0.11742213E-02
     52416  0.13188790E-02
     52704  0.14883280E-02
     52992  0.16879163E-02
     53280  0.19240829E-02
     53568  0.22045844E-02
     53856  0.25387302E-02
     54144  0.29377632E-02
     54432  0.34148467E-02
     54720  0.39856695E-02
     55008  0.46687373E-02
     55296  0.54858015E-02
     55584  0.64623188E-02
     55872  0.76279761E-02
     56160  0.90172691E-02
     56448  0.10670149E-01
     56736  0.12632681E-01
     57024  0.14958043E-01
     57312  0.17706845E-01
     57600  0.21139290E-01
     57888  0.25216119E-01
     58176  0.30046087E-01
     58464  0.35753556E-01
     58752  0.42480256E-01
     59040  0.50386969E-01
     59328  0.59657212E-01
     59616  0.70494719E-01
     59904  0.83129294E-01
     60192  0.98733604E-01
     60480  0.11700267    
     60768  0.13832827    
     61056  0.16314647    
     61344  0.19193950    
     61632  0.22523500    
     61920  0.26358941    
     62208  0.31053424    
     62496  0.36476067    
     62784  0.42715505    
     63072  0.49865454    
     63360  0.58022618    
     63648  0.67282891    
     63936  0.78465325    
     64224  0.91050899    
     64512   1.0459226    
     64800   1.1738356    
     65088   1.2845814    
     65376   1.3843623    
     65664   1.4881973    
     65952   1.5817394    
     66240   1.6627166    
     66528   1.7296665    
     66816   1.7821041    
     67104   1.8375736    
     67392   1.8789114    
     67680   1.9058306    
     67968   1.9187903    
     68256   1.9377934    
     68544   1.9444351    
     68832   1.9389826    
     69120   1.9224445    
     69408   1.9157400    
     69696   1.8996468    
     69984   1.8745217    
     70272   1.8413519    
     70560   1.8014226    
     70848   1.7742791    
     71136   1.7414914    
     71424   1.7033595    
     71712   1.6607157    
     72000   1.6361489    
     72288   1.6070606    
     72576   1.5732999    
     72864   1.5353290    
     73152   1.4939026    
     73440   1.4654633    
     73728   1.4337213    
     74016   1.3987942    
     74304   1.3611572    
     74592   1.3359411    
     74880   1.3081468    
     75168   1.2776945    
     75456   1.2586538    
     75744   1.2364745    
     76032   1.2112027    
     76320   1.1832148    
     76608   1.1658399    
     76896   1.1456560    
     77184   1.1228532    
     77472   1.0978884    
     77760   1.0831035    
     78048   1.0658414    
     78336   1.0461361    
     78624   1.0241532    
     78912   1.0113323    
     79200  0.99586922    
     79488  0.97780579    
     79776  0.95739454    
     80064  0.94548148    
     80352  0.93101627    
     80640  0.91405296    
     80928  0.89479846    
     81216  0.88323617    
     81504  0.86918467    
     81792  0.85276902    
     82080  0.83425134    
     82368  0.81395394    
     82656  0.80084586    
     82944  0.78574455    
     83232  0.76877999    
     83520  0.75015056    
     83808  0.73799074    
     84096  0.72401601    
     84384  0.70835859    
     84672  0.69119835    
     84960  0.67273414    
     85248  0.66011429    
     85536  0.64600033    
     85824  0.63053030    
     86112  0.61389029    
     86400  0.59625793    
     86688  0.58381212    
     86976  0.57018417    
     87264  0.55549651    
     87552  0.53988820    
     87840  0.52351665    
     88128  0.50652331    
     88416  0.49395347    
     88704  0.48057637    
     88992  0.46649802    
     89280  0.45182952    
     89568  0.43669361    
     89856  0.42118844    
     90144  0.40541628    
     90432  0.39319319    
     90720  0.38052484    
     91008  0.36749297    
     91296  0.35419253    
     91584  0.34068757    
     91872  0.32705221    
     92160  0.31335533    
     92448  0.29965937    
     92736  0.28602183    
     93024  0.27250242    
     93312  0.26144871    
     93600  0.25036824    
     93888  0.23931788    
     94176  0.22834799    
     94464  0.21751286    
     94752  0.20684959    
     95040  0.19640091    
     95328  0.18620589    
     95616  0.17629716    
     95904  0.16670161    
     96192  0.15744415    
     96480  0.14853810    
     96768  0.13999455    
     97056  0.13182107    
     97344  0.12402101    
     97632  0.11659475    
     97920  0.10953970    
     98208  0.10285305    
     98496  0.96525677E-01
     98784  0.90548642E-01
     99072  0.84911615E-01
     99360  0.79603076E-01
     99648  0.74610777E-01
     99936  0.69921739E-01
    100224  0.65524705E-01
    100512  0.61404366E-01
    100800  0.57547066E-01
    101088  0.53939287E-01
    101376  0.50567620E-01
    101664  0.47418907E-01
    101952  0.44176582E-01
    102240  0.41173320E-01
    102528  0.38392574E-01
    102816  0.35818692E-01
    103104  0.33437628E-01
    103392  0.31234948E-01
    103680  0.29197646E-01
    103968  0.27313581E-01
    104256  0.25571419E-01
    104544  0.23960559E-01
    104832  0.22326777E-01
