         1   2000.0000    
       288   2203.7639    
       576   2348.9675    
       864   2464.1516    
      1152   2565.9744    
      1440   2655.7368    
      1728   2737.1904    
      2016   2808.0237    
      2304   2869.6846    
      2592   2923.4109    
      2880   2970.3308    
      3168   3011.8113    
      3456   3050.1748    
      3744   3085.4417    
      4032   3119.7520    
      4320   3154.0500    
      4608   3188.3062    
      4896   3222.4846    
      5184   3256.6497    
      5472   3290.8047    
      5760   3324.9526    
      6048   3359.0762    
      6336   3393.1416    
      6624   3427.2034    
      6912   3461.2449    
      7200   3495.2795    
      7488   3529.2922    
      7776   3563.2593    
      8064   3597.2227    
      8352   3631.1846    
      8640   3665.1423    
      8928   3699.0637    
      9216   3732.9507    
      9504   3766.8364    
      9792   3800.7239    
     10080   3834.6147    
     10368   3868.4546    
     10656   3902.2693    
     10944   3936.0833    
     11232   3969.8972    
     11520   4003.7100    
     11808   4037.4670    
     12096   4071.2095    
     12384   4104.9312    
     12672   4138.5869    
     12960   4172.2432    
     13248   4205.9019    
     13536   4239.5654    
     13824   4273.2334    
     14112   4306.9087    
     14400   4340.6138    
     14688   4374.3218    
     14976   4408.0356    
     15264   4441.6880    
     15552   4475.2578    
     15840   4508.8311    
     16128   4542.4087    
     16416   4575.9956    
     16704   4609.5830    
     16992   4643.1714    
     17280   4676.7612    
     17568   4710.3506    
     17856   4743.9375    
     18144   4777.5054    
     18432   4810.9673    
     18720   4844.4302    
     19008   4877.8950    
     19296   4911.3618    
     19584   4944.8301    
     19872   4978.3018    
     20160   5011.7773    
     20448   5045.2573    
     20736   5078.7432    
     21024   5112.2363    
     21312   5145.6729    
     21600   5179.0386    
     21888   5212.4077    
     22176   5245.7827    
     22464   5279.1699    
     22752   5312.5942    
     23040   5346.0205    
     23328   5379.4487    
     23616   5412.8789    
     23904   5446.3125    
     24192   5479.7490    
     24480   5513.1641    
     24768   5546.4712    
     25056   5579.7842    
     25344   5613.1089    
     25632   5646.4370    
     25920   5679.7651    
     26208   5713.0933    
     26496   5746.4214    
     26784   5779.7495    
     27072   5813.0776    
     27360   5846.4097    
     27648   5879.7441    
     27936   5913.0562    
     28224   5946.2559    
     28512   5979.4575    
     28800   6012.6616    
     29088   6045.8682    
     29376   6079.0776    
     29664   6112.2891    
     29952   6145.5034    
     30240   6178.7207    
     30528   6211.9390    
     30816   6245.1582    
     31104   6278.3779    
     31392   6311.5967    
     31680   6344.7603    
     31968   6377.8315    
     32256   6410.8984    
     32544   6443.9595    
     32832   6477.0142    
     33120   6510.0610    
     33408   6543.1079    
     33696   6576.1548    
     33984   6609.2017    
     34272   6642.2485    
     34560   6675.2954    
     34848   6708.3423    
     35136   6741.3892    
     35424   6774.3984    
     35712   6807.2246    
     36000   6839.9902    
     36288   6872.7559    
     36576   6905.5215    
     36864   6938.2344    
     37152   6970.8594    
     37440   7003.4844    
     37728   7036.0469    
     38016   7068.5312    
     38304   7100.9634    
     38592   7133.3071    
     38880   7165.5566    
     39168   7197.6997    
     39456   7229.7139    
     39744   7261.5459    
     40032   7293.1040    
     40320   7324.4302    
     40608   7355.5195    
     40896   7386.3135    
     41184   7416.7285    
     41472   7446.6973    
     41760   7476.1108    
     42048   7504.8438    
     42336   7532.7280    
     42624   7559.5835    
     42912   7585.2012    
     43200   7609.3657    
     43488   7631.8784    
     43776   7652.5830    
     44064   7671.3799    
     44352   7688.2417    
     44640   7703.2051    
     44928   7716.3535    
     45216   7727.8042    
     45504   7737.6909    
     45792   7746.1597    
     46080   7753.3447    
     46368   7759.3867    
     46656   7764.4121    
     46944   7768.5361    
     47232   7771.8638    
     47520   7774.5000    
     47808   7776.5225    
     48096   7778.0103    
     48384   7779.0366    
     48672   7779.6582    
     48960   7779.9346    
     49248   7779.9067    
     49536   7779.6152    
     49824   7779.1094    
     50112   7778.3965    
     50400   7777.5190    
     50688   7776.5044    
     50976   7775.3770    
     51264   7774.1113    
     51552   7772.7856    
     51840   7771.3794    
     52128   7769.9170    
     52416   7768.3701    
     52704   7766.8232    
     52992   7765.2271    
     53280   7763.5396    
     53568   7761.8521    
     53856   7760.1646    
     54144   7758.4771    
     54432   7756.7852    
     54720   7755.0430    
     55008   7753.2173    
     55296   7751.3892    
     55584   7749.5610    
     55872   7747.7329    
     56160   7745.9048    
     56448   7744.0767    
     56736   7742.2485    
     57024   7740.4204    
     57312   7738.5923    
     57600   7736.7642    
     57888   7734.9292    
     58176   7733.0708    
     58464   7731.2021    
     58752   7729.3276    
     59040   7727.4482    
     59328   7725.5659    
     59616   7723.6733    
     59904   7721.7559    
     60192   7719.8276    
     60480   7717.9478    
     60768   7716.0410    
     61056   7714.1152    
     61344   7712.1592    
     61632   7710.1685    
     61920   7708.1450    
     62208   7706.0752    
     62496   7704.0195    
     62784   7701.8960    
     63072   7699.7129    
     63360   7697.5078    
     63648   7695.2271    
     63936   7692.8965    
     64224   7690.4517    
     64512   7687.9448    
     64800   7685.3765    
     65088   7682.7798    
     65376   7680.1753    
     65664   7677.5454    
     65952   7674.9326    
     66240   7672.3447    
     66528   7669.7920    
     66816   7667.2910    
     67104   7664.7832    
     67392   7662.3423    
     67680   7659.9639    
     67968   7657.6636    
     68256   7655.3716    
     68544   7653.1582    
     68832   7651.0146    
     69120   7648.9556    
     69408   7646.8892    
     69696   7644.9028    
     69984   7642.9785    
     70272   7641.1128    
     70560   7639.3145    
     70848   7637.5112    
     71136   7635.7603    
     71424   7634.0532    
     71712   7632.3906    
     72000   7630.6846    
     72288   7629.0083    
     72576   7627.3574    
     72864   7625.7373    
     73152   7624.1426    
     73440   7622.5107    
     73728   7620.8955    
     74016   7619.3027    
     74304   7617.7319    
     74592   7616.1206    
     74880   7614.5220    
     75168   7612.9360    
     75456   7611.3071    
     75744   7609.6865    
     76032   7608.0757    
     76320   7606.4741    
     76608   7604.8311    
     76896   7603.1953    
     77184   7601.5679    
     77472   7599.9502    
     77760   7598.2910    
     78048   7596.6353    
     78336   7594.9834    
     78624   7593.3462    
     78912   7591.6660    
     79200   7589.9893    
     79488   7588.3174    
     79776   7586.6631    
     80064   7584.9712    
     80352   7583.2808    
     80640   7581.5928    
     80928   7579.9106    
     81216   7578.2129    
     81504   7576.5176    
     81792   7574.8242    
     82080   7573.1357    
     82368   7571.4492    
     82656   7569.7651    
     82944   7568.0781    
     83232   7566.3911    
     83520   7564.7031    
     83808   7562.9917    
     84096   7561.2886    
     84384   7559.5986    
     84672   7557.9204    
     84960   7556.2432    
     85248   7554.5117    
     85536   7552.7900    
     85824   7551.0762    
     86112   7549.3730    
     86400   7547.6553    
     86688   7545.7930    
     86976   7543.9185    
     87264   7542.0371    
     87552   7540.1675    
     87840   7538.3062    
     88128   7536.4526    
     88416   7534.6118    
     88704   7532.7778    
     88992   7530.9312    
     89280   7529.0679    
     89568   7527.1885    
     89856   7525.3115    
     90144   7523.4395    
     90432   7521.5757    
     90720   7519.7192    
     91008   7517.8716    
     91296   7516.0303    
     91584   7514.1934    
     91872   7512.3384    
     92160   7510.4561    
     92448   7508.5640    
     92736   7506.6753    
     93024   7504.7920    
     93312   7502.9121    
     93600   7501.0396    
     93888   7499.1753    
     94176   7497.3159    
     94464   7495.4590    
     94752   7493.6040    
     95040   7491.7510    
     95328   7489.8843    
     95616   7487.9644    
     95904   7486.0479    
     96192   7484.1367    
     96480   7482.2271    
     96768   7480.3184    
     97056   7478.4106    
     97344   7476.5049    
     97632   7474.6001    
     97920   7472.6963    
     98208   7470.7944    
     98496   7468.8940    
     98784   7466.9966    
     99072   7465.1011    
     99360   7463.2104    
     99648   7461.3262    
     99936   7459.4458    
    100224   7457.5645    
    100512   7455.6826    
    100800   7453.8003    
    101088   7451.9170    
    101376   7450.0327    
    101664   7448.1479    
    101952   7446.2622    
    102240   7444.3027    
    102528   7442.3340    
    102816   7440.3652    
    103104   7438.3965    
    103392   7436.4277    
    103680   7434.4590    
    103968   7432.4902    
    104256   7430.5215    
    104544   7428.5527    
    104832   7426.5840    
