         1   340.00000    
       288   315.35770    
       576   295.99307    
       864   279.77625    
      1152   265.69235    
      1440   253.10255    
      1728   241.59404    
      2016   230.84143    
      2304   220.57018    
      2592   210.57431    
      2880   200.69325    
      3168   190.80040    
      3456   180.80598    
      3744   170.63258    
      4032   160.21512    
      4320   149.51637    
      4608   138.52180    
      4896   127.29614    
      5184   115.99483    
      5472   104.77729    
      5760   93.726112    
      6048   83.049576    
      6336   72.819572    
      6624   63.203575    
      6912   55.159187    
      7200   48.495434    
      7488   42.899979    
      7776   38.147694    
      8064   34.072304    
      8352   30.548208    
      8640   27.478842    
      8928   24.788692    
      9216   22.417936    
      9504   20.318464    
      9792   18.451227    
     10080   16.784193    
     10368   15.290792    
     10656   13.948864    
     10944   12.739738    
     11232   11.647574    
     11520   10.658879    
     11808   9.7620564    
     12096   8.9470892    
     12384   8.2053289    
     12672   7.5291920    
     12960   6.9120569    
     13248   6.3480992    
     13536   5.8321872    
     13824   5.3597722    
     14112   4.9268069    
     14400   4.5296893    
     14688   4.1652017    
     14976   3.8304596    
     15264   3.5228682    
     15552   3.2400925    
     15840   2.9800236    
     16128   2.7407558    
     16416   2.5205567    
     16704   2.3178575    
     16992   2.1312318    
     17280   1.9593772    
     17568   1.8011068    
     17856   1.6553365    
     18144   1.5210739    
     18432   1.3974123    
     18720   1.2835141    
     19008   1.1786169    
     19296   1.0820183    
     19584   1.0000000    
     19872   1.0000000    
     20160   1.0000000    
     20448   1.0000000    
     20736   1.0000000    
     21024   1.0000000    
     21312   1.0000000    
     21600   1.0000000    
     21888   1.0000000    
     22176   1.0000000    
     22464   1.0000000    
     22752   1.0000000    
     23040   1.0000000    
     23328   1.0000000    
     23616   1.0000000    
     23904   1.0000000    
     24192   1.0000000    
     24480   1.0000000    
     24768   1.0000000    
     25056   1.0000000    
     25344   1.0000000    
     25632   1.0000000    
     25920   1.0000000    
     26208   1.0000000    
     26496   1.0000000    
     26784   1.0000000    
     27072   1.0000000    
     27360   1.0000000    
     27648   1.0000000    
     27936   1.0000000    
     28224   1.0000000    
     28512   1.0000000    
     28800   1.0000000    
     29088   1.0000000    
     29376   1.0000000    
     29664   1.0000000    
     29952   1.0000000    
     30240   1.0000000    
     30528   1.0000000    
     30816   1.0000000    
     31104   1.0000000    
     31392   1.0000000    
     31680   1.0000000    
     31968   1.0000000    
     32256   1.0000000    
     32544   1.0000000    
     32832   1.0000000    
     33120   1.0000000    
     33408   1.0000000    
     33696   1.0000000    
     33984   1.0000000    
     34272   1.0000000    
     34560   1.0000000    
     34848   1.0000000    
     35136   1.0000000    
     35424   1.0000000    
     35712   1.0000000    
     36000   1.0000000    
     36288   1.0000000    
     36576   1.0000000    
     36864   1.0000000    
     37152   1.0000000    
     37440   1.0000000    
     37728   1.0000000    
     38016   1.0000000    
     38304   1.0000000    
     38592   1.0000000    
     38880   1.0000000    
     39168   1.0000000    
     39456   1.0000000    
     39744   1.0000000    
     40032   1.0000000    
     40320   1.0000000    
     40608   1.0000000    
     40896   1.0000000    
     41184   1.0000000    
     41472   1.0000000    
     41760   1.0000000    
     42048   1.0000000    
     42336   1.0000000    
     42624   1.0000000    
     42912   1.0000000    
     43200   1.0000000    
     43488   1.0000000    
     43776   1.0000000    
     44064   1.0000000    
     44352   1.0000000    
     44640   1.0000000    
     44928   1.0000000    
     45216   1.0000000    
     45504   1.0000000    
     45792   1.0000000    
     46080   1.0000000    
     46368   1.0000000    
     46656   1.0000000    
     46944   1.0000000    
     47232   1.0000000    
     47520   1.0000000    
     47808   1.0000000    
     48096   1.0000000    
     48384   1.0000000    
     48672   1.0000000    
     48960   1.0000000    
     49248   1.0000000    
     49536   1.0000000    
     49824   1.0000000    
     50112   1.0000000    
     50400   1.0000000    
     50688   1.0000000    
     50976   1.0000000    
     51264   1.0000000    
     51552   1.0000000    
     51840   1.0000000    
     52128   1.0000000    
     52416   1.0000000    
     52704   1.0000000    
     52992   1.0000000    
     53280   1.0000000    
     53568   1.0000000    
     53856   1.0000000    
     54144   1.0000000    
     54432   1.0000000    
     54720   1.0000000    
     55008   1.0000000    
     55296   1.0000000    
     55584   1.0000000    
     55872   1.0000000    
     56160   1.0000000    
     56448   1.0000000    
     56736   1.0000000    
     57024   1.0000000    
     57312   1.0000000    
     57600   1.0000000    
     57888   1.0000000    
     58176   1.0000000    
     58464   1.0000000    
     58752   1.0000000    
     59040   1.0000000    
     59328   1.0000000    
     59616   1.0000000    
     59904   1.0000000    
     60192   1.0000000    
     60480   1.0000000    
     60768   1.0000000    
     61056   1.0000000    
     61344   1.0000000    
     61632   1.0000000    
     61920   1.0000000    
     62208   1.0000000    
     62496   1.0000000    
     62784   1.0000000    
     63072   1.0000000    
     63360   1.0000000    
     63648   1.0000000    
     63936   1.0000402    
     64224   1.0029855    
     64512   1.0100311    
     64800   1.0214976    
     65088   1.0372446    
     65376   1.0571657    
     65664   1.0812119    
     65952   1.1095917    
     66240   1.1424956    
     66528   1.1799766    
     66816   1.2219828    
     67104   1.2683362    
     67392   1.3192322    
     67680   1.3748450    
     67968   1.4352150    
     68256   1.5000297    
     68544   1.5695113    
     68832   1.6438498    
     69120   1.7229680    
     69408   1.8062565    
     69696   1.8940542    
     69984   1.9866029    
     70272   2.0838695    
     70560   2.1856298    
     70848   2.2910876    
     71136   2.4004302    
     71424   2.5137727    
     71712   2.6307652    
     72000   2.7501948    
     72288   2.8726428    
     72576   2.9984682    
     72864   3.1275127    
     73152   3.2592735    
     73440   3.3923843    
     73728   3.5270026    
     74016   3.6631024    
     74304   3.8001583    
     74592   3.9363983    
     74880   4.0716481    
     75168   4.2060947    
     75456   4.3385081    
     75744   4.4694238    
     76032   4.5989347    
     76320   4.7264137    
     76608   4.8499799    
     76896   4.9699636    
     77184   5.0860066    
     77472   5.1968231    
     77760   5.3007083    
     78048   5.3983355    
     78336   5.4898391    
     78624   5.5745397    
     78912   5.6503849    
     79200   5.7179155    
     79488   5.7770653    
     79776   5.8266740    
     80064   5.8640518    
     80352   5.8901958    
     80640   5.9053826    
     80928   5.9090672    
     81216   5.8995776    
     81504   5.8778877    
     81792   5.8443336    
     82080   5.7983007    
     82368   5.7386017    
     82656   5.6644187    
     82944   5.5773721    
     83232   5.4784164    
     83520   5.3679924    
     83808   5.2460208    
     84096   5.1141796    
     84384   4.9732933    
     84672   4.8244433    
     84960   4.6683936    
     85248   4.5057449    
     85536   4.3384814    
     85824   4.1679306    
     86112   3.9949436    
     86400   3.8200808    
     86688   3.6443079    
     86976   3.4692326    
     87264   3.2957814    
     87552   3.1245873    
     87840   2.9560673    
     88128   2.7904880    
     88416   2.6284664    
     88704   2.4709382    
     88992   2.3183544    
     89280   2.1710081    
     89568   2.0290570    
     89856   1.8925714    
     90144   1.7616915    
     90432   1.6366757    
     90720   1.5178323    
     91008   1.4051677    
     91296   1.2986089    
     91584   1.1980273    
     91872   1.1033074    
     92160   1.0143054    
     92448   1.0000000    
     92736   1.0000000    
     93024   1.0000000    
     93312   1.0000000    
     93600   1.0000000    
     93888   1.0000000    
     94176   1.0000000    
     94464   1.0000000    
     94752   1.0000000    
     95040   1.0000000    
     95328   1.0000000    
     95616   1.0000000    
     95904   1.0000000    
     96192   1.0000000    
     96480   1.0000000    
     96768   1.0000000    
     97056   1.0000000    
     97344   1.0000000    
     97632   1.0000000    
     97920   1.0000000    
     98208   1.0000000    
     98496   1.0000000    
     98784   1.0000000    
     99072   1.0000000    
     99360   1.0000000    
     99648   1.0000000    
     99936   1.0000000    
    100224   1.0000000    
    100512   1.0000000    
    100800   1.0000000    
    101088   1.0000000    
    101376   1.0000000    
    101664   1.0000000    
    101952   1.0000000    
    102240   1.0000000    
    102528   1.0000000    
    102816   1.0000000    
    103104   1.0000000    
    103392   1.0000000    
    103680   1.0000000    
    103968   1.0000000    
    104256   1.0000000    
    104544   1.0000000    
    104832   1.0000000    
