         1   34000.000    
       288   7918.8999    
       576   7637.7202    
       864   7356.9370    
      1152   7085.0464    
      1440   6818.1616    
      1728   6558.7563    
      2016   6293.8916    
      2304   6020.4819    
      2592   5735.6787    
      2880   5436.5654    
      3168   5120.2021    
      3456   4786.1616    
      3744   4428.7759    
      4032   4045.5056    
      4320   3634.7410    
      4608   3194.9016    
      4896   2742.6733    
      5184   2285.9397    
      5472   1836.6595    
      5760   1391.9991    
      6048   985.88422    
      6336   617.94250    
      6624   332.98572    
      6912   202.35391    
      7200   135.14240    
      7488   95.101471    
      7776   69.136536    
      8064   51.361195    
      8352   38.735687    
      8640   29.531227    
      8928   22.692492    
      9216   17.539587    
      9504   13.615804    
      9792   10.604001    
     10080   8.2781229    
     10368   6.4735985    
     10656   5.0686259    
     10944   3.9718218    
     11232   3.1138971    
     11520   2.4418499    
     11808   1.9148736    
     12096   1.5013764    
     12384   1.1767974    
     12672   1.0000000    
     12960   1.0000000    
     13248   1.0000000    
     13536   1.0000000    
     13824   1.0000000    
     14112   1.0000000    
     14400   1.0000000    
     14688   1.0000000    
     14976   1.0000000    
     15264   1.0000000    
     15552   1.0000000    
     15840   1.0000000    
     16128   1.0000000    
     16416   1.0000000    
     16704   1.0000000    
     16992   1.0000000    
     17280   1.0000000    
     17568   1.0000000    
     17856   1.0000000    
     18144   1.0000000    
     18432   1.0000000    
     18720   1.0000000    
     19008   1.0000000    
     19296   1.0000000    
     19584   1.0000000    
     19872   1.0000000    
     20160   1.0000000    
     20448   1.0000000    
     20736   1.0000000    
     21024   1.0000000    
     21312   1.0000000    
     21600   1.0000000    
     21888   1.0000000    
     22176   1.0000000    
     22464   1.0000000    
     22752   1.0000000    
     23040   1.0000000    
     23328   1.0000000    
     23616   1.0000000    
     23904   1.0000000    
     24192   1.0000000    
     24480   1.0000000    
     24768   1.0000000    
     25056   1.0000000    
     25344   1.0000000    
     25632   1.0000000    
     25920   1.0000000    
     26208   1.0000000    
     26496   1.0000000    
     26784   1.0000000    
     27072   1.0000000    
     27360   1.0000000    
     27648   1.0000000    
     27936   1.0000000    
     28224   1.0000000    
     28512   1.0000000    
     28800   1.0000000    
     29088   1.0000000    
     29376   1.0000000    
     29664   1.0000000    
     29952   1.0000000    
     30240   1.0000000    
     30528   1.0000000    
     30816   1.0000000    
     31104   1.0000000    
     31392   1.0000000    
     31680   1.0000000    
     31968   1.0000000    
     32256   1.0000000    
     32544   1.0000000    
     32832   1.0000000    
     33120   1.0000000    
     33408   1.0000000    
     33696   1.0000000    
     33984   1.0000000    
     34272   1.0000000    
     34560   1.0000000    
     34848   1.0000000    
     35136   1.0000000    
     35424   1.0000000    
     35712   1.0000000    
     36000   1.0000000    
     36288   1.0000000    
     36576   1.0000000    
     36864   1.0000000    
     37152   1.0000000    
     37440   1.0000000    
     37728   1.0000000    
     38016   1.0000000    
     38304   1.0000000    
     38592   1.0000000    
     38880   1.0000000    
     39168   1.0000000    
     39456   1.0000000    
     39744   1.0000000    
     40032   1.0000000    
     40320   1.0000000    
     40608   1.0000000    
     40896   1.0000000    
     41184   1.0000000    
     41472   1.0000000    
     41760   1.0000000    
     42048   1.0000000    
     42336   1.0000000    
     42624   1.0000000    
     42912   1.0000000    
     43200   1.0000000    
     43488   1.0000000    
     43776   1.0000000    
     44064   1.0000000    
     44352   1.0000000    
     44640   1.0000000    
     44928   1.0000000    
     45216   1.0000000    
     45504   1.0000000    
     45792   1.0000000    
     46080   1.0000000    
     46368   1.0000000    
     46656   1.0000000    
     46944   1.0000000    
     47232   1.0000000    
     47520   1.0000000    
     47808   1.0000000    
     48096   1.0000000    
     48384   1.0000000    
     48672   1.0000000    
     48960   1.0000000    
     49248   1.0000000    
     49536   1.0000000    
     49824   1.0000000    
     50112   1.0000000    
     50400   1.0000000    
     50688   1.0000000    
     50976   1.0000000    
     51264   1.0000000    
     51552   1.0000000    
     51840   1.0000000    
     52128   1.0000000    
     52416   1.0000000    
     52704   1.0000000    
     52992   1.0000000    
     53280   1.0000000    
     53568   1.0000000    
     53856   1.0000000    
     54144   1.0000000    
     54432   1.0000000    
     54720   1.0000000    
     55008   1.0000000    
     55296   1.0000000    
     55584   1.0000000    
     55872   1.0000000    
     56160   1.0000000    
     56448   1.0000000    
     56736   1.0000000    
     57024   1.0000000    
     57312   1.0000000    
     57600   1.0000000    
     57888   1.0000000    
     58176   1.0000000    
     58464   1.0000000    
     58752   1.0000000    
     59040   1.0000000    
     59328   1.0000000    
     59616   1.0000000    
     59904   1.0000000    
     60192   1.0000000    
     60480   1.0000000    
     60768   1.0000000    
     61056   1.0000000    
     61344   1.0000000    
     61632   1.0000000    
     61920   1.0000000    
     62208   1.0290734    
     62496   1.2004234    
     62784   1.6229129    
     63072   2.6067922    
     63360   5.1163397    
     63648   12.645366    
     63936   40.342300    
     64224   165.44093    
     64512   718.46924    
     64800   1832.9259    
     65088   2514.6721    
     65376   2892.4172    
     65664   3206.5100    
     65952   3513.4382    
     66240   3808.7703    
     66528   4076.2031    
     66816   4317.8872    
     67104   4520.2422    
     67392   4716.6768    
     67680   4897.3950    
     67968   5055.3374    
     68256   5171.8901    
     68544   5288.3057    
     68832   5393.0063    
     69120   5466.7383    
     69408   5505.7974    
     69696   5555.6797    
     69984   5600.7119    
     70272   5631.7539    
     70560   5644.6206    
     70848   5622.7539    
     71136   5612.2305    
     71424   5599.2422    
     71712   5563.7646    
     72000   5503.9072    
     72288   5469.2173    
     72576   5439.9697    
     72864   5404.5630    
     73152   5357.2178    
     73440   5282.8501    
     73728   5222.4385    
     74016   5162.2085    
     74304   5094.2476    
     74592   4993.3623    
     74880   4909.5200    
     75168   4830.8945    
     75456   4737.8374    
     75744   4661.1558    
     76032   4586.3223    
     76320   4504.8828    
     76608   4404.2754    
     76896   4315.0488    
     77184   4217.8589    
     77472   4115.3530    
     77760   3999.7795    
     78048   3896.7134    
     78336   3798.6838    
     78624   3701.4634    
     78912   3595.6873    
     79200   3503.3992    
     79488   3415.7400    
     79776   3321.7026    
     80064   3219.0527    
     80352   3129.5312    
     80640   3045.1274    
     80928   2960.2932    
     81216   2868.9253    
     81504   2786.4436    
     81792   2706.9802    
     82080   2622.8545    
     82368   2534.2656    
     82656   2441.3667    
     82944   2356.1304    
     83232   2274.1792    
     83520   2192.0659    
     83808   2107.1606    
     84096   2026.2892    
     84384   1946.8666    
     84672   1868.5052    
     84960   1789.4012    
     85248   1708.7605    
     85536   1632.9158    
     85824   1559.4637    
     86112   1485.1851    
     86400   1408.8640    
     86688   1332.6936    
     86976   1260.9728    
     87264   1191.8384    
     87552   1123.7133    
     87840   1055.0046    
     88128   984.97186    
     88416   915.99622    
     88704   850.70874    
     88992   787.91022    
     89280   726.66827    
     89568   666.16327    
     89856   605.93536    
     90144   546.49799    
     90432   489.41724    
     90720   435.95624    
     91008   385.46686    
     91296   337.51270    
     91584   291.88913    
     91872   248.83360    
     92160   208.61104    
     92448   171.52945    
     92736   137.91998    
     93024   108.09204    
     93312   82.608620    
     93600   61.603817    
     93888   44.688698    
     94176   31.679640    
     94464   22.224598    
     94752   15.620869    
     95040   11.066658    
     95328   7.8892016    
     95616   5.6527162    
     95904   4.0676594    
     96192   2.9380167    
     96480   2.1291988    
     96768   1.5477767    
     97056   1.1283454    
     97344   1.0000000    
     97632   1.0000000    
     97920   1.0000000    
     98208   1.0000000    
     98496   1.0000000    
     98784   1.0000000    
     99072   1.0000000    
     99360   1.0000000    
     99648   1.0000000    
     99936   1.0000000    
    100224   1.0000000    
    100512   1.0000000    
    100800   1.0000000    
    101088   1.0000000    
    101376   1.0000000    
    101664   1.0000000    
    101952   1.0000000    
    102240   1.0000000    
    102528   1.0000000    
    102816   1.0000000    
    103104   1.0000000    
    103392   1.0000000    
    103680   1.0000000    
    103968   1.0000000    
    104256   1.0000000    
    104544   1.0000000    
    104832   1.0000000    
