         1   1.4092619    
       288   1.0466830    
       576  0.81805652    
       864  0.66210842    
      1152  0.55452096    
      1440  0.47741690    
      1728  0.42066771    
      2016  0.37777647    
      2304  0.34470645    
      2592  0.31880090    
      2880  0.29825473    
      3168  0.28187051    
      3456  0.26891285    
      3744  0.25867891    
      4032  0.25086313    
      4320  0.24511720    
      4608  0.24107215    
      4896  0.23844633    
      5184  0.23700276    
      5472  0.23660190    
      5760  0.23710133    
      6048  0.23838893    
      6336  0.24037232    
      6624  0.24297196    
      6912  0.24610014    
      7200  0.24972144    
      7488  0.25379601    
      7776  0.25829226    
      8064  0.26318198    
      8352  0.26843807    
      8640  0.27404964    
      8928  0.28000006    
      9216  0.28627589    
      9504  0.29286554    
      9792  0.29975918    
     10080  0.30694574    
     10368  0.31442398    
     10656  0.32218957    
     10944  0.33023989    
     11232  0.33857268    
     11520  0.34718809    
     11808  0.35608131    
     12096  0.36525735    
     12384  0.37471721    
     12672  0.38446388    
     12960  0.39449883    
     13248  0.40482581    
     13536  0.41544595    
     13824  0.42636621    
     14112  0.43759251    
     14400  0.44912747    
     14688  0.46098149    
     14976  0.47315484    
     15264  0.48565686    
     15552  0.49849588    
     15840  0.51168317    
     16128  0.52522475    
     16416  0.53911722    
     16704  0.55337751    
     16992  0.56800407    
     17280  0.58301008    
     17568  0.59840256    
     17856  0.61418611    
     18144  0.63036823    
     18432  0.64697063    
     18720  0.66399062    
     19008  0.68143785    
     19296  0.69931954    
     19584  0.71764690    
     19872  0.73643064    
     20160  0.75568265    
     20448  0.77542126    
     20736  0.79564595    
     21024  0.81636727    
     21312  0.83759511    
     21600  0.85933936    
     21888  0.88161361    
     22176  0.90442979    
     22464  0.92779934    
     22752  0.95173591    
     23040  0.97626734    
     23328   1.0013885    
     23616   1.0271134    
     23904   1.0534540    
     24192   1.0804238    
     24480   1.1080365    
     24768   1.1363077    
     25056   1.1652509    
     25344   1.1948822    
     25632   1.2252185    
     25920   1.2562826    
     26208   1.2880807    
     26496   1.3206315    
     26784   1.3539492    
     27072   1.3880546    
     27360   1.4229641    
     27648   1.4586982    
     27936   1.4952767    
     28224   1.5327286    
     28512   1.5710640    
     28800   1.6103027    
     29088   1.6504657    
     29376   1.6915772    
     29664   1.7336590    
     29952   1.7767336    
     30240   1.8208280    
     30528   1.8659657    
     30816   1.9121718    
     31104   1.9594721    
     31392   2.0078926    
     31680   2.0574679    
     31968   2.1082246    
     32256   2.1601930    
     32544   2.2134092    
     32832   2.2678993    
     33120   2.3237011    
     33408   2.3808172    
     33696   2.4393072    
     33984   2.4992108    
     34272   2.5605681    
     34560   2.6233933    
     34848   2.6877370    
     35136   2.7536352    
     35424   2.8211243    
     35712   2.8902483    
     36000   2.9610488    
     36288   3.0335550    
     36576   3.1078215    
     36864   3.1838791    
     37152   3.2617700    
     37440   3.3415287    
     37728   3.4231997    
     38016   3.5068152    
     38304   3.5924015    
     38592   3.6799953    
     38880   3.7696097    
     39168   3.8612611    
     39456   3.9549580    
     39744   4.0506825    
     40032   4.1484051    
     40320   4.2480679    
     40608   4.3495822    
     40896   4.4528084    
     41184   4.5575538    
     41472   4.6635404    
     41760   4.7703919    
     42048   4.8775978    
     42336   4.9845042    
     42624   5.0902934    
     42912   5.1939993    
     43200   5.2945647    
     43488   5.3909063    
     43776   5.4820604    
     44064   5.5672517    
     44352   5.6459818    
     44640   5.7180195    
     44928   5.7833776    
     45216   5.8422580    
     45504   5.8949842    
     45792   5.9419580    
     46080   5.9836140    
     46368   6.0204134    
     46656   6.0527945    
     46944   6.0811968    
     47232   6.1060295    
     47520   6.1276693    
     47808   6.1464624    
     48096   6.1627254    
     48384   6.1767445    
     48672   6.1887765    
     48960   6.1990504    
     49248   6.2077646    
     49536   6.2151012    
     49824   6.2212105    
     50112   6.2262373    
     50400   6.2302957    
     50688   6.2334862    
     50976   6.2359018    
     51264   6.2376175    
     51552   6.2386971    
     51840   6.2391944    
     52128   6.2391520    
     52416   6.2386141    
     52704   6.2376056    
     52992   6.2361507    
     53280   6.2342706    
     53568   6.2319765    
     53856   6.2292767    
     54144   6.2261810    
     54432   6.2226834    
     54720   6.2187877    
     55008   6.2144871    
     55296   6.2097702    
     55584   6.2046318    
     55872   6.1990542    
     56160   6.1930242    
     56448   6.1865191    
     56736   6.1795211    
     57024   6.1720061    
     57312   6.1639476    
     57600   6.1551304    
     57888   6.1456590    
     58176   6.1354928    
     58464   6.1245856    
     58752   6.1128831    
     59040   6.1003342    
     59328   6.0868750    
     59616   6.0724454    
     59904   6.0569744    
     60192   6.0398326    
     60480   6.0213609    
     60768   6.0014591    
     61056   5.9800186    
     61344   5.9569206    
     61632   5.9320502    
     61920   5.9052916    
     62208   5.8752413    
     62496   5.8427663    
     62784   5.8077106    
     63072   5.7699203    
     63360   5.7292571    
     63648   5.6856055    
     63936   5.6363945    
     64224   5.5838575    
     64512   5.5296760    
     64800   5.4791455    
     65088   5.4347606    
     65376   5.3942208    
     65664   5.3529587    
     65952   5.3150311    
     66240   5.2808771    
     66528   5.2507248    
     66816   5.2245512    
     67104   5.1975265    
     67392   5.1742311    
     67680   5.1546521    
     67968   5.1386061    
     68256   5.1208019    
     68544   5.1060667    
     68832   5.0943074    
     69120   5.0852485    
     69408   5.0734363    
     69696   5.0638838    
     69984   5.0565062    
     70272   5.0510573    
     70560   5.0472207    
     70848   5.0398641    
     71136   5.0338287    
     71424   5.0290542    
     71712   5.0253386    
     72000   5.0166621    
     72288   5.0090356    
     72576   5.0025148    
     72864   4.9969921    
     73152   4.9922857    
     73440   4.9839396    
     73728   4.9763608    
     74016   4.9695363    
     74304   4.9633470    
     74592   4.9536390    
     74880   4.9445286    
     75168   4.9360514    
     75456   4.9243093    
     75744   4.9133387    
     76032   4.9031324    
     76320   4.8936057    
     76608   4.8810329    
     76896   4.8691683    
     77184   4.8579717    
     77472   4.8473229    
     77760   4.8337545    
     78048   4.8208327    
     78336   4.8085561    
     78624   4.7968912    
     78912   4.7826042    
     79200   4.7690392    
     79488   4.7561989    
     79776   4.7440190    
     80064   4.7294226    
     80352   4.7155581    
     80640   4.7024179    
     80928   4.6899595    
     81216   4.6753306    
     81504   4.6614504    
     81792   4.6482902    
     82080   4.6357903    
     82368   4.6238680    
     82656   4.6099467    
     82944   4.5966735    
     83232   4.5840249    
     83520   4.5719557    
     83808   4.5581093    
     84096   4.5448952    
     84384   4.5322852    
     84672   4.5202374    
     84960   4.5087104    
     85248   4.4956074    
     85536   4.4830866    
     85824   4.4711208    
     86112   4.4596643    
     86400   4.4486752    
     86688   4.4363198    
     86976   4.4244976    
     87264   4.4131808    
     87552   4.4023423    
     87840   4.3919444    
     88128   4.3819523    
     88416   4.3708348    
     88704   4.3601875    
     88992   4.3499880    
     89280   4.3402104    
     89568   4.3308301    
     89856   4.3218265    
     90144   4.3131714    
     90432   4.3036675    
     90720   4.2945757    
     91008   4.2858753    
     91296   4.2775502    
     91584   4.2695870    
     91872   4.2619672    
     92160   4.2546816    
     92448   4.2477093    
     92736   4.2410469    
     93024   4.2346754    
     93312   4.2277994    
     93600   4.2212601    
     93888   4.2150502    
     94176   4.2091532    
     94464   4.2035613    
     94752   4.1982627    
     95040   4.1932492    
     95328   4.1885080    
     95616   4.1840339    
     95904   4.1798162    
     96192   4.1758518    
     96480   4.1721330    
     96768   4.1686611    
     97056   4.1654301    
     97344   4.1624427    
     97632   4.1596956    
     97920   4.1571922    
     98208   4.1549301    
     98496   4.1529136    
     98784   4.1511459    
     99072   4.1496267    
     99360   4.1483636    
     99648   4.1473579    
     99936   4.1466112    
    100224   4.1461310    
    100512   4.1459165    
    100800   4.1459775    
    101088   4.1463165    
    101376   4.1469345    
    101664   4.1478367    
    101952   4.1491933    
    102240   4.1508279    
    102528   4.1527424    
    102816   4.1549430    
    103104   4.1574321    
    103392   4.1602163    
    103680   4.1633000    
    103968   4.1666846    
    104256   4.1703734    
    104544   4.1743698    
    104832   4.1787753    
