         1   170.00000    
       288  0.12085951    
       576  0.12082469    
       864  0.12079003    
      1152  0.12075733    
      1440  0.12072592    
      1728  0.12069497    
      2016  0.12066621    
      2304  0.12063809    
      2592  0.12061152    
      2880  0.14946979    
      3168  0.32857090    
      3456  0.50239915    
      3744  0.64965093    
      4032  0.77834529    
      4320  0.89268202    
      4608  0.99542904    
      4896   1.0882065    
      5184   1.1752261    
      5472   1.2530168    
      5760   1.3227307    
      6048   1.3853106    
      6336   1.4413520    
      6624   1.4912757    
      6912   1.5365291    
      7200   1.5747461    
      7488   1.6034980    
      7776   1.6249709    
      8064   1.6440706    
      8352   1.6615403    
      8640   1.6767253    
      8928   1.6897601    
      9216   1.7007451    
      9504   1.7095683    
      9792   1.7156324    
     10080   1.7178305    
     10368   1.7206570    
     10656   1.7241373    
     10944   1.7282118    
     11232   1.7328297    
     11520   1.7379444    
     11808   1.7434045    
     12096   1.7493237    
     12384   1.7556292    
     12672   1.7622923    
     12960   1.7692811    
     13248   1.7764984    
     13536   1.7840215    
     13824   1.7918077    
     14112   1.7998430    
     14400   1.8081018    
     14688   1.8165781    
     14976   1.8252510    
     15264   1.8340557    
     15552   1.8430793    
     15840   1.8522801    
     16128   1.8616281    
     16416   1.8710984    
     16704   1.8807044    
     16992   1.8903782    
     17280   1.9001915    
     17568   1.9101274    
     17856   1.9201777    
     18144   1.9303410    
     18432   1.9406412    
     18720   1.9510627    
     19008   1.9615711    
     19296   1.9722186    
     19584   1.9830046    
     19872   1.9939348    
     20160   2.0050185    
     20448   2.0162804    
     20736   2.0277116    
     21024   2.0392911    
     21312   2.0510693    
     21600   2.0630522    
     21888   2.0752540    
     22176   2.0876889    
     22464   2.1003749    
     22752   2.1133313    
     23040   2.1265969    
     23328   2.1401408    
     23616   2.1540189    
     23904   2.1682439    
     24192   2.1828451    
     24480   2.1978395    
     24768   2.2132566    
     25056   2.2291272    
     25344   2.2454772    
     25632   2.2623246    
     25920   2.2797332    
     26208   2.2977273    
     26496   2.3163533    
     26784   2.3356409    
     27072   2.3556418    
     27360   2.3764024    
     27648   2.3979809    
     27936   2.4204047    
     28224   2.4437771    
     28512   2.4681427    
     28800   2.4935691    
     29088   2.5201311    
     29376   2.5479052    
     29664   2.5769782    
     29952   2.6074450    
     30240   2.6393917    
     30528   2.6729541    
     30816   2.7082479    
     31104   2.7454023    
     31392   2.7845602    
     31680   2.8258862    
     31968   2.8695588    
     32256   2.9157660    
     32544   2.9647019    
     32832   3.0166368    
     33120   3.0718195    
     33408   3.1304982    
     33696   3.1930406    
     33984   3.2598131    
     34272   3.3312328    
     34560   3.4077275    
     34848   3.4898181    
     35136   3.5781317    
     35424   3.6733277    
     35712   3.7761939    
     36000   3.8876271    
     36288   4.0086527    
     36576   4.1405001    
     36864   4.2845578    
     37152   4.4424601    
     37440   4.6162357    
     37728   4.8081899    
     38016   5.0211558    
     38304   5.2584906    
     38592   5.5243444    
     38880   5.8237677    
     39168   6.1630230    
     39456   6.5498486    
     39744   6.9941993    
     40032   7.5085115    
     40320   8.1087637    
     40608   8.8156004    
     40896   9.6558504    
     41184   10.664558    
     41472   11.887509    
     41760   13.384202    
     42048   15.231663    
     42336   17.526424    
     42624   20.385464    
     42912   23.941946    
     43200   28.332735    
     43488   33.675167    
     43776   40.034668    
     44064   47.392433    
     44352   55.630074    
     44640   64.543678    
     44928   73.886375    
     45216   83.416229    
     45504   92.927284    
     45792   102.25853    
     46080   111.28867    
     46368   119.92856    
     46656   128.11435    
     46944   135.80278    
     47232   142.96814    
     47520   149.59984    
     47808   155.69749    
     48096   161.27116    
     48384   166.33778    
     48672   170.91988    
     48960   175.04337    
     49248   178.73683    
     49536   182.03009    
     49824   184.95366    
     50112   187.53766    
     50400   189.81151    
     50688   191.80360    
     50976   193.54089    
     51264   195.04875    
     51552   196.35083    
     51840   197.46930    
     52128   198.42447    
     52416   199.23468    
     52704   199.91728    
     52992   200.48746    
     53280   200.95921    
     53568   201.34515    
     53856   201.65620    
     54144   201.90314    
     54432   202.09450    
     54720   202.23872    
     55008   202.34216    
     55296   202.41158    
     55584   202.45247    
     55872   202.46991    
     56160   202.46814    
     56448   202.45064    
     56736   202.42120    
     57024   202.38254    
     57312   202.33736    
     57600   202.28841    
     57888   202.23666    
     58176   202.18509    
     58464   202.13461    
     58752   202.08600    
     59040   202.04114    
     59328   202.00174    
     59616   201.96838    
     59904   201.94240    
     60192   201.92798    
     60480   201.92354    
     60768   201.93010    
     61056   201.94872    
     61344   201.98058    
     61632   202.02658    
     61920   202.08815    
     62208   202.17595    
     62496   202.28360    
     62784   202.41232    
     63072   202.56340    
     63360   202.73793    
     63648   202.93709    
     63936   203.18680    
     64224   203.46715    
     64512   203.77455    
     64800   204.09062    
     65088   204.38670    
     65376   204.64508    
     65664   204.90863    
     65952   205.12883    
     66240   205.30133    
     66528   205.42325    
     66816   205.49387    
     67104   205.57701    
     67392   205.61444    
     67680   205.60776    
     67968   205.55965    
     68256   205.54260    
     68544   205.49461    
     68832   205.41893    
     69120   205.31992    
     69408   205.27231    
     69696   205.21233    
     69984   205.14279    
     70272   205.06729    
     70560   204.99013    
     70848   204.98180    
     71136   204.97951    
     71424   204.98433    
     71712   204.99815    
     72000   205.10014    
     72288   205.21304    
     72576   205.33461    
     72864   205.46367    
     73152   205.60068    
     73440   205.80304    
     73728   206.01349    
     74016   206.23100    
     74304   206.45512    
     74592   206.73886    
     74880   207.02872    
     75168   207.32315    
     75456   207.67172    
     75744   208.02206    
     76032   208.37270    
     76320   208.72313    
     76608   209.12000    
     76896   209.51535    
     77184   209.90894    
     77472   210.30086    
     77760   210.73553    
     78048   211.16789    
     78336   211.59770    
     78624   212.02472    
     78912   212.49065    
     79200   212.95316    
     79488   213.41171    
     79776   213.86664    
     80064   214.35724    
     80352   214.84363    
     80640   215.32573    
     80928   215.80388    
     81216   216.31473    
     81504   216.82101    
     81792   217.32298    
     82080   217.82130    
     82368   218.31676    
     82656   218.84322    
     82944   219.36646    
     83232   219.88693    
     83520   220.40521    
     83808   220.95227    
     84096   221.49663    
     84384   222.03842    
     84672   222.57835    
     84960   223.11688    
     85248   223.68169    
     85536   224.24440    
     85824   224.80542    
     86112   225.36549    
     86400   225.92493    
     86688   226.50803    
     86976   227.08949    
     87264   227.66968    
     87552   228.24913    
     87840   228.82816    
     88128   229.40738    
     88416   230.00713    
     88704   230.60593    
     88992   231.20412    
     89280   231.80170    
     89568   232.39937    
     89856   232.99721    
     90144   233.59569    
     90432   234.21036    
     90720   234.82451    
     91008   235.43822    
     91296   236.05145    
     91584   236.66455    
     91872   237.27776    
     92160   237.89096    
     92448   238.50418    
     92736   239.11792    
     93024   239.73207    
     93312   240.35678    
     93600   240.98027    
     93888   241.60292    
     94176   242.22464    
     94464   242.84512    
     94752   243.46477    
     95040   244.08339    
     95328   244.70047    
     95616   245.31633    
     95904   245.93073    
     96192   246.54359    
     96480   247.15492    
     96768   247.76428    
     97056   248.37164    
     97344   248.97708    
     97632   249.58035    
     97920   250.18083    
     98208   250.77823    
     98496   251.37202    
     98784   251.96358    
     99072   252.55005    
     99360   253.13364    
     99648   253.71291    
     99936   254.28784    
    100224   254.85712    
    100512   255.42293    
    100800   255.98294    
    101088   256.53610    
    101376   257.08420    
    101664   257.62531    
    101952   258.15857    
    102240   258.68814    
    102528   259.20972    
    102816   259.72498    
    103104   260.23352    
    103392   260.73267    
    103680   261.22644    
    103968   261.71140    
    104256   262.18698    
    104544   262.65625    
    104832   263.11737    
