         1   0.0000000    
       288   10.943609    
       576   20.121902    
       864   29.031960    
      1152   37.465187    
      1440   45.427525    
      1728   52.924618    
      2016   59.956600    
      2304   66.514206    
      2592   72.585381    
      2880   78.155861    
      3168   83.200775    
      3456   87.683365    
      3744   91.588249    
      4032   94.869286    
      4320   97.512054    
      4608   99.532051    
      4896   100.95930    
      5184   101.85253    
      5472   102.26824    
      5760   102.27985    
      6048   101.97725    
      6336   101.45230    
      6624   100.79617    
      6912   100.11160    
      7200   99.411674    
      7488   98.698982    
      7776   97.975891    
      8064   97.244484    
      8352   96.507263    
      8640   95.764099    
      8928   95.015884    
      9216   94.263596    
      9504   93.508018    
      9792   92.749893    
     10080   91.990601    
     10368   91.229744    
     10656   90.467552    
     10944   89.704178    
     11232   88.939835    
     11520   88.174889    
     11808   87.409637    
     12096   86.644020    
     12384   85.878265    
     12672   85.111893    
     12960   84.344940    
     13248   83.578392    
     13536   82.811584    
     13824   82.044670    
     14112   81.277924    
     14400   80.510666    
     14688   79.743622    
     14976   78.976624    
     15264   78.209167    
     15552   77.441971    
     15840   76.674889    
     16128   75.907967    
     16416   75.140778    
     16704   74.373314    
     16992   73.605988    
     17280   72.838890    
     17568   72.071831    
     17856   71.304848    
     18144   70.538010    
     18432   69.771057    
     18720   69.003403    
     19008   68.235855    
     19296   67.468506    
     19584   66.701187    
     19872   65.933899    
     20160   65.166603    
     20448   64.399330    
     20736   63.632076    
     21024   62.864773    
     21312   62.097130    
     21600   61.329517    
     21888   60.561954    
     22176   59.794365    
     22464   59.026745    
     22752   58.259060    
     23040   57.491131    
     23328   56.723019    
     23616   55.954891    
     23904   55.186752    
     24192   54.418591    
     24480   53.650406    
     24768   52.882179    
     25056   52.113903    
     25344   51.345215    
     25632   50.576508    
     25920   49.807781    
     26208   49.039021    
     26496   48.270229    
     26784   47.501400    
     27072   46.732525    
     27360   45.963596    
     27648   45.194595    
     27936   44.425518    
     28224   43.656078    
     28512   42.886623    
     28800   42.117161    
     29088   41.347683    
     29376   40.578197    
     29664   39.808701    
     29952   39.039196    
     30240   38.269688    
     30528   37.500179    
     30816   36.730671    
     31104   35.961170    
     31392   35.191681    
     31680   34.422215    
     31968   33.652779    
     32256   32.883389    
     32544   32.114082    
     32832   31.344992    
     33120   30.576086    
     33408   29.807306    
     33696   29.038826    
     33984   28.270506    
     34272   27.502510    
     34560   26.734787    
     34848   25.967453    
     35136   25.200502    
     35424   24.434027    
     35712   23.668089    
     36000   22.902704    
     36288   22.137964    
     36576   21.374002    
     36864   20.610844    
     37152   19.848600    
     37440   19.087429    
     37728   18.327583    
     38016   17.569075    
     38304   16.812168    
     38592   16.057138    
     38880   15.304163    
     39168   14.553636    
     39456   13.805935    
     39744   13.061547    
     40032   12.321066    
     40320   11.585222    
     40608   10.854930    
     40896   10.131342    
     41184   9.4159098    
     41472   8.7104740    
     41760   8.0173521    
     42048   7.3394341    
     42336   6.6802473    
     42624   6.0439320    
     42912   5.4351096    
     43200   4.8585320    
     43488   4.3185983    
     43776   3.8188140    
     44064   3.3613210    
     44352   2.9467549    
     44640   2.5743403    
     44928   2.2422009    
     45216   1.9477266    
     45504   1.6879162    
     45792   1.4596224    
     46080   1.2597184    
     46368   1.0852053    
     46656  0.93326831    
     46944  0.80130732    
     47232  0.68695056    
     47520  0.58805150    
     47808  0.50268388    
     48096  0.42912766    
     48384  0.36585605    
     48672  0.31151864    
     48960  0.26492625    
     49248  0.22503372    
     49536  0.19092660    
     49824  0.16180608    
     50112  0.13697633    
     50400  0.11583263    
     50688  0.97850405E-01
     50976  0.82575865E-01
     51264  0.69616638E-01
     51552  0.58634680E-01
     51840  0.49338777E-01
     52128  0.41478764E-01
     52416  0.34839980E-01
     52704  0.29238554E-01
     52992  0.24517221E-01
     53280  0.20541627E-01
     53568  0.17197223E-01
     53856  0.14386449E-01
     54144  0.12026286E-01
     54432  0.10046260E-01
     54720  0.83865710E-02
     55008  0.69965310E-02
     55296  0.58332686E-02
     55584  0.48605376E-02
     55872  0.40477337E-02
     56160  0.33690534E-02
     56448  0.28027529E-02
     56736  0.23305325E-02
     57024  0.19370094E-02
     57312  0.16092684E-02
     57600  0.13364654E-02
     57888  0.11095147E-02
     58176  0.92080602E-03
     58464  0.76396944E-03
     58752  0.63367997E-03
     59040  0.52548968E-03
     59328  0.43568489E-03
     59616  0.36116713E-03
     59904  0.29935452E-03
     60192  0.24809528E-03
     60480  0.20559867E-03
     60768  0.17037464E-03
     61056  0.14118452E-03
     61344  0.11699848E-03
     61632  0.98654164E-04
     61920  0.10514111E-03
     62208  0.14095301E-03
     62496  0.20763565E-03
     62784  0.30908090E-03
     63072  0.45637353E-03
     63360  0.68248279E-03
     63648  0.11033793E-02
     63936  0.22310263E-02
     64224  0.68085538E-02
     64512  0.30245604E-01
     64800  0.11911963    
     65088  0.28341979    
     65376  0.48362312    
     65664  0.70604962    
     65952  0.94887304    
     66240   1.2093117    
     66528   1.4824573    
     66816   1.7611823    
     67104   2.0410509    
     67392   2.3196464    
     67680   2.5919974    
     67968   2.8521452    
     68256   3.0967426    
     68544   3.3257711    
     68832   3.5361366    
     69120   3.7236860    
     69408   3.8866096    
     69696   4.0286880    
     69984   4.1493845    
     70272   4.2468791    
     70560   4.3193231    
     70848   4.3683796    
     71136   4.3990488    
     71424   4.4120903    
     71712   4.4069309    
     72000   4.3859515    
     72288   4.3560410    
     72576   4.3179626    
     72864   4.2707715    
     73152   4.2131433    
     73440   4.1465554    
     73728   4.0747662    
     74016   3.9977603    
     74304   3.9146805    
     74592   3.8268077    
     74880   3.7366350    
     75168   3.6444705    
     75456   3.5517747    
     75744   3.4609702    
     76032   3.3711927    
     76320   3.2809315    
     76608   3.1906269    
     76896   3.1019831    
     77184   3.0140669    
     77472   2.9251823    
     77760   2.8362696    
     78048   2.7490780    
     78336   2.6631141    
     78624   2.5777225    
     78912   2.4936738    
     79200   2.4123001    
     79488   2.3330288    
     79776   2.2549558    
     80064   2.1782014    
     80352   2.1038790    
     80640   2.0315311    
     80928   1.9604452    
     81216   1.8909864    
     81504   1.8238531    
     81792   1.7585080    
     82080   1.6942773    
     82368   1.6303481    
     82656   1.5671988    
     82944   1.5055612    
     83232   1.4451900    
     83520   1.3857467    
     83808   1.3276082    
     84096   1.2712492    
     84384   1.2162883    
     84672   1.1624559    
     84960   1.1095155    
     85248   1.0577928    
     85536   1.0076712    
     85824  0.95898300    
     86112  0.91154110    
     86400  0.86512202    
     86688  0.81997007    
     86976  0.77638000    
     87264  0.73425490    
     87552  0.69348681    
     87840  0.65397775    
     88128  0.61562800    
     88416  0.57860231    
     88704  0.54308307    
     88992  0.50902128    
     89280  0.47636613    
     89568  0.44507244    
     89856  0.41509807    
     90144  0.38642219    
     90432  0.35912782    
     90720  0.33328775    
     91008  0.30887052    
     91296  0.28584352    
     91584  0.26417354    
     91872  0.24383107    
     92160  0.22478852    
     92448  0.20702021    
     92736  0.19049843    
     93024  0.17518820    
     93312  0.16105774    
     93600  0.14806123    
     93888  0.13613375    
     94176  0.12521243    
     94464  0.11523191    
     94752  0.10611986    
     95040  0.97799346E-01
     95328  0.90195566E-01
     95616  0.83241425E-01
     95904  0.76876275E-01
     96192  0.71045861E-01
     96480  0.65701224E-01
     96768  0.60798250E-01
     97056  0.56297094E-01
     97344  0.52161831E-01
     97632  0.48359901E-01
     97920  0.44862162E-01
     98208  0.41641913E-01
     98496  0.38675137E-01
     98784  0.35940010E-01
     99072  0.33416755E-01
     99360  0.31087451E-01
     99648  0.28935798E-01
     99936  0.26946962E-01
    100224  0.25107494E-01
    100512  0.23405114E-01
    100800  0.21828646E-01
    101088  0.20367913E-01
    101376  0.19013595E-01
    101664  0.17757241E-01
    101952  0.16591100E-01
    102240  0.15508099E-01
    102528  0.14501725E-01
    102816  0.13566076E-01
    103104  0.12695717E-01
    103392  0.11885668E-01
    103680  0.11131369E-01
    103968  0.10428628E-01
    104256  0.97735981E-02
    104544  0.91627501E-02
    104832  0.85928505E-02
