         1  0.30649887E-08
       288  0.61735075E-08
       576  0.62006356E-08
       864  0.62167196E-08
      1152  0.62336940E-08
      1440  0.62511463E-08
      1728  0.62751213E-08
      2016  0.62974888E-08
      2304  0.63186678E-08
      2592  0.63389334E-08
      2880  0.63586270E-08
      3168  0.63781336E-08
      3456  0.64025416E-08
      3744  0.64285981E-08
      4032  0.64588241E-08
      4320  0.64960028E-08
      4608  0.65420753E-08
      4896  0.65985013E-08
      5184  0.66699708E-08
      5472  0.67537629E-08
      5760  0.68517987E-08
      6048  0.69659007E-08
      6336  0.70979564E-08
      6624  0.72498993E-08
      6912  0.74287816E-08
      7200  0.76316846E-08
      7488  0.78652036E-08
      7776  0.81303373E-08
      8064  0.84300655E-08
      8352  0.87738590E-08
      8640  0.91559356E-08
      8928  0.95784634E-08
      9216  0.10043198E-07
      9504  0.10552109E-07
      9792  0.11106743E-07
     10080  0.11727693E-07
     10368  0.12397400E-07
     10656  0.13117267E-07
     10944  0.13888185E-07
     11232  0.14711083E-07
     11520  0.15586480E-07
     11808  0.16534718E-07
     12096  0.17547068E-07
     12384  0.18612509E-07
     12672  0.19729804E-07
     12960  0.20898137E-07
     13248  0.22144706E-07
     13536  0.23439222E-07
     13824  0.24795368E-07
     14112  0.26194289E-07
     14400  0.27632632E-07
     14688  0.29106390E-07
     14976  0.30611421E-07
     15264  0.34312691E-07
     15552  0.40082650E-07
     15840  0.45628738E-07
     16128  0.50945697E-07
     16416  0.56028629E-07
     16704  0.60927071E-07
     16992  0.65698735E-07
     17280  0.70225227E-07
     17568  0.74503205E-07
     17856  0.78529908E-07
     18144  0.82360039E-07
     18432  0.85932868E-07
     18720  0.89248758E-07
     19008  0.92473016E-07
     19296  0.95496979E-07
     19584  0.98262639E-07
     19872  0.10077082E-06
     20160  0.10302528E-06
     20448  0.10509038E-06
     20736  0.10690633E-06
     21024  0.10869298E-06
     21312  0.11023725E-06
     21600  0.11160711E-06
     21888  0.11274435E-06
     22176  0.11365695E-06
     22464  0.11435458E-06
     22752  0.11491163E-06
     23040  0.11526901E-06
     23328  0.11570342E-06
     23616  0.11594612E-06
     23904  0.11607413E-06
     24192  0.11602873E-06
     24480  0.11582246E-06
     24768  0.11546712E-06
     25056  0.11504390E-06
     25344  0.11449050E-06
     25632  0.11410392E-06
     25920  0.11359086E-06
     26208  0.11303533E-06
     26496  0.11237198E-06
     26784  0.11161273E-06
     27072  0.11077105E-06
     27360  0.10985693E-06
     27648  0.10895761E-06
     27936  0.10835524E-06
     28224  0.10767265E-06
     28512  0.10692050E-06
     28800  0.10618763E-06
     29088  0.10539839E-06
     29376  0.10456339E-06
     29664  0.10369164E-06
     29952  0.10287287E-06
     30240  0.10242426E-06
     30528  0.10191073E-06
     30816  0.10134342E-06
     31104  0.10073247E-06
     31392  0.10017283E-06
     31680  0.99582920E-07
     31968  0.98974553E-07
     32256  0.98356210E-07
     32544  0.98272565E-07
     32832  0.98123849E-07
     33120  0.97920520E-07
     33408  0.97673087E-07
     33696  0.97389886E-07
     33984  0.97168339E-07
     34272  0.96911329E-07
     34560  0.96625307E-07
     34848  0.96839081E-07
     35136  0.96963795E-07
     35424  0.97014102E-07
     35712  0.97104376E-07
     36000  0.97150057E-07
     36288  0.97173263E-07
     36576  0.97192640E-07
     36864  0.97223875E-07
     37152  0.97885923E-07
     37440  0.98593240E-07
     37728  0.99254066E-07
     38016  0.99887188E-07
     38304  0.10050787E-06
     38592  0.10112807E-06
     38880  0.10175618E-06
     39168  0.10239812E-06
     39456  0.10374956E-06
     39744  0.10512220E-06
     40032  0.10641189E-06
     40320  0.10762781E-06
     40608  0.10877310E-06
     40896  0.10984572E-06
     41184  0.11083731E-06
     41472  0.11173346E-06
     41760  0.11328073E-06
     42048  0.11458520E-06
     42336  0.11563254E-06
     42624  0.11640672E-06
     42912  0.11689808E-06
     43200  0.11720502E-06
     43488  0.11725690E-06
     43776  0.11712466E-06
     44064  0.11765542E-06
     44352  0.11812106E-06
     44640  0.11864789E-06
     44928  0.11933940E-06
     45216  0.12026936E-06
     45504  0.12148189E-06
     45792  0.12299824E-06
     46080  0.12482273E-06
     46368  0.12694950E-06
     46656  0.12936658E-06
     46944  0.13205920E-06
     47232  0.13569313E-06
     47520  0.13951161E-06
     47808  0.14350879E-06
     48096  0.14767808E-06
     48384  0.15201357E-06
     48672  0.15650988E-06
     48960  0.16116145E-06
     49248  0.16596384E-06
     49536  0.17091253E-06
     49824  0.17600352E-06
     50112  0.18123293E-06
     50400  0.18649820E-06
     50688  0.19189960E-06
     50976  0.19743344E-06
     51264  0.20309587E-06
     51552  0.20888289E-06
     51840  0.21479114E-06
     52128  0.22081893E-06
     52416  0.22696564E-06
     52704  0.23322742E-06
     52992  0.23960013E-06
     53280  0.24607911E-06
     53568  0.25266024E-06
     53856  0.25933900E-06
     54144  0.26600310E-06
     54432  0.27275840E-06
     54720  0.27959987E-06
     55008  0.28652181E-06
     55296  0.29351915E-06
     55584  0.30058527E-06
     55872  0.30771523E-06
     56160  0.31490333E-06
     56448  0.32214183E-06
     56736  0.32942475E-06
     57024  0.33663906E-06
     57312  0.34388691E-06
     57600  0.35041214E-06
     57888  0.35697539E-06
     58176  0.36356786E-06
     58464  0.37018097E-06
     58752  0.37680658E-06
     59040  0.38343549E-06
     59328  0.38994850E-06
     59616  0.39645073E-06
     59904  0.40293548E-06
     60192  0.40856997E-06
     60480  0.41418161E-06
     60768  0.41975935E-06
     61056  0.42529479E-06
     61344  0.43077935E-06
     61632  0.43620051E-06
     61920  0.44143781E-06
     62208  0.44569447E-06
     62496  0.44987542E-06
     62784  0.45397107E-06
     63072  0.45796918E-06
     63360  0.46185758E-06
     63648  0.46562863E-06
     63936  0.46829442E-06
     64224  0.47071967E-06
     64512  0.47301026E-06
     64800  0.47515334E-06
     65088  0.47713434E-06
     65376  0.47894514E-06
     65664  0.47950709E-06
     65952  0.47989329E-06
     66240  0.48009326E-06
     66528  0.47999913E-06
     66816  0.47971093E-06
     67104  0.47806554E-06
     67392  0.47623959E-06
     67680  0.47423148E-06
     67968  0.47204006E-06
     68256  0.46841728E-06
     68544  0.46463657E-06
     68832  0.46070062E-06
     69120  0.45651649E-06
     69408  0.45083934E-06
     69696  0.44506106E-06
     69984  0.43918925E-06
     70272  0.43323377E-06
     70560  0.42720589E-06
     70848  0.41962426E-06
     71136  0.41203833E-06
     71424  0.40446145E-06
     71712  0.39681933E-06
     72000  0.38725082E-06
     72288  0.37781430E-06
     72576  0.36852288E-06
     72864  0.35939090E-06
     73152  0.35043570E-06
     73440  0.33998052E-06
     73728  0.32981461E-06
     74016  0.31994918E-06
     74304  0.31039608E-06
     74592  0.29934642E-06
     74880  0.28874646E-06
     75168  0.27859892E-06
     75456  0.26718536E-06
     75744  0.25635720E-06
     76032  0.24610461E-06
     76320  0.23641800E-06
     76608  0.22561366E-06
     76896  0.21550640E-06
     77184  0.20600100E-06
     77472  0.19716519E-06
     77760  0.18737256E-06
     78048  0.17836598E-06
     78336  0.17010007E-06
     78624  0.16253148E-06
     78912  0.15413130E-06
     79200  0.14652677E-06
     79488  0.13965747E-06
     79776  0.13339736E-06
     80064  0.12640373E-06
     80352  0.12017988E-06
     80640  0.11465371E-06
     80928  0.10975963E-06
     81216  0.10419826E-06
     81504  0.99334528E-07
     81792  0.95091941E-07
     82080  0.91337839E-07
     82368  0.88087539E-07
     82656  0.84170274E-07
     82944  0.80821259E-07
     83232  0.77970085E-07
     83520  0.75555526E-07
     83808  0.72512641E-07
     84096  0.69904530E-07
     84384  0.67735591E-07
     84672  0.65946111E-07
     84960  0.64486805E-07
     85248  0.62397739E-07
     85536  0.60705112E-07
     85824  0.59351194E-07
     86112  0.58232466E-07
     86400  0.57374105E-07
     86688  0.55901680E-07
     86976  0.54750526E-07
     87264  0.53864206E-07
     87552  0.53197073E-07
     87840  0.52660333E-07
     88128  0.52283941E-07
     88416  0.51268483E-07
     88704  0.50481418E-07
     88992  0.49882850E-07
     89280  0.49440455E-07
     89568  0.49078462E-07
     89856  0.48831968E-07
     90144  0.48681734E-07
     90432  0.47892083E-07
     90720  0.47274387E-07
     91008  0.46798657E-07
     91296  0.46392412E-07
     91584  0.46090147E-07
     91872  0.45873879E-07
     92160  0.45728658E-07
     92448  0.45641915E-07
     92736  0.45603198E-07
     93024  0.45560423E-07
     93312  0.44888342E-07
     93600  0.44340297E-07
     93888  0.43894502E-07
     94176  0.43532836E-07
     94464  0.43196753E-07
     94752  0.42922643E-07
     95040  0.42698854E-07
     95328  0.42515694E-07
     95616  0.42364764E-07
     95904  0.42239019E-07
     96192  0.42091841E-07
     96480  0.41963467E-07
     96768  0.41848779E-07
     97056  0.41743334E-07
     97344  0.41643286E-07
     97632  0.41545263E-07
     97920  0.41446455E-07
     98208  0.41305743E-07
     98496  0.41164117E-07
     98784  0.41019206E-07
     99072  0.40869022E-07
     99360  0.40711793E-07
     99648  0.40546027E-07
     99936  0.40370562E-07
    100224  0.40147128E-07
    100512  0.39916547E-07
    100800  0.39677733E-07
    101088  0.39429793E-07
    101376  0.39172139E-07
    101664  0.38904233E-07
    101952  0.39140307E-07
    102240  0.39299792E-07
    102528  0.39389448E-07
    102816  0.39415529E-07
    103104  0.39349093E-07
    103392  0.39233555E-07
    103680  0.39073420E-07
    103968  0.38872798E-07
    104256  0.38635552E-07
    104544  0.38365314E-07
    104832  0.38555076E-07
