         1  0.30649887E-08
       288  0.28930895E-08
       576  0.27514442E-08
       864  0.26421891E-08
      1152  0.25578064E-08
      1440  0.24909705E-08
      1728  0.24395461E-08
      2016  0.23971662E-08
      2304  0.23618312E-08
      2592  0.23320326E-08
      2880  0.23067570E-08
      3168  0.22852766E-08
      3456  0.22688602E-08
      3744  0.22559432E-08
      4032  0.22470923E-08
      4320  0.22431386E-08
      4608  0.22446909E-08
      4896  0.22522151E-08
      5184  0.22673958E-08
      5472  0.22892732E-08
      5760  0.23184556E-08
      6048  0.23554463E-08
      6336  0.24007663E-08
      6624  0.24548368E-08
      6912  0.25198645E-08
      7200  0.25942766E-08
      7488  0.26794891E-08
      7776  0.27747460E-08
      8064  0.28803064E-08
      8352  0.29990670E-08
      8640  0.31285095E-08
      8928  0.32687844E-08
      9216  0.34199563E-08
      9504  0.35820025E-08
      9792  0.37547738E-08
     10080  0.39442409E-08
     10368  0.41439461E-08
     10656  0.43535269E-08
     10944  0.45725295E-08
     11232  0.48003983E-08
     11520  0.50364952E-08
     11808  0.52862128E-08
     12096  0.55458500E-08
     12384  0.58113470E-08
     12672  0.60817560E-08
     12960  0.63560028E-08
     13248  0.66412560E-08
     13536  0.69281909E-08
     13824  0.72196680E-08
     14112  0.78962721E-08
     14400  0.85492271E-08
     14688  0.91715409E-08
     14976  0.97623776E-08
     15264  0.10343976E-07
     15552  0.10892509E-07
     15840  0.11407356E-07
     16128  0.11887946E-07
     16416  0.12333852E-07
     16704  0.12752081E-07
     16992  0.13155076E-07
     17280  0.13522414E-07
     17568  0.13853969E-07
     17856  0.14149743E-07
     18144  0.14417387E-07
     18432  0.14649324E-07
     18720  0.14846020E-07
     19008  0.15033519E-07
     19296  0.15193914E-07
     19584  0.15319694E-07
     19872  0.15411917E-07
     20160  0.15471237E-07
     20448  0.15507119E-07
     20736  0.15511930E-07
     21024  0.15517308E-07
     21312  0.15493271E-07
     21600  0.15449350E-07
     21888  0.15378289E-07
     22176  0.15281930E-07
     22464  0.15161934E-07
     22752  0.15028714E-07
     23040  0.14874814E-07
     23328  0.14736532E-07
     23616  0.14578787E-07
     23904  0.14412326E-07
     24192  0.14229676E-07
     24480  0.14032823E-07
     24768  0.13823831E-07
     25056  0.13613564E-07
     25344  0.13393926E-07
     25632  0.13200489E-07
     25920  0.12997758E-07
     26208  0.12796738E-07
     26496  0.12588907E-07
     26784  0.12376096E-07
     27072  0.12159884E-07
     27360  0.11941726E-07
     27648  0.11732684E-07
     27936  0.11562329E-07
     28224  0.11387443E-07
     28512  0.11209697E-07
     28800  0.11040167E-07
     29088  0.10868998E-07
     29376  0.10697335E-07
     29664  0.10526414E-07
     29952  0.10367349E-07
     30240  0.10250790E-07
     30528  0.10129653E-07
     30816  0.10005404E-07
     31104  0.98794448E-08
     31392  0.97633821E-08
     31680  0.96459418E-08
     31968  0.95281907E-08
     32256  0.94110773E-08
     32544  0.93512762E-08
     32832  0.92835801E-08
     33120  0.92099111E-08
     33408  0.91321013E-08
     33696  0.90515799E-08
     33984  0.89809173E-08
     34272  0.89074756E-08
     34560  0.88324379E-08
     34848  0.88064827E-08
     35136  0.87709235E-08
     35424  0.87283185E-08
     35712  0.86942311E-08
     36000  0.86583745E-08
     36288  0.86244647E-08
     36576  0.85954053E-08
     36864  0.85734468E-08
     37152  0.86156202E-08
     37440  0.86687511E-08
     37728  0.87217149E-08
     38016  0.87780787E-08
     38304  0.88403613E-08
     38592  0.89103693E-08
     38880  0.89893035E-08
     39168  0.90779810E-08
     39456  0.92388888E-08
     39744  0.94106349E-08
     40032  0.95802992E-08
     40320  0.97505746E-08
     40608  0.99232391E-08
     40896  0.10099302E-07
     41184  0.10279073E-07
     41472  0.10462184E-07
     41760  0.10717206E-07
     42048  0.10960425E-07
     42336  0.11192592E-07
     42624  0.11413596E-07
     42912  0.11623094E-07
     43200  0.11834937E-07
     43488  0.12035510E-07
     43776  0.12230319E-07
     44064  0.12499100E-07
     44352  0.12769079E-07
     44640  0.13052568E-07
     44928  0.13359776E-07
     45216  0.13698021E-07
     45504  0.14071764E-07
     45792  0.14483183E-07
     46080  0.14932896E-07
     46368  0.15420557E-07
     46656  0.15945327E-07
     46944  0.16506142E-07
     47232  0.17172495E-07
     47520  0.17865657E-07
     47808  0.18585837E-07
     48096  0.19333157E-07
     48384  0.20107732E-07
     48672  0.20909569E-07
     48960  0.21738606E-07
     49248  0.22594774E-07
     49536  0.23477934E-07
     49824  0.24387917E-07
     50112  0.25324548E-07
     50400  0.26271604E-07
     50688  0.27245601E-07
     50976  0.28246053E-07
     51264  0.29272435E-07
     51552  0.30324234E-07
     51840  0.31400855E-07
     52128  0.32501642E-07
     52416  0.33625966E-07
     52704  0.34773137E-07
     52992  0.35942339E-07
     53280  0.37132846E-07
     53568  0.38343686E-07
     53856  0.39574040E-07
     54144  0.40805613E-07
     54432  0.42055277E-07
     54720  0.43321961E-07
     55008  0.44604430E-07
     55296  0.45901423E-07
     55584  0.47211664E-07
     55872  0.48534009E-07
     56160  0.49867122E-07
     56448  0.51209682E-07
     56736  0.52559944E-07
     57024  0.53899289E-07
     57312  0.55244126E-07
     57600  0.56518239E-07
     57888  0.57796395E-07
     58176  0.59076857E-07
     58464  0.60357650E-07
     58752  0.61637124E-07
     59040  0.62912889E-07
     59328  0.64165960E-07
     59616  0.65412543E-07
     59904  0.66650337E-07
     60192  0.67796130E-07
     60480  0.68930149E-07
     60768  0.70050731E-07
     61056  0.71156038E-07
     61344  0.72243409E-07
     61632  0.73310844E-07
     61920  0.74337571E-07
     62208  0.75250348E-07
     62496  0.76138342E-07
     62784  0.76998532E-07
     63072  0.77828673E-07
     63360  0.78626563E-07
     63648  0.79389949E-07
     63936  0.80017486E-07
     64224  0.80588791E-07
     64512  0.81120263E-07
     64800  0.81609024E-07
     65088  0.82051713E-07
     65376  0.82445169E-07
     65664  0.82676273E-07
     65952  0.82854200E-07
     66240  0.82976207E-07
     66528  0.83022037E-07
     66816  0.83007457E-07
     67104  0.82807489E-07
     67392  0.82544780E-07
     67680  0.82217298E-07
     67968  0.81823842E-07
     68256  0.81226176E-07
     68544  0.80562351E-07
     68832  0.79831281E-07
     69120  0.79016580E-07
     69408  0.77983259E-07
     69696  0.76887417E-07
     69984  0.75729794E-07
     70272  0.74511682E-07
     70560  0.73235121E-07
     70848  0.71729609E-07
     71136  0.70176213E-07
     71424  0.68578089E-07
     71712  0.66924166E-07
     72000  0.65003192E-07
     72288  0.63061897E-07
     72576  0.61105027E-07
     72864  0.59137832E-07
     73152  0.57165728E-07
     73440  0.54993766E-07
     73728  0.52842676E-07
     74016  0.50718238E-07
     74304  0.48626138E-07
     74592  0.46352458E-07
     74880  0.44142833E-07
     75168  0.42001712E-07
     75456  0.39729489E-07
     75744  0.37556227E-07
     76032  0.35483769E-07
     76320  0.33513388E-07
     76608  0.31452050E-07
     76896  0.29519851E-07
     77184  0.27701041E-07
     77472  0.26007273E-07
     77760  0.24255487E-07
     78048  0.22648905E-07
     78336  0.21179385E-07
     78624  0.19838705E-07
     78912  0.18458696E-07
     79200  0.17220094E-07
     79488  0.16110670E-07
     79776  0.15107439E-07
     80064  0.14071847E-07
     80352  0.13163446E-07
     80640  0.12367730E-07
     80928  0.11671549E-07
     81216  0.10938904E-07
     81504  0.10310264E-07
     81792  0.97710160E-08
     82080  0.92982164E-08
     82368  0.88937018E-08
     82656  0.84387928E-08
     82944  0.80588300E-08
     83232  0.77415105E-08
     83520  0.74767064E-08
     83808  0.71570128E-08
     84096  0.68880643E-08
     84384  0.66709043E-08
     84672  0.64962458E-08
     84960  0.63567716E-08
     85248  0.61559735E-08
     85536  0.60012599E-08
     85824  0.58836864E-08
     86112  0.57875211E-08
     86400  0.57184435E-08
     86688  0.55872693E-08
     86976  0.54932223E-08
     87264  0.54272440E-08
     87552  0.53826024E-08
     87840  0.53459313E-08
     88128  0.53236651E-08
     88416  0.52330460E-08
     88704  0.51686806E-08
     88992  0.51242699E-08
     89280  0.50950892E-08
     89568  0.50696896E-08
     89856  0.50550040E-08
     90144  0.50486011E-08
     90432  0.49731357E-08
     90720  0.49187512E-08
     91008  0.48804787E-08
     91296  0.48469229E-08
     91584  0.48244404E-08
     91872  0.48104587E-08
     92160  0.48029971E-08
     92448  0.48005293E-08
     92736  0.48018314E-08
     93024  0.47989817E-08
     93312  0.47285909E-08
     93600  0.46752140E-08
     93888  0.46349502E-08
     94176  0.46047934E-08
     94464  0.45754325E-08
     94752  0.45533191E-08
     95040  0.45367337E-08
     95328  0.45243014E-08
     95616  0.45149458E-08
     95904  0.45078106E-08
     96192  0.44956474E-08
     96480  0.44856558E-08
     96768  0.44771427E-08
     97056  0.44695510E-08
     97344  0.44624375E-08
     97632  0.44554205E-08
     97920  0.44482045E-08
     98208  0.44342956E-08
     98496  0.44208104E-08
     98784  0.44073838E-08
     99072  0.43937143E-08
     99360  0.43795576E-08
     99648  0.43647139E-08
     99936  0.43490322E-08
    100224  0.43263571E-08
    100512  0.43036237E-08
    100800  0.42805843E-08
    101088  0.42570454E-08
    101376  0.42328527E-08
    101664  0.42078869E-08
    101952  0.42390913E-08
    102240  0.42595283E-08
    102528  0.42706922E-08
    102816  0.42738582E-08
    103104  0.42644608E-08
    103392  0.42499422E-08
    103680  0.42309538E-08
    103968  0.42080659E-08
    104256  0.41817789E-08
    104544  0.41525268E-08
    104832  0.41750932E-08
