         1  0.30649887E-08
       288  0.29129752E-08
       576  0.27932763E-08
       864  0.27010263E-08
      1152  0.26287312E-08
      1440  0.25704137E-08
      1728  0.25242874E-08
      2016  0.24853140E-08
      2304  0.24518569E-08
      2592  0.24227367E-08
      2880  0.23970965E-08
      3168  0.23743283E-08
      3456  0.23553008E-08
      3744  0.23386184E-08
      4032  0.23244966E-08
      4320  0.23132971E-08
      4608  0.23052023E-08
      4896  0.23003586E-08
      5184  0.22998270E-08
      5472  0.23027364E-08
      5760  0.23093325E-08
      6048  0.23197477E-08
      6336  0.23341240E-08
      6624  0.23525346E-08
      6912  0.23762519E-08
      7200  0.24040969E-08
      7488  0.24366071E-08
      7776  0.24732676E-08
      8064  0.25140900E-08
      8352  0.25605433E-08
      8640  0.26110181E-08
      8928  0.26654439E-08
      9216  0.27236748E-08
      9504  0.27855618E-08
      9792  0.28508902E-08
     10080  0.29224185E-08
     10368  0.29969349E-08
     10656  0.30741221E-08
     10944  0.31537359E-08
     11232  0.32354095E-08
     11520  0.33187859E-08
     11808  0.34062939E-08
     12096  0.34960512E-08
     12384  0.35864520E-08
     12672  0.36770513E-08
     12960  0.37674521E-08
     13248  0.39022257E-08
     13536  0.40765329E-08
     13824  0.42455666E-08
     14112  0.44069393E-08
     14400  0.45604449E-08
     14688  0.47057456E-08
     14976  0.48426565E-08
     15264  0.49783102E-08
     15552  0.51050626E-08
     15840  0.52226636E-08
     16128  0.53308988E-08
     16416  0.54295808E-08
     16704  0.55207776E-08
     16992  0.56084906E-08
     17280  0.56861640E-08
     17568  0.57536740E-08
     17856  0.58109348E-08
     18144  0.58601164E-08
     18432  0.58989196E-08
     18720  0.59273595E-08
     19008  0.59532956E-08
     19296  0.59710499E-08
     19584  0.59784218E-08
     19872  0.59755525E-08
     20160  0.59626437E-08
     20448  0.59422609E-08
     20736  0.59121881E-08
     21024  0.58817538E-08
     21312  0.58419460E-08
     21600  0.57955614E-08
     21888  0.57404406E-08
     22176  0.56770570E-08
     22464  0.56058922E-08
     22752  0.55299534E-08
     23040  0.54471507E-08
     23328  0.53681517E-08
     23616  0.52828173E-08
     23904  0.51942415E-08
     24192  0.51003064E-08
     24480  0.50017399E-08
     24768  0.48991331E-08
     25056  0.47957665E-08
     25344  0.46894173E-08
     25632  0.45906310E-08
     25920  0.44891841E-08
     26208  0.43883959E-08
     26496  0.42859356E-08
     26784  0.41824033E-08
     27072  0.40783767E-08
     27360  0.39744101E-08
     27648  0.38737493E-08
     27936  0.37849133E-08
     28224  0.36957919E-08
     28512  0.36068164E-08
     28800  0.35213288E-08
     29088  0.34364631E-08
     29376  0.33526408E-08
     29664  0.32702023E-08
     29952  0.31924212E-08
     30240  0.31275684E-08
     30528  0.30626164E-08
     30816  0.29980138E-08
     31104  0.29341241E-08
     31392  0.28742559E-08
     31680  0.28151357E-08
     31968  0.27570184E-08
     32256  0.27001603E-08
     32544  0.26598155E-08
     32832  0.26181548E-08
     33120  0.25757194E-08
     33408  0.25329943E-08
     33696  0.24903730E-08
     33984  0.24513966E-08
     34272  0.24123590E-08
     34560  0.23735989E-08
     34848  0.23481388E-08
     35136  0.23205511E-08
     35424  0.22915683E-08
     35712  0.22650786E-08
     36000  0.22373747E-08
     36288  0.22089852E-08
     36576  0.21803286E-08
     36864  0.21517146E-08
     37152  0.21372988E-08
     37440  0.21232285E-08
     37728  0.21060622E-08
     38016  0.20867628E-08
     38304  0.20660580E-08
     38592  0.20444968E-08
     38880  0.20224704E-08
     39168  0.20002557E-08
     39456  0.19934119E-08
     39744  0.19858533E-08
     40032  0.19741162E-08
     40320  0.19594364E-08
     40608  0.19426445E-08
     40896  0.19242958E-08
     41184  0.19049577E-08
     41472  0.18849757E-08
     41760  0.18813484E-08
     42048  0.18715274E-08
     42336  0.18570124E-08
     42624  0.18387447E-08
     42912  0.18173989E-08
     43200  0.17972199E-08
     43488  0.17740838E-08
     43776  0.17495960E-08
     44064  0.17435948E-08
     44352  0.17346085E-08
     44640  0.17267959E-08
     44928  0.17227775E-08
     45216  0.17239037E-08
     45504  0.17306199E-08
     45792  0.17428186E-08
     46080  0.17601112E-08
     46368  0.17820251E-08
     46656  0.18081054E-08
     46944  0.18379578E-08
     47232  0.18902691E-08
     47520  0.19396662E-08
     47808  0.19881319E-08
     48096  0.20369222E-08
     48384  0.20868482E-08
     48672  0.21384348E-08
     48960  0.21920039E-08
     49248  0.22477773E-08
     49536  0.23058875E-08
     49824  0.23664117E-08
     50112  0.24294007E-08
     50400  0.24904596E-08
     50688  0.25551559E-08
     50976  0.26231086E-08
     51264  0.26940490E-08
     51552  0.27677700E-08
     51840  0.28441007E-08
     52128  0.29229001E-08
     52416  0.30040370E-08
     52704  0.30873868E-08
     52992  0.31728269E-08
     53280  0.32602281E-08
     53568  0.33494589E-08
     53856  0.34403760E-08
     54144  0.35278884E-08
     54432  0.36177519E-08
     54720  0.37095613E-08
     55008  0.38029544E-08
     55296  0.38976120E-08
     55584  0.39932311E-08
     55872  0.40895269E-08
     56160  0.41862251E-08
     56448  0.42830499E-08
     56736  0.43797233E-08
     57024  0.44708530E-08
     57312  0.45621369E-08
     57600  0.46269868E-08
     57888  0.46953810E-08
     58176  0.47661071E-08
     58464  0.48381725E-08
     58752  0.49107283E-08
     59040  0.49830375E-08
     59328  0.50491655E-08
     59616  0.51146412E-08
     59904  0.51788280E-08
     60192  0.52131761E-08
     60480  0.52493583E-08
     60768  0.52862275E-08
     61056  0.53228151E-08
     61344  0.53583253E-08
     61632  0.53920455E-08
     61920  0.54181162E-08
     62208  0.54127831E-08
     62496  0.54093339E-08
     62784  0.54066085E-08
     63072  0.54037081E-08
     63360  0.53998339E-08
     63648  0.53943792E-08
     63936  0.53568190E-08
     64224  0.53162794E-08
     64512  0.52778235E-08
     64800  0.52402300E-08
     65088  0.52022311E-08
     65376  0.51628479E-08
     65664  0.50912443E-08
     65952  0.50223292E-08
     66240  0.49548587E-08
     66528  0.48828634E-08
     66816  0.48114845E-08
     67104  0.47096886E-08
     67392  0.46130721E-08
     67680  0.45203210E-08
     67968  0.44304205E-08
     68256  0.43123460E-08
     68544  0.42020458E-08
     68832  0.40980312E-08
     69120  0.39944803E-08
     69408  0.38660621E-08
     69696  0.37488430E-08
     69984  0.36408851E-08
     70272  0.35406751E-08
     70560  0.34470582E-08
     70848  0.33295591E-08
     71136  0.32242220E-08
     71424  0.31289769E-08
     71712  0.30379284E-08
     72000  0.29200076E-08
     72288  0.28184024E-08
     72576  0.27299361E-08
     72864  0.26521669E-08
     73152  0.25832283E-08
     73440  0.24938644E-08
     73728  0.24186182E-08
     74016  0.23546081E-08
     74304  0.22996993E-08
     74592  0.22213058E-08
     74880  0.21582969E-08
     75168  0.21072253E-08
     75456  0.20393227E-08
     75744  0.19869804E-08
     76032  0.19464734E-08
     76320  0.19151860E-08
     76608  0.18660034E-08
     76896  0.18306245E-08
     77184  0.18021022E-08
     77472  0.17828746E-08
     77760  0.17464808E-08
     78048  0.17236244E-08
     78336  0.17106493E-08
     78624  0.17046562E-08
     78912  0.16797606E-08
     79200  0.16654784E-08
     79488  0.16585989E-08
     79776  0.16536303E-08
     80064  0.16299179E-08
     80352  0.16164537E-08
     80640  0.16101793E-08
     80928  0.16090147E-08
     81216  0.15885735E-08
     81504  0.15773601E-08
     81792  0.15726690E-08
     82080  0.15695291E-08
     82368  0.15706778E-08
     82656  0.15523450E-08
     82944  0.15425468E-08
     83232  0.15388584E-08
     83520  0.15396018E-08
     83808  0.15214855E-08
     84096  0.15087397E-08
     84384  0.15028290E-08
     84672  0.15018816E-08
     84960  0.15045849E-08
     85248  0.14883886E-08
     85536  0.14798274E-08
     85824  0.14768247E-08
     86112  0.14751350E-08
     86400  0.14771983E-08
     86688  0.14609489E-08
     86976  0.14520830E-08
     87264  0.14486413E-08
     87552  0.14492193E-08
     87840  0.14501805E-08
     88128  0.14540427E-08
     88416  0.14395942E-08
     88704  0.14316714E-08
     88992  0.14286035E-08
     89280  0.14291736E-08
     89568  0.14299812E-08
     89856  0.14334397E-08
     90144  0.14389215E-08
     90432  0.14261254E-08
     90720  0.14188920E-08
     91008  0.14158552E-08
     91296  0.14135783E-08
     91584  0.14142306E-08
     91872  0.14171110E-08
     92160  0.14216874E-08
     92448  0.14275512E-08
     92736  0.14343894E-08
     93024  0.14397030E-08
     93312  0.14270249E-08
     93600  0.14188778E-08
     93888  0.14142078E-08
     94176  0.14122015E-08
     94464  0.14100097E-08
     94752  0.14097788E-08
     95040  0.14110335E-08
     95328  0.14133984E-08
     95616  0.14165772E-08
     95904  0.14203306E-08
     96192  0.14223681E-08
     96480  0.14250026E-08
     96768  0.14280322E-08
     97056  0.14312959E-08
     97344  0.14346596E-08
     97632  0.14380142E-08
     97920  0.14412660E-08
     98208  0.14423349E-08
     98496  0.14434846E-08
     98784  0.14446048E-08
     99072  0.14455986E-08
     99360  0.14463897E-08
     99648  0.14469107E-08
     99936  0.14471090E-08
    100224  0.14450053E-08
    100512  0.14427938E-08
    100800  0.14403947E-08
    101088  0.14377413E-08
    101376  0.14347792E-08
    101664  0.14314645E-08
    101952  0.14435103E-08
    102240  0.14527081E-08
    102528  0.14593863E-08
    102816  0.14638299E-08
    103104  0.14644705E-08
    103392  0.14635868E-08
    103680  0.14613218E-08
    103968  0.14578024E-08
    104256  0.14531383E-08
    104544  0.14474282E-08
    104832  0.14558362E-08
