         1  0.30649887E-08
       288  0.29351173E-08
       576  0.28356699E-08
       864  0.27589497E-08
      1152  0.26980727E-08
      1440  0.26481988E-08
      1728  0.26079330E-08
      2016  0.25732865E-08
      2304  0.25429243E-08
      2592  0.25158735E-08
      2880  0.24915001E-08
      3168  0.24692579E-08
      3456  0.24497429E-08
      3744  0.24317721E-08
      4032  0.24153251E-08
      4320  0.24004156E-08
      4608  0.23870623E-08
      4896  0.23751860E-08
      5184  0.23654108E-08
      5472  0.23570346E-08
      5760  0.23500126E-08
      6048  0.23443152E-08
      6336  0.23399060E-08
      6624  0.23367310E-08
      6912  0.23354469E-08
      7200  0.23352480E-08
      7488  0.23362654E-08
      7776  0.23382214E-08
      8064  0.23410078E-08
      8352  0.23454281E-08
      8640  0.23505242E-08
      8928  0.23561708E-08
      9216  0.23623112E-08
      9504  0.23688098E-08
      9792  0.23755646E-08
     10080  0.23837619E-08
     10368  0.23919906E-08
     10656  0.24001479E-08
     10944  0.24081324E-08
     11232  0.24158071E-08
     11520  0.24231008E-08
     11808  0.24310631E-08
     12096  0.24387834E-08
     12384  0.24457756E-08
     12672  0.24579527E-08
     12960  0.24749436E-08
     13248  0.24915123E-08
     13536  0.25061218E-08
     13824  0.25191622E-08
     14112  0.25301403E-08
     14400  0.25389786E-08
     14688  0.25456011E-08
     14976  0.25499876E-08
     15264  0.25543154E-08
     15552  0.25562679E-08
     15840  0.25558415E-08
     16128  0.25529743E-08
     16416  0.25476463E-08
     16704  0.25402982E-08
     16992  0.25323976E-08
     17280  0.25219282E-08
     17568  0.25088838E-08
     17856  0.24932671E-08
     18144  0.24755615E-08
     18432  0.24552629E-08
     18720  0.24323674E-08
     19008  0.24091809E-08
     19296  0.23839362E-08
     19584  0.23561855E-08
     19872  0.23259237E-08
     20160  0.22932525E-08
     20448  0.22587567E-08
     20736  0.22219857E-08
     21024  0.21855189E-08
     21312  0.21468858E-08
     21600  0.21067470E-08
     21888  0.20646347E-08
     22176  0.20207234E-08
     22464  0.19751332E-08
     22752  0.19285886E-08
     23040  0.18806599E-08
     23328  0.18341781E-08
     23616  0.17865022E-08
     23904  0.17383872E-08
     24192  0.16894129E-08
     24480  0.16397739E-08
     24768  0.15896578E-08
     25056  0.15398535E-08
     25344  0.14899176E-08
     25632  0.14424832E-08
     25920  0.13950788E-08
     26208  0.13484839E-08
     26496  0.13022107E-08
     26784  0.12564318E-08
     27072  0.12113082E-08
     27360  0.11669905E-08
     27648  0.11242587E-08
     27936  0.10851663E-08
     28224  0.10468560E-08
     28512  0.10094596E-08
     28800  0.97370856E-09
     29088  0.93896690E-09
     29376  0.90532415E-09
     29664  0.87284269E-09
     29952  0.84223578E-09
     30240  0.81534030E-09
     30528  0.78921980E-09
     30816  0.76393752E-09
     31104  0.73953671E-09
     31392  0.71673584E-09
     31680  0.69475070E-09
     31968  0.67360834E-09
     32256  0.65332173E-09
     32544  0.63713845E-09
     32832  0.62118377E-09
     33120  0.60553101E-09
     33408  0.59024408E-09
     33696  0.57537530E-09
     33984  0.56168431E-09
     34272  0.54831151E-09
     34560  0.53530264E-09
     34848  0.52531074E-09
     35136  0.51511673E-09
     35424  0.50486160E-09
     35712  0.49539117E-09
     36000  0.48584797E-09
     36288  0.47634197E-09
     36576  0.46694815E-09
     36864  0.45772963E-09
     37152  0.45148868E-09
     37440  0.44548298E-09
     37728  0.43893467E-09
     38016  0.43206014E-09
     38304  0.42502360E-09
     38592  0.41793946E-09
     38880  0.41089240E-09
     39168  0.40394085E-09
     39456  0.40007281E-09
     39744  0.39618706E-09
     40032  0.39152534E-09
     40320  0.38638107E-09
     40608  0.38095876E-09
     40896  0.37539166E-09
     41184  0.36976427E-09
     41472  0.36412412E-09
     41760  0.36165529E-09
     42048  0.35801398E-09
     42336  0.35361256E-09
     42624  0.34871420E-09
     42912  0.34349620E-09
     43200  0.33890935E-09
     43488  0.33394895E-09
     43776  0.32891756E-09
     44064  0.32737771E-09
     44352  0.32494255E-09
     44640  0.32235017E-09
     44928  0.32003711E-09
     45216  0.31821054E-09
     45504  0.31692993E-09
     45792  0.31616887E-09
     46080  0.31586098E-09
     46368  0.31592950E-09
     46656  0.31630246E-09
     46944  0.31691827E-09
     47232  0.32122952E-09
     47520  0.32418590E-09
     47808  0.32641248E-09
     48096  0.32825992E-09
     48384  0.32992287E-09
     48672  0.33150827E-09
     48960  0.33307368E-09
     49248  0.33464881E-09
     49536  0.33624820E-09
     49824  0.33787892E-09
     50112  0.33954284E-09
     50400  0.34032005E-09
     50688  0.34153419E-09
     50976  0.34300301E-09
     51264  0.34462486E-09
     51552  0.34634290E-09
     51840  0.34812472E-09
     52128  0.34995210E-09
     52416  0.35181449E-09
     52704  0.35370964E-09
     52992  0.35567663E-09
     53280  0.35776571E-09
     53568  0.36000028E-09
     53856  0.36238579E-09
     54144  0.36392953E-09
     54432  0.36604481E-09
     54720  0.36852671E-09
     55008  0.37125578E-09
     55296  0.37416040E-09
     55584  0.37719494E-09
     55872  0.38032802E-09
     56160  0.38353662E-09
     56448  0.38680284E-09
     56736  0.39011119E-09
     57024  0.39242640E-09
     57312  0.39518697E-09
     57600  0.39365863E-09
     57888  0.39418482E-09
     58176  0.39585679E-09
     58464  0.39816092E-09
     58752  0.40080464E-09
     59040  0.40362017E-09
     59328  0.40545867E-09
     59616  0.40774925E-09
     59904  0.41027301E-09
     60192  0.40815601E-09
     60480  0.40803874E-09
     60768  0.40904372E-09
     61056  0.41066955E-09
     61344  0.41262957E-09
     61632  0.41475989E-09
     61920  0.41591067E-09
     62208  0.41265832E-09
     62496  0.41166426E-09
     62784  0.41197587E-09
     63072  0.41304626E-09
     63360  0.41456341E-09
     63648  0.41635012E-09
     63936  0.41345169E-09
     64224  0.41160686E-09
     64512  0.41145509E-09
     64800  0.41226200E-09
     65088  0.41353379E-09
     65376  0.41499382E-09
     65664  0.41168430E-09
     65952  0.41033221E-09
     66240  0.41008844E-09
     66528  0.40942721E-09
     66816  0.40949663E-09
     67104  0.40515716E-09
     67392  0.40300260E-09
     67680  0.40213172E-09
     67968  0.40202200E-09
     68256  0.39759307E-09
     68544  0.39540926E-09
     68832  0.39459228E-09
     69120  0.39364573E-09
     69408  0.38885739E-09
     69696  0.38656667E-09
     69984  0.38575357E-09
     70272  0.38581707E-09
     70560  0.38640396E-09
     70848  0.38253148E-09
     71136  0.38074363E-09
     71424  0.38021913E-09
     71712  0.37953560E-09
     72000  0.37393175E-09
     72288  0.37111558E-09
     72576  0.36999745E-09
     72864  0.36992501E-09
     73152  0.37050707E-09
     73440  0.36674105E-09
     73728  0.36507272E-09
     74016  0.36470921E-09
     74304  0.36517109E-09
     74592  0.36050576E-09
     74880  0.35831704E-09
     75168  0.35768211E-09
     75456  0.35329670E-09
     75744  0.35131409E-09
     76032  0.35084308E-09
     76320  0.35133924E-09
     76608  0.34777076E-09
     76896  0.34632683E-09
     77184  0.34539918E-09
     77472  0.34565331E-09
     77760  0.34200962E-09
     78048  0.34054243E-09
     78336  0.34048056E-09
     78624  0.34134315E-09
     78912  0.33819894E-09
     79200  0.33707118E-09
     79488  0.33726294E-09
     79776  0.33755324E-09
     80064  0.33410391E-09
     80352  0.33278080E-09
     80640  0.33286576E-09
     80928  0.33389946E-09
     81216  0.33104980E-09
     81504  0.33012154E-09
     81792  0.33048506E-09
     82080  0.33099307E-09
     82368  0.33235073E-09
     82656  0.32980788E-09
     82944  0.32907427E-09
     83232  0.32958342E-09
     83520  0.33096054E-09
     83808  0.32852285E-09
     84096  0.32713277E-09
     84384  0.32717568E-09
     84672  0.32822600E-09
     84960  0.32999750E-09
     85248  0.32792483E-09
     85536  0.32746308E-09
     85824  0.32814354E-09
     86112  0.32897948E-09
     86400  0.33059508E-09
     86688  0.32848224E-09
     86976  0.32793607E-09
     87264  0.32851913E-09
     87552  0.32992534E-09
     87840  0.33130662E-09
     88128  0.33330241E-09
     88416  0.33154293E-09
     88704  0.33116965E-09
     88992  0.33181616E-09
     89280  0.33321987E-09
     89568  0.33458455E-09
     89856  0.33651820E-09
     90144  0.33888461E-09
     90432  0.33747222E-09
     90720  0.33723546E-09
     91008  0.33788186E-09
     91296  0.33860961E-09
     91584  0.33996869E-09
     91872  0.34180769E-09
     92160  0.34401257E-09
     92448  0.34649691E-09
     92736  0.34919320E-09
     93024  0.35150013E-09
     93312  0.35006420E-09
     93600  0.34957892E-09
     93888  0.34982442E-09
     94176  0.35063136E-09
     94464  0.35132833E-09
     94752  0.35245121E-09
     95040  0.35389819E-09
     95328  0.35558853E-09
     95616  0.35745845E-09
     95904  0.35945610E-09
     96192  0.36102688E-09
     96480  0.36273468E-09
     96768  0.36453451E-09
     97056  0.36638959E-09
     97344  0.36826930E-09
     97632  0.37014775E-09
     97920  0.37200323E-09
     98208  0.37332740E-09
     98496  0.37466880E-09
     98784  0.37600051E-09
     99072  0.37730022E-09
     99360  0.37854880E-09
     99648  0.37972925E-09
     99936  0.38082787E-09
    100224  0.38136030E-09
    100512  0.38185519E-09
    100800  0.38229331E-09
    101088  0.38265779E-09
    101376  0.38293502E-09
    101664  0.38311279E-09
    101952  0.38655332E-09
    102240  0.38940454E-09
    102528  0.39172562E-09
    102816  0.39356454E-09
    103104  0.39452094E-09
    103392  0.39513107E-09
    103680  0.39541881E-09
    103968  0.39540529E-09
    104256  0.39510908E-09
    104544  0.39454681E-09
    104832  0.39696660E-09
