         1  0.19438481E-09
       288  0.19893499E-09
       576  0.19884414E-09
       864  0.19939150E-09
      1152  0.20133789E-09
      1440  0.20437797E-09
      1728  0.20845656E-09
      2016  0.21319055E-09
      2304  0.21849085E-09
      2592  0.22428560E-09
      2880  0.23052785E-09
      3168  0.23722399E-09
      3456  0.24475269E-09
      3744  0.25310376E-09
      4032  0.26271629E-09
      4320  0.27412403E-09
      4608  0.28772235E-09
      4896  0.30382044E-09
      5184  0.32291436E-09
      5472  0.34498365E-09
      5760  0.37035741E-09
      6048  0.39932266E-09
      6336  0.43214110E-09
      6624  0.46904031E-09
      6912  0.51074384E-09
      7200  0.55686639E-09
      7488  0.60808564E-09
      7776  0.66403966E-09
      8064  0.72488154E-09
      8352  0.79163764E-09
      8640  0.86344781E-09
      8928  0.94038777E-09
      9216  0.10224709E-08
      9504  0.11096869E-08
      9792  0.12019545E-08
     10080  0.13017519E-08
     10368  0.14063355E-08
     10656  0.15155533E-08
     10944  0.16291537E-08
     11232  0.17468583E-08
     11520  0.18683446E-08
     11808  0.19958009E-08
     12096  0.21277764E-08
     12384  0.22623652E-08
     12672  0.23991031E-08
     12960  0.25374916E-08
     13248  0.26805047E-08
     13536  0.28241305E-08
     13824  0.29695821E-08
     14112  0.30890870E-08
     14400  0.32073466E-08
     14688  0.33242396E-08
     14976  0.34392185E-08
     15264  0.35585261E-08
     15552  0.36749042E-08
     15840  0.37878753E-08
     16128  0.38968060E-08
     16416  0.40011754E-08
     16704  0.41025352E-08
     16992  0.42045660E-08
     17280  0.43004831E-08
     17568  0.43899027E-08
     17856  0.44724882E-08
     18144  0.45502939E-08
     18432  0.46207087E-08
     18720  0.46834603E-08
     19008  0.47464508E-08
     19296  0.48038760E-08
     19584  0.48529891E-08
     19872  0.48938142E-08
     20160  0.49263185E-08
     20448  0.49532836E-08
     20736  0.49719362E-08
     21024  0.49922804E-08
     21312  0.50042765E-08
     21600  0.50109392E-08
     21888  0.50095590E-08
     22176  0.50005182E-08
     22464  0.49841429E-08
     22752  0.49637308E-08
     23040  0.49366116E-08
     23328  0.49147029E-08
     23616  0.48860898E-08
     23904  0.48543880E-08
     24192  0.48167643E-08
     24480  0.47737427E-08
     24768  0.47258566E-08
     25056  0.46769273E-08
     25344  0.46239150E-08
     25632  0.45792428E-08
     25920  0.45303579E-08
     26208  0.44812349E-08
     26496  0.44287023E-08
     26784  0.43733741E-08
     27072  0.43157740E-08
     27360  0.42563948E-08
     27648  0.41993031E-08
     27936  0.41550443E-08
     28224  0.41081885E-08
     28512  0.40592321E-08
     28800  0.40123407E-08
     29088  0.39638892E-08
     29376  0.39143528E-08
     29664  0.38641086E-08
     29952  0.38174464E-08
     30240  0.37856962E-08
     30528  0.37514885E-08
     30816  0.37153760E-08
     31104  0.36779437E-08
     31392  0.36436425E-08
     31680  0.36082028E-08
     31968  0.35720806E-08
     32256  0.35356535E-08
     32544  0.35203704E-08
     32832  0.35016379E-08
     33120  0.34802581E-08
     33408  0.34569363E-08
     33696  0.34322198E-08
     33984  0.34109511E-08
     34272  0.33883067E-08
     34560  0.33647678E-08
     34848  0.33597047E-08
     35136  0.33507159E-08
     35424  0.33388299E-08
     35712  0.33300491E-08
     36000  0.33204026E-08
     36288  0.33113297E-08
     36576  0.33039651E-08
     36864  0.32991858E-08
     37152  0.33189984E-08
     37440  0.33429421E-08
     37728  0.33667438E-08
     38016  0.33917884E-08
     38304  0.34190644E-08
     38592  0.34492773E-08
     38880  0.34829091E-08
     39168  0.35202858E-08
     39456  0.35856702E-08
     39744  0.36552912E-08
     40032  0.37241099E-08
     40320  0.37931764E-08
     40608  0.38631911E-08
     40896  0.39345478E-08
     41184  0.40073611E-08
     41472  0.40814996E-08
     41760  0.41837307E-08
     42048  0.42813717E-08
     42336  0.43747055E-08
     42624  0.44636814E-08
     42912  0.45481436E-08
     43200  0.46335122E-08
     43488  0.47144266E-08
     43776  0.47930322E-08
     44064  0.49005866E-08
     44352  0.50085731E-08
     44640  0.51218163E-08
     44928  0.52443228E-08
     45216  0.53789719E-08
     45504  0.55275171E-08
     45792  0.56908247E-08
     46080  0.58691390E-08
     46368  0.60623342E-08
     46656  0.62700791E-08
     46944  0.64919567E-08
     47232  0.67553079E-08
     47520  0.70291835E-08
     47808  0.73136635E-08
     48096  0.76088078E-08
     48384  0.79146512E-08
     48672  0.82311962E-08
     48960  0.85584224E-08
     49248  0.88963139E-08
     49536  0.92448094E-08
     49824  0.96038484E-08
     50112  0.99733617E-08
     50400  0.10346959E-07
     50688  0.10731140E-07
     50976  0.11125718E-07
     51264  0.11530507E-07
     51552  0.11945285E-07
     51840  0.12369832E-07
     52128  0.12803901E-07
     52416  0.13247226E-07
     52704  0.13699529E-07
     52992  0.14160511E-07
     53280  0.14629851E-07
     53568  0.15107222E-07
     53856  0.15592249E-07
     54144  0.16077768E-07
     54432  0.16570418E-07
     54720  0.17069718E-07
     55008  0.17575230E-07
     55296  0.18086512E-07
     55584  0.18603057E-07
     55872  0.19124244E-07
     56160  0.19649688E-07
     56448  0.20178829E-07
     56736  0.20711031E-07
     57024  0.21238954E-07
     57312  0.21769061E-07
     57600  0.22271262E-07
     57888  0.22775053E-07
     58176  0.23279732E-07
     58464  0.23784532E-07
     58752  0.24288736E-07
     59040  0.24791653E-07
     59328  0.25285519E-07
     59616  0.25776693E-07
     59904  0.26264455E-07
     60192  0.26716036E-07
     60480  0.27163072E-07
     60768  0.27604802E-07
     61056  0.28040306E-07
     61344  0.28468778E-07
     61632  0.28889350E-07
     61920  0.29294217E-07
     62208  0.29654048E-07
     62496  0.30003868E-07
     62784  0.30342949E-07
     63072  0.30670101E-07
     63360  0.30984506E-07
     63648  0.31285371E-07
     63936  0.31532853E-07
     64224  0.31758098E-07
     64512  0.31967495E-07
     64800  0.32159882E-07
     65088  0.32334039E-07
     65376  0.32488774E-07
     65664  0.32579798E-07
     65952  0.32649844E-07
     66240  0.32697720E-07
     66528  0.32715704E-07
     66816  0.32710304E-07
     67104  0.32631405E-07
     67392  0.32527808E-07
     67680  0.32398642E-07
     67968  0.32243324E-07
     68256  0.32007769E-07
     68544  0.31746080E-07
     68832  0.31457951E-07
     69120  0.31136647E-07
     69408  0.30729378E-07
     69696  0.30297503E-07
     69984  0.29841289E-07
     70272  0.29361193E-07
     70560  0.28858025E-07
     70848  0.28264743E-07
     71136  0.27652597E-07
     71424  0.27022809E-07
     71712  0.26370909E-07
     72000  0.25613918E-07
     72288  0.24848937E-07
     72576  0.24077819E-07
     72864  0.23302629E-07
     73152  0.22525525E-07
     73440  0.21669637E-07
     73728  0.20822018E-07
     74016  0.19984880E-07
     74304  0.19160542E-07
     74592  0.18264606E-07
     74880  0.17393917E-07
     75168  0.16550224E-07
     75456  0.15654889E-07
     75744  0.14798544E-07
     76032  0.13981920E-07
     76320  0.13205518E-07
     76608  0.12393283E-07
     76896  0.11631932E-07
     77184  0.10915252E-07
     77472  0.10247842E-07
     77760  0.95575761E-08
     78048  0.89245260E-08
     78336  0.83454932E-08
     78624  0.78172269E-08
     78912  0.72734623E-08
     79200  0.67854184E-08
     79488  0.63482726E-08
     79776  0.59529710E-08
     80064  0.55449143E-08
     80352  0.51869780E-08
     80640  0.48734408E-08
     80928  0.45991269E-08
     81216  0.43104400E-08
     81504  0.40627315E-08
     81792  0.38502517E-08
     82080  0.36639498E-08
     82368  0.35045458E-08
     82656  0.33252900E-08
     82944  0.31755769E-08
     83232  0.30505465E-08
     83520  0.29462102E-08
     83808  0.28202414E-08
     84096  0.27142688E-08
     84384  0.26286957E-08
     84672  0.25598794E-08
     84960  0.25049174E-08
     85248  0.24257976E-08
     85536  0.23648388E-08
     85824  0.23185140E-08
     86112  0.22806226E-08
     86400  0.22533992E-08
     86688  0.22017144E-08
     86976  0.21646585E-08
     87264  0.21386641E-08
     87552  0.21210744E-08
     87840  0.21066273E-08
     88128  0.20978534E-08
     88416  0.20621471E-08
     88704  0.20367870E-08
     88992  0.20192894E-08
     89280  0.20077939E-08
     89568  0.19977873E-08
     89856  0.19920061E-08
     90144  0.19894819E-08
     90432  0.19597457E-08
     90720  0.19383182E-08
     91008  0.19232391E-08
     91296  0.19100181E-08
     91584  0.19011621E-08
     91872  0.18956541E-08
     92160  0.18927153E-08
     92448  0.18917405E-08
     92736  0.18922739E-08
     93024  0.18911661E-08
     93312  0.18634243E-08
     93600  0.18423870E-08
     93888  0.18265203E-08
     94176  0.18146353E-08
     94464  0.18030645E-08
     94752  0.17943513E-08
     95040  0.17878153E-08
     95328  0.17829168E-08
     95616  0.17792308E-08
     95904  0.17764212E-08
     96192  0.17716310E-08
     96480  0.17676938E-08
     96768  0.17643397E-08
     97056  0.17613493E-08
     97344  0.17585463E-08
     97632  0.17557830E-08
     97920  0.17529406E-08
     98208  0.17474604E-08
     98496  0.17421472E-08
     98784  0.17368564E-08
     99072  0.17314701E-08
     99360  0.17258925E-08
     99648  0.17200459E-08
     99936  0.17138684E-08
    100224  0.17049326E-08
    100512  0.16959752E-08
    100800  0.16868974E-08
    101088  0.16776229E-08
    101376  0.16680902E-08
    101664  0.16582528E-08
    101952  0.16705535E-08
    102240  0.16786077E-08
    102528  0.16830088E-08
    102816  0.16842552E-08
    103104  0.16805526E-08
    103392  0.16748325E-08
    103680  0.16673514E-08
    103968  0.16583329E-08
    104256  0.16479741E-08
    104544  0.16364469E-08
    104832  0.16453368E-08
