         1  0.19438481E-09
       288  0.18766294E-09
       576  0.18230324E-09
       864  0.17826168E-09
      1152  0.17521390E-09
      1440  0.17286700E-09
      1728  0.17113920E-09
      2016  0.16977811E-09
      2304  0.16870497E-09
      2592  0.16786011E-09
      2880  0.16720272E-09
      3168  0.16670761E-09
      3456  0.16643567E-09
      3744  0.16632370E-09
      4032  0.16640701E-09
      4320  0.16672698E-09
      4608  0.16731402E-09
      4896  0.16818477E-09
      5184  0.16940511E-09
      5472  0.17092368E-09
      5760  0.17275388E-09
      6048  0.17490023E-09
      6336  0.17736508E-09
      6624  0.18014649E-09
      6912  0.18331794E-09
      7200  0.18678717E-09
      7488  0.19059090E-09
      7776  0.19466885E-09
      8064  0.19900868E-09
      8352  0.20370051E-09
      8640  0.20862032E-09
      8928  0.21375120E-09
      9216  0.21907438E-09
      9504  0.22456775E-09
      9792  0.23020791E-09
     10080  0.23618132E-09
     10368  0.24225330E-09
     10656  0.24840607E-09
     10944  0.25461275E-09
     11232  0.26085073E-09
     11520  0.26709712E-09
     11808  0.27350011E-09
     12096  0.27994682E-09
     12384  0.28632693E-09
     12672  0.29240599E-09
     12960  0.29815023E-09
     13248  0.30397157E-09
     13536  0.30964090E-09
     13824  0.31522618E-09
     14112  0.32061384E-09
     14400  0.32578037E-09
     14688  0.33070599E-09
     14976  0.33537240E-09
     15264  0.34011061E-09
     15552  0.34455203E-09
     15840  0.34867115E-09
     16128  0.35245445E-09
     16416  0.35587588E-09
     16704  0.35902084E-09
     16992  0.36208411E-09
     17280  0.36473666E-09
     17568  0.36696240E-09
     17856  0.36875075E-09
     18144  0.37019690E-09
     18432  0.37117778E-09
     18720  0.37169051E-09
     19008  0.37209810E-09
     19296  0.37212772E-09
     19584  0.37166215E-09
     19872  0.37069758E-09
     20160  0.36923595E-09
     20448  0.36738948E-09
     20736  0.36504774E-09
     21024  0.36265332E-09
     21312  0.35976466E-09
     21600  0.35650904E-09
     21888  0.35277653E-09
     22176  0.34858397E-09
     22464  0.34394687E-09
     22752  0.33900729E-09
     23040  0.33366135E-09
     23328  0.32842534E-09
     23616  0.32280711E-09
     23904  0.31695871E-09
     24192  0.31077618E-09
     24480  0.30429240E-09
     24768  0.29753763E-09
     25056  0.29067884E-09
     25344  0.28361083E-09
     25632  0.27685093E-09
     25920  0.26991401E-09
     26208  0.26296809E-09
     26496  0.25590347E-09
     26784  0.24876121E-09
     27072  0.24157340E-09
     27360  0.23437538E-09
     27648  0.22733600E-09
     27936  0.22088104E-09
     28224  0.21442856E-09
     28512  0.20801183E-09
     28800  0.20179798E-09
     29088  0.19565589E-09
     29376  0.18961024E-09
     29664  0.18368342E-09
     29952  0.17804080E-09
     30240  0.17307801E-09
     30528  0.16818190E-09
     30816  0.16337230E-09
     31104  0.15866652E-09
     31392  0.15422978E-09
     31680  0.14989990E-09
     31968  0.14568839E-09
     32256  0.14160707E-09
     32544  0.13836914E-09
     32832  0.13513719E-09
     33120  0.13193405E-09
     33408  0.12877713E-09
     33696  0.12568332E-09
     33984  0.12282345E-09
     34272  0.12001201E-09
     34560  0.11726192E-09
     34848  0.11515718E-09
     35136  0.11299564E-09
     35424  0.11080888E-09
     35712  0.10878645E-09
     36000  0.10674135E-09
     36288  0.10469715E-09
     36576  0.10267300E-09
     36864  0.10068231E-09
     37152  0.99342860E-10
     37440  0.98052559E-10
     37728  0.96640002E-10
     38016  0.95153704E-10
     38304  0.93628667E-10
     38592  0.92091598E-10
     38880  0.90561142E-10
     39168  0.89050156E-10
     39456  0.88217753E-10
     39744  0.87380513E-10
     40032  0.86370897E-10
     40320  0.85253964E-10
     40608  0.84074504E-10
     40896  0.82862182E-10
     41184  0.81635705E-10
     41472  0.80405467E-10
     41760  0.79874815E-10
     42048  0.79084753E-10
     42336  0.78125242E-10
     42624  0.77055355E-10
     42912  0.75913921E-10
     43200  0.74911133E-10
     43488  0.73824828E-10
     43776  0.72721960E-10
     44064  0.72389601E-10
     44352  0.71858755E-10
     44640  0.71293207E-10
     44928  0.70787973E-10
     45216  0.70389514E-10
     45504  0.70111340E-10
     45792  0.69947444E-10
     46080  0.69883252E-10
     46368  0.69901827E-10
     46656  0.69987335E-10
     46944  0.70126224E-10
     47232  0.71082876E-10
     47520  0.71738740E-10
     47808  0.72233386E-10
     48096  0.72643482E-10
     48384  0.73012853E-10
     48672  0.73364932E-10
     48960  0.73712376E-10
     49248  0.74061840E-10
     49536  0.74416605E-10
     49824  0.74778149E-10
     50112  0.75147055E-10
     50400  0.75319528E-10
     50688  0.75588646E-10
     50976  0.75914074E-10
     51264  0.76273370E-10
     51552  0.76653836E-10
     51840  0.77048416E-10
     52128  0.77453051E-10
     52416  0.77865367E-10
     52704  0.78284913E-10
     52992  0.78720370E-10
     53280  0.79182869E-10
     53568  0.79677494E-10
     53856  0.80205557E-10
     54144  0.80547242E-10
     54432  0.81015493E-10
     54720  0.81564859E-10
     55008  0.82168931E-10
     55296  0.82811813E-10
     55584  0.83483401E-10
     55872  0.84176811E-10
     56160  0.84887000E-10
     56448  0.85609950E-10
     56736  0.86342086E-10
     57024  0.86854156E-10
     57312  0.87465486E-10
     57600  0.87127291E-10
     57888  0.87243747E-10
     58176  0.87613763E-10
     58464  0.88123737E-10
     58752  0.88708846E-10
     59040  0.89331965E-10
     59328  0.89738855E-10
     59616  0.90245901E-10
     59904  0.90804350E-10
     60192  0.90335836E-10
     60480  0.90309871E-10
     60768  0.90532318E-10
     61056  0.90892169E-10
     61344  0.91325919E-10
     61632  0.91797410E-10
     61920  0.92052053E-10
     62208  0.91332095E-10
     62496  0.91112083E-10
     62784  0.91180931E-10
     63072  0.91417755E-10
     63360  0.91753452E-10
     63648  0.92148671E-10
     63936  0.91507087E-10
     64224  0.91098684E-10
     64512  0.91064933E-10
     64800  0.91243374E-10
     65088  0.91524573E-10
     65376  0.91847266E-10
     65664  0.91114644E-10
     65952  0.90815161E-10
     66240  0.90760975E-10
     66528  0.90614453E-10
     66816  0.90629039E-10
     67104  0.89668668E-10
     67392  0.89191703E-10
     67680  0.88998822E-10
     67968  0.88973856E-10
     68256  0.87993758E-10
     68544  0.87510506E-10
     68832  0.87329602E-10
     69120  0.87120124E-10
     69408  0.86060319E-10
     69696  0.85553314E-10
     69984  0.85373250E-10
     70272  0.85387274E-10
     70560  0.85517309E-10
     70848  0.84660196E-10
     71136  0.84264519E-10
     71424  0.84148494E-10
     71712  0.83996997E-10
     72000  0.82756864E-10
     72288  0.82133654E-10
     72576  0.81886303E-10
     72864  0.81870261E-10
     73152  0.81999477E-10
     73440  0.81165907E-10
     73728  0.80796668E-10
     74016  0.80716142E-10
     74304  0.80818179E-10
     74592  0.79785831E-10
     74880  0.79301572E-10
     75168  0.79161157E-10
     75456  0.78190641E-10
     75744  0.77751958E-10
     76032  0.77647819E-10
     76320  0.77757675E-10
     76608  0.76967939E-10
     76896  0.76648410E-10
     77184  0.76443157E-10
     77472  0.76499397E-10
     77760  0.75693077E-10
     78048  0.75368455E-10
     78336  0.75354827E-10
     78624  0.75545785E-10
     78912  0.74849960E-10
     79200  0.74600347E-10
     79488  0.74642813E-10
     79776  0.74707109E-10
     80064  0.73943782E-10
     80352  0.73650981E-10
     80640  0.73669813E-10
     80928  0.73898644E-10
     81216  0.73267989E-10
     81504  0.73062577E-10
     81792  0.73143019E-10
     82080  0.73255499E-10
     82368  0.73555842E-10
     82656  0.72993118E-10
     82944  0.72830804E-10
     83232  0.72943498E-10
     83520  0.73248144E-10
     83808  0.72708749E-10
     84096  0.72401245E-10
     84384  0.72410772E-10
     84672  0.72643259E-10
     84960  0.73035425E-10
     85248  0.72576722E-10
     85536  0.72474589E-10
     85824  0.72625156E-10
     86112  0.72810202E-10
     86400  0.73167861E-10
     86688  0.72700221E-10
     86976  0.72579394E-10
     87264  0.72708478E-10
     87552  0.73019722E-10
     87840  0.73325457E-10
     88128  0.73767097E-10
     88416  0.73377748E-10
     88704  0.73295224E-10
     88992  0.73438346E-10
     89280  0.73749014E-10
     89568  0.74051036E-10
     89856  0.74479027E-10
     90144  0.75002615E-10
     90432  0.74690115E-10
     90720  0.74637754E-10
     91008  0.74780841E-10
     91296  0.74941948E-10
     91584  0.75242750E-10
     91872  0.75649785E-10
     92160  0.76137756E-10
     92448  0.76687580E-10
     92736  0.77284325E-10
     93024  0.77795284E-10
     93312  0.77477427E-10
     93600  0.77370020E-10
     93888  0.77424372E-10
     94176  0.77602973E-10
     94464  0.77757190E-10
     94752  0.78005741E-10
     95040  0.78325998E-10
     95328  0.78700158E-10
     95616  0.79114000E-10
     95904  0.79556133E-10
     96192  0.79903806E-10
     96480  0.80281774E-10
     96768  0.80680122E-10
     97056  0.81090780E-10
     97344  0.81506815E-10
     97632  0.81922670E-10
     97920  0.82333342E-10
     98208  0.82626378E-10
     98496  0.82923259E-10
     98784  0.83218057E-10
     99072  0.83505772E-10
     99360  0.83782092E-10
     99648  0.84043446E-10
     99936  0.84286605E-10
    100224  0.84404407E-10
    100512  0.84513944E-10
    100800  0.84610915E-10
    101088  0.84691608E-10
    101376  0.84752962E-10
    101664  0.84792312E-10
    101952  0.85553523E-10
    102240  0.86184511E-10
    102528  0.86698287E-10
    102816  0.87105399E-10
    103104  0.87317167E-10
    103392  0.87452171E-10
    103680  0.87515863E-10
    103968  0.87512830E-10
    104256  0.87447272E-10
    104544  0.87322788E-10
    104832  0.87857784E-10
