         1  0.13058142E+16
       288  0.97267775E+15
       576  0.76180821E+15
       864  0.61797600E+15
      1152  0.51881339E+15
      1440  0.44782775E+15
      1728  0.39567675E+15
      2016  0.35636156E+15
      2304  0.32615592E+15
      2592  0.30260699E+15
      2880  0.28404833E+15
      3168  0.26937711E+15
      3456  0.25792149E+15
      3744  0.24903415E+15
      4032  0.24244433E+15
      4320  0.23783719E+15
      4608  0.23487428E+15
      4896  0.23329818E+15
      5184  0.23289185E+15
      5472  0.23353140E+15
      5760  0.23508842E+15
      6048  0.23746284E+15
      6336  0.24057278E+15
      6624  0.24434797E+15
      6912  0.24870882E+15
      7200  0.25362737E+15
      7488  0.25907062E+15
      7776  0.26501361E+15
      8064  0.27143415E+15
      8352  0.27831100E+15
      8640  0.28563918E+15
      8928  0.29340757E+15
      9216  0.30160824E+15
      9504  0.31023478E+15
      9792  0.31928260E+15
     10080  0.32874549E+15
     10368  0.33862764E+15
     10656  0.34892979E+15
     10944  0.35965442E+15
     11232  0.37080453E+15
     11520  0.38238537E+15
     11808  0.39439678E+15
     12096  0.40684947E+15
     12384  0.41974964E+15
     12672  0.43310554E+15
     12960  0.44692403E+15
     13248  0.46121409E+15
     13536  0.47598217E+15
     13824  0.49124094E+15
     14112  0.50700217E+15
     14400  0.52327375E+15
     14688  0.54007264E+15
     14976  0.55740401E+15
     15264  0.57528349E+15
     15552  0.59372594E+15
     15840  0.61274943E+15
     16128  0.63236609E+15
     16416  0.65257646E+15
     16704  0.67340564E+15
     16992  0.69485645E+15
     17280  0.71694929E+15
     17568  0.73969745E+15
     17856  0.76311107E+15
     18144  0.78720362E+15
     18432  0.81200658E+15
     18720  0.83752097E+15
     19008  0.86376322E+15
     19296  0.89074622E+15
     19584  0.91848849E+15
     19872  0.94700741E+15
     20160  0.97632230E+15
     20448  0.10064608E+16
     20736  0.10374258E+16
     21024  0.10692348E+16
     21312  0.11019042E+16
     21600  0.11354504E+16
     21888  0.11698947E+16
     22176  0.12052560E+16
     22464  0.12415528E+16
     22752  0.12788061E+16
     23040  0.13170568E+16
     23328  0.13563005E+16
     23616  0.13965591E+16
     23904  0.14378514E+16
     24192  0.14801983E+16
     24480  0.15236207E+16
     24768  0.15681426E+16
     25056  0.16137846E+16
     25344  0.16605709E+16
     25632  0.17085273E+16
     25920  0.17576869E+16
     26208  0.18080608E+16
     26496  0.18596764E+16
     26784  0.19125554E+16
     27072  0.19667283E+16
     27360  0.20222201E+16
     27648  0.20790601E+16
     27936  0.21372789E+16
     28224  0.21969185E+16
     28512  0.22579940E+16
     28800  0.23205351E+16
     29088  0.23845728E+16
     29376  0.24501425E+16
     29664  0.25172760E+16
     29952  0.25860071E+16
     30240  0.26563750E+16
     30528  0.27284148E+16
     30816  0.28021628E+16
     31104  0.28776573E+16
     31392  0.29549372E+16
     31680  0.30340521E+16
     31968  0.31150429E+16
     32256  0.31979524E+16
     32544  0.32828357E+16
     32832  0.33697304E+16
     33120  0.34586934E+16
     33408  0.35497266E+16
     33696  0.36429199E+16
     33984  0.37383320E+16
     34272  0.38360219E+16
     34560  0.39360116E+16
     34848  0.40383757E+16
     35136  0.41431670E+16
     35424  0.42504419E+16
     35712  0.43602640E+16
     36000  0.44726968E+16
     36288  0.45877826E+16
     36576  0.47056038E+16
     36864  0.48262059E+16
     37152  0.49496535E+16
     37440  0.50759958E+16
     37728  0.52053023E+16
     38016  0.53376179E+16
     38304  0.54729829E+16
     38592  0.56114526E+16
     38880  0.57530453E+16
     39168  0.58977836E+16
     39456  0.60456797E+16
     39744  0.61967047E+16
     40032  0.63508114E+16
     40320  0.65079079E+16
     40608  0.66678562E+16
     40896  0.68304400E+16
     41184  0.69953587E+16
     41472  0.71621812E+16
     41760  0.73303275E+16
     42048  0.74990032E+16
     42336  0.76671990E+16
     42624  0.78336456E+16
     42912  0.79968495E+16
     43200  0.81551706E+16
     43488  0.83069285E+16
     43776  0.84506225E+16
     44064  0.85850458E+16
     44352  0.87094168E+16
     44640  0.88233634E+16
     44928  0.89268941E+16
     45216  0.90203107E+16
     45504  0.91041023E+16
     45792  0.91788809E+16
     46080  0.92453133E+16
     46368  0.93041050E+16
     46656  0.93559291E+16
     46944  0.94014622E+16
     47232  0.94413335E+16
     47520  0.94761238E+16
     47808  0.95063668E+16
     48096  0.95325521E+16
     48384  0.95551190E+16
     48672  0.95744667E+16
     48960  0.95909465E+16
     49248  0.96048665E+16
     49536  0.96165059E+16
     49824  0.96260976E+16
     50112  0.96338640E+16
     50400  0.96399832E+16
     50688  0.96446057E+16
     50976  0.96478752E+16
     51264  0.96499057E+16
     51552  0.96507969E+16
     51840  0.96506262E+16
     52128  0.96494590E+16
     52416  0.96473588E+16
     52704  0.96443641E+16
     52992  0.96405094E+16
     53280  0.96358225E+16
     53568  0.96303163E+16
     53856  0.96240017E+16
     54144  0.96168892E+16
     54432  0.96089660E+16
     54720  0.96002333E+16
     55008  0.95906781E+16
     55296  0.95802746E+16
     55584  0.95690132E+16
     55872  0.95568606E+16
     56160  0.95437899E+16
     56448  0.95297658E+16
     56736  0.95147527E+16
     57024  0.94987089E+16
     57312  0.94815902E+16
     57600  0.94630606E+16
     57888  0.94432759E+16
     58176  0.94221704E+16
     58464  0.93996691E+16
     58752  0.93756838E+16
     59040  0.93501341E+16
     59328  0.93229191E+16
     59616  0.92939420E+16
     59904  0.92630956E+16
     60192  0.92294144E+16
     60480  0.91934204E+16
     60768  0.91549633E+16
     61056  0.91138766E+16
     61344  0.90699820E+16
     61632  0.90231110E+16
     61920  0.89730902E+16
     62208  0.89177979E+16
     62496  0.88585628E+16
     62784  0.87951578E+16
     63072  0.87273655E+16
     63360  0.86549942E+16
     63648  0.85778851E+16
     63936  0.84921833E+16
     64224  0.84012889E+16
     64512  0.83077547E+16
     64800  0.82195398E+16
     65088  0.81403621E+16
     65376  0.80667437E+16
     65664  0.79918368E+16
     65952  0.79217043E+16
     66240  0.78569737E+16
     66528  0.77979587E+16
     66816  0.77445943E+16
     67104  0.76897068E+16
     67392  0.76400661E+16
     67680  0.75956234E+16
     67968  0.75560791E+16
     68256  0.75136335E+16
     68544  0.74753761E+16
     68832  0.74411393E+16
     69120  0.74104947E+16
     69408  0.73754848E+16
     69696  0.73434111E+16
     69984  0.73141274E+16
     70272  0.72872549E+16
     70560  0.72623189E+16
     70848  0.72319347E+16
     71136  0.72030757E+16
     71424  0.71756400E+16
     71712  0.71493290E+16
     72000  0.71155915E+16
     72288  0.70829949E+16
     72576  0.70516072E+16
     72864  0.70212676E+16
     73152  0.69917123E+16
     73440  0.69567148E+16
     73728  0.69224608E+16
     74016  0.68889278E+16
     74304  0.68559468E+16
     74592  0.68177973E+16
     74880  0.67801846E+16
     75168  0.67431550E+16
     75456  0.67014026E+16
     75744  0.66604581E+16
     76032  0.66203104E+16
     76320  0.65808418E+16
     76608  0.65370616E+16
     76896  0.64940362E+16
     77184  0.64517141E+16
     77472  0.64099343E+16
     77760  0.63641333E+16
     78048  0.63190490E+16
     78336  0.62746788E+16
     78624  0.62309839E+16
     78912  0.61837806E+16
     79200  0.61374374E+16
     79488  0.60919537E+16
     79776  0.60472501E+16
     80064  0.59994251E+16
     80352  0.59525122E+16
     80640  0.59064997E+16
     80928  0.58613403E+16
     81216  0.58134863E+16
     81504  0.57666035E+16
     81792  0.57206602E+16
     82080  0.56755840E+16
     82368  0.56312755E+16
     82656  0.55846177E+16
     82944  0.55388532E+16
     83232  0.54939606E+16
     83520  0.54498867E+16
     83808  0.54038414E+16
     84096  0.53587185E+16
     84384  0.53144846E+16
     84672  0.52710974E+16
     84960  0.52285123E+16
     85248  0.51843165E+16
     85536  0.51410318E+16
     85824  0.50986324E+16
     86112  0.50570695E+16
     86400  0.50163011E+16
     86688  0.49742797E+16
     86976  0.49331624E+16
     87264  0.48929239E+16
     87552  0.48535401E+16
     87840  0.48149735E+16
     88128  0.47771960E+16
     88416  0.47385537E+16
     88704  0.47008014E+16
     88992  0.46639195E+16
     89280  0.46278879E+16
     89568  0.45926869E+16
     89856  0.45583003E+16
     90144  0.45247062E+16
     90432  0.44906651E+16
     90720  0.44575098E+16
     91008  0.44252267E+16
     91296  0.43938058E+16
     91584  0.43632377E+16
     91872  0.43335119E+16
     92160  0.43046259E+16
     92448  0.42765636E+16
     92736  0.42493306E+16
     93024  0.42229147E+16
     93312  0.41965339E+16
     93600  0.41710349E+16
     93888  0.41464173E+16
     94176  0.41226720E+16
     94464  0.40997957E+16
     94752  0.40777834E+16
     95040  0.40566337E+16
     95328  0.40363391E+16
     95616  0.40169004E+16
     95904  0.39983144E+16
     96192  0.39805829E+16
     96480  0.39637026E+16
     96768  0.39476821E+16
     97056  0.39325196E+16
     97344  0.39182235E+16
     97632  0.39047942E+16
     97920  0.38922408E+16
     98208  0.38805642E+16
     98496  0.38697725E+16
     98784  0.38598732E+16
     99072  0.38508696E+16
     99360  0.38427703E+16
     99648  0.38355811E+16
     99936  0.38293072E+16
    100224  0.38239565E+16
    100512  0.38195313E+16
    100800  0.38160433E+16
    101088  0.38134958E+16
    101376  0.38118914E+16
    101664  0.38112372E+16
    101952  0.38116914E+16
    102240  0.38130916E+16
    102528  0.38154409E+16
    102816  0.38187462E+16
    103104  0.38230108E+16
    103392  0.38282404E+16
    103680  0.38344384E+16
    103968  0.38416080E+16
    104256  0.38497515E+16
    104544  0.38588700E+16
    104832  0.38690595E+16
