         1 -0.72904998    
       288  0.50370293E-02
       576  0.64471597E-02
       864  0.72628642E-02
      1152  0.81152329E-02
      1440  0.89823883E-02
      1728  0.10169655E-01
      2016  0.11261060E-01
      2304  0.12280402E-01
      2592  0.13243418E-01
      2880  0.14168472E-01
      3168  0.15075364E-01
      3456  0.16207829E-01
      3744  0.17405882E-01
      4032  0.18785521E-01
      4320  0.20469066E-01
      4608  0.22532642E-01
      4896  0.25023350E-01
      5184  0.28121177E-01
      5472  0.31669043E-01
      5760  0.35709307E-01
      6048  0.40268019E-01
      6336  0.45360900E-01
      6624  0.50991639E-01
      6912  0.57328030E-01
      7200  0.64157985E-01
      7488  0.69975682E-01
      7776  0.71359932E-01
      8064  0.72858132E-01
      8352  0.74463934E-01
      8640  0.76174855E-01
      8928  0.77986963E-01
      9216  0.79897113E-01
      9504  0.81902571E-01
      9792  0.84000967E-01
     10080  0.86189620E-01
     10368  0.88468157E-01
     10656  0.90835370E-01
     10944  0.93290463E-01
     11232  0.95832609E-01
     11520  0.98461479E-01
     11808  0.10117551    
     12096  0.10397533    
     12384  0.10686060    
     12672  0.10983119    
     12960  0.11288664    
     13248  0.11602684    
     13536  0.11925095    
     13824  0.12255931    
     14112  0.12595184    
     14400  0.12942763    
     14688  0.13298726    
     14976  0.13662893    
     15264  0.14035259    
     15552  0.14415792    
     15840  0.14804475    
     16128  0.15201180    
     16416  0.15605548    
     16704  0.16017628    
     16992  0.16437061    
     17280  0.16863771    
     17568  0.17297529    
     17856  0.17738038    
     18144  0.18185031    
     18432  0.18638493    
     18720  0.19097903    
     19008  0.19562972    
     19296  0.20033318    
     19584  0.20508629    
     19872  0.20988542    
     20160  0.21472698    
     20448  0.21960819    
     20736  0.22452267    
     21024  0.22946598    
     21312  0.23443319    
     21600  0.23941925    
     21888  0.24441946    
     22176  0.24942859    
     22464  0.25444126    
     22752  0.25945222    
     23040  0.26445794    
     23328  0.26945016    
     23616  0.27442330    
     23904  0.27937141    
     24192  0.28428861    
     24480  0.28916898    
     24768  0.29400682    
     25056  0.29879624    
     25344  0.30353147    
     25632  0.30820701    
     25920  0.31281772    
     26208  0.31735715    
     26496  0.32181999    
     26784  0.32620078    
     27072  0.33049464    
     27360  0.33469653    
     27648  0.33880180    
     27936  0.34280607    
     28224  0.34670556    
     28512  0.35049555    
     28800  0.35417223    
     29088  0.35773203    
     29376  0.36117193    
     29664  0.36448893    
     29952  0.36768043    
     30240  0.37074423    
     30528  0.37367830    
     30816  0.37648097    
     31104  0.37915084    
     31392  0.38027093    
     31680  0.38081357    
     31968  0.38129920    
     32256  0.38172889    
     32544  0.38224229    
     32832  0.38268635    
     33120  0.38306284    
     33408  0.38337380    
     33696  0.38362071    
     33984  0.38382870    
     34272  0.38397205    
     34560  0.38405207    
     34848  0.38420990    
     35136  0.38428855    
     35424  0.38419643    
     35712  0.38366443    
     36000  0.38265184    
     36288  0.38117054    
     36576  0.37923357    
     36864  0.37685519    
     37152  0.37420532    
     37440  0.37114349    
     37728  0.36766228    
     38016  0.36378413    
     38304  0.35953176    
     38592  0.35492805    
     38880  0.34999609    
     39168  0.34475914    
     39456  0.33938283    
     39744  0.33373871    
     40032  0.32783142    
     40320  0.32168919    
     40608  0.31533888    
     40896  0.30880645    
     41184  0.30211636    
     41472  0.29529199    
     41760  0.28846717    
     42048  0.28152815    
     42336  0.27450013    
     42624  0.26740715    
     42912  0.26027235    
     43200  0.25313026    
     43488  0.24599323    
     43776  0.23888855    
     44064  0.23192517    
     44352  0.22503448    
     44640  0.21824333    
     44928  0.21157295    
     45216  0.20503913    
     45504  0.19865260    
     45792  0.19242027    
     46080  0.18634632    
     46368  0.18043323    
     46656  0.17468221    
     46944  0.16909412    
     47232  0.16370800    
     47520  0.15847574    
     47808  0.15339911    
     48096  0.14847933    
     48384  0.14371702    
     48672  0.13911258    
     48960  0.13466588    
     49248  0.13037643    
     49536  0.12624316    
     49824  0.12226501    
     50112  0.11844021    
     50400  0.11476485    
     50688  0.11123900    
     50976  0.10786038    
     51264  0.10462604    
     51552  0.10153316    
     51840  0.98578595E-01
     52128  0.95700681E-01
     52416  0.92943959E-01
     52704  0.90322293E-01
     52992  0.87831691E-01
     53280  0.85468456E-01
     53568  0.83228566E-01
     53856  0.81108354E-01
     54144  0.79104029E-01
     54432  0.77212118E-01
     54720  0.75429097E-01
     55008  0.73751569E-01
     55296  0.72176233E-01
     55584  0.70700064E-01
     55872  0.69319941E-01
     56160  0.68033151E-01
     56448  0.66836953E-01
     56736  0.65728821E-01
     57024  0.64706393E-01
     57312  0.63767433E-01
     57600  0.62909886E-01
     57888  0.62131826E-01
     58176  0.61431557E-01
     58464  0.60807455E-01
     58752  0.60258087E-01
     59040  0.59782259E-01
     59328  0.59378833E-01
     59616  0.59046883E-01
     59904  0.58785692E-01
     60192  0.58594584E-01
     60480  0.58473106E-01
     60768  0.58421049E-01
     61056  0.58438215E-01
     61344  0.58524713E-01
     61632  0.58680717E-01
     61920  0.58906578E-01
     62208  0.59202865E-01
     62496  0.59570227E-01
     62784  0.60009502E-01
     63072  0.60521785E-01
     63360  0.61108120E-01
     63648  0.61769906E-01
     63936  0.62508672E-01
     64224  0.63326046E-01
     64512  0.64223856E-01
     64800  0.65204129E-01
     65088  0.66268943E-01
     65376  0.67420706E-01
     65664  0.68661749E-01
     65952  0.69994815E-01
     66240  0.71422569E-01
     66528  0.72948061E-01
     66816  0.74574158E-01
     67104  0.76304227E-01
     67392  0.78141443E-01
     67680  0.80089346E-01
     67968  0.82151458E-01
     68256  0.84331445E-01
     68544  0.86633049E-01
     68832  0.89060009E-01
     69120  0.91616191E-01
     69408  0.94305612E-01
     69696  0.97132139E-01
     69984  0.10009964    
     70272  0.10321204    
     70560  0.10647312    
     70848  0.10988669    
     71136  0.11345623    
     71424  0.11718524    
     71712  0.12107702    
     72000  0.12513442    
     72288  0.12936024    
     72576  0.13375686    
     72864  0.13832611    
     73152  0.14306965    
     73440  0.14798859    
     73728  0.15308325    
     74016  0.15835358    
     74304  0.16379867    
     74592  0.16941725    
     74880  0.17520672    
     75168  0.18116416    
     75456  0.18728518    
     75744  0.19356501    
     76032  0.19999753    
     76320  0.20657566    
     76608  0.21329099    
     76896  0.22005257    
     77184  0.22670536    
     77472  0.23343974    
     77760  0.24017528    
     78048  0.24695785    
     78336  0.25377375    
     78624  0.26060826    
     78912  0.26734143    
     79200  0.27405027    
     79488  0.28071925    
     79776  0.28732523    
     80064  0.29369974    
     80352  0.29997084    
     80640  0.30612403    
     80928  0.31214434    
     81216  0.31778565    
     81504  0.32325074    
     81792  0.32852808    
     82080  0.33358914    
     82368  0.33843863    
     82656  0.34271508    
     82944  0.34675041    
     83232  0.35053745    
     83520  0.35406744    
     83808  0.35688099    
     84096  0.35939690    
     84384  0.36164176    
     84672  0.36360916    
     84960  0.36529094    
     85248  0.36610442    
     85536  0.36665097    
     85824  0.36692500    
     86112  0.36687762    
     86400  0.36654451    
     86688  0.36538973    
     86976  0.36438295    
     87264  0.36351249    
     87552  0.36275896    
     87840  0.36205670    
     88128  0.36143988    
     88416  0.36017078    
     88704  0.35903823    
     88992  0.35802186    
     89280  0.35710186    
     89568  0.35620898    
     89856  0.35538360    
     90144  0.35460964    
     90432  0.35311252    
     90720  0.35173509    
     91008  0.35045785    
     91296  0.34920821    
     91584  0.34803039    
     91872  0.34690878    
     92160  0.34582934    
     92448  0.34477976    
     92736  0.34374952    
     93024  0.34267959    
     93312  0.34083784    
     93600  0.33909610    
     93888  0.33743829    
     94176  0.33584949    
     94464  0.33426136    
     94752  0.33272311    
     95040  0.33122367    
     95328  0.32975349    
     95616  0.32830411    
     95904  0.32686847    
     96192  0.32538772    
     96480  0.32391599    
     96768  0.32244843    
     97056  0.32098103    
     97344  0.31951043    
     97632  0.31803393    
     97920  0.31654957    
     98208  0.31500491    
     98496  0.31345537    
     98784  0.31189939    
     99072  0.31033599    
     99360  0.30876434    
     99648  0.30718392    
     99936  0.30559459    
    100224  0.30394602    
    100512  0.30229402    
    100800  0.30063829    
    101088  0.29897881    
    101376  0.29731575    
    101664  0.29564932    
    101952  0.29470190    
    102240  0.29365847    
    102528  0.29253355    
    102816  0.29133934    
    103104  0.29003951    
    103392  0.28869417    
    103680  0.28731027    
    103968  0.28589359    
    104256  0.28444955    
    104544  0.28298274    
    104832  0.28216553    
