         1  0.30590013    
       288  0.24556468    
       576  0.20166524    
       864  0.16888981    
      1152  0.14483930    
      1440  0.12685110    
      1728  0.11320402    
      2016  0.10266253    
      2304  0.94407246E-01
      2592  0.87870084E-01
      2880  0.82649574E-01
      3168  0.78473054E-01
      3456  0.75172327E-01
      3744  0.72579011E-01
      4032  0.70623182E-01
      4320  0.69220632E-01
      4608  0.68279035E-01
      4896  0.67727402E-01
      5184  0.67505427E-01
      5472  0.67577995E-01
      5760  0.67908861E-01
      6048  0.68469562E-01
      6336  0.69236681E-01
      6624  0.70190139E-01
      6912  0.71307465E-01
      7200  0.72580315E-01
      7488  0.73999137E-01
      7776  0.75556487E-01
      8064  0.77245966E-01
      8352  0.79061359E-01
      8640  0.81000894E-01
      8928  0.83061248E-01
      9216  0.85239924E-01
      9504  0.87534949E-01
      9792  0.89944750E-01
     10080  0.92467524E-01
     10368  0.95104046E-01
     10656  0.97854249E-01
     10944  0.10071846    
     11232  0.10369723    
     11520  0.10679159    
     11808  0.11000116    
     12096  0.11332828    
     12384  0.11677419    
     12672  0.12034050    
     12960  0.12402836    
     13248  0.12783954    
     13536  0.13177495    
     13824  0.13583700    
     14112  0.14002778    
     14400  0.14434829    
     14688  0.14880167    
     14976  0.15338792    
     15264  0.15810961    
     15552  0.16296880    
     15840  0.16796818    
     16128  0.17310888    
     16416  0.17838904    
     16704  0.18381250    
     16992  0.18937752    
     17280  0.19508626    
     17568  0.20093912    
     17856  0.20693533    
     18144  0.21307483    
     18432  0.21936102    
     18720  0.22579047    
     19008  0.23236278    
     19296  0.23907636    
     19584  0.24593067    
     19872  0.25292450    
     20160  0.26005670    
     20448  0.26732737    
     20736  0.27473113    
     21024  0.28226539    
     21312  0.28992680    
     21600  0.29771179    
     21888  0.30561712    
     22176  0.31363881    
     22464  0.32177231    
     22752  0.33001319    
     23040  0.33836001    
     23328  0.34680277    
     23616  0.35533589    
     23904  0.36395279    
     24192  0.37264687    
     24480  0.38141099    
     24768  0.39023823    
     25056  0.39912081    
     25344  0.40805086    
     25632  0.41702065    
     25920  0.42602289    
     26208  0.43504673    
     26496  0.44408339    
     26784  0.45312318    
     27072  0.46215713    
     27360  0.47117522    
     27648  0.48016784    
     27936  0.48912525    
     28224  0.49803874    
     28512  0.50689626    
     28800  0.51568747    
     29088  0.52440178    
     29376  0.53302926    
     29664  0.54155952    
     29952  0.54998207    
     30240  0.55828732    
     30528  0.56646484    
     30816  0.57450479    
     31104  0.58239734    
     31392  0.59013295    
     31680  0.59770310    
     31968  0.60509866    
     32256  0.61231089    
     32544  0.61933213    
     32832  0.62615377    
     33120  0.63276887    
     33408  0.63916719    
     33696  0.64534473    
     33984  0.65129560    
     34272  0.65701431    
     34560  0.66249394    
     34848  0.66773069    
     35136  0.67272043    
     35424  0.67722696    
     35712  0.68051088    
     36000  0.68250728    
     36288  0.68321204    
     36576  0.68263137    
     36864  0.68077880    
     37152  0.67767698    
     37440  0.67164415    
     37728  0.66318738    
     38016  0.65384406    
     38304  0.64368159    
     38592  0.63276511    
     38880  0.62115806    
     39168  0.60892296    
     39456  0.59641802    
     39744  0.58337909    
     40032  0.56981283    
     40320  0.55580068    
     40608  0.54141748    
     40896  0.52673334    
     41184  0.51181293    
     41472  0.49671739    
     41760  0.48170140    
     42048  0.46656078    
     42336  0.45136333    
     42624  0.43617037    
     42912  0.42103741    
     43200  0.40604326    
     43488  0.39120570    
     43776  0.37657693    
     44064  0.36231753    
     44352  0.34832820    
     44640  0.33465391    
     44928  0.32132766    
     45216  0.30837235    
     45504  0.29580262    
     45792  0.28362727    
     46080  0.27185103    
     46368  0.26047650    
     46656  0.24950418    
     46944  0.23893376    
     47232  0.22879958    
     47520  0.21905142    
     47808  0.20968874    
     48096  0.20070910    
     48384  0.19210838    
     48672  0.18388149    
     48960  0.17602202    
     49248  0.16852264    
     49536  0.16137490    
     49824  0.15457012    
     50112  0.14809865    
     50400  0.14194849    
     50688  0.13611162    
     50976  0.13057780    
     51264  0.12533589    
     51552  0.12037522    
     51840  0.11568475    
     52128  0.11125405    
     52416  0.10707231    
     52704  0.10312937    
     52992  0.99414863E-01
     53280  0.95919237E-01
     53568  0.92632726E-01
     53856  0.89546338E-01
     54144  0.86650439E-01
     54432  0.83937436E-01
     54720  0.81399217E-01
     55008  0.79028003E-01
     55296  0.76816447E-01
     55584  0.74757718E-01
     55872  0.72845191E-01
     56160  0.71072869E-01
     56448  0.69434933E-01
     56736  0.67912020E-01
     57024  0.66507168E-01
     57312  0.65223515E-01
     57600  0.64056635E-01
     57888  0.63002490E-01
     58176  0.62057499E-01
     58464  0.61218299E-01
     58752  0.60481977E-01
     59040  0.59846021E-01
     59328  0.59308168E-01
     59616  0.58866493E-01
     59904  0.58519572E-01
     60192  0.58266036E-01
     60480  0.58105033E-01
     60768  0.58036074E-01
     61056  0.58058809E-01
     61344  0.58173425E-01
     61632  0.58380272E-01
     61920  0.58680058E-01
     62208  0.59073888E-01
     62496  0.59563112E-01
     62784  0.60149416E-01
     63072  0.60834974E-01
     63360  0.61622024E-01
     63648  0.62513389E-01
     63936  0.63512191E-01
     64224  0.64609252E-01
     64512  0.65791883E-01
     64800  0.67092225E-01
     65088  0.68516798E-01
     65376  0.70069246E-01
     65664  0.71750946E-01
     65952  0.73571078E-01
     66240  0.75536273E-01
     66528  0.77653766E-01
     66816  0.79930626E-01
     67104  0.82369305E-01
     67392  0.84982604E-01
     67680  0.87779291E-01
     67968  0.90768307E-01
     68256  0.93951605E-01
     68544  0.97345434E-01
     68832  0.10095995    
     69120  0.10480548    
     69408  0.10888363    
     69696  0.11321386    
     69984  0.11780766    
     70272  0.12267662    
     70560  0.12783228    
     70848  0.13327521    
     71136  0.13902770    
     71424  0.14510211    
     71712  0.15151046    
     72000  0.15824717    
     72288  0.16533989    
     72576  0.17280047    
     72864  0.18063948    
     73152  0.18886696    
     73440  0.19747530    
     73728  0.20648822    
     74016  0.21591336    
     74304  0.22575639    
     74592  0.23600201    
     74880  0.24667077    
     75168  0.25776449    
     75456  0.26925877    
     75744  0.28117222    
     76032  0.29349902    
     76320  0.30623063    
     76608  0.31932747    
     76896  0.33280098    
     77184  0.34663305    
     77472  0.36080205    
     77760  0.37525016    
     78048  0.38997954    
     78336  0.40495896    
     78624  0.42015249    
     78912  0.43548191    
     79200  0.45094040    
     79488  0.46648204    
     79776  0.48205593    
     80064  0.49685296    
     80352  0.51117259    
     80640  0.52529466    
     80928  0.53917634    
     81216  0.55239463    
     81504  0.56526995    
     81792  0.57776606    
     82080  0.58979726    
     82368  0.60137153    
     82656  0.61181593    
     82944  0.62174094    
     83232  0.63111281    
     83520  0.63989216    
     83808  0.64718068    
     84096  0.65377527    
     84384  0.65973967    
     84672  0.66503131    
     84960  0.66960460    
     85248  0.67229742    
     85536  0.67435431    
     85824  0.67572528    
     86112  0.67623419    
     86400  0.67598712    
     86688  0.67400050    
     86976  0.67240101    
     87264  0.67111403    
     87552  0.67006004    
     87840  0.66903251    
     88128  0.66814601    
     88416  0.66598266    
     88704  0.66414613    
     88992  0.66255510    
     89280  0.66114122    
     89568  0.65970260    
     89856  0.65837157    
     90144  0.65710711    
     90432  0.65445203    
     90720  0.65208876    
     91008  0.64994484    
     91296  0.64780730    
     91584  0.64581007    
     91872  0.64390802    
     92160  0.64206511    
     92448  0.64025325    
     92736  0.63844961    
     93024  0.63649708    
     93312  0.63310659    
     93600  0.62998188    
     93888  0.62706268    
     94176  0.62429881    
     94464  0.62149733    
     94752  0.61880308    
     95040  0.61618441    
     95328  0.61361545    
     95616  0.61107612    
     95904  0.60855079    
     96192  0.60588294    
     96480  0.60323429    
     96768  0.60059297    
     97056  0.59794950    
     97344  0.59529757    
     97632  0.59263170    
     97920  0.58994865    
     98208  0.58710879    
     98496  0.58427149    
     98784  0.58143175    
     99072  0.57858598    
     99360  0.57573175    
     99648  0.57286757    
     99936  0.56999266    
    100224  0.56697208    
    100512  0.56396234    
    100800  0.56096047    
    101088  0.55796462    
    101376  0.55497360    
    101664  0.55198663    
    101952  0.55031884    
    102240  0.54842204    
    102528  0.54634237    
    102816  0.54411632    
    103104  0.54164839    
    103392  0.53910571    
    103680  0.53650397    
    103968  0.53385645    
    104256  0.53117454    
    104544  0.52846789    
    104832  0.52696460    
