         1  0.21079518    
       288  0.16178165    
       576  0.12885813    
       864  0.10554360    
      1152  0.89042768E-01
      1440  0.77010065E-01
      1728  0.68045408E-01
      2016  0.61212029E-01
      2304  0.55912379E-01
      2592  0.51745079E-01
      2880  0.48433311E-01
      3168  0.45791443E-01
      3456  0.43704629E-01
      3744  0.42062294E-01
      4032  0.40816259E-01
      4320  0.39911434E-01
      4608  0.39289583E-01
      4896  0.38906172E-01
      5184  0.38724016E-01
      5472  0.38721379E-01
      5760  0.38876213E-01
      6048  0.39171409E-01
      6336  0.39593041E-01
      6624  0.40129431E-01
      6912  0.40767509E-01
      7200  0.41502740E-01
      7488  0.42329896E-01
      7776  0.43245241E-01
      8064  0.44245575E-01
      8352  0.45327917E-01
      8640  0.46491995E-01
      8928  0.47736757E-01
      9216  0.49061637E-01
      9504  0.50466441E-01
      9792  0.51951364E-01
     10080  0.53516410E-01
     10368  0.55163298E-01
     10656  0.56893304E-01
     10944  0.58708042E-01
     11232  0.60609300E-01
     11520  0.62599301E-01
     11808  0.64679474E-01
     12096  0.66853054E-01
     12384  0.69122627E-01
     12672  0.71491137E-01
     12960  0.73961504E-01
     13248  0.76537021E-01
     13536  0.79220481E-01
     13824  0.82015991E-01
     14112  0.84927492E-01
     14400  0.87958321E-01
     14688  0.91113359E-01
     14976  0.94395772E-01
     15264  0.97810388E-01
     15552  0.10136198    
     15840  0.10505589    
     16128  0.10889661    
     16416  0.11288684    
     16704  0.11703324    
     16992  0.12133898    
     17280  0.12581006    
     17568  0.13045137    
     17856  0.13526741    
     18144  0.14026313    
     18432  0.14544649    
     18720  0.15082054    
     19008  0.15639074    
     19296  0.16216204    
     19584  0.16814025    
     19872  0.17433101    
     20160  0.18074024    
     20448  0.18737517    
     20736  0.19423881    
     21024  0.20133659    
     21312  0.20867364    
     21600  0.21625496    
     21888  0.22408621    
     22176  0.23217258    
     22464  0.24051882    
     22752  0.24913035    
     23040  0.25801528    
     23328  0.26717412    
     23616  0.27661151    
     23904  0.28633127    
     24192  0.29633734    
     24480  0.30663332    
     24768  0.31722298    
     25056  0.32810920    
     25344  0.33929521    
     25632  0.35078382    
     25920  0.36257881    
     26208  0.37467983    
     26496  0.38708875    
     26784  0.39980596    
     27072  0.41283301    
     27360  0.42616978    
     27648  0.43981615    
     27936  0.45377201    
     28224  0.46803829    
     28512  0.48261082    
     28800  0.49748731    
     29088  0.51266479    
     29376  0.52814072    
     29664  0.54391080    
     29952  0.55997050    
     30240  0.57631564    
     30528  0.59294033    
     30816  0.60983807    
     31104  0.62700224    
     31392  0.64442497    
     31680  0.66209990    
     31968  0.68001777    
     32256  0.69816941    
     32544  0.71654636    
     32832  0.73513669    
     33120  0.75393057    
     33408  0.77290952    
     33696  0.79206699    
     33984  0.81139076    
     34272  0.83086801    
     34560  0.85048008    
     34848  0.87021488    
     35136  0.89005643    
     35424  0.90998876    
     35712  0.92999595    
     36000  0.95006150    
     36288  0.97016561    
     36576  0.99029297    
     36864   1.0104233    
     37152   1.0305381    
     37440   1.0506170    
     37728   1.0706412    
     38016   1.0905893    
     38304   1.1104394    
     38592   1.1301713    
     38880   1.1497610    
     39168   1.1691858    
     39456   1.1884220    
     39744   1.2074437    
     40032   1.2262247    
     40320   1.2447357    
     40608   1.2629468    
     40896   1.2808241    
     41184   1.2983307    
     41472   1.3154246    
     41760   1.3320590    
     42048   1.3481791    
     42336   1.3637246    
     42624   1.3786281    
     42912   1.3928204    
     43200   1.4062346    
     43488   1.4188125    
     43776   1.4305155    
     44064   1.4413261    
     44352   1.4512520    
     44640   1.4603202    
     44928   1.4685737    
     45216   1.4760644    
     45504   1.4828484    
     45792   1.4889816    
     46080   1.4945185    
     46368   1.4995104    
     46656   1.5040044    
     46944   1.5080442    
     47232   1.5116700    
     47520   1.5149175    
     47808   1.5178188    
     48096   1.5204037    
     48384   1.5226983    
     48672   1.5247270    
     48960   1.5265111    
     49248   1.5280700    
     49536   1.5294218    
     49824   1.5305817    
     50112   1.5315652    
     50400   1.5323850    
     50688   1.5330532    
     50976   1.5335810    
     51264   1.5339787    
     51552   1.5342554    
     51840   1.5344197    
     52128   1.5344794    
     52416   1.5344418    
     52704   1.5342146    
     52992   1.5332383    
     53280   1.5314943    
     53568   1.5290630    
     53856   1.5260246    
     54144   1.5224564    
     54432   1.5184335    
     54720   1.5140281    
     55008   1.5093099    
     55296   1.5043441    
     55584   1.4991946    
     55872   1.4939197    
     56160   1.4885759    
     56448   1.4832147    
     56736   1.4778843    
     57024   1.4726295    
     57312   1.4674914    
     57600   1.4624945    
     57888   1.4576811    
     58176   1.4530807    
     58464   1.4487184    
     58752   1.4446156    
     59040   1.4407910    
     59328   1.4372581    
     59616   1.4340277    
     59904   1.4311070    
     60192   1.4284608    
     60480   1.4261168    
     60768   1.4240694    
     61056   1.4223084    
     61344   1.4208199    
     61632   1.4195862    
     61920   1.4185857    
     62208   1.4176996    
     62496   1.4169669    
     62784   1.4163494    
     63072   1.4158055    
     63360   1.4152880    
     63648   1.4147477    
     63936   1.4139326    
     64224   1.4129627    
     64512   1.4119226    
     64800   1.4112176    
     65088   1.4110429    
     65376   1.4111781    
     65664   1.4111756    
     65952   1.4113584    
     66240   1.4117292    
     66528   1.4122715    
     66816   1.4129405    
     67104   1.4132161    
     67392   1.4134884    
     67680   1.4137043    
     67968   1.4137900    
     68256   1.4131439    
     68544   1.4121909    
     68832   1.4108576    
     69120   1.4090495    
     69408   1.4065032    
     69696   1.4041005    
     69984   1.4018312    
     70272   1.3996670    
     70560   1.3975714    
     70848   1.3949909    
     71136   1.3924379    
     71424   1.3899026    
     71712   1.3873594    
     72000   1.3841505    
     72288   1.3809216    
     72576   1.3776753    
     72864   1.3743966    
     73152   1.3710622    
     73440   1.3671761    
     73728   1.3632189    
     74016   1.3591865    
     74304   1.3550624    
     74592   1.3503783    
     74880   1.3455898    
     75168   1.3406982    
     75456   1.3352598    
     75744   1.3297269    
     76032   1.3240980    
     76320   1.3183618    
     76608   1.3120884    
     76896   1.3057063    
     77184   1.2992109    
     77472   1.2925878    
     77760   1.2854322    
     78048   1.2781588    
     78336   1.2707675    
     78624   1.2632565    
     78912   1.2552443    
     79200   1.2471262    
     79488   1.2389046    
     79776   1.2305748    
     80064   1.2217718    
     80352   1.2128735    
     80640   1.2038820    
     80928   1.1947969    
     81216   1.1852788    
     81504   1.1756817    
     81792   1.1660078    
     82080   1.1562545    
     82368   1.1464173    
     82656   1.1361896    
     82944   1.1258970    
     83232   1.1155430    
     83520   1.1051279    
     83808   1.0943737    
     84096   1.0835782    
     84384   1.0727446    
     84672   1.0618750    
     84960   1.0509710    
     85248   1.0397886    
     85536   1.0285947    
     85824   1.0173937    
     86112   1.0061876    
     86400  0.99497819    
     86688  0.98355687    
     86976  0.97215712    
     87264  0.96078312    
     87552  0.94943929    
     87840  0.93812883    
     88128  0.92685521    
     88416  0.91544914    
     88704  0.90410423    
     88992  0.89282471    
     89280  0.88161510    
     89568  0.87047964    
     89856  0.85942274    
     90144  0.84844834    
     90432  0.83743066    
     90720  0.82651728    
     91008  0.81571263    
     91296  0.80502075    
     91584  0.79444629    
     91872  0.78399289    
     92160  0.77366531    
     92448  0.76346636    
     92736  0.75340104    
     93024  0.74347258    
     93312  0.73360360    
     93600  0.72388643    
     93888  0.71432441    
     94176  0.70492017    
     94464  0.69567627    
     94752  0.68659526    
     95040  0.67767942    
     95328  0.66893059    
     95616  0.66035122    
     95904  0.65194285    
     96192  0.64370769    
     96480  0.63564706    
     96768  0.62776327    
     97056  0.62005734    
     97344  0.61253124    
     97632  0.60518605    
     97920  0.59802330    
     98208  0.59104371    
     98496  0.58424836    
     98784  0.57763821    
     99072  0.57121402    
     99360  0.56497622    
     99648  0.55892545    
     99936  0.55306178    
    100224  0.54738557    
    100512  0.54189658    
    100800  0.53659517    
    101088  0.53148109    
    101376  0.52655363    
    101664  0.52181280    
    101952  0.51727086    
    102240  0.51291305    
    102528  0.50873864    
    102816  0.50474715    
    103104  0.50093776    
    103392  0.49730995    
    103680  0.49386278    
    103968  0.49059549    
    104256  0.48750702    
    104544  0.48459646    
    104832  0.48183271    
