         1  0.78232020    
       288  0.67881703    
       576  0.58914840    
       864  0.51401520    
      1152  0.45435733    
      1440  0.40720385    
      1728  0.36998445    
      2016  0.34038866    
      2304  0.31670940    
      2592  0.29766035    
      2880  0.28227454    
      3168  0.26987344    
      3456  0.26004159    
      3744  0.25232285    
      4032  0.24654758    
      4320  0.24248344    
      4608  0.23985821    
      4896  0.23845798    
      5184  0.23809659    
      5472  0.23866534    
      5760  0.24004823    
      6048  0.24215227    
      6336  0.24489927    
      6624  0.24822050    
      6912  0.25203878    
      7200  0.25632209    
      7488  0.26103377    
      7776  0.26614392    
      8064  0.27162504    
      8352  0.27745026    
      8640  0.28360653    
      8928  0.29007542    
      9216  0.29684085    
      9504  0.30388802    
      9792  0.31120348    
     10080  0.31877232    
     10368  0.32658774    
     10656  0.33463991    
     10944  0.34291995    
     11232  0.35141927    
     11520  0.36013061    
     11808  0.36904216    
     12096  0.37815011    
     12384  0.38744676    
     12672  0.39692545    
     12960  0.40657806    
     13248  0.41639757    
     13536  0.42637491    
     13824  0.43650460    
     14112  0.44678003    
     14400  0.45719171    
     14688  0.46773523    
     14976  0.47839838    
     15264  0.48917490    
     15552  0.50005758    
     15840  0.51104021    
     16128  0.52211273    
     16416  0.53325820    
     16704  0.54447293    
     16992  0.55574083    
     17280  0.56705463    
     17568  0.57840312    
     17856  0.58977294    
     18144  0.60115242    
     18432  0.61253786    
     18720  0.62391078    
     19008  0.63526005    
     19296  0.64657259    
     19584  0.65783781    
     19872  0.66904420    
     20160  0.68018091    
     20448  0.69124001    
     20736  0.70220423    
     21024  0.71306193    
     21312  0.72380143    
     21600  0.73441100    
     21888  0.74488074    
     22176  0.75520003    
     22464  0.76535827    
     22752  0.77534610    
     23040  0.78515911    
     23328  0.79478157    
     23616  0.80420518    
     23904  0.81342149    
     24192  0.82242274    
     24480  0.83120179    
     24768  0.83975273    
     25056  0.84806931    
     25344  0.85614663    
     25632  0.86398047    
     25920  0.87156826    
     26208  0.87890464    
     26496  0.88598734    
     26784  0.89281404    
     27072  0.89938408    
     27360  0.90569675    
     27648  0.91175234    
     27936  0.91755199    
     28224  0.92309815    
     28512  0.92839140    
     28800  0.93343431    
     29088  0.93823010    
     29376  0.94278288    
     29664  0.94709671    
     29952  0.95117652    
     30240  0.95502770    
     30528  0.95865589    
     30816  0.96206713    
     31104  0.96526784    
     31392  0.96826464    
     31680  0.97106498    
     31968  0.97367591    
     32256  0.97610486    
     32544  0.97835958    
     32832  0.98044759    
     33120  0.98237669    
     33408  0.98415387    
     33696  0.98578769    
     33984  0.98728603    
     34272  0.98865658    
     34560  0.98990661    
     34848  0.99104369    
     35136  0.99207520    
     35424  0.99300820    
     35712  0.99384969    
     36000  0.99460632    
     36288  0.99528456    
     36576  0.99589062    
     36864  0.99643040    
     37152  0.99690956    
     37440  0.99733347    
     37728  0.99770713    
     38016  0.99803537    
     38304  0.99832261    
     38592  0.99857301    
     38880  0.99879050    
     39168  0.99897856    
     39456  0.99914056    
     39744  0.99927950    
     40032  0.99939817    
     40320  0.99949902    
     40608  0.99958438    
     40896  0.99965626    
     41184  0.99971646    
     41472  0.99976665    
     41760  0.99980825    
     42048  0.99984252    
     42336  0.99987060    
     42624  0.99989343    
     42912  0.99991196    
     43200  0.99992681    
     43488  0.99993867    
     43776  0.99994814    
     44064  0.99995571    
     44352  0.99996167    
     44640  0.99996644    
     44928  0.99997026    
     45216  0.99997336    
     45504  0.99997580    
     45792  0.99997783    
     46080  0.99997950    
     46368  0.99998087    
     46656  0.99998200    
     46944  0.99998289    
     47232  0.99998367    
     47520  0.99998432    
     47808  0.99998486    
     48096  0.99998534    
     48384  0.99998575    
     48672  0.99998605    
     48960  0.99998629    
     49248  0.99998653    
     49536  0.99998671    
     49824  0.99998689    
     50112  0.99998701    
     50400  0.99998707    
     50688  0.99998713    
     50976  0.99998719    
     51264  0.99998724    
     51552  0.99998724    
     51840  0.99998724    
     52128  0.99998719    
     52416  0.99998719    
     52704  0.99998713    
     52992  0.99998707    
     53280  0.99998701    
     53568  0.99998695    
     53856  0.99998683    
     54144  0.99998671    
     54432  0.99998659    
     54720  0.99998647    
     55008  0.99998629    
     55296  0.99998611    
     55584  0.99998593    
     55872  0.99998575    
     56160  0.99998552    
     56448  0.99998528    
     56736  0.99998504    
     57024  0.99998474    
     57312  0.99998444    
     57600  0.99998409    
     57888  0.99998373    
     58176  0.99998331    
     58464  0.99998289    
     58752  0.99998242    
     59040  0.99998188    
     59328  0.99998128    
     59616  0.99998063    
     59904  0.99997991    
     60192  0.99997914    
     60480  0.99997824    
     60768  0.99997723    
     61056  0.99997610    
     61344  0.99997485    
     61632  0.99997342    
     61920  0.99997181    
     62208  0.99996996    
     62496  0.99996781    
     62784  0.99996531    
     63072  0.99996245    
     63360  0.99995917    
     63648  0.99995530    
     63936  0.99995059    
     64224  0.99994510    
     64512  0.99993873    
     64800  0.99993211    
     65088  0.99992555    
     65376  0.99991882    
     65664  0.99991143    
     65952  0.99990386    
     66240  0.99989629    
     66528  0.99988890    
     66816  0.99988180    
     67104  0.99987394    
     67392  0.99986643    
     67680  0.99985933    
     67968  0.99985266    
     68256  0.99984521    
     68544  0.99983811    
     68832  0.99983150    
     69120  0.99982536    
     69408  0.99981809    
     69696  0.99981111    
     69984  0.99980456    
     70272  0.99979836    
     70560  0.99979240    
     70848  0.99978489    
     71136  0.99977750    
     71424  0.99977028    
     71712  0.99976313    
     72000  0.99975359    
     72288  0.99974400    
     72576  0.99973446    
     72864  0.99972492    
     73152  0.99971521    
     73440  0.99970335    
     73728  0.99969125    
     74016  0.99967891    
     74304  0.99966633    
     74592  0.99965113    
     74880  0.99963546    
     75168  0.99961936    
     75456  0.99960035    
     75744  0.99958074    
     76032  0.99956065    
     76320  0.99953991    
     76608  0.99951577    
     76896  0.99949086    
     77184  0.99946505    
     77472  0.99943829    
     77760  0.99940747    
     78048  0.99937540    
     78336  0.99934220    
     78624  0.99930775    
     78912  0.99926853    
     79200  0.99922788    
     79488  0.99918574    
     79776  0.99914211    
     80064  0.99909288    
     80352  0.99904180    
     80640  0.99898887    
     80928  0.99893415    
     81216  0.99887288    
     81504  0.99880946    
     81792  0.99874383    
     82080  0.99867600    
     82368  0.99860567    
     82656  0.99852759    
     82944  0.99844676    
     83232  0.99836320    
     83520  0.99827677    
     83808  0.99818158    
     84096  0.99808317    
     84384  0.99798161    
     84672  0.99787670    
     84960  0.99776846    
     85248  0.99765027    
     85536  0.99752843    
     85824  0.99740303    
     86112  0.99727386    
     86400  0.99714094    
     86688  0.99699718    
     86976  0.99684948    
     87264  0.99669796    
     87552  0.99654257    
     87840  0.99638331    
     88128  0.99622017    
     88416  0.99604571    
     88704  0.99586749    
     88992  0.99568564    
     89280  0.99550027    
     89568  0.99531150    
     89856  0.99511939    
     90144  0.99492413    
     90432  0.99471831    
     90720  0.99450982    
     91008  0.99429893    
     91296  0.99408591    
     91584  0.99387097    
     91872  0.99365455    
     92160  0.99343687    
     92448  0.99321824    
     92736  0.99299914    
     93024  0.99277979    
     93312  0.99255395    
     93600  0.99232894    
     93888  0.99210519    
     94176  0.99188328    
     94464  0.99166352    
     94752  0.99144650    
     95040  0.99123263    
     95328  0.99102235    
     95616  0.99081630    
     95904  0.99061477    
     96192  0.99041843    
     96480  0.99022770    
     96768  0.99004322    
     97056  0.98986536    
     97344  0.98969477    
     97632  0.98953187    
     97920  0.98937732    
     98208  0.98923147    
     98496  0.98909491    
     98784  0.98896813    
     99072  0.98885155    
     99360  0.98874563    
     99648  0.98865080    
     99936  0.98856735    
    100224  0.98849565    
    100512  0.98843604    
    100800  0.98838890    
    101088  0.98835427    
    101376  0.98833245    
    101664  0.98832351    
    101952  0.98832971    
    102240  0.98834878    
    102528  0.98838073    
    102816  0.98842543    
    103104  0.98848295    
    103392  0.98855305    
    103680  0.98863560    
    103968  0.98873037    
    104256  0.98883700    
    104544  0.98895526    
    104832  0.98908585    
