         1  0.26021832    
       288  0.20109051    
       576  0.16124445    
       864  0.13293165    
      1152  0.11285722    
      1440  0.98202169E-01
      1728  0.87281466E-01
      2016  0.78961313E-01
      2304  0.72517514E-01
      2592  0.67462504E-01
      2880  0.63459337E-01
      3168  0.60282528E-01
      3456  0.57794511E-01
      3744  0.55859745E-01
      4032  0.54422617E-01
      4320  0.53416550E-01
      4608  0.52769005E-01
      4896  0.52424312E-01
      5184  0.52335441E-01
      5472  0.52475333E-01
      5760  0.52815795E-01
      6048  0.53334773E-01
      6336  0.54014027E-01
      6624  0.54838002E-01
      6912  0.55788875E-01
      7200  0.56860209E-01
      7488  0.58044374E-01
      7776  0.59335589E-01
      8064  0.60728610E-01
      8352  0.62218308E-01
      8640  0.63803136E-01
      8928  0.65480292E-01
      9216  0.67247510E-01
      9504  0.69102883E-01
      9792  0.71044922E-01
     10080  0.73071718E-01
     10368  0.75183570E-01
     10656  0.77380061E-01
     10944  0.79661071E-01
     11232  0.82026601E-01
     11520  0.84477067E-01
     11808  0.87011755E-01
     12096  0.89632154E-01
     12384  0.92338800E-01
     12672  0.95132530E-01
     12960  0.98013997E-01
     13248  0.10098422    
     13536  0.10404342    
     13824  0.10719335    
     14112  0.11043543    
     14400  0.11377013    
     14688  0.11719972    
     14976  0.12072414    
     15264  0.12434530    
     15552  0.12806487    
     15840  0.13188505    
     16128  0.13580680    
     16416  0.13982874    
     16704  0.14395422    
     16992  0.14818215    
     17280  0.15251482    
     17568  0.15695292    
     17856  0.16149664    
     18144  0.16614652    
     18432  0.17090660    
     18720  0.17577487    
     19008  0.18075216    
     19296  0.18583864    
     19584  0.19103527    
     19872  0.19634283    
     20160  0.20176226    
     20448  0.20729584    
     20736  0.21294123    
     21024  0.21869862    
     21312  0.22456789    
     21600  0.23054886    
     21888  0.23664194    
     22176  0.24284703    
     22464  0.24916375    
     22752  0.25559223    
     23040  0.26213551    
     23328  0.26878893    
     23616  0.27555203    
     23904  0.28242385    
     24192  0.28940344    
     24480  0.29648983    
     24768  0.30368227    
     25056  0.31097931    
     25344  0.31838000    
     25632  0.32588327    
     25920  0.33348906    
     26208  0.34119368    
     26496  0.34899586    
     26784  0.35689318    
     27072  0.36488444    
     27360  0.37296736    
     27648  0.38113993    
     27936  0.38940036    
     28224  0.39774811    
     28512  0.40617853    
     28800  0.41468900    
     29088  0.42327672    
     29376  0.43193936    
     29664  0.44067383    
     29952  0.44947696    
     30240  0.45834631    
     30528  0.46727836    
     30816  0.47626960    
     31104  0.48531669    
     31392  0.49441582    
     31680  0.50356448    
     31968  0.51275849    
     32256  0.52199399    
     32544  0.53126812    
     32832  0.54057556    
     33120  0.54991317    
     33408  0.55927157    
     33696  0.56865060    
     33984  0.57804608    
     34272  0.58745396    
     34560  0.59686607    
     34848  0.60627931    
     35136  0.61568809    
     35424  0.62508702    
     35712  0.63447106    
     36000  0.64383495    
     36288  0.65317130    
     36576  0.66247612    
     36864  0.67174208    
     37152  0.68096328    
     37440  0.69013256    
     37728  0.69924414    
     38016  0.70829046    
     38304  0.71726376    
     38592  0.72615737    
     38880  0.73496234    
     39168  0.74367034    
     39456  0.75227284    
     39744  0.76075947    
     40032  0.76911974    
     40320  0.77734149    
     40608  0.78541178    
     40896  0.79331535    
     41184  0.80103505    
     41472  0.80855054    
     41760  0.81583846    
     42048  0.82287061    
     42336  0.82961535    
     42624  0.83603704    
     42912  0.84209859    
     43200  0.84776461    
     43488  0.85300475    
     43776  0.85780013    
     44064  0.86214435    
     44352  0.86604548    
     44640  0.86952263    
     44928  0.87260360    
     45216  0.87532109    
     45504  0.87770927    
     45792  0.87980187    
     46080  0.88163090    
     46368  0.88322628    
     46656  0.88461483    
     46944  0.88582110    
     47232  0.88686705    
     47520  0.88777190    
     47808  0.88855255    
     48096  0.88922411    
     48384  0.88979959    
     48672  0.89029062    
     48960  0.89070714    
     49248  0.89105773    
     49536  0.89135003    
     49824  0.89159030    
     50112  0.89178449    
     50400  0.89193720    
     50688  0.89205241    
     50976  0.89213389    
     51264  0.89218444    
     51552  0.89220655    
     51840  0.89220232    
     52128  0.89217329    
     52416  0.89212102    
     52704  0.89204645    
     52992  0.89195031    
     53280  0.89183336    
     53568  0.89169580    
     53856  0.89153785    
     54144  0.89135963    
     54432  0.89116079    
     54720  0.89094120    
     55008  0.89070040    
     55296  0.89043760    
     55584  0.89015245    
     55872  0.88984388    
     56160  0.88951111    
     56448  0.88915288    
     56736  0.88876808    
     57024  0.88835537    
     57312  0.88791341    
     57600  0.88743299    
     57888  0.88691777    
     58176  0.88636553    
     58464  0.88577384    
     58752  0.88513970    
     59040  0.88446033    
     59328  0.88373232    
     59616  0.88295203    
     59904  0.88211572    
     60192  0.88119566    
     60480  0.88020456    
     60768  0.87913650    
     61056  0.87798482    
     61344  0.87674236    
     61632  0.87540168    
     61920  0.87395477    
     62208  0.87233585    
     62496  0.87057841    
     62784  0.86867040    
     63072  0.86659932    
     63360  0.86435223    
     63648  0.86191636    
     63936  0.85915768    
     64224  0.85617167    
     64512  0.85303283    
     64800  0.85000968    
     65088  0.84724337    
     65376  0.84462553    
     65664  0.84191579    
     65952  0.83933598    
     66240  0.83691752    
     66528  0.83468091    
     66816  0.83263206    
     67104  0.83049822    
     67392  0.82854491    
     67680  0.82677710    
     67968  0.82518876    
     68256  0.82346773    
     68544  0.82190198    
     68832  0.82048899    
     69120  0.81921482    
     69408  0.81774801    
     69696  0.81639373    
     69984  0.81514853    
     70272  0.81399846    
     70560  0.81292480    
     70848  0.81160820    
     71136  0.81034911    
     71424  0.80914438    
     71712  0.80798179    
     72000  0.80648065    
     72288  0.80501920    
     72576  0.80360150    
     72864  0.80222130    
     73152  0.80086750    
     73440  0.79925239    
     73728  0.79765892    
     74016  0.79608679    
     74304  0.79452854    
     74592  0.79271132    
     74880  0.79090393    
     75168  0.78910911    
     75456  0.78706694    
     75744  0.78504503    
     76032  0.78304386    
     76320  0.78105843    
     76608  0.77883476    
     76896  0.77662742    
     77184  0.77443475    
     77472  0.77224898    
     77760  0.76982856    
     78048  0.76742089    
     78336  0.76502669    
     78624  0.76264495    
     78912  0.76004481    
     79200  0.75746429    
     79488  0.75490463    
     79776  0.75236261    
     80064  0.74961388    
     80352  0.74688792    
     80640  0.74418545    
     80928  0.74150503    
     81216  0.73863411    
     81504  0.73579037    
     81792  0.73297369    
     82080  0.73018098    
     82368  0.72740746    
     82656  0.72445595    
     82944  0.72152996    
     83232  0.71862948    
     83520  0.71575248    
     83808  0.71271539    
     84096  0.70970774    
     84384  0.70672870    
     84672  0.70377707    
     84960  0.70085108    
     85248  0.69778383    
     85536  0.69474930    
     85824  0.69174731    
     86112  0.68877602    
     86400  0.68583357    
     86688  0.68277156    
     86976  0.67974663    
     87264  0.67675841    
     87552  0.67380661    
     87840  0.67088997    
     88128  0.66800773    
     88416  0.66503334    
     88704  0.66210181    
     88992  0.65921307    
     89280  0.65636706    
     89568  0.65356374    
     89856  0.65080309    
     90144  0.64808494    
     90432  0.64530897    
     90720  0.64258420    
     91008  0.63991106    
     91296  0.63729000    
     91584  0.63472188    
     91872  0.63220704    
     92160  0.62974668    
     92448  0.62734067    
     92736  0.62499082    
     93024  0.62269735    
     93312  0.62039292    
     93600  0.61815214    
     93888  0.61597627    
     94176  0.61386579    
     94464  0.61182153    
     94752  0.60984433    
     95040  0.60793501    
     95328  0.60609418    
     95616  0.60432285    
     95904  0.60262179    
     96192  0.60099208    
     96480  0.59943449    
     96768  0.59795052    
     97056  0.59654105    
     97344  0.59520745    
     97632  0.59395087    
     97920  0.59277260    
     98208  0.59167361    
     98496  0.59065521    
     98784  0.58971882    
     99072  0.58886534    
     99360  0.58809602    
     99648  0.58741194    
     99936  0.58681405    
    100224  0.58630347    
    100512  0.58588070    
    100800  0.58554715    
    101088  0.58530343    
    101376  0.58514977    
    101664  0.58508718    
    101952  0.58513063    
    102240  0.58526468    
    102528  0.58548951    
    102816  0.58580565    
    103104  0.58621311    
    103392  0.58671230    
    103680  0.58730310    
    103968  0.58798552    
    104256  0.58875918    
    104544  0.58962381    
    104832  0.59058785    
