         1  -3.1435716    
       288  0.97453892E-02
       576  0.11578326E-01
       864  0.12399868E-01
      1152  0.13448532E-01
      1440  0.14658704E-01
      1728  0.17190354E-01
      2016  0.19441407E-01
      2304  0.21488959E-01
      2592  0.23381252E-01
      2880  0.25144497E-01
      3168  0.26837410E-01
      3456  0.29274192E-01
      3744  0.31756695E-01
      4032  0.34535889E-01
      4320  0.37872318E-01
      4608  0.41933555E-01
      4896  0.46827473E-01
      5184  0.53196903E-01
      5472  0.60447145E-01
      5760  0.68680272E-01
      6048  0.77987172E-01
      6336  0.88410817E-01
      6624  0.10000613    
      6912  0.11339949    
      7200  0.12788138    
      7488  0.14367820    
      7776  0.16054125    
      8064  0.17846148    
      8352  0.19811836    
      8640  0.21865672    
      8928  0.24006599    
      9216  0.26227504    
      9504  0.28521886    
      9792  0.30884597    
     10080  0.33415323    
     10368  0.35981780    
     10656  0.38563189    
     10944  0.41139182    
     11232  0.43690199    
     11520  0.46198994    
     11808  0.48718667    
     12096  0.51187080    
     12384  0.53561282    
     12672  0.55834770    
     12960  0.58003497    
     13248  0.60123456    
     13536  0.62125266    
     13824  0.64033717    
     14112  0.65824789    
     14400  0.67501879    
     14688  0.69069606    
     14976  0.70533335    
     15264  0.71963274    
     15552  0.75520533    
     15840  0.79746103    
     16128  0.82614315    
     16416  0.84682041    
     16704  0.86252981    
     16992  0.87497592    
     17280  0.88484657    
     17568  0.89283139    
     17856  0.89939231    
     18144  0.90492481    
     18432  0.90956742    
     18720  0.91349369    
     19008  0.91700596    
     19296  0.92006087    
     19584  0.92267811    
     19872  0.92492527    
     20160  0.92685688    
     20448  0.92856020    
     20736  0.93002003    
     21024  0.93141967    
     21312  0.93261653    
     21600  0.93367487    
     21888  0.93456912    
     22176  0.93531811    
     22464  0.93593609    
     22752  0.93647569    
     23040  0.93690497    
     23328  0.93739444    
     23616  0.93778247    
     23904  0.93811643    
     24192  0.93836379    
     24480  0.93853378    
     24768  0.93863320    
     25056  0.93870974    
     25344  0.93872982    
     25632  0.93886447    
     25920  0.93894774    
     26208  0.93902820    
     26496  0.93907106    
     26784  0.93908489    
     27072  0.93907738    
     27360  0.93905574    
     27648  0.93906862    
     27936  0.93927729    
     28224  0.93946975    
     28512  0.93965304    
     28800  0.93987584    
     29088  0.94009799    
     29376  0.94032598    
     29664  0.94056684    
     29952  0.94086921    
     30240  0.94139808    
     30528  0.94192529    
     30816  0.94245619    
     31104  0.94299507    
     31392  0.94358569    
     31680  0.94418520    
     31968  0.94479638    
     32256  0.94542122    
     32544  0.94629622    
     32832  0.94715554    
     33120  0.94800329    
     33408  0.94884324    
     33696  0.94967800    
     33984  0.95054358    
     34272  0.95140231    
     34560  0.95225573    
     34848  0.95327276    
     35136  0.95426208    
     35424  0.95522714    
     35712  0.95619935    
     36000  0.95714885    
     36288  0.95807767    
     36576  0.95898741    
     36864  0.95987904    
     37152  0.96088523    
     37440  0.96187717    
     37728  0.96283191    
     38016  0.96375209    
     38304  0.96463984    
     38592  0.96549678    
     38880  0.96632391    
     39168  0.96712220    
     39456  0.96798915    
     39744  0.96882921    
     40032  0.96962661    
     40320  0.97038269    
     40608  0.97109854    
     40896  0.97177446    
     41184  0.97241038    
     41472  0.97300559    
     41760  0.97362816    
     42048  0.97419888    
     42336  0.97471762    
     42624  0.97518444    
     42912  0.97560024    
     43200  0.97597528    
     43488  0.97630614    
     43776  0.97660089    
     44064  0.97691900    
     44352  0.97721803    
     44640  0.97750872    
     44928  0.97780001    
     45216  0.97809798    
     45504  0.97840613    
     45792  0.97872597    
     46080  0.97905755    
     46368  0.97939998    
     46656  0.97975165    
     46944  0.98011088    
     47232  0.98050499    
     47520  0.98089957    
     47808  0.98129326    
     48096  0.98168474    
     48384  0.98207271    
     48672  0.98245627    
     48960  0.98283452    
     49248  0.98320669    
     49536  0.98357219    
     49824  0.98393047    
     50112  0.98428124    
     50400  0.98462087    
     50688  0.98495275    
     50976  0.98527670    
     51264  0.98559260    
     51552  0.98590034    
     51840  0.98620003    
     52128  0.98649162    
     52416  0.98677522    
     52704  0.98705089    
     52992  0.98731881    
     53280  0.98757905    
     53568  0.98783171    
     53856  0.98807710    
     54144  0.98831314    
     54432  0.98854232    
     54720  0.98876476    
     55008  0.98898071    
     55296  0.98919022    
     55584  0.98939353    
     55872  0.98959076    
     56160  0.98978215    
     56448  0.98996770    
     56736  0.99014771    
     57024  0.99032092    
     57312  0.99048901    
     57600  0.99064672    
     57888  0.99079996    
     58176  0.99094886    
     58464  0.99109340    
     58752  0.99123389    
     59040  0.99137032    
     59328  0.99150169    
     59616  0.99162930    
     59904  0.99175328    
     60192  0.99186933    
     60480  0.99198216    
     60768  0.99209177    
     61056  0.99219835    
     61344  0.99230188    
     61632  0.99240243    
     61920  0.99249923    
     62208  0.99258929    
     62496  0.99267673    
     62784  0.99276173    
     63072  0.99284422    
     63360  0.99292421    
     63648  0.99300182    
     63936  0.99307334    
     64224  0.99314189    
     64512  0.99320817    
     64800  0.99327230    
     65088  0.99333429    
     65376  0.99339414    
     65664  0.99344814    
     65952  0.99350017    
     66240  0.99355018    
     66528  0.99359769    
     66816  0.99364328    
     67104  0.99368310    
     67392  0.99372113    
     67680  0.99375743    
     67968  0.99379194    
     68256  0.99382055    
     68544  0.99384749    
     68832  0.99387276    
     69120  0.99389589    
     69408  0.99391276    
     69696  0.99392802    
     69984  0.99394161    
     70272  0.99395365    
     70560  0.99396414    
     70848  0.99396753    
     71136  0.99396926    
     71424  0.99396938    
     71712  0.99396747    
     72000  0.99395591    
     72288  0.99394256    
     72576  0.99392730    
     72864  0.99391019    
     73152  0.99389130    
     73440  0.99386245    
     73728  0.99383140    
     74016  0.99379820    
     74304  0.99376285    
     74592  0.99371493    
     74880  0.99366438    
     75168  0.99361122    
     75456  0.99354368    
     75744  0.99347281    
     76032  0.99339867    
     76320  0.99332112    
     76608  0.99322546    
     76896  0.99312544    
     77184  0.99302053    
     77472  0.99291128    
     77760  0.99277842    
     78048  0.99263978    
     78336  0.99249524    
     78624  0.99234486    
     78912  0.99216354    
     79200  0.99197417    
     79488  0.99177665    
     79776  0.99157029    
     80064  0.99132240    
     80352  0.99106312    
     80640  0.99079233    
     80928  0.99050993    
     81216  0.99017119    
     81504  0.98981601    
     81792  0.98944420    
     82080  0.98905438    
     82368  0.98864776    
     82656  0.98815721    
     82944  0.98764223    
     83232  0.98710245    
     83520  0.98653787    
     83808  0.98585588    
     84096  0.98513538    
     84384  0.98437798    
     84672  0.98358351    
     84960  0.98275208    
     85248  0.98174077    
     85536  0.98067474    
     85824  0.97955394    
     86112  0.97837448    
     86400  0.97714096    
     86688  0.97563076    
     86976  0.97403985    
     87264  0.97236919    
     87552  0.97062081    
     87840  0.96879011    
     88128  0.96688759    
     88416  0.96453488    
     88704  0.96207511    
     88992  0.95951837    
     89280  0.95687425    
     89568  0.95413828    
     89856  0.95133626    
     90144  0.94848198    
     90432  0.94490284    
     90720  0.94123977    
     91008  0.93751460    
     91296  0.93371880    
     91584  0.92990410    
     91872  0.92609441    
     92160  0.92231351    
     92448  0.91858399    
     92736  0.91492701    
     93024  0.91131490    
     93312  0.90647024    
     93600  0.90171939    
     93888  0.89709139    
     94176  0.89261144    
     94464  0.88822395    
     94752  0.88401854    
     95040  0.88000709    
     95328  0.87619698    
     95616  0.87259114    
     95904  0.86918867    
     96192  0.86588502    
     96480  0.86277592    
     96768  0.85985291    
     97056  0.85710531    
     97344  0.85451972    
     97632  0.85207772    
     97920  0.84975952    
     98208  0.84742284    
     98496  0.84517884    
     98784  0.84300947    
     99072  0.84089768    
     99360  0.83882719    
     99648  0.83678329    
     99936  0.83475208    
    100224  0.83257812    
    100512  0.83040208    
    100800  0.82821238    
    101088  0.82599849    
    101376  0.82375079    
    101664  0.82146090    
    101952  0.82182902    
    102240  0.82184607    
    102528  0.82154471    
    102816  0.82095093    
    103104  0.81993461    
    103392  0.81867844    
    103680  0.81719667    
    103968  0.81550187    
    104256  0.81360489    
    104544  0.81151527    
    104832  0.81206918    
