         1  0.95008141    
       288  0.94568276    
       576  0.94181508    
       864  0.93850106    
      1152  0.93564862    
      1440  0.93315333    
      1728  0.93103093    
      2016  0.92912310    
      2304  0.92738813    
      2592  0.92579389    
      2880  0.92431730    
      3168  0.92293996    
      3456  0.92171389    
      3744  0.92057705    
      4032  0.91953784    
      4320  0.91861480    
      4608  0.91782260    
      4896  0.91716993    
      5184  0.91671926    
      5472  0.91642219    
      5760  0.91628826    
      6048  0.91632360    
      6336  0.91653049    
      6624  0.91690850    
      6912  0.91751540    
      7200  0.91827673    
      7488  0.91920531    
      7776  0.92026508    
      8064  0.92144167    
      8352  0.92278916    
      8640  0.92421520    
      8928  0.92570549    
      9216  0.92724133    
      9504  0.92880702    
      9792  0.93038642    
     10080  0.93206406    
     10368  0.93371832    
     10656  0.93533826    
     10944  0.93691415    
     11232  0.93843788    
     11520  0.93990284    
     11808  0.94137406    
     12096  0.94279635    
     12384  0.94413918    
     12672  0.94540131    
     12960  0.94658226    
     13248  0.94842595    
     13536  0.95069987    
     13824  0.95267636    
     14112  0.95437342    
     14400  0.95583272    
     14688  0.95708758    
     14976  0.95816416    
     15264  0.95916879    
     15552  0.96002525    
     15840  0.96074885    
     16128  0.96135336    
     16416  0.96184951    
     16704  0.96226519    
     16992  0.96264988    
     17280  0.96294397    
     17568  0.96315348    
     17856  0.96328330    
     18144  0.96335638    
     18432  0.96335661    
     18720  0.96328682    
     19008  0.96322018    
     19296  0.96310502    
     19584  0.96292394    
     19872  0.96267885    
     20160  0.96237177    
     20448  0.96202517    
     20736  0.96161836    
     21024  0.96123755    
     21312  0.96079719    
     21600  0.96032137    
     21888  0.95978779    
     22176  0.95919818    
     22464  0.95855349    
     22752  0.95788264    
     23040  0.95715928    
     23328  0.95649821    
     23616  0.95578450    
     23904  0.95505100    
     24192  0.95426828    
     24480  0.95343858    
     24768  0.95256519    
     25056  0.95169044    
     25344  0.95078331    
     25632  0.94999248    
     25920  0.94917792    
     26208  0.94839287    
     26496  0.94760013    
     26784  0.94680953    
     27072  0.94603121    
     27360  0.94527495    
     27648  0.94460273    
     27936  0.94415992    
     28224  0.94373977    
     28512  0.94335192    
     28800  0.94306225    
     29088  0.94281459    
     29376  0.94261688    
     29664  0.94247609    
     29952  0.94245887    
     30240  0.94271034    
     30528  0.94299090    
     30816  0.94330871    
     31104  0.94367045    
     31392  0.94414067    
     31680  0.94465256    
     31968  0.94521022    
     32256  0.94581610    
     32544  0.94672078    
     32832  0.94762659    
     33120  0.94854134    
     33408  0.94947046    
     33696  0.95041752    
     33984  0.95143443    
     34272  0.95246172    
     34560  0.95350111    
     34848  0.95470178    
     35136  0.95588326    
     35424  0.95705026    
     35712  0.95824486    
     36000  0.95942122    
     36288  0.96058172    
     36576  0.96172756    
     36864  0.96285921    
     37152  0.96407735    
     37440  0.96528786    
     37728  0.96645892    
     38016  0.96759385    
     38304  0.96869498    
     38592  0.96976405    
     38880  0.97080213    
     39168  0.97180980    
     39456  0.97284871    
     39744  0.97386307    
     40032  0.97483385    
     40320  0.97576344    
     40608  0.97665387    
     40896  0.97750664    
     41184  0.97832286    
     41472  0.97910345    
     41760  0.97988355    
     42048  0.98062265    
     42336  0.98132223    
     42624  0.98198360    
     42912  0.98260820    
     43200  0.98320556    
     43488  0.98376906    
     43776  0.98430204    
     44064  0.98482752    
     44352  0.98532778    
     44640  0.98580736    
     44928  0.98626965    
     45216  0.98671710    
     45504  0.98715097    
     45792  0.98757190    
     46080  0.98798013    
     46368  0.98837554    
     46656  0.98875803    
     46944  0.98912752    
     47232  0.98949176    
     47520  0.98984170    
     47808  0.99017775    
     48096  0.99049997    
     48384  0.99080890    
     48672  0.99110484    
     48960  0.99138826    
     49248  0.99165958    
     49536  0.99191922    
     49824  0.99216777    
     50112  0.99240547    
     50400  0.99263126    
     50688  0.99284738    
     50976  0.99305433    
     51264  0.99325246    
     51552  0.99344212    
     51840  0.99362385    
     52128  0.99379784    
     52416  0.99396461    
     52704  0.99412441    
     52992  0.99427760    
     53280  0.99442446    
     53568  0.99456531    
     53856  0.99470043    
     54144  0.99482924    
     54432  0.99495292    
     54720  0.99507165    
     55008  0.99518585    
     55296  0.99529552    
     55584  0.99540102    
     55872  0.99550247    
     56160  0.99560010    
     56448  0.99569404    
     56736  0.99578446    
     57024  0.99587095    
     57312  0.99595422    
     57600  0.99603361    
     57888  0.99611020    
     58176  0.99618405    
     58464  0.99625534    
     58752  0.99632412    
     59040  0.99639052    
     59328  0.99645412    
     59616  0.99651563    
     59904  0.99657500    
     60192  0.99663174    
     60480  0.99668658    
     60768  0.99673957    
     61056  0.99679083    
     61344  0.99684036    
     61632  0.99688828    
     61920  0.99693435    
     62208  0.99697828    
     62496  0.99702078    
     62784  0.99706197    
     63072  0.99710172    
     63360  0.99714023    
     63648  0.99717748    
     63936  0.99721301    
     64224  0.99724704    
     64512  0.99728000    
     64800  0.99731183    
     65088  0.99734253    
     65376  0.99737221    
     65664  0.99740040    
     65952  0.99742752    
     66240  0.99745369    
     66528  0.99747866    
     66816  0.99750268    
     67104  0.99752522    
     67392  0.99754691    
     67680  0.99756765    
     67968  0.99758750    
     68256  0.99760592    
     68544  0.99762344    
     68832  0.99764007    
     69120  0.99765563    
     69408  0.99766976    
     69696  0.99768293    
     69984  0.99769521    
     70272  0.99770653    
     70560  0.99771696    
     70848  0.99772573    
     71136  0.99773347    
     71424  0.99774021    
     71712  0.99774575    
     72000  0.99774921    
     72288  0.99775153    
     72576  0.99775267    
     72864  0.99775255    
     73152  0.99775112    
     73440  0.99774730    
     73728  0.99774200    
     74016  0.99773514    
     74304  0.99772668    
     74592  0.99771494    
     74880  0.99770129    
     75168  0.99768561    
     75456  0.99766612    
     75744  0.99764425    
     76032  0.99761975    
     76320  0.99759251    
     76608  0.99756008    
     76896  0.99752426    
     77184  0.99748468    
     77472  0.99744123    
     77760  0.99739033    
     78048  0.99733466    
     78336  0.99727368    
     78624  0.99720705    
     78912  0.99712956    
     79200  0.99704492    
     79488  0.99695230    
     79776  0.99685073    
     80064  0.99673289    
     80352  0.99660379    
     80640  0.99646223    
     80928  0.99630696    
     81216  0.99612629    
     81504  0.99592739    
     81792  0.99570841    
     82080  0.99546653    
     82368  0.99519980    
     82656  0.99488699    
     82944  0.99454045    
     83232  0.99415636    
     83520  0.99373037    
     83808  0.99322724    
     84096  0.99266523    
     84384  0.99203879    
     84672  0.99134064    
     84960  0.99056304    
     85248  0.98963654    
     85536  0.98860061    
     85824  0.98744422    
     86112  0.98615223    
     86400  0.98471636    
     86688  0.98299873    
     86976  0.98108965    
     87264  0.97897798    
     87552  0.97665524    
     87840  0.97410470    
     88128  0.97133523    
     88416  0.96804863    
     88704  0.96450996    
     88992  0.96073896    
     89280  0.95676440    
     89568  0.95258647    
     89856  0.94828004    
     90144  0.94389409    
     90432  0.93875998    
     90720  0.93361789    
     91008  0.92853677    
     91296  0.92348939    
     91584  0.91861665    
     91872  0.91396248    
     92160  0.90955853    
     92448  0.90542430    
     92736  0.90156919    
     93024  0.89784855    
     93312  0.89288610    
     93600  0.88836992    
     93888  0.88428622    
     94176  0.88061041    
     94464  0.87710673    
     94752  0.87397450    
     95040  0.87117732    
     95328  0.86867929    
     95616  0.86644775    
     95904  0.86445218    
     96192  0.86242515    
     96480  0.86062646    
     96768  0.85902816    
     97056  0.85760558    
     97344  0.85633236    
     97632  0.85517275    
     97920  0.85409248    
     98208  0.85280269    
     98496  0.85159242    
     98784  0.85043395    
     99072  0.84930462    
     99360  0.84818572    
     99648  0.84706259    
     99936  0.84592307    
    100224  0.84447652    
    100512  0.84304810    
    100800  0.84162003    
    101088  0.84017855    
    101376  0.83871222    
    101664  0.83721125    
    101952  0.83821452    
    102240  0.83863890    
    102528  0.83860272    
    102816  0.83819181    
    103104  0.83718419    
    103392  0.83597052    
    103680  0.83457756    
    103968  0.83302605    
    104256  0.83133245    
    104544  0.82951003    
    104832  0.83023018    
