         1  0.98952687    
       288  0.98906344    
       576  0.98867995    
       864  0.98836511    
      1152  0.98810261    
      1440  0.98787856    
      1728  0.98769140    
      2016  0.98752570    
      2304  0.98737675    
      2592  0.98724103    
      2880  0.98711622    
      3168  0.98700017    
      3456  0.98689657    
      3744  0.98679978    
      4032  0.98670989    
      4320  0.98662734    
      4608  0.98655254    
      4896  0.98648524    
      5184  0.98642939    
      5472  0.98638117    
      5760  0.98634052    
      6048  0.98630732    
      6336  0.98628151    
      6624  0.98626286    
      6912  0.98625529    
      7200  0.98625416    
      7488  0.98626012    
      7776  0.98627162    
      8064  0.98628795    
      8352  0.98631382    
      8640  0.98634344    
      8928  0.98637623    
      9216  0.98641163    
      9504  0.98644888    
      9792  0.98648745    
     10080  0.98653388    
     10368  0.98658019    
     10656  0.98662585    
     10944  0.98667020    
     11232  0.98671252    
     11520  0.98675251    
     11808  0.98679590    
     12096  0.98683769    
     12384  0.98687536    
     12672  0.98694032    
     12960  0.98703003    
     13248  0.98711628    
     13536  0.98719138    
     13824  0.98725766    
     14112  0.98731297    
     14400  0.98735714    
     14688  0.98739004    
     14976  0.98741168    
     15264  0.98743302    
     15552  0.98744261    
     15840  0.98744053    
     16128  0.98742646    
     16416  0.98740011    
     16704  0.98736370    
     16992  0.98732424    
     17280  0.98727167    
     17568  0.98720545    
     17856  0.98712534    
     18144  0.98703325    
     18432  0.98692602    
     18720  0.98680300    
     19008  0.98667598    
     19296  0.98653489    
     19584  0.98637629    
     19872  0.98619902    
     20160  0.98600239    
     20448  0.98578864    
     20736  0.98555344    
     21024  0.98531240    
     21312  0.98504812    
     21600  0.98476326    
     21888  0.98445243    
     22176  0.98411459    
     22464  0.98374796    
     22752  0.98335570    
     23040  0.98293149    
     23328  0.98249900    
     23616  0.98203194    
     23904  0.98153460    
     24192  0.98099929    
     24480  0.98042411    
     24768  0.97980696    
     25056  0.97915387    
     25344  0.97845519    
     25632  0.97774673    
     25920  0.97699052    
     26208  0.97619551    
     26496  0.97534961    
     26784  0.97445148    
     27072  0.97349972    
     27360  0.97249335    
     27648  0.97144783    
     27936  0.97041929    
     28224  0.96933675    
     28512  0.96820080    
     28800  0.96703327    
     29088  0.96581352    
     29376  0.96454310    
     29664  0.96322364    
     29952  0.96188718    
     30240  0.96062994    
     30528  0.95932692    
     30816  0.95798087    
     31104  0.95659447    
     31392  0.95521361    
     31680  0.95379639    
     31968  0.95234621    
     32256  0.95086646    
     32544  0.94961846    
     32832  0.94832444    
     33120  0.94698870    
     33408  0.94561571    
     33696  0.94421035    
     33984  0.94285047    
     34272  0.94145662    
     34560  0.94003391    
     34848  0.93889332    
     35136  0.93768400    
     35424  0.93641824    
     35712  0.93520272    
     36000  0.93392998    
     36288  0.93261147    
     36576  0.93125576    
     36864  0.92987126    
     37152  0.92890185    
     37440  0.92794335    
     37728  0.92686838    
     38016  0.92570478    
     38304  0.92447478    
     38592  0.92319465    
     38880  0.92187738    
     39168  0.92053294    
     39456  0.91976458    
     39744  0.91897768    
     40032  0.91801298    
     40320  0.91692138    
     40608  0.91573894    
     40896  0.91448933    
     41184  0.91318792    
     41472  0.91184324    
     41760  0.91124147    
     42048  0.91033870    
     42336  0.90922266    
     42624  0.90794754    
     42912  0.90654922    
     43200  0.90528440    
     43488  0.90387750    
     43776  0.90240717    
     44064  0.90194809    
     44352  0.90121329    
     44640  0.90041888    
     44928  0.89969915    
     45216  0.89912337    
     45504  0.89871579    
     45792  0.89847195    
     46080  0.89837301    
     46368  0.89839506    
     46656  0.89851487    
     46944  0.89871204    
     47232  0.90007144    
     47520  0.90098274    
     47808  0.90165818    
     48096  0.90221167    
     48384  0.90270454    
     48672  0.90316981    
     48960  0.90362495    
     49248  0.90407854    
     49536  0.90453482    
     49824  0.90499556    
     50112  0.90546113    
     50400  0.90567702    
     50688  0.90601236    
     50976  0.90641481    
     51264  0.90685523    
     51552  0.90731728    
     51840  0.90779167    
     52128  0.90827316    
     52416  0.90875876    
     52704  0.90924758    
     52992  0.90974951    
     53280  0.91027647    
     53568  0.91083342    
     53856  0.91142035    
     54144  0.91179609    
     54432  0.91230583    
     54720  0.91289639    
     55008  0.91353673    
     55296  0.91420794    
     55584  0.91489810    
     55872  0.91559917    
     56160  0.91630524    
     56448  0.91701198    
     56736  0.91771579    
     57024  0.91820121    
     57312  0.91877264    
     57600  0.91845727    
     57888  0.91856611    
     58176  0.91891009    
     58464  0.91937935    
     58752  0.91991109    
     59040  0.92046976    
     59328  0.92083043    
     59616  0.92127514    
     59904  0.92175943    
     60192  0.92135358    
     60480  0.92133099    
     60768  0.92152429    
     61056  0.92183495    
     61344  0.92220628    
     61632  0.92260581    
     61920  0.92281997    
     62208  0.92221165    
     62496  0.92202383    
     62784  0.92208284    
     63072  0.92228472    
     63360  0.92256916    
     63648  0.92290145    
     63936  0.92236096    
     64224  0.92201298    
     64512  0.92198420    
     64800  0.92213690    
     65088  0.92237633    
     65376  0.92264944    
     65664  0.92202765    
     65952  0.92177069    
     66240  0.92172420    
     66528  0.92159778    
     66816  0.92161107    
     67104  0.92077148    
     67392  0.92034793    
     67680  0.92017543    
     67968  0.92015362    
     68256  0.91926420    
     68544  0.91881830    
     68832  0.91865021    
     69120  0.91845459    
     69408  0.91745043    
     69696  0.91696131    
     69984  0.91678625    
     70272  0.91679996    
     70560  0.91692632    
     70848  0.91608536    
     71136  0.91569132    
     71424  0.91557503    
     71712  0.91542298    
     72000  0.91415548    
     72288  0.91350406    
     72576  0.91324264    
     72864  0.91322565    
     73152  0.91336197    
     73440  0.91247231    
     73728  0.91207230    
     74016  0.91198468    
     74304  0.91209602    
     74592  0.91095841    
     74880  0.91041452    
     75168  0.91025549    
     75456  0.90914154    
     75744  0.90862876    
     76032  0.90850610    
     76320  0.90863532    
     76608  0.90769780    
     76896  0.90731299    
     77184  0.90706408    
     77472  0.90713239    
     77760  0.90614301    
     78048  0.90573859    
     78336  0.90572149    
     78624  0.90595973    
     78912  0.90508544    
     79200  0.90476787    
     79488  0.90482205    
     79776  0.90490389    
     80064  0.90392208    
     80352  0.90354013    
     80640  0.90356475    
     80928  0.90386325    
     81216  0.90303576    
     81504  0.90276307    
     81792  0.90287006    
     82080  0.90301913    
     82368  0.90341526    
     82656  0.90267062    
     82944  0.90245366    
     83232  0.90260434    
     83520  0.90300959    
     83808  0.90228993    
     84096  0.90187472    
     84384  0.90188760    
     84672  0.90220153    
     84960  0.90272653    
     85248  0.90211171    
     85536  0.90197366    
     85824  0.90217698    
     86112  0.90242553    
     86400  0.90290236    
     86688  0.90227783    
     86976  0.90211505    
     87264  0.90228879    
     87552  0.90270525    
     87840  0.90311092    
     88128  0.90369105    
     88416  0.90317994    
     88704  0.90307081    
     88992  0.90325969    
     89280  0.90366721    
     89568  0.90406013    
     89856  0.90461141    
     90144  0.90527749    
     90432  0.90488106    
     90720  0.90481430    
     91008  0.90499640    
     91296  0.90520054    
     91584  0.90557957    
     91872  0.90608752    
     92160  0.90668947    
     92448  0.90735847    
     92736  0.90807378    
     93024  0.90867716    
     93312  0.90830255    
     93600  0.90817523    
     93888  0.90823966    
     94176  0.90845084    
     94464  0.90863246    
     94752  0.90892357    
     95040  0.90929598    
     95328  0.90972710    
     95616  0.91019934    
     95904  0.91069841    
     96192  0.91108698    
     96480  0.91150558    
     96768  0.91194248    
     97056  0.91238832    
     97344  0.91283554    
     97632  0.91327786    
     97920  0.91371042    
     98208  0.91401649    
     98496  0.91432434    
     98784  0.91462779    
     99072  0.91492188    
     99360  0.91520250    
     99648  0.91546607    
     99936  0.91570997    
    100224  0.91582763    
    100512  0.91593671    
    100800  0.91603303    
    101088  0.91611302    
    101376  0.91617376    
    101664  0.91621268    
    101952  0.91695839    
    102240  0.91756642    
    102528  0.91805488    
    102816  0.91843778    
    103104  0.91863549    
    103392  0.91876113    
    103680  0.91882026    
    103968  0.91881746    
    104256  0.91875660    
    104544  0.91864085    
    104832  0.91913676    
