         1  -2.1844053    
       288  0.12197224    
       576  0.18133339    
       864  0.22604279    
      1152  0.26549411    
      1440  0.30103776    
      1728  0.33390343    
      2016  0.36385378    
      2304  0.39140677    
      2592  0.41691530    
      2880  0.44067210    
      3168  0.46298999    
      3456  0.48483527    
      3744  0.50616491    
      4032  0.52771246    
      4320  0.55008721    
      4608  0.57340312    
      4896  0.59748226    
      5184  0.62226713    
      5472  0.64703542    
      5760  0.67154604    
      6048  0.69551796    
      6336  0.71868676    
      6624  0.74083364    
      6912  0.76202637    
      7200  0.78183007    
      7488  0.80041683    
      7776  0.81759417    
      8064  0.83340329    
      8352  0.84805918    
      8640  0.86137968    
      8928  0.87346095    
      9216  0.88439459    
      9504  0.89427602    
      9792  0.90319628    
     10080  0.91142744    
     10368  0.91881055    
     10656  0.92543811    
     10944  0.93139297    
     11232  0.93674779    
     11520  0.94156808    
     11808  0.94598252    
     12096  0.94999099    
     12384  0.95359457    
     12672  0.95683944    
     12960  0.95976585    
     13248  0.96246052    
     13536  0.96489072    
     13824  0.96710908    
     14112  0.96911269    
     14400  0.97092545    
     14688  0.97256744    
     14976  0.97405678    
     15264  0.97523749    
     15552  0.97611195    
     15840  0.97693771    
     16128  0.97771502    
     16416  0.97844440    
     16704  0.97913831    
     16992  0.97981572    
     17280  0.98044485    
     17568  0.98102832    
     17856  0.98156863    
     18144  0.98207796    
     18432  0.98254794    
     18720  0.98298085    
     19008  0.98340762    
     19296  0.98380774    
     19584  0.98417366    
     19872  0.98450774    
     20160  0.98481196    
     20448  0.98509669    
     20736  0.98535442    
     21024  0.98561537    
     21312  0.98585016    
     21600  0.98606855    
     21888  0.98626328    
     22176  0.98643595    
     22464  0.98658806    
     22752  0.98672873    
     23040  0.98685056    
     23328  0.98698521    
     23616  0.98710096    
     23904  0.98720694    
     24192  0.98729599    
     24480  0.98736900    
     24768  0.98742723    
     25056  0.98747987    
     25344  0.98751885    
     25632  0.98757684    
     25920  0.98762077    
     26208  0.98766017    
     26496  0.98768681    
     26784  0.98770177    
     27072  0.98770612    
     27360  0.98770082    
     27648  0.98769563    
     27936  0.98772246    
     28224  0.98773783    
     28512  0.98774278    
     28800  0.98774791    
     29088  0.98774379    
     29376  0.98773152    
     29664  0.98771203    
     29952  0.98769629    
     30240  0.98772228    
     30528  0.98773766    
     30816  0.98774379    
     31104  0.98774177    
     31392  0.98774374    
     31680  0.98773921    
     31968  0.98772979    
     32256  0.98771644    
     32544  0.98776793    
     32832  0.98780876    
     33120  0.98784053    
     33408  0.98786449    
     33696  0.98788196    
     33984  0.98790544    
     34272  0.98792261    
     34560  0.98793447    
     34848  0.98800683    
     35136  0.98806620    
     35424  0.98811460    
     35712  0.98816639    
     36000  0.98821121    
     36288  0.98825192    
     36576  0.98829085    
     36864  0.98832989    
     37152  0.98844284    
     37440  0.98855841    
     37728  0.98866582    
     38016  0.98876756    
     38304  0.98886573    
     38592  0.98896164    
     38880  0.98905641    
     39168  0.98915070    
     39456  0.98931658    
     39744  0.98947960    
     40032  0.98962957    
     40320  0.98976809    
     40608  0.98989636    
     40896  0.99001461    
     41184  0.99012280    
     41472  0.99022007    
     41760  0.99037087    
     42048  0.99049681    
     42336  0.99059838    
     42624  0.99067563    
     42912  0.99072874    
     43200  0.99076635    
     43488  0.99078310    
     43776  0.99078470    
     44064  0.99083769    
     44352  0.99088460    
     44640  0.99093527    
     44928  0.99099749    
     45216  0.99107623    
     45504  0.99117398    
     45792  0.99129081    
     46080  0.99142563    
     46368  0.99157614    
     46656  0.99173987    
     46944  0.99191403    
     47232  0.99213576    
     47520  0.99235564    
     47808  0.99257272    
     48096  0.99278605    
     48384  0.99299508    
     48672  0.99319917    
     48960  0.99339801    
     49248  0.99359131    
     49536  0.99377888    
     49824  0.99396056    
     50112  0.99413639    
     50400  0.99430335    
     50688  0.99446487    
     50976  0.99462110    
     51264  0.99477202    
     51552  0.99491769    
     51840  0.99505824    
     52128  0.99519378    
     52416  0.99532455    
     52704  0.99545062    
     52992  0.99557209    
     53280  0.99568903    
     53568  0.99580175    
     53856  0.99591017    
     54144  0.99601293    
     54432  0.99611193    
     54720  0.99620730    
     55008  0.99629915    
     55296  0.99638754    
     55584  0.99647266    
     55872  0.99655455    
     56160  0.99663329    
     56448  0.99670911    
     56736  0.99678195    
     57024  0.99685103    
     57312  0.99691749    
     57600  0.99697495    
     57888  0.99703068    
     58176  0.99708456    
     58464  0.99713671    
     58752  0.99718714    
     59040  0.99723583    
     59328  0.99728203    
     59616  0.99732667    
     59904  0.99736971    
     60192  0.99740607    
     60480  0.99744123    
     60768  0.99747527    
     61056  0.99750817    
     61344  0.99753994    
     61632  0.99757051    
     61920  0.99759936    
     62208  0.99762231    
     62496  0.99764442    
     62784  0.99766570    
     63072  0.99768609    
     63360  0.99770558    
     63648  0.99772418    
     63936  0.99773717    
     64224  0.99774879    
     64512  0.99775970    
     64800  0.99776983    
     65088  0.99777907    
     65376  0.99778748    
     65664  0.99779004    
     65952  0.99779183    
     66240  0.99779272    
     66528  0.99779230    
     66816  0.99779099    
     67104  0.99778336    
     67392  0.99777484    
     67680  0.99776542    
     67968  0.99775505    
     68256  0.99773765    
     68544  0.99771923    
     68832  0.99769974    
     69120  0.99767864    
     69408  0.99764937    
     69696  0.99761885    
     69984  0.99758697    
     70272  0.99755377    
     70560  0.99751925    
     70848  0.99747437    
     71136  0.99742788    
     71424  0.99737966    
     71712  0.99732918    
     72000  0.99726319    
     72288  0.99719483    
     72576  0.99712408    
     72864  0.99705100    
     73152  0.99697560    
     73440  0.99688262    
     73728  0.99678648    
     74016  0.99668741    
     74304  0.99658543    
     74592  0.99645936    
     74880  0.99632937    
     75168  0.99619567    
     75456  0.99603319    
     75744  0.99586564    
     76032  0.99569339    
     76320  0.99551696    
     76608  0.99530226    
     76896  0.99508190    
     77184  0.99485499    
     77472  0.99462444    
     77760  0.99434352    
     78048  0.99405789    
     78336  0.99376917    
     78624  0.99347901    
     78912  0.99312365    
     79200  0.99276680    
     79488  0.99241108    
     79776  0.99205494    
     80064  0.99161541    
     80352  0.99118119    
     80640  0.99075621    
     80928  0.99034405    
     81216  0.98982871    
     81504  0.98933077    
     81792  0.98885483    
     82080  0.98839676    
     82368  0.98796868    
     82656  0.98740882    
     82944  0.98688716    
     83232  0.98640770    
     83520  0.98597342    
     83808  0.98538488    
     84096  0.98483968    
     84384  0.98435438    
     84672  0.98393005    
     84960  0.98356658    
     85248  0.98301643    
     85536  0.98254293    
     85824  0.98214477    
     86112  0.98180181    
     86400  0.98152947    
     86688  0.98104304    
     86976  0.98064458    
     87264  0.98032618    
     87552  0.98007953    
     87840  0.97987658    
     88128  0.97973168    
     88416  0.97933030    
     88704  0.97900814    
     88992  0.97875631    
     89280  0.97856629    
     89568  0.97840828    
     89856  0.97829938    
     90144  0.97823256    
     90432  0.97787374    
     90720  0.97758472    
     91008  0.97735691    
     91296  0.97715873    
     91584  0.97700900    
     91872  0.97690064    
     92160  0.97682738    
     92448  0.97678339    
     92736  0.97676367    
     93024  0.97674179    
     93312  0.97639364    
     93600  0.97610199    
     93888  0.97585934    
     94176  0.97565889    
     94464  0.97546959    
     94752  0.97531301    
     95040  0.97518373    
     95328  0.97507691    
     95616  0.97498816    
     95904  0.97491378    
     96192  0.97482616    
     96480  0.97474921    
     96768  0.97468007    
     97056  0.97461623    
     97344  0.97455531    
     97632  0.97449535    
     97920  0.97443455    
     98208  0.97434759    
     98496  0.97425938    
     98784  0.97416854    
     99072  0.97407365    
     99360  0.97397357    
     99648  0.97386724    
     99936  0.97375375    
    100224  0.97360772    
    100512  0.97345537    
    100800  0.97329563    
    101088  0.97312778    
    101376  0.97295111    
    101664  0.97276485    
    101952  0.97292912    
    102240  0.97303909    
    102528  0.97310048    
    102816  0.97311831    
    103104  0.97307295    
    103392  0.97299367    
    103680  0.97288305    
    103968  0.97274315    
    104256  0.97257584    
    104544  0.97238272    
    104832  0.97251886    
