         1  0.73763382    
       288  0.74363488    
       576  0.74351770    
       864  0.74422181    
      1152  0.74669451    
      1440  0.75046235    
      1728  0.75534469    
      2016  0.76077741    
      2304  0.76658064    
      2592  0.77261138    
      2880  0.77876860    
      3168  0.78501332    
      3456  0.79162639    
      3744  0.79850161    
      4032  0.80587423    
      4320  0.81395280    
      4608  0.82274580    
      4896  0.83213770    
      5184  0.84206337    
      5472  0.85216689    
      5760  0.86229521    
      6048  0.87228376    
      6336  0.88198298    
      6624  0.89126736    
      6912  0.90014565    
      7200  0.90841609    
      7488  0.91613024    
      7776  0.92319739    
      8064  0.92964369    
      8352  0.93557656    
      8640  0.94093448    
      8928  0.94576705    
      9216  0.95012081    
      9504  0.95404106    
      9792  0.95756912    
     10080  0.96082205    
     10368  0.96373552    
     10656  0.96634895    
     10944  0.96869540    
     11232  0.97080475    
     11520  0.97270310    
     11808  0.97444636    
     12096  0.97603130    
     12384  0.97745723    
     12672  0.97874206    
     12960  0.97990143    
     13248  0.98097372    
     13536  0.98194134    
     13824  0.98282588    
     14112  0.98349029    
     14400  0.98409903    
     14688  0.98465812    
     14976  0.98517102    
     15264  0.98566824    
     15552  0.98612207    
     15840  0.98653597    
     16128  0.98691237    
     16416  0.98725373    
     16704  0.98756868    
     16992  0.98787034    
     17280  0.98814088    
     17568  0.98838246    
     17856  0.98859698    
     18144  0.98879194    
     18432  0.98896271    
     18720  0.98911059    
     19008  0.98925513    
     19296  0.98938358    
     19584  0.98949099    
     19872  0.98957866    
     20160  0.98964745    
     20448  0.98970377    
     20736  0.98974240    
     21024  0.98978424    
     21312  0.98980874    
     21600  0.98982227    
     21888  0.98981947    
     22176  0.98980105    
     22464  0.98976755    
     22752  0.98972547    
     23040  0.98966902    
     23328  0.98962295    
     23616  0.98956221    
     23904  0.98949403    
     24192  0.98941195    
     24480  0.98931658    
     24768  0.98920828    
     25056  0.98909539    
     25344  0.98897040    
     25632  0.98886281    
     25920  0.98874259    
     26208  0.98861921    
     26496  0.98848420    
     26784  0.98833853    
     27072  0.98818290    
     27360  0.98801804    
     27648  0.98785514    
     27936  0.98772573    
     28224  0.98758578    
     28512  0.98743606    
     28800  0.98728919    
     29088  0.98713386    
     29376  0.98697102    
     29664  0.98680162    
     29952  0.98664027    
     30240  0.98652822    
     30528  0.98640537    
     30816  0.98627329    
     31104  0.98613358    
     31392  0.98600304    
     31680  0.98586553    
     31968  0.98572260    
     32256  0.98557550    
     32544  0.98551291    
     32832  0.98543537    
     33120  0.98534590    
     33408  0.98524708    
     33696  0.98514080    
     33984  0.98504817    
     34272  0.98494822    
     34560  0.98484296    
     34848  0.98482007    
     35136  0.98477936    
     35424  0.98472518    
     35712  0.98468488    
     36000  0.98464042    
     36288  0.98459834    
     36576  0.98456401    
     36864  0.98454165    
     37152  0.98463392    
     37440  0.98474395    
     37728  0.98485184    
     38016  0.98496366    
     38304  0.98508364    
     38592  0.98521429    
     38880  0.98535705    
     39168  0.98551255    
     39456  0.98577672    
     39744  0.98604763    
     40032  0.98630548    
     40320  0.98655480    
     40608  0.98679847    
     40896  0.98703790    
     41184  0.98727340    
     41472  0.98750460    
     41760  0.98780990    
     42048  0.98808795    
     42336  0.98834205    
     42624  0.98857445    
     42912  0.98878664    
     43200  0.98899323    
     43488  0.98918211    
     43776  0.98935956    
     44064  0.98959309    
     44352  0.98981744    
     44640  0.99004257    
     44928  0.99027520    
     45216  0.99051863    
     45504  0.99077344    
     45792  0.99103820    
     46080  0.99131048    
     46368  0.99158740    
     46656  0.99186611    
     46944  0.99214411    
     47232  0.99245036    
     47520  0.99274451    
     47808  0.99302673    
     48096  0.99329722    
     48384  0.99355626    
     48672  0.99380404    
     48960  0.99404097    
     49248  0.99426728    
     49536  0.99448341    
     49824  0.99468964    
     50112  0.99488640    
     50400  0.99507099    
     50688  0.99524748    
     50976  0.99541605    
     51264  0.99557698    
     51552  0.99573052    
     51840  0.99587709    
     52128  0.99601686    
     52416  0.99615014    
     52704  0.99627727    
     52992  0.99639845    
     53280  0.99651396    
     53568  0.99662411    
     53856  0.99672914    
     54144  0.99682790    
     54432  0.99692225    
     54720  0.99701226    
     55008  0.99709821    
     55296  0.99718022    
     55584  0.99725854    
     55872  0.99733323    
     56160  0.99740452    
     56448  0.99747258    
     56736  0.99753755    
     57024  0.99759877    
     57312  0.99765724    
     57600  0.99771005    
     57888  0.99776071    
     58176  0.99780923    
     58464  0.99785572    
     58752  0.99790025    
     59040  0.99794286    
     59328  0.99798304    
     59616  0.99802148    
     59904  0.99805820    
     60192  0.99809104    
     60480  0.99812245    
     60768  0.99815249    
     61056  0.99818116    
     61344  0.99820858    
     61632  0.99823463    
     61920  0.99825907    
     62208  0.99828017    
     62496  0.99830019    
     62784  0.99831921    
     63072  0.99833715    
     63360  0.99835402    
     63648  0.99836987    
     63936  0.99838263    
     64224  0.99839413    
     64512  0.99840462    
     64800  0.99841416    
     65088  0.99842274    
     65376  0.99843025    
     65664  0.99843460    
     65952  0.99843800    
     66240  0.99844027    
     66528  0.99844110    
     66816  0.99844086    
     67104  0.99843711    
     67392  0.99843210    
     67680  0.99842584    
     67968  0.99841827    
     68256  0.99840665    
     68544  0.99839348    
     68832  0.99837881    
     69120  0.99836206    
     69408  0.99834037    
     69696  0.99831671    
     69984  0.99829096    
     70272  0.99826300    
     70560  0.99823272    
     70848  0.99819565    
     71136  0.99815571    
     71424  0.99811268    
     71712  0.99806607    
     72000  0.99800891    
     72288  0.99794757    
     72576  0.99788189    
     72864  0.99781138    
     73152  0.99773592    
     73440  0.99764645    
     73728  0.99755067    
     74016  0.99744809    
     74304  0.99733829    
     74592  0.99720770    
     74880  0.99706793    
     75168  0.99691850    
     75456  0.99674225    
     75744  0.99655372    
     76032  0.99635243    
     76320  0.99613798    
     76608  0.99588490    
     76896  0.99561554    
     77184  0.99532765    
     77472  0.99502337    
     77760  0.99466389    
     78048  0.99428540    
     78336  0.99388891    
     78624  0.99347597    
     78912  0.99298823    
     79200  0.99248385    
     79488  0.99196631    
     79776  0.99143285    
     80064  0.99080241    
     80352  0.99016768    
     80640  0.98953509    
     80928  0.98891091    
     81216  0.98816824    
     81504  0.98744684    
     81792  0.98675412    
     82080  0.98608059    
     82368  0.98544747    
     82656  0.98466301    
     82944  0.98393995    
     83232  0.98328167    
     83520  0.98268962    
     83808  0.98191643    
     84096  0.98121041    
     84384  0.98059875    
     84672  0.98007721    
     84960  0.97964007    
     85248  0.97897601    
     85536  0.97843403    
     85824  0.97800314    
     86112  0.97763771    
     86400  0.97736752    
     86688  0.97683620    
     86976  0.97643971    
     87264  0.97615331    
     87552  0.97595561    
     87840  0.97579068    
     88128  0.97568941    
     88416  0.97526848    
     88704  0.97496057    
     88992  0.97474360    
     89280  0.97459900    
     89568  0.97447175    
     89856  0.97439766    
     90144  0.97436517    
     90432  0.97397619    
     90720  0.97368854    
     91008  0.97348225    
     91296  0.97329867    
     91584  0.97317427    
     91872  0.97309637    
     92160  0.97305459    
     92448  0.97304070    
     92736  0.97304827    
     93024  0.97303253    
     93312  0.97263104    
     93600  0.97231853    
     93888  0.97207803    
     94176  0.97189516    
     94464  0.97171479    
     94752  0.97157747    
     95040  0.97147357    
     95328  0.97139519    
     95616  0.97133595    
     95904  0.97129059    
     96192  0.97121298    
     96480  0.97114885    
     96768  0.97109401    
     97056  0.97104490    
     97344  0.97099876    
     97632  0.97095311    
     97920  0.97090602    
     98208  0.97081476    
     98496  0.97072577    
     98784  0.97063661    
     99072  0.97054523    
     99360  0.97045004    
     99648  0.97034961    
     99936  0.97024274    
    100224  0.97008681    
    100512  0.96992880    
    100800  0.96976697    
    101088  0.96959984    
    101376  0.96942610    
    101664  0.96924472    
    101952  0.96947122    
    102240  0.96961766    
    102528  0.96969712    
    102816  0.96971953    
    103104  0.96965283    
    103392  0.96954918    
    103680  0.96941257    
    103968  0.96924621    
    104256  0.96905291    
    104544  0.96883494    
    104832  0.96900332    
