         1  -6.1507645    
       288  0.92517301E-01
       576  0.13940148    
       864  0.17589769    
      1152  0.20902510    
      1440  0.23963881    
      1728  0.26891947    
      2016  0.29608506    
      2304  0.32148781    
      2592  0.34537980    
      2880  0.36796561    
      3168  0.38948274    
      3456  0.41093487    
      3744  0.43211064    
      4032  0.45372695    
      4320  0.47640470    
      4608  0.50031316    
      4896  0.52532113    
      5184  0.55147558    
      5472  0.57796890    
      5760  0.60455084    
      6048  0.63090974    
      6336  0.65672648    
      6624  0.68171746    
      6912  0.70594293    
      7200  0.72880030    
      7488  0.75040126    
      7776  0.77045977    
      8064  0.78900433    
      8352  0.80632025    
      8640  0.82215393    
      8928  0.83661354    
      9216  0.84980333    
      9504  0.86182779    
      9792  0.87279099    
     10080  0.88305461    
     10368  0.89237010    
     10656  0.90082037    
     10944  0.90848458    
     11232  0.91543508    
     11520  0.92173809    
     11808  0.92756367    
     12096  0.93288493    
     12384  0.93769300    
     12672  0.94204068    
     12960  0.94597673    
     13248  0.94962311    
     13536  0.95292103    
     13824  0.95594090    
     14112  0.95867437    
     14400  0.96115190    
     14688  0.96340042    
     14976  0.96544355    
     15264  0.96738148    
     15552  0.96876615    
     15840  0.96969616    
     16128  0.97059256    
     16416  0.97145194    
     16704  0.97228837    
     16992  0.97312963    
     17280  0.97392386    
     17568  0.97467226    
     17856  0.97537595    
     18144  0.97605109    
     18432  0.97668326    
     18720  0.97727466    
     19008  0.97787088    
     19296  0.97843826    
     19584  0.97896516    
     19872  0.97945392    
     20160  0.97990716    
     20448  0.98033905    
     20736  0.98073822    
     21024  0.98114914    
     21312  0.98152727    
     21600  0.98188663    
     21888  0.98221660    
     22176  0.98251921    
     22464  0.98279691    
     22752  0.98306233    
     23040  0.98330504    
     23328  0.98356926    
     23616  0.98381007    
     23904  0.98404002    
     24192  0.98424906    
     24480  0.98443907    
     24768  0.98461181    
     25056  0.98477966    
     25344  0.98493284    
     25632  0.98511374    
     25920  0.98527974    
     26208  0.98544353    
     26496  0.98559558    
     26784  0.98573780    
     27072  0.98587209    
     27360  0.98600012    
     27648  0.98613364    
     27936  0.98630816    
     28224  0.98647428    
     28512  0.98663372    
     28800  0.98679793    
     29088  0.98695719    
     29376  0.98711312    
     29664  0.98726726    
     29952  0.98743069    
     30240  0.98763764    
     30528  0.98783875    
     30816  0.98803538    
     31104  0.98822874    
     31392  0.98842847    
     31680  0.98862535    
     31968  0.98882008    
     32256  0.98901337    
     32544  0.98925328    
     32832  0.98948532    
     33120  0.98971069    
     33408  0.98993039    
     33696  0.99014533    
     33984  0.99036294    
     34272  0.99057579    
     34560  0.99078429    
     34848  0.99102139    
     35136  0.99124986    
     35424  0.99147063    
     35712  0.99169010    
     36000  0.99190253    
     36288  0.99210852    
     36576  0.99230862    
     36864  0.99250311    
     37152  0.99271697    
     37440  0.99292606    
     37728  0.99312621    
     38016  0.99331808    
     38304  0.99350214    
     38592  0.99367893    
     38880  0.99384874    
     39168  0.99401182    
     39456  0.99418610    
     39744  0.99435419    
     40032  0.99451321    
     40320  0.99466354    
     40608  0.99480546    
     40896  0.99493921    
     41184  0.99506474    
     41472  0.99518204    
     41760  0.99530345    
     42048  0.99541467    
     42336  0.99551582    
     42624  0.99560696    
     42912  0.99568838    
     43200  0.99576193    
     43488  0.99582708    
     43776  0.99588537    
     44064  0.99594730    
     44352  0.99600542    
     44640  0.99606180    
     44928  0.99611789    
     45216  0.99617493    
     45504  0.99623346    
     45792  0.99629384    
     46080  0.99635595    
     46368  0.99641973    
     46656  0.99648482    
     46944  0.99655098    
     47232  0.99662292    
     47520  0.99669468    
     47808  0.99676603    
     48096  0.99683672    
     48384  0.99690658    
     48672  0.99697542    
     48960  0.99704313    
     49248  0.99710959    
     49536  0.99717462    
     49824  0.99723828    
     50112  0.99730045    
     50400  0.99736059    
     50688  0.99741918    
     50976  0.99747628    
     51264  0.99753183    
     51552  0.99758589    
     51840  0.99763846    
     52128  0.99768949    
     52416  0.99773914    
     52704  0.99778724    
     52992  0.99783397    
     53280  0.99787933    
     53568  0.99792325    
     53856  0.99796593    
     54144  0.99800694    
     54432  0.99804670    
     54720  0.99808526    
     55008  0.99812263    
     55296  0.99815887    
     55584  0.99819404    
     55872  0.99822813    
     56160  0.99826115    
     56448  0.99829322    
     56736  0.99832422    
     57024  0.99835408    
     57312  0.99838305    
     57600  0.99841022    
     57888  0.99843657    
     58176  0.99846220    
     58464  0.99848706    
     58752  0.99851120    
     59040  0.99853462    
     59328  0.99855715    
     59616  0.99857903    
     59904  0.99860030    
     60192  0.99862027    
     60480  0.99863958    
     60768  0.99865842    
     61056  0.99867666    
     61344  0.99869436    
     61632  0.99871159    
     61920  0.99872816    
     62208  0.99874359    
     62496  0.99875855    
     62784  0.99877310    
     63072  0.99878722    
     63360  0.99880093    
     63648  0.99881417    
     63936  0.99882644    
     64224  0.99883813    
     64512  0.99884945    
     64800  0.99886042    
     65088  0.99887103    
     65376  0.99888128    
     65664  0.99889052    
     65952  0.99889940    
     66240  0.99890792    
     66528  0.99891603    
     66816  0.99892384    
     67104  0.99893063    
     67392  0.99893713    
     67680  0.99894333    
     67968  0.99894923    
     68256  0.99895418    
     68544  0.99895877    
     68832  0.99896312    
     69120  0.99896705    
     69408  0.99896997    
     69696  0.99897259    
     69984  0.99897492    
     70272  0.99897701    
     70560  0.99897885    
     70848  0.99897945    
     71136  0.99897981    
     71424  0.99897987    
     71712  0.99897957    
     72000  0.99897766    
     72288  0.99897546    
     72576  0.99897289    
     72864  0.99897009    
     73152  0.99896693    
     73440  0.99896204    
     73728  0.99895686    
     74016  0.99895126    
     74304  0.99894536    
     74592  0.99893725    
     74880  0.99892879    
     75168  0.99891979    
     75456  0.99890840    
     75744  0.99889648    
     76032  0.99888396    
     76320  0.99887091    
     76608  0.99885476    
     76896  0.99883789    
     77184  0.99882019    
     77472  0.99880177    
     77760  0.99877936    
     78048  0.99875599    
     78336  0.99873161    
     78624  0.99870622    
     78912  0.99867558    
     79200  0.99864364    
     79488  0.99861032    
     79776  0.99857551    
     80064  0.99853367    
     80352  0.99848986    
     80640  0.99844420    
     80928  0.99839652    
     81216  0.99833935    
     81504  0.99827939    
     81792  0.99821663    
     82080  0.99815083    
     82368  0.99808222    
     82656  0.99799943    
     82944  0.99791247    
     83232  0.99782139    
     83520  0.99772614    
     83808  0.99761105    
     84096  0.99748945    
     84384  0.99736160    
     84672  0.99722755    
     84960  0.99708730    
     85248  0.99691659    
     85536  0.99673676    
     85824  0.99654764    
     86112  0.99634868    
     86400  0.99614060    
     86688  0.99588585    
     86976  0.99561745    
     87264  0.99533570    
     87552  0.99504077    
     87840  0.99473208    
     88128  0.99441123    
     88416  0.99401450    
     88704  0.99359977    
     88992  0.99316871    
     89280  0.99272293    
     89568  0.99226177    
     89856  0.99178946    
     90144  0.99130851    
     90432  0.99070525    
     90720  0.99008793    
     91008  0.98946023    
     91296  0.98882073    
     91584  0.98817807    
     91872  0.98753631    
     92160  0.98689955    
     92448  0.98627144    
     92736  0.98565573    
     93024  0.98504752    
     93312  0.98423159    
     93600  0.98343152    
     93888  0.98265225    
     94176  0.98189795    
     94464  0.98115933    
     94752  0.98045135    
     95040  0.97977614    
     95328  0.97913486    
     95616  0.97852802    
     95904  0.97795546    
     96192  0.97739953    
     96480  0.97687632    
     96768  0.97638452    
     97056  0.97592223    
     97344  0.97548717    
     97632  0.97507638    
     97920  0.97468632    
     98208  0.97429317    
     98496  0.97391552    
     98784  0.97355050    
     99072  0.97319514    
     99360  0.97284675    
     99648  0.97250283    
     99936  0.97216100    
    100224  0.97179508    
    100512  0.97142881    
    100800  0.97106022    
    101088  0.97068757    
    101376  0.97030920    
    101664  0.96992368    
    101952  0.96998566    
    102240  0.96998876    
    102528  0.96993822    
    102816  0.96983838    
    103104  0.96966738    
    103392  0.96945596    
    103680  0.96920651    
    103968  0.96892118    
    104256  0.96860176    
    104544  0.96824992    
    104832  0.96834362    
