         1  0.94495457    
       288  0.94182318    
       576  0.93888599    
       864  0.93655175    
      1152  0.93480825    
      1440  0.93353295    
      1728  0.93271303    
      2016  0.93217778    
      2304  0.93187696    
      2592  0.93176925    
      2880  0.93182224    
      3168  0.93201846    
      3456  0.93242544    
      3744  0.93299490    
      4032  0.93377304    
      4320  0.93481362    
      4608  0.93613684    
      4896  0.93773681    
      5184  0.93963701    
      5472  0.94174802    
      5760  0.94403940    
      6048  0.94646871    
      6336  0.94899070    
      6624  0.95155817    
      6912  0.95417434    
      7200  0.95674133    
      7488  0.95925754    
      7776  0.96166712    
      8064  0.96395612    
      8352  0.96615481    
      8640  0.96820897    
      8928  0.97011960    
      9216  0.97188967    
      9504  0.97352457    
      9792  0.97503054    
     10080  0.97646004    
     10368  0.97776562    
     10656  0.97895706    
     10944  0.98004371    
     11232  0.98103410    
     11520  0.98193634    
     11808  0.98278147    
     12096  0.98355889    
     12384  0.98426408    
     12672  0.98490345    
     12960  0.98548293    
     13248  0.98599410    
     13536  0.98642474    
     13824  0.98682380    
     14112  0.98718596    
     14400  0.98751384    
     14688  0.98780966    
     14976  0.98807544    
     15264  0.98833722    
     15552  0.98857033    
     15840  0.98877680    
     16128  0.98895800    
     16416  0.98911530    
     16704  0.98925543    
     16992  0.98939145    
     17280  0.98950535    
     17568  0.98959827    
     17856  0.98967123    
     18144  0.98973066    
     18432  0.98977149    
     18720  0.98979443    
     19008  0.98981988    
     19296  0.98983330    
     19584  0.98982960    
     19872  0.98980916    
     20160  0.98977286    
     20448  0.98972690    
     20736  0.98966563    
     21024  0.98961234    
     21312  0.98954362    
     21600  0.98946643    
     21888  0.98937446    
     22176  0.98926812    
     22464  0.98914796    
     22752  0.98902184    
     23040  0.98888260    
     23328  0.98876017    
     23616  0.98862416    
     23904  0.98848367    
     24192  0.98833054    
     24480  0.98816550    
     24768  0.98798931    
     25056  0.98781317    
     25344  0.98762870    
     25632  0.98747343    
     25920  0.98731154    
     26208  0.98715657    
     26496  0.98699886    
     26784  0.98684096    
     27072  0.98668516    
     27360  0.98653394    
     27648  0.98640257    
     27936  0.98632652    
     28224  0.98625439    
     28512  0.98618877    
     28800  0.98614585    
     29088  0.98611170    
     29376  0.98608834    
     29664  0.98607743    
     29952  0.98609519    
     30240  0.98617649    
     30528  0.98626339    
     30816  0.98635799    
     31104  0.98646188    
     31392  0.98659074    
     31680  0.98672849    
     31968  0.98687613    
     32256  0.98703426    
     32544  0.98726302    
     32832  0.98749101    
     33120  0.98772013    
     33408  0.98795187    
     33696  0.98818702    
     33984  0.98843813    
     34272  0.98869097    
     34560  0.98894596    
     34848  0.98923868    
     35136  0.98952615    
     35424  0.98980957    
     35712  0.99009895    
     36000  0.99038351    
     36288  0.99066371    
     36576  0.99094003    
     36864  0.99121255    
     37152  0.99150503    
     37440  0.99179536    
     37728  0.99207592    
     38016  0.99234760    
     38304  0.99261099    
     38592  0.99286640    
     38880  0.99311423    
     39168  0.99335462    
     39456  0.99360204    
     39744  0.99384350    
     40032  0.99407440    
     40320  0.99429536    
     40608  0.99450690    
     40896  0.99470937    
     41184  0.99490309    
     41472  0.99508822    
     41760  0.99527311    
     42048  0.99544817    
     42336  0.99561375    
     42624  0.99577028    
     42912  0.99591804    
     43200  0.99605930    
     43488  0.99619246    
     43776  0.99631840    
     44064  0.99644244    
     44352  0.99656045    
     44640  0.99667358    
     44928  0.99678260    
     45216  0.99688804    
     45504  0.99699026    
     45792  0.99708933    
     46080  0.99718541    
     46368  0.99727839    
     46656  0.99736834    
     46944  0.99745518    
     47232  0.99754077    
     47520  0.99762303    
     47808  0.99770188    
     48096  0.99777752    
     48384  0.99785006    
     48672  0.99791944    
     48960  0.99798596    
     49248  0.99804956    
     49536  0.99811047    
     49824  0.99816871    
     50112  0.99822444    
     50400  0.99827731    
     50688  0.99832797    
     50976  0.99837643    
     51264  0.99842280    
     51552  0.99846727    
     51840  0.99850982    
     52128  0.99855053    
     52416  0.99858958    
     52704  0.99862701    
     52992  0.99866283    
     53280  0.99869722    
     53568  0.99873018    
     53856  0.99876177    
     54144  0.99879193    
     54432  0.99882084    
     54720  0.99884862    
     55008  0.99887532    
     55296  0.99890101    
     55584  0.99892569    
     55872  0.99894941    
     56160  0.99897224    
     56448  0.99899417    
     56736  0.99901533    
     57024  0.99903554    
     57312  0.99905503    
     57600  0.99907357    
     57888  0.99909151    
     58176  0.99910873    
     58464  0.99912542    
     58752  0.99914151    
     59040  0.99915701    
     59328  0.99917191    
     59616  0.99918628    
     59904  0.99920017    
     60192  0.99921340    
     60480  0.99922621    
     60768  0.99923861    
     61056  0.99925059    
     61344  0.99926215    
     61632  0.99927336    
     61920  0.99928415    
     62208  0.99929440    
     62496  0.99930435    
     62784  0.99931395    
     63072  0.99932325    
     63360  0.99933225    
     63648  0.99934095    
     63936  0.99934924    
     64224  0.99935722    
     64512  0.99936491    
     64800  0.99937230    
     65088  0.99937952    
     65376  0.99938643    
     65664  0.99939305    
     65952  0.99939936    
     66240  0.99940544    
     66528  0.99941128    
     66816  0.99941689    
     67104  0.99942219    
     67392  0.99942726    
     67680  0.99943209    
     67968  0.99943674    
     68256  0.99944103    
     68544  0.99944514    
     68832  0.99944901    
     69120  0.99945265    
     69408  0.99945593    
     69696  0.99945903    
     69984  0.99946189    
     70272  0.99946457    
     70560  0.99946696    
     70848  0.99946904    
     71136  0.99947083    
     71424  0.99947244    
     71712  0.99947369    
     72000  0.99947453    
     72288  0.99947506    
     72576  0.99947536    
     72864  0.99947530    
     73152  0.99947500    
     73440  0.99947411    
     73728  0.99947286    
     74016  0.99947125    
     74304  0.99946928    
     74592  0.99946654    
     74880  0.99946338    
     75168  0.99945968    
     75456  0.99945515    
     75744  0.99945003    
     76032  0.99944431    
     76320  0.99943799    
     76608  0.99943042    
     76896  0.99942201    
     77184  0.99941278    
     77472  0.99940264    
     77760  0.99939078    
     78048  0.99937779    
     78336  0.99936354    
     78624  0.99934798    
     78912  0.99932992    
     79200  0.99931014    
     79488  0.99928850    
     79776  0.99926484    
     80064  0.99923730    
     80352  0.99920720    
     80640  0.99917412    
     80928  0.99913788    
     81216  0.99909568    
     81504  0.99904931    
     81792  0.99899817    
     82080  0.99894172    
     82368  0.99887943    
     82656  0.99880642    
     82944  0.99872553    
     83232  0.99863589    
     83520  0.99853641    
     83808  0.99841899    
     84096  0.99828780    
     84384  0.99814159    
     84672  0.99797863    
     84960  0.99779713    
     85248  0.99758083    
     85536  0.99733907    
     85824  0.99706912    
     86112  0.99676758    
     86400  0.99643242    
     86688  0.99603152    
     86976  0.99558592    
     87264  0.99509305    
     87552  0.99455094    
     87840  0.99395561    
     88128  0.99330926    
     88416  0.99254215    
     88704  0.99171627    
     88992  0.99083620    
     89280  0.98990864    
     89568  0.98893356    
     89856  0.98792851    
     90144  0.98690498    
     90432  0.98570681    
     90720  0.98450679    
     91008  0.98332101    
     91296  0.98214310    
     91584  0.98100597    
     91872  0.97991985    
     92160  0.97889215    
     92448  0.97792739    
     92736  0.97702765    
     93024  0.97615927    
     93312  0.97500122    
     93600  0.97394729    
     93888  0.97299433    
     94176  0.97213650    
     94464  0.97131890    
     94752  0.97058791    
     95040  0.96993512    
     95328  0.96935225    
     95616  0.96883142    
     95904  0.96836573    
     96192  0.96789271    
     96480  0.96747297    
     96768  0.96710002    
     97056  0.96676803    
     97344  0.96647096    
     97632  0.96620035    
     97920  0.96594822    
     98208  0.96564716    
     98496  0.96536475    
     98784  0.96509439    
     99072  0.96483088    
     99360  0.96456975    
     99648  0.96430761    
     99936  0.96404171    
    100224  0.96370411    
    100512  0.96337074    
    100800  0.96303755    
    101088  0.96270120    
    101376  0.96235895    
    101664  0.96200871    
    101952  0.96224326    
    102240  0.96234238    
    102528  0.96233380    
    102816  0.96223778    
    103104  0.96200258    
    103392  0.96171939    
    103680  0.96139431    
    103968  0.96103221    
    104256  0.96063697    
    104544  0.96021163    
    104832  0.96037972    
