         1  0.94135344    
       288  0.94009560    
       576  0.93871707    
       864  0.93770522    
      1152  0.93708265    
      1440  0.93676031    
      1728  0.93671656    
      2016  0.93684524    
      2304  0.93711162    
      2592  0.93748999    
      2880  0.93796039    
      3168  0.93851149    
      3456  0.93918991    
      3744  0.93997198    
      4032  0.94089633    
      4320  0.94200426    
      4608  0.94331324    
      4896  0.94482023    
      5184  0.94653791    
      5472  0.94840890    
      5760  0.95041275    
      6048  0.95252025    
      6336  0.95469850    
      6624  0.95691407    
      6912  0.95916367    
      7200  0.96137983    
      7488  0.96355999    
      7776  0.96566063    
      8064  0.96766847    
      8352  0.96960121    
      8640  0.97142023    
      8928  0.97312456    
      9216  0.97471517    
      9504  0.97619468    
      9792  0.97756654    
     10080  0.97886819    
     10368  0.98006594    
     10656  0.98116690    
     10944  0.98217821    
     11232  0.98310679    
     11520  0.98395890    
     11808  0.98475558    
     12096  0.98549277    
     12384  0.98616707    
     12672  0.98678410    
     12960  0.98734874    
     13248  0.98785180    
     13536  0.98828810    
     13824  0.98869520    
     14112  0.98906952    
     14400  0.98941362    
     14688  0.98972946    
     14976  0.99001896    
     15264  0.99029845    
     15552  0.99055362    
     15840  0.99078602    
     16128  0.99099708    
     16416  0.99118793    
     16704  0.99136341    
     16992  0.99153054    
     17280  0.99167961    
     17568  0.99181175    
     17856  0.99192768    
     18144  0.99203163    
     18432  0.99212056    
     18720  0.99219525    
     19008  0.99226654    
     19296  0.99232715    
     19584  0.99237424    
     19872  0.99240816    
     20160  0.99242938    
     20448  0.99244130    
     20736  0.99244070    
     21024  0.99243969    
     21312  0.99242616    
     21600  0.99240369    
     21888  0.99236882    
     22176  0.99232161    
     22464  0.99226218    
     22752  0.99219424    
     23040  0.99211383    
     23328  0.99203634    
     23616  0.99194604    
     23904  0.99184728    
     24192  0.99173570    
     24480  0.99161124    
     24768  0.99147397    
     25056  0.99132884    
     25344  0.99117070    
     25632  0.99101925    
     25920  0.99085450    
     26208  0.99068260    
     26496  0.99049777    
     26784  0.99029994    
     27072  0.99008960    
     27360  0.98986697    
     27648  0.98964012    
     27936  0.98943287    
     28224  0.98921305    
     28512  0.98898113    
     28800  0.98874712    
     29088  0.98850179    
     29376  0.98824596    
     29664  0.98798031    
     29952  0.98771709    
     30240  0.98749113    
     30528  0.98725337    
     30816  0.98700500    
     31104  0.98674721    
     31392  0.98649544    
     31680  0.98623484    
     31968  0.98596680    
     32256  0.98569232    
     32544  0.98549545    
     32832  0.98528367    
     33120  0.98505950    
     33408  0.98482484    
     33696  0.98458153    
     33984  0.98435229    
     34272  0.98411423    
     34560  0.98386943    
     34848  0.98370862    
     35136  0.98352832    
     35424  0.98333275    
     35712  0.98315024    
     36000  0.98295367    
     36288  0.98274636    
     36576  0.98253101    
     36864  0.98230982    
     37152  0.98220134    
     37440  0.98209387    
     37728  0.98195809    
     38016  0.98180109    
     38304  0.98162842    
     38592  0.98144412    
     38880  0.98125142    
     39168  0.98105240    
     39456  0.98099625    
     39744  0.98093253    
     40032  0.98082781    
     40320  0.98069257    
     40608  0.98053390    
     40896  0.98035634    
     41184  0.98016483    
     41472  0.97996235    
     41760  0.97993129    
     42048  0.97983330    
     42336  0.97968274    
     42624  0.97948784    
     42912  0.97925365    
     43200  0.97902715    
     43488  0.97875983    
     43776  0.97846842    
     44064  0.97839963    
     44352  0.97829294    
     44640  0.97819942    
     44928  0.97815287    
     45216  0.97817099    
     45504  0.97825915    
     45792  0.97841436    
     46080  0.97862911    
     46368  0.97889423    
     46656  0.97920066    
     46944  0.97954023    
     47232  0.98010802    
     47520  0.98061585    
     47808  0.98108941    
     48096  0.98154324    
     48384  0.98198557    
     48672  0.98242074    
     48960  0.98285091    
     49248  0.98327684    
     49536  0.98369867    
     49824  0.98411596    
     50112  0.98452806    
     50400  0.98490763    
     50688  0.98528999    
     50976  0.98567122    
     51264  0.98604864    
     51552  0.98642039    
     51840  0.98678493    
     52128  0.98714125    
     52416  0.98748863    
     52704  0.98782647    
     52992  0.98815435    
     53280  0.98847193    
     53568  0.98877907    
     53856  0.98907560    
     54144  0.98934662    
     54432  0.98961127    
     54720  0.98986840    
     55008  0.99011725    
     55296  0.99035728    
     55584  0.99058819    
     55872  0.99080980    
     56160  0.99102211    
     56448  0.99122506    
     56736  0.99141872    
     57024  0.99159366    
     57312  0.99176192    
     57600  0.99187738    
     57888  0.99199569    
     58176  0.99211448    
     58464  0.99223191    
     58752  0.99234664    
     59040  0.99245775    
     59328  0.99255651    
     59616  0.99265182    
     59904  0.99274290    
     60192  0.99279070    
     60480  0.99284041    
     60768  0.99289036    
     61056  0.99293917    
     61344  0.99298596    
     61632  0.99302983    
     61920  0.99306339    
     62208  0.99305654    
     62496  0.99305212    
     62784  0.99304861    
     63072  0.99304485    
     63360  0.99303991    
     63648  0.99303281    
     63936  0.99298394    
     64224  0.99293041    
     64512  0.99287891    
     64800  0.99282777    
     65088  0.99277532    
     65376  0.99272019    
     65664  0.99261779    
     65952  0.99251646    
     66240  0.99241453    
     66528  0.99230266    
     66816  0.99218845    
     67104  0.99201953    
     67392  0.99185234    
     67680  0.99168515    
     67968  0.99151635    
     68256  0.99128401    
     68544  0.99105519    
     68832  0.99082810    
     69120  0.99059033    
     69408  0.99027771    
     69696  0.98997372    
     69984  0.98967636    
     70272  0.98938417    
     70560  0.98909587    
     70848  0.98871100    
     71136  0.98834217    
     71424  0.98798728    
     71712  0.98762733    
     72000  0.98712766    
     72288  0.98666358    
     72576  0.98623139    
     72864  0.98582762    
     73152  0.98544943    
     73440  0.98492807    
     73728  0.98445916    
     74016  0.98403668    
     74304  0.98365557    
     74592  0.98307872    
     74880  0.98258477    
     75168  0.98216271    
     75456  0.98156881    
     75744  0.98108333    
     76032  0.98068988    
     76320  0.98037446    
     76608  0.97985721    
     76896  0.97946793    
     77184  0.97914296    
     77472  0.97891802    
     77760  0.97847873    
     78048  0.97819340    
     78336  0.97802800    
     78624  0.97795075    
     78912  0.97762394    
     79200  0.97743213    
     79488  0.97733855    
     79776  0.97727042    
     80064  0.97693980    
     80352  0.97674775    
     80640  0.97665715    
     80928  0.97664028    
     81216  0.97633976    
     81504  0.97617155    
     81792  0.97610050    
     82080  0.97605270    
     82368  0.97607017    
     82656  0.97578758    
     82944  0.97563386    
     83232  0.97557551    
     83520  0.97558719    
     83808  0.97529656    
     84096  0.97508788    
     84384  0.97498995    
     84672  0.97497427    
     84960  0.97501934    
     85248  0.97474754    
     85536  0.97460145    
     85824  0.97454977    
     86112  0.97452068    
     86400  0.97455627    
     86688  0.97427326    
     86976  0.97411621    
     87264  0.97405475    
     87552  0.97406507    
     87840  0.97408229    
     88128  0.97415125    
     88416  0.97389185    
     88704  0.97374731    
     88992  0.97369099    
     89280  0.97370148    
     89568  0.97371632    
     89856  0.97377980    
     90144  0.97387958    
     90432  0.97364527    
     90720  0.97351092    
     91008  0.97345412    
     91296  0.97341138    
     91584  0.97342372    
     91872  0.97347772    
     92160  0.97356313    
     92448  0.97367167    
     92736  0.97379720    
     93024  0.97389382    
     93312  0.97366190    
     93600  0.97351074    
     93888  0.97342330    
     94176  0.97338557    
     94464  0.97334427    
     94752  0.97333992    
     95040  0.97336364    
     95328  0.97340822    
     95616  0.97346795    
     95904  0.97353804    
     96192  0.97357601    
     96480  0.97362483    
     96768  0.97368079    
     97056  0.97374082    
     97344  0.97380245    
     97632  0.97386354    
     97920  0.97392255    
     98208  0.97394186    
     98496  0.97396266    
     98784  0.97398287    
     99072  0.97400075    
     99360  0.97401500    
     99648  0.97402436    
     99936  0.97402793    
    100224  0.97399014    
    100512  0.97395027    
    100800  0.97390687    
    101088  0.97385871    
    101376  0.97380477    
    101664  0.97374415    
    101952  0.97396332    
    102240  0.97412813    
    102528  0.97424656    
    102816  0.97432470    
    103104  0.97433597    
    103392  0.97432047    
    103680  0.97428066    
    103968  0.97421861    
    104256  0.97413582    
    104544  0.97403383    
    104832  0.97418368    
