         1  0.99017411    
       288  0.98982215    
       576  0.98952293    
       864  0.98928541    
      1152  0.98909903    
      1440  0.98895103    
      1728  0.98883951    
      2016  0.98875004    
      2304  0.98867846    
      2592  0.98862147    
      2880  0.98857677    
      3168  0.98854280    
      3456  0.98852408    
      3744  0.98851639    
      4032  0.98852211    
      4320  0.98854417    
      4608  0.98858434    
      4896  0.98864347    
      5184  0.98872524    
      5472  0.98882544    
      5760  0.98894382    
      6048  0.98907948    
      6336  0.98923123    
      6624  0.98939753    
      6912  0.98958093    
      7200  0.98977447    
      7488  0.98997855    
      7776  0.99018848    
      8064  0.99040240    
      8352  0.99062347    
      8640  0.99084461    
      8928  0.99106437    
      9216  0.99128151    
      9504  0.99149477    
      9792  0.99170315    
     10080  0.99191302    
     10368  0.99211568    
     10656  0.99231100    
     10944  0.99249840    
     11232  0.99267781    
     11520  0.99284905    
     11808  0.99301648    
     12096  0.99317729    
     12384  0.99332929    
     12672  0.99346799    
     12960  0.99359381    
     13248  0.99371654    
     13536  0.99383157    
     13824  0.99394083    
     14112  0.99404269    
     14400  0.99413717    
     14688  0.99422449    
     14976  0.99430484    
     15264  0.99438417    
     15552  0.99445659    
     15840  0.99452204    
     16128  0.99458086    
     16416  0.99463296    
     16704  0.99467999    
     16992  0.99472499    
     17280  0.99476337    
     17568  0.99479508    
     17856  0.99482036    
     18144  0.99484056    
     18432  0.99485421    
     18720  0.99486130    
     19008  0.99486697    
     19296  0.99486732    
     19584  0.99486095    
     19872  0.99484754    
     20160  0.99482715    
     20448  0.99480116    
     20736  0.99476779    
     21024  0.99473327    
     21312  0.99469095    
     21600  0.99464250    
     21888  0.99458581    
     22176  0.99452066    
     22464  0.99444681    
     22752  0.99436593    
     23040  0.99427563    
     23328  0.99418437    
     23616  0.99408317    
     23904  0.99397397    
     24192  0.99385411    
     24480  0.99372315    
     24768  0.99358064    
     25056  0.99342918    
     25344  0.99326539    
     25632  0.99310100    
     25920  0.99292368    
     26208  0.99273676    
     26496  0.99253625    
     26784  0.99232197    
     27072  0.99209350    
     27360  0.99185067    
     27648  0.99159837    
     27936  0.99135280    
     28224  0.99109262    
     28512  0.99081784    
     28800  0.99053508    
     29088  0.99023795    
     29376  0.98992670    
     29664  0.98960167    
     29952  0.98927212    
     30240  0.98896450    
     30528  0.98864323    
     30816  0.98830891    
     31104  0.98796219    
     31392  0.98761588    
     31680  0.98725814    
     31968  0.98688984    
     32256  0.98651195    
     32544  0.98619634    
     32832  0.98586619    
     33120  0.98552305    
     33408  0.98516816    
     33696  0.98480308    
     33984  0.98444921    
     34272  0.98408490    
     34560  0.98371166    
     34848  0.98341399    
     35136  0.98309672    
     35424  0.98276311    
     35712  0.98244268    
     36000  0.98210627    
     36288  0.98175693    
     36576  0.98139727    
     36864  0.98102945    
     37152  0.98077363    
     37440  0.98052067    
     37728  0.98023593    
     38016  0.97992724    
     38304  0.97960025    
     38592  0.97925979    
     38880  0.97890925    
     39168  0.97855139    
     39456  0.97834903    
     39744  0.97814161    
     40032  0.97788608    
     40320  0.97759634    
     40608  0.97728205    
     40896  0.97694969    
     41184  0.97660339    
     41472  0.97624540    
     41760  0.97608757    
     42048  0.97584867    
     42336  0.97555208    
     42624  0.97521263    
     42912  0.97483993    
     43200  0.97450310    
     43488  0.97412795    
     43776  0.97373557    
     44064  0.97361499    
     44352  0.97342008    
     44640  0.97320920    
     44928  0.97301799    
     45216  0.97286528    
     45504  0.97275764    
     45792  0.97269380    
     46080  0.97266871    
     46368  0.97267598    
     46656  0.97270936    
     46944  0.97276342    
     47232  0.97312993    
     47520  0.97337562    
     47808  0.97355795    
     48096  0.97370720    
     48384  0.97384024    
     48672  0.97396576    
     48960  0.97408849    
     49248  0.97421074    
     49536  0.97433370    
     49824  0.97445780    
     50112  0.97458315    
     50400  0.97464138    
     50688  0.97473168    
     50976  0.97483999    
     51264  0.97495848    
     51552  0.97508281    
     51840  0.97521037    
     52128  0.97533989    
     52416  0.97547048    
     52704  0.97560191    
     52992  0.97573692    
     53280  0.97587860    
     53568  0.97602838    
     53856  0.97618622    
     54144  0.97628719    
     54432  0.97642428    
     54720  0.97658306    
     55008  0.97675520    
     55296  0.97693568    
     55584  0.97712117    
     55872  0.97730964    
     56160  0.97749949    
     56448  0.97768950    
     56736  0.97787869    
     57024  0.97800910    
     57312  0.97816283    
     57600  0.97807807    
     57888  0.97810733    
     58176  0.97819978    
     58464  0.97832590    
     58752  0.97846889    
     59040  0.97861910    
     59328  0.97871602    
     59616  0.97883558    
     59904  0.97896576    
     60192  0.97885668    
     60480  0.97885060    
     60768  0.97890258    
     61056  0.97898608    
     61344  0.97908592    
     61632  0.97919333    
     61920  0.97925085    
     62208  0.97908729    
     62496  0.97903681    
     62784  0.97905266    
     63072  0.97910690    
     63360  0.97918332    
     63648  0.97927260    
     63936  0.97912729    
     64224  0.97903371    
     64512  0.97902596    
     64800  0.97906697    
     65088  0.97913128    
     65376  0.97920460    
     65664  0.97903740    
     65952  0.97896826    
     66240  0.97895569    
     66528  0.97892171    
     66816  0.97892505    
     67104  0.97869939    
     67392  0.97858548    
     67680  0.97853905    
     67968  0.97853303    
     68256  0.97829390    
     68544  0.97817403    
     68832  0.97812885    
     69120  0.97807622    
     69408  0.97780627    
     69696  0.97767472    
     69984  0.97762764    
     70272  0.97763133    
     70560  0.97766536    
     70848  0.97743922    
     71136  0.97733331    
     71424  0.97730201    
     71712  0.97726107    
     72000  0.97692037    
     72288  0.97674525    
     72576  0.97667497    
     72864  0.97667038    
     73152  0.97670716    
     73440  0.97646797    
     73728  0.97636044    
     74016  0.97633684    
     74304  0.97636670    
     74592  0.97606093    
     74880  0.97591472    
     75168  0.97587198    
     75456  0.97557253    
     75744  0.97543472    
     76032  0.97540176    
     76320  0.97543651    
     76608  0.97518450    
     76896  0.97508103    
     77184  0.97501409    
     77472  0.97503251    
     77760  0.97476649    
     78048  0.97465783    
     78336  0.97465324    
     78624  0.97471732    
     78912  0.97448230    
     79200  0.97439688    
     79488  0.97441149    
     79776  0.97443348    
     80064  0.97416955    
     80352  0.97406685    
     80640  0.97407353    
     80928  0.97415382    
     81216  0.97393131    
     81504  0.97385800    
     81792  0.97388679    
     82080  0.97392690    
     82368  0.97403336    
     82656  0.97383314    
     82944  0.97377485    
     83232  0.97381532    
     83520  0.97392428    
     83808  0.97373080    
     84096  0.97361922    
     84384  0.97362274    
     84672  0.97370714    
     84960  0.97384828    
     85248  0.97368300    
     85536  0.97364593    
     85824  0.97370058    
     86112  0.97376740    
     86400  0.97389567    
     86688  0.97372770    
     86976  0.97368401    
     87264  0.97373068    
     87552  0.97384268    
     87840  0.97395176    
     88128  0.97410768    
     88416  0.97397029    
     88704  0.97394103    
     88992  0.97399181    
     89280  0.97410136    
     89568  0.97420698    
     89856  0.97435522    
     90144  0.97453421    
     90432  0.97442770    
     90720  0.97440976    
     91008  0.97445869    
     91296  0.97451359    
     91584  0.97461551    
     91872  0.97475207    
     92160  0.97491390    
     92448  0.97509372    
     92736  0.97528607    
     93024  0.97544837    
     93312  0.97534764    
     93600  0.97531343    
     93888  0.97533077    
     94176  0.97538751    
     94464  0.97543633    
     94752  0.97551465    
     95040  0.97561473    
     95328  0.97573066    
     95616  0.97585762    
     95904  0.97599179    
     96192  0.97609627    
     96480  0.97620881    
     96768  0.97632629    
     97056  0.97644615    
     97344  0.97656637    
     97632  0.97668535    
     97920  0.97680163    
     98208  0.97688389    
     98496  0.97696668    
     98784  0.97704828    
     99072  0.97712731    
     99360  0.97720277    
     99648  0.97727364    
     99936  0.97733921    
    100224  0.97737086    
    100512  0.97740018    
    100800  0.97742605    
    101088  0.97744757    
    101376  0.97746390    
    101664  0.97747439    
    101952  0.97767478    
    102240  0.97783822    
    102528  0.97796959    
    102816  0.97807252    
    103104  0.97812575    
    103392  0.97815949    
    103680  0.97817540    
    103968  0.97817463    
    104256  0.97815830    
    104544  0.97812712    
    104832  0.97826034    
