         1   106.00000    
       288   305.16318    
       576   281.64642    
       864   260.49533    
      1152   242.19279    
      1440   225.98436    
      1728   214.34853    
      2016   203.15637    
      2304   192.54175    
      2592   182.57211    
      2880   173.26212    
      3168   164.62190    
      3456   157.64136    
      3744   151.11931    
      4032   145.06079    
      4320   139.56004    
      4608   134.67224    
      4896   130.39557    
      5184   127.12584    
      5472   124.32372    
      5760   121.83223    
      6048   119.60143    
      6336   117.56602    
      6624   115.68163    
      6912   114.09837    
      7200   112.57770    
      7488   111.03002    
      7776   109.43924    
      8064   107.77122    
      8352   106.08184    
      8640   104.26746    
      8928   102.29202    
      9216   100.16352    
      9504   97.898643    
      9792   95.518349    
     10080   93.048744    
     10368   90.493744    
     10656   87.863930    
     10944   85.178352    
     11232   82.458038    
     11520   79.724266    
     11808   76.978722    
     12096   74.243271    
     12384   71.535583    
     12672   68.884262    
     12960   66.306557    
     13248   63.792091    
     13536   61.359367    
     13824   59.019684    
     14112   56.777924    
     14400   54.645134    
     14688   52.622131    
     14976   50.708485    
     15264   48.905952    
     15552   47.502991    
     15840   47.050800    
     16128   46.831627    
     16416   46.576408    
     16704   46.212452    
     16992   45.722679    
     17280   45.130291    
     17568   44.469780    
     17856   43.769684    
     18144   43.050125    
     18432   42.323898    
     18720   41.604488    
     19008   40.891808    
     19296   40.189354    
     19584   39.503273    
     19872   38.840538    
     20160   38.205280    
     20448   37.598957    
     20736   37.020573    
     21024   36.465153    
     21312   35.931286    
     21600   35.420879    
     21888   34.933601    
     22176   34.470661    
     22464   34.032417    
     22752   33.618107    
     23040   33.225872    
     23328   32.851238    
     23616   32.492104    
     23904   32.148972    
     24192   31.821119    
     24480   31.509060    
     24768   31.212786    
     25056   30.931690    
     25344   30.664343    
     25632   30.407513    
     25920   30.159483    
     26208   29.920322    
     26496   29.689299    
     26784   29.466553    
     27072   29.251987    
     27360   29.045328    
     27648   28.845877    
     27936   28.649855    
     28224   28.455702    
     28512   28.263908    
     28800   28.074453    
     29088   27.886782    
     29376   27.701059    
     29664   27.517298    
     29952   27.335112    
     30240   27.151386    
     30528   26.964931    
     30816   26.776354    
     31104   26.586084    
     31392   26.394205    
     31680   26.200378    
     31968   26.004885    
     32256   25.807903    
     32544   25.607235    
     32832   25.401453    
     33120   25.191406    
     33408   24.977848    
     33696   24.761360    
     33984   24.542248    
     34272   24.320467    
     34560   24.096529    
     34848   23.868933    
     35136   23.637108    
     35424   23.402029    
     35712   23.164303    
     36000   22.924185    
     36288   22.682371    
     36576   22.439417    
     36864   22.195799    
     37152   21.950033    
     37440   21.701307    
     37728   21.450031    
     38016   21.197027    
     38304   20.942986    
     38592   20.688391    
     38880   20.433836    
     39168   20.179619    
     39456   19.924116    
     39744   19.666222    
     40032   19.406422    
     40320   19.145391    
     40608   18.883703    
     40896   18.622089    
     41184   18.360952    
     41472   18.100960    
     41760   17.840412    
     42048   17.578638    
     42336   17.317083    
     42624   17.057400    
     42912   16.801500    
     43200   16.551378    
     43488   16.309046    
     43776   16.077051    
     44064   15.854431    
     44352   15.640530    
     44640   15.436828    
     44928   15.243967    
     45216   15.061850    
     45504   14.889800    
     45792   14.726767    
     46080   14.571557    
     46368   14.423044    
     46656   14.280363    
     46944   14.143159    
     47232   14.004484    
     47520   13.860832    
     47808   13.716408    
     48096   13.576480    
     48384   13.447142    
     48672   13.335038    
     48960   13.247090    
     49248   13.190003    
     49536   13.170051    
     49824   13.192678    
     50112   13.262348    
     50400   13.384100    
     50688   13.562033    
     50976   13.796038    
     51264   14.086708    
     51552   14.435526    
     51840   14.845065    
     52128   15.319241    
     52416   15.863682    
     52704   16.486452    
     52992   17.198528    
     53280   18.014256    
     53568   18.951805    
     53856   20.033298    
     54144   21.297230    
     54432   22.760916    
     54720   24.452023    
     55008   26.399330    
     55296   28.629234    
     55584   31.163397    
     55872   34.016270    
     56160   37.192245    
     56448   40.682701    
     56736   44.463139    
     57024   48.547211    
     57312   52.818119    
     57600   57.721519    
     57888   62.624054    
     58176   67.427330    
     58464   72.036171    
     58752   76.367104    
     59040   80.354355    
     59328   84.111000    
     59616   87.415009    
     59904   90.273895    
     60192   93.685432    
     60480   96.399376    
     60768   98.540764    
     61056   100.21400    
     61344   101.50481    
     61632   102.48296    
     61920   103.43957    
     62208   105.24521    
     62496   106.38439    
     62784   107.07095    
     63072   107.44656    
     63360   107.60416    
     63648   107.60481    
     63936   108.68178    
     64224   109.44727    
     64512   109.73196    
     64800   109.70267    
     65088   109.49675    
     65376   109.21184    
     65664   110.10445    
     65952   110.49477    
     66240   110.58904    
     66528   110.77560    
     66816   110.76536    
     67104   111.89385    
     67392   112.45936    
     67680   112.68219    
     67968   112.69762    
     68256   113.87598    
     68544   114.45734    
     68832   114.66332    
     69120   114.90131    
     69408   116.22620    
     69696   116.85973    
     69984   117.06985    
     70272   117.02357    
     70560   116.82245    
     70848   117.91983    
     71136   118.41770    
     71424   118.54157    
     71712   118.70885    
     72000   120.37267    
     72288   121.21277    
     72576   121.52979    
     72864   121.51746    
     73152   121.29616    
     73440   122.44559    
     73728   122.94088    
     74016   123.01734    
     74304   122.82526    
     74592   124.29321    
     74880   124.97089    
     75168   125.13451    
     75456   126.56523    
     75744   127.19567    
     76032   127.30454    
     76320   127.07401    
     76608   128.25153    
     76896   128.69402    
     77184   128.94713    
     77472   128.77563    
     77760   129.99307    
     78048   130.43398    
     78336   130.35760    
     78624   129.93719    
     78912   130.97046    
     79200   131.26839    
     79488   131.07280    
     79776   130.82930    
     80064   131.97041    
     80352   132.32581    
     80640   132.14655    
     80928   131.60493    
     81216   132.52101    
     81504   132.71414    
     81792   132.41115    
     82080   132.04303    
     82368   131.35298    
     82656   132.13416    
     82944   132.23529    
     83232   131.86192    
     83520   131.15942    
     83808   131.90150    
     84096   132.24788    
     84384   132.04836    
     84672   131.46451    
     84960   130.61125    
     85248   131.21777    
     85536   131.22017    
     85824   130.79062    
     86112   130.29866    
     86400   129.52103    
     86688   130.15274    
     86976   130.20430    
     87264   129.83391    
     87552   129.15993    
     87840   128.49672    
     88128   127.61935    
     88416   128.13857    
     88704   128.15604    
     88992   127.80231    
     89280   127.17712    
     89568   126.56815    
     89856   125.76613    
     90144   124.82505    
     90432   125.24755    
     90720   125.25814    
     91008   124.95787    
     91296   124.62612    
     91584   124.07938    
     91872   123.37325    
     92160   122.55171    
     92448   121.64822    
     92736   120.68853    
     93024   119.86589    
     93312   120.31453    
     93600   120.44958    
     93888   120.34038    
     94176   120.04427    
     94464   119.77794    
     94752   119.37691    
     95040   118.87341    
     95328   118.29622    
     95616   117.66824    
     95904   117.00763    
     96192   116.48100    
     96480   115.92426    
     96768   115.34650    
     97056   114.75970    
     97344   114.17369    
     97632   113.59623    
     97920   113.03381    
     98208   112.62486    
     98496   112.22549    
     98784   111.83405    
     99072   111.45705    
     99360   111.09975    
     99648   110.76643    
     99936   110.46068    
    100224   110.30483    
    100512   110.17565    
    100800   110.06445    
    101088   109.97576    
    101376   109.91328    
    101664   109.88014    
    101952   108.89385    
    102240   108.07732    
    102528   107.42770    
    102816   106.92448    
    103104   106.64899    
    103392   106.49349    
    103680   106.42870    
    103968   106.44764    
    104256   106.54447    
    104544   106.71424    
    104832   106.05553    
