         1   16.000000    
       288   9.4833841    
       576   9.4829016    
       864   9.4814014    
      1152   9.4792118    
      1440   9.4765673    
      1728   9.4736662    
      2016   9.4705639    
      2304   9.4673452    
      2592   9.4640779    
      2880   9.4608068    
      3168   9.4575663    
      3456   9.4544086    
      3744   9.4513168    
      4032   9.4483156    
      4320   9.4454231    
      4608   9.4426327    
      4896   9.4399529    
      5184   9.4373960    
      5472   9.4349260    
      5760   9.4325199    
      6048   9.4301605    
      6336   9.4277706    
      6624   9.4253531    
      6912   9.4229431    
      7200   9.4205875    
      7488   9.4182434    
      7776   9.4158869    
      8064   9.4135408    
      8352   9.4112310    
      8640   9.4088964    
      8928   9.4065533    
      9216   9.4042253    
      9504   9.4019203    
      9792   9.3996420    
     10080   9.3974104    
     10368   9.3952579    
     10656   9.3932056    
     10944   9.3912363    
     11232   9.3893137    
     11520   9.3875122    
     11808   9.3858051    
     12096   9.3841572    
     12384   9.3825636    
     12672   9.3810902    
     12960   9.3797169    
     13248   9.3783436    
     13536   9.3770189    
     13824   9.3758259    
     14112   9.3747272    
     14400   9.3736286    
     14688   9.3725300    
     14976   9.3714886    
     15264   9.3705778    
     15552   9.3697538    
     15840   9.3689299    
     16128   9.3681059    
     16416   9.3672819    
     16704   9.3664579    
     16992   9.3657875    
     17280   9.3652382    
     17568   9.3646889    
     17856   9.3641396    
     18144   9.3635902    
     18432   9.3630409    
     18720   9.3624916    
     19008   9.3619423    
     19296   9.3613930    
     19584   9.3608437    
     19872   9.3604145    
     20160   9.3601398    
     20448   9.3598652    
     20736   9.3595905    
     21024   9.3593159    
     21312   9.3590412    
     21600   9.3587666    
     21888   9.3584919    
     22176   9.3582172    
     22464   9.3579426    
     22752   9.3576679    
     23040   9.3573933    
     23328   9.3571186    
     23616   9.3568439    
     23904   9.3565693    
     24192   9.3562946    
     24480   9.3560200    
     24768   9.3557453    
     25056   9.3554707    
     25344   9.3551960    
     25632   9.3549213    
     25920   9.3546467    
     26208   9.3543720    
     26496   9.3540974    
     26784   9.3538227    
     27072   9.3535480    
     27360   9.3532734    
     27648   9.3529987    
     27936   9.3527241    
     28224   9.3524494    
     28512   9.3521748    
     28800   9.3519907    
     29088   9.3519020    
     29376   9.3519020    
     29664   9.3519020    
     29952   9.3519020    
     30240   9.3519020    
     30528   9.3519020    
     30816   9.3519020    
     31104   9.3519020    
     31392   9.3519020    
     31680   9.3519020    
     31968   9.3519020    
     32256   9.3519020    
     32544   9.3519020    
     32832   9.3519020    
     33120   9.3519020    
     33408   9.3519020    
     33696   9.3519020    
     33984   9.3519020    
     34272   9.3519020    
     34560   9.3519020    
     34848   9.3519020    
     35136   9.3519020    
     35424   9.3519020    
     35712   9.3519020    
     36000   9.3519020    
     36288   9.3519020    
     36576   9.3519020    
     36864   9.3519020    
     37152   9.3519020    
     37440   9.3519020    
     37728   9.3519020    
     38016   9.3519020    
     38304   9.3519020    
     38592   9.3519611    
     38880   9.3522358    
     39168   9.3525105    
     39456   9.3527851    
     39744   9.3530598    
     40032   9.3533344    
     40320   9.3536091    
     40608   9.3538837    
     40896   9.3541584    
     41184   9.3544331    
     41472   9.3547077    
     41760   9.3552179    
     42048   9.3557673    
     42336   9.3563166    
     42624   9.3568659    
     42912   9.3574152    
     43200   9.3582039    
     43488   9.3590279    
     43776   9.3598518    
     44064   9.3609304    
     44352   9.3620291    
     44640   9.3633718    
     44928   9.3647661    
     45216   9.3664141    
     45504   9.3683214    
     45792   9.3704948    
     46080   9.3729658    
     46368   9.3757648    
     46656   9.3790560    
     46944   9.3828859    
     47232   9.3872929    
     47520   9.3924828    
     47808   9.3985138    
     48096   9.4056177    
     48384   9.4138918    
     48672   9.4237518    
     48960   9.4353743    
     49248   9.4492159    
     49536   9.4657183    
     49824   9.4854355    
     50112   9.5090036    
     50400   9.5372114    
     50688   9.5709562    
     50976   9.6112633    
     51264   9.6593723    
     51552   9.7166862    
     51840   9.7847872    
     52128   9.8654699    
     52416   9.9607849    
     52704   10.073008    
     52992   10.204687    
     53280   10.358686    
     53568   10.538182    
     53856   10.746741    
     54144   10.988325    
     54432   11.267352    
     54720   11.588535    
     55008   11.956545    
     55296   12.375051    
     55584   12.844584    
     55872   13.358363    
     56160   13.895961    
     56448   14.418483    
     56736   14.876240    
     57024   15.236352    
     57312   15.505672    
     57600   15.718668    
     57888   15.895097    
     58176   16.044226    
     58464   16.171537    
     58752   16.279654    
     59040   16.370386    
     59328   16.445753    
     59616   16.507908    
     59904   16.559042    
     60192   16.602373    
     60480   16.637798    
     60768   16.666805    
     61056   16.690586    
     61344   16.710112    
     61632   16.726160    
     61920   16.739367    
     62208   16.750589    
     62496   16.759789    
     62784   16.767353    
     63072   16.773581    
     63360   16.778719    
     63648   16.782967    
     63936   16.786596    
     64224   16.789577    
     64512   16.791958    
     64800   16.793711    
     65088   16.794960    
     65376   16.795919    
     65664   16.796734    
     65952   16.797379    
     66240   16.797884    
     66528   16.798271    
     66816   16.798557    
     67104   16.798803    
     67392   16.798973    
     67680   16.799072    
     67968   16.799110    
     68256   16.799131    
     68544   16.799097    
     68832   16.799007    
     69120   16.798864    
     69408   16.798708    
     69696   16.798498    
     69984   16.798233    
     70272   16.797913    
     70560   16.797533    
     70848   16.797131    
     71136   16.796659    
     71424   16.796122    
     71712   16.795506    
     72000   16.794857    
     72288   16.794121    
     72576   16.793283    
     72864   16.792336    
     73152   16.791269    
     73440   16.790112    
     73728   16.788816    
     74016   16.787363    
     74304   16.785740    
     74592   16.783968    
     74880   16.782003    
     75168   16.779823    
     75456   16.777435    
     75744   16.774794    
     76032   16.771872    
     76320   16.768654    
     76608   16.765139    
     76896   16.761295    
     77184   16.757111    
     77472   16.752590    
     77760   16.747725    
     78048   16.742516    
     78336   16.736958    
     78624   16.731043    
     78912   16.724747    
     79200   16.718058    
     79488   16.710964    
     79776   16.703466    
     80064   16.695528    
     80352   16.687164    
     80640   16.678362    
     80928   16.669127    
     81216   16.659380    
     81504   16.649178    
     81792   16.638514    
     82080   16.627407    
     82368   16.615902    
     82656   16.603880    
     82944   16.591463    
     83232   16.578661    
     83520   16.565502    
     83808   16.551809    
     84096   16.537760    
     84384   16.523396    
     84672   16.508751    
     84960   16.493874    
     85248   16.478493    
     85536   16.462889    
     85824   16.447094    
     86112   16.431149    
     86400   16.415119    
     86688   16.398628    
     86976   16.382053    
     87264   16.365425    
     87552   16.348783    
     87840   16.332174    
     88128   16.315653    
     88416   16.298676    
     88704   16.281765    
     88992   16.264942    
     89280   16.248232    
     89568   16.231655    
     89856   16.215248    
     90144   16.199026    
     90432   16.182251    
     90720   16.165592    
     91008   16.149059    
     91296   16.132637    
     91584   16.116331    
     91872   16.100132    
     92160   16.084026    
     92448   16.067997    
     92736   16.052013    
     93024   16.036066    
     93312   16.019157    
     93600   16.002182    
     93888   15.985147    
     94176   15.968024    
     94464   15.950797    
     94752   15.933455    
     95040   15.916002    
     95328   15.898445    
     95616   15.880795    
     95904   15.863058    
     96192   15.845237    
     96480   15.827345    
     96768   15.809388    
     97056   15.791366    
     97344   15.773291    
     97632   15.755172    
     97920   15.737007    
     98208   15.718800    
     98496   15.700555    
     98784   15.682280    
     99072   15.663973    
     99360   15.645647    
     99648   15.627296    
     99936   15.608928    
    100224   15.590536    
    100512   15.572126    
    100800   15.553701    
    101088   15.535265    
    101376   15.516819    
    101664   15.498365    
    101952   15.481128    
    102240   15.463911    
    102528   15.446676    
    102816   15.429429    
    103104   15.412164    
    103392   15.394886    
    103680   15.377588    
    103968   15.360282    
    104256   15.342963    
    104544   15.325636    
    104832   15.309465    
