         1   16.000000    
       288   11.941133    
       576   10.082089    
       864   8.7677631    
      1152   7.7013059    
      1440   6.8114409    
      1728   6.0650659    
      2016   5.4294100    
      2304   4.8817077    
      2592   4.4062114    
      2880   3.9909077    
      3168   3.6261082    
      3456   3.3045762    
      3744   3.0169418    
      4032   2.7569039    
      4320   2.5185826    
      4608   2.2996712    
      4896   2.1000972    
      5184   1.9211800    
      5472   1.7615792    
      5760   1.6196592    
      6048   1.4942249    
      6336   1.3841559    
      6624   1.2885067    
      6912   1.2074112    
      7200   1.1390452    
      7488   1.0815605    
      7776   1.0336986    
      8064  0.99420846    
      8352  0.96256238    
      8640  0.93711025    
      8928  0.91660959    
      9216  0.90024304    
      9504  0.88736105    
      9792  0.87744063    
     10080  0.87060148    
     10368  0.86623675    
     10656  0.86362964    
     10944  0.86238563    
     11232  0.86221546    
     11520  0.86289227    
     11808  0.86454487    
     12096  0.86690432    
     12384  0.86972106    
     12672  0.87279743    
     12960  0.87606370    
     13248  0.87966305    
     13536  0.88373452    
     13824  0.88789088    
     14112  0.89269441    
     14400  0.89801019    
     14688  0.90320665    
     14976  0.90808362    
     15264  0.91465032    
     15552  0.94816756    
     15840   1.0438275    
     16128   1.1671399    
     16416   1.2980548    
     16704   1.4263480    
     16992   1.5473951    
     17280   1.6585623    
     17568   1.7588509    
     17856   1.8482515    
     18144   1.9273002    
     18432   1.9967949    
     18720   2.0574605    
     19008   2.1101682    
     19296   2.1556747    
     19584   2.1946766    
     19872   2.2277911    
     20160   2.2556074    
     20448   2.2786844    
     20736   2.2975419    
     21024   2.3126576    
     21312   2.3244407    
     21600   2.3332536    
     21888   2.3394256    
     22176   2.3432522    
     22464   2.3450017    
     22752   2.3449209    
     23040   2.3432112    
     23328   2.3400807    
     23616   2.3357100    
     23904   2.3302524    
     24192   2.3238399    
     24480   2.3165998    
     24768   2.3086412    
     25056   2.3000617    
     25344   2.2909408    
     25632   2.2813537    
     25920   2.2713788    
     26208   2.2610779    
     26496   2.2504995    
     26784   2.2396951    
     27072   2.2287095    
     27360   2.2175808    
     27648   2.2063372    
     27936   2.1949971    
     28224   2.1835957    
     28512   2.1721611    
     28800   2.1607127    
     29088   2.1492639    
     29376   2.1378324    
     29664   2.1264346    
     29952   2.1150799    
     30240   2.1037676    
     30528   2.0925181    
     30816   2.0813437    
     31104   2.0702565    
     31392   2.0592623    
     31680   2.0483644    
     31968   2.0375690    
     32256   2.0268810    
     32544   2.0163019    
     32832   2.0058339    
     33120   1.9954865    
     33408   1.9852676    
     33696   1.9751821    
     33984   1.9652303    
     34272   1.9554105    
     34560   1.9457245    
     34848   1.9361711    
     35136   1.9267548    
     35424   1.9174803    
     35712   1.9083477    
     36000   1.8993535    
     36288   1.8904974    
     36576   1.8817781    
     36864   1.8731940    
     37152   1.8647418    
     37440   1.8564221    
     37728   1.8482314    
     38016   1.8401695    
     38304   1.8322343    
     38592   1.8244222    
     38880   1.8167306    
     39168   1.8091528    
     39456   1.8016858    
     39744   1.7943281    
     40032   1.7870746    
     40320   1.7799214    
     40608   1.7728635    
     40896   1.7658950    
     41184   1.7590102    
     41472   1.7522007    
     41760   1.7454650    
     42048   1.7388027    
     42336   1.7322100    
     42624   1.7256845    
     42912   1.7192241    
     43200   1.7128321    
     43488   1.7065134    
     43776   1.7002769    
     44064   1.6941522    
     44352   1.6881733    
     44640   1.6823817    
     44928   1.6768204    
     45216   1.6715488    
     45504   1.6666369    
     45792   1.6621728    
     46080   1.6582545    
     46368   1.6549931    
     46656   1.6525035    
     46944   1.6509151    
     47232   1.6503880    
     47520   1.6510512    
     47808   1.6529826    
     48096   1.6562481    
     48384   1.6608974    
     48672   1.6669737    
     48960   1.6745131    
     49248   1.6835575    
     49536   1.6941550    
     49824   1.7063639    
     50112   1.7202567    
     50400   1.7358695    
     50688   1.7532685    
     50976   1.7726165    
     51264   1.7940551    
     51552   1.8177063    
     51840   1.8436977    
     52128   1.8721676    
     52416   1.9032719    
     52704   1.9372038    
     52992   1.9741910    
     53280   2.0145111    
     53568   2.0584877    
     53856   2.1064754    
     54144   2.1582878    
     54432   2.2149003    
     54720   2.2766953    
     55008   2.3439293    
     55296   2.4168253    
     55584   2.4955359    
     55872   2.5801001    
     56160   2.6703811    
     56448   2.7659853    
     56736   2.8662241    
     57024   2.9688606    
     57312   3.0743072    
     57600   3.1786022    
     57888   3.2847297    
     58176   3.3897865    
     58464   3.4913104    
     58752   3.5873351    
     59040   3.6764207    
     59328   3.7564242    
     59616   3.8287988    
     59904   3.8932352    
     60192   3.9469085    
     60480   3.9952095    
     60768   4.0376077    
     61056   4.0742197    
     61344   4.1054950    
     61632   4.1320176    
     61920   4.1535883    
     62208   4.1689515    
     62496   4.1830697    
     62784   4.1956100    
     63072   4.2065368    
     63360   4.2159705    
     63648   4.2240968    
     63936   4.2279849    
     64224   4.2315526    
     64512   4.2353320    
     64800   4.2387867    
     65088   4.2417893    
     65376   4.2444658    
     65664   4.2437115    
     65952   4.2440081    
     66240   4.2448397    
     66528   4.2452149    
     66816   4.2459736    
     67104   4.2436199    
     67392   4.2426467    
     67680   4.2424750    
     67968   4.2427845    
     68256   4.2399712    
     68544   4.2386651    
     68832   4.2382884    
     69120   4.2377596    
     69408   4.2343702    
     69696   4.2327523    
     69984   4.2322035    
     70272   4.2322712    
     70560   4.2326837    
     70848   4.2296839    
     71136   4.2282104    
     71424   4.2276692    
     71712   4.2269711    
     72000   4.2223101    
     72288   4.2197766    
     72576   4.2185631    
     72864   4.2181592    
     73152   4.2182117    
     73440   4.2146225    
     73728   4.2126913    
     74016   4.2117891    
     74304   4.2115111    
     74592   4.2067375    
     74880   4.2039738    
     75168   4.2024674    
     75456   4.1974988    
     75744   4.1945324    
     76032   4.1928086    
     76320   4.1918321    
     76608   4.1869545    
     76896   4.1838727    
     77184   4.1810980    
     77472   4.1792750    
     77760   4.1735506    
     78048   4.1697111    
     78336   4.1670523    
     78624   4.1651049    
     78912   4.1590595    
     79200   4.1547956    
     79488   4.1516438    
     79776   4.1483860    
     80064   4.1412024    
     80352   4.1359477    
     80640   4.1319246    
     80928   4.1286588    
     81216   4.1212425    
     81504   4.1155787    
     81792   4.1110444    
     82080   4.1064429    
     82368   4.1025386    
     82656   4.0944557    
     82944   4.0880609    
     83232   4.0827880    
     83520   4.0782547    
     83808   4.0696168    
     84096   4.0618863    
     84384   4.0555253    
     84672   4.0500946    
     84960   4.0452876    
     85248   4.0364022    
     85536   4.0290852    
     85824   4.0228763    
     86112   4.0167398    
     86400   4.0113592    
     86688   4.0020943    
     86976   3.9943933    
     87264   3.9878321    
     87552   3.9820981    
     87840   3.9763231    
     88128   3.9711893    
     88416   3.9622526    
     88704   3.9547193    
     88992   3.9482393    
     89280   3.9425514    
     89568   3.9368522    
     89856   3.9317598    
     90144   3.9271498    
     90432   3.9188347    
     90720   3.9116735    
     91008   3.9053941    
     91296   3.8992124    
     91584   3.8936605    
     91872   3.8885806    
     92160   3.8838534    
     92448   3.8793781    
     92736   3.8750730    
     93024   3.8703766    
     93312   3.8621747    
     93600   3.8547299    
     93888   3.8478642    
     94176   3.8414249    
     94464   3.8348145    
     94752   3.8284895    
     95040   3.8223677    
     95328   3.8163798    
     95616   3.8104744    
     95904   3.8046041    
     96192   3.7983198    
     96480   3.7920763    
     96768   3.7858498    
     97056   3.7796102    
     97344   3.7733386    
     97632   3.7670131    
     97920   3.7606227    
     98208   3.7537975    
     98496   3.7469189    
     98784   3.7399912    
     99072   3.7330022    
     99360   3.7259402    
     99648   3.7187884    
     99936   3.7115431    
    100224   3.7038786    
    100512   3.6961167    
    100800   3.6882772    
    101088   3.6803508    
    101376   3.6723263    
    101664   3.6641948    
    101952   3.6586955    
    102240   3.6528304    
    102528   3.6465757    
    102816   3.6399701    
    103104   3.6327899    
    103392   3.6253016    
    103680   3.6175666    
    103968   3.6095996    
    104256   3.6014025    
    104544   3.5929823    
    104832   3.5868797    
