       288   89065688.    
       576   78765208.    
       864   74575432.    
      1152   72180648.    
      1440   70463888.    
      1728   68542824.    
      2016   66868532.    
      2304   65362604.    
      2592   64008180.    
      2880   62799488.    
      3168   61731416.    
      3456   60320348.    
      3744   59057044.    
      4032   57887604.    
      4320   56724196.    
      4608   55516948.    
      4896   54238888.    
      5184   52473780.    
      5472   50690424.    
      5760   48904276.    
      6048   47134100.    
      6336   45399772.    
      6624   43719676.    
      6912   41786020.    
      7200   39991796.    
      7488   38333968.    
      7776   36809152.    
      8064   35410332.    
      8352   33866892.    
      8640   32481632.    
      8928   31235928.    
      9216   30114560.    
      9504   29104938.    
      9792   28196470.    
     10080   27165906.    
     10368   26255462.    
     10656   25448978.    
     10944   24733812.    
     11232   24100026.    
     11520   23539582.    
     11808   22862614.    
     12096   22272816.    
     12384   21760030.    
     12672   21315158.    
     12960   20931188.    
     13248   20437828.    
     13536   20015522.    
     13824   19655934.    
     14112   19353198.    
     14400   19101650.    
     14688   18897024.    
     14976   18735996.    
     15264   18466768.    
     15552   18253314.    
     15840   18089342.    
     16128   17970260.    
     16416   17892734.    
     16704   17854342.    
     16992   17711734.    
     17280   17618718.    
     17568   17570394.    
     17856   17563324.    
     18144   17595558.    
     18432   17666682.    
     18720   17775500.    
     19008   17777506.    
     19296   17826750.    
     19584   17920658.    
     19872   18126102.    
     20160   18595008.    
     20448   19250284.    
     20736   20039092.    
     21024   20772034.    
     21312   21605092.    
     21600   22537100.    
     21888   23571626.    
     22176   24714244.    
     22464   25972622.    
     22752   27355474.    
     23040   28875682.    
     23328   30299334.    
     23616   31865742.    
     23904   33587808.    
     24192   35481664.    
     24480   37564836.    
     24768   39857408.    
     25056   42381120.    
     25344   45164556.    
     25632   47900416.    
     25920   50922620.    
     26208   54263072.    
     26496   57961060.    
     26784   62059532.    
     27072   66607696.    
     27360   71662072.    
     27648   77281968.    
     27936   82887264.    
     28224   88527904.    
     28512   91220856.    
     28800   92963824.    
     29088   94285856.    
     29376   95332480.    
     29664   96208336.    
     29952   96978696.    
     30240   97028632.    
     30528   97264864.    
     30816   97629472.    
     31104   98081448.    
     31392   98589560.    
     31680   99127784.    
     31968   99687168.    
     32256  0.10026022E+09
     32544  0.10014499E+09
     32832  0.10026956E+09
     33120  0.10054400E+09
     33408  0.10091017E+09
     33696  0.10132994E+09
     33984  0.10177255E+09
     34272  0.10221678E+09
     34560  0.10265998E+09
     34848  0.10238855E+09
     35136  0.10237889E+09
     35424  0.10252018E+09
     35712  0.10274181E+09
     36000  0.10299510E+09
     36288  0.10326484E+09
     36576  0.10353910E+09
     36864  0.10380879E+09
     37152  0.10336157E+09
     37440  0.10318130E+09
     37728  0.10313882E+09
     38016  0.10317532E+09
     38304  0.10325342E+09
     38592  0.10334990E+09
     38880  0.10345058E+09
     39168  0.10354721E+09
     39456  0.10295384E+09
     39744  0.10263824E+09
     40032  0.10246626E+09
     40320  0.10237947E+09
     40608  0.10234242E+09
     40896  0.10233402E+09
     41184  0.10234186E+09
     41472  0.10235921E+09
     41760  0.10173458E+09
     42048  0.10140364E+09
     42336  0.10123530E+09
     42624  0.10115782E+09
     42912  0.10113151E+09
     43200  0.10112870E+09
     43488  0.10113163E+09
     43776  0.10114420E+09
     44064  0.10054900E+09
     44352  0.10024492E+09
     44640  0.10009663E+09
     44928  0.10003165E+09
     45216  0.10001082E+09
     45504  0.10001306E+09
     45792  0.10002661E+09
     46080  0.10004534E+09
     46368  0.10006550E+09
     46656  0.10008498E+09
     46944  0.10010278E+09
     47232   99525032.    
     47520   99227312.    
     47808   99071640.    
     48096   98987904.    
     48384   98939912.    
     48672   98908848.    
     48960   98885040.    
     49248   98863328.    
     49536   98841016.    
     49824   98816512.    
     50112   98789080.    
     50400   98764272.    
     50688   98746288.    
     50976   98724200.    
     51264   98695024.    
     51552   98658856.    
     51840   98616416.    
     52128   98568456.    
     52416   98515400.    
     52704   98457680.    
     52992   98395400.    
     53280   98328568.    
     53568   98257480.    
     53856   98182096.    
     54144   98108288.    
     54432   98040064.    
     54720   97966568.    
     55008   97885168.    
     55296   97796184.    
     55584   97700304.    
     55872   97598304.    
     56160   97490496.    
     56448   97377288.    
     56736   97258840.    
     57024   97138704.    
     57312   97023776.    
     57600   97508416.    
     57888   97690088.    
     58176   97717888.    
     58464   97665296.    
     58752   97568936.    
     59040   97447048.    
     59328   97312920.    
     59616   97176848.    
     59904   97030808.    
     60192   97503584.    
     60480   97663192.    
     60768   97661848.    
     61056   97575120.    
     61344   97441000.    
     61632   97278688.    
     61920   97101072.    
     62208   97573872.    
     62496   97726216.    
     62784   97708424.    
     63072   97597680.    
     63360   97433968.    
     63648   97237856.    
     63936   97693560.    
     64224   97828264.    
     64512   97795192.    
     64800   97664720.    
     65088   97475608.    
     65376   97249104.    
     65664   97695208.    
     65952   97806872.    
     66240   97735352.    
     66528   97563512.    
     66816   97339536.    
     67104   97799576.    
     67392   97912376.    
     67680   97829824.    
     67968   97635032.    
     68256   98112384.    
     68544   98226920.    
     68832   98135184.    
     69120   97925816.    
     69408   98414792.    
     69696   98534592.    
     69984   98438008.    
     70272   98212528.    
     70560   97907472.    
     70848   98330392.    
     71136   98397160.    
     71424   98252128.    
     71712   97979592.    
     72000   98634816.    
     72288   98837560.    
     72576   98766112.    
     72864   98527072.    
     73152   98183400.    
     73440   98589904.    
     73728   98632400.    
     74016   98449320.    
     74304   98125024.    
     74592   98546144.    
     74880   98597736.    
     75168   98413096.    
     75456   98929216.    
     75744   99031800.    
     76032   98870464.    
     76320   98539904.    
     76608   98963328.    
     76896   99002792.    
     77184   98794480.    
     77472   98428008.    
     77760   98835696.    
     78048   98862632.    
     78336   98636872.    
     78624   98243736.    
     78912   98627992.    
     79200   98635480.    
     79488   98389520.    
     79776   97973320.    
     80064   98348760.    
     80352   98351224.    
     80640   98097616.    
     80928   97669024.    
     81216   98027176.    
     81504   98015536.    
     81792   97746872.    
     82080   97300600.    
     82368   96733720.    
     82656   96990136.    
     82944   96909704.    
     83232   96589616.    
     83520   96099952.    
     83808   96397000.    
     84096   96347512.    
     84384   96047352.    
     84672   95566944.    
     84960   94956232.    
     85248   95149408.    
     85536   95025488.    
     85824   94667000.    
     86112   94136832.    
     86400   93480592.    
     86688   93612792.    
     86976   93446528.    
     87264   93053952.    
     87552   92492008.    
     87840   91801832.    
     88128   91014176.    
     88416   90995168.    
     88704   90720568.    
     88992   90246056.    
     89280   89617784.    
     89568   88870632.    
     89856   88030144.    
     90144   87116104.    
     90432   86921352.    
     90720   86526224.    
     91008   85967872.    
     91296   85281864.    
     91584   84492432.    
     91872   83620496.    
     92160   82682248.    
     92448   81688728.    
     92736   80648624.    
     93024   79566800.    
     93312   79120304.    
     93600   78557440.    
     93888   77892296.    
     94176   77140080.    
     94464   76315112.    
     94752   75424528.    
     95040   74476096.    
     95328   73475568.    
     95616   72425952.    
     95904   71328088.    
     96192   70184856.    
     96480   68998936.    
     96768   67776200.    
     97056   66523080.    
     97344   65246612.    
     97632   63954556.    
     97920   62654012.    
     98208   61352164.    
     98496   60053292.    
     98784   58763012.    
     99072   57485996.    
     99360   56226528.    
     99648   54988192.    
     99936   53774072.    
    100224   52588052.    
    100512   51430160.    
    100800   50302700.    
    101088   49207212.    
    101376   48144900.    
    101664   47116912.    
    101952   45754280.    
    102240   44458808.    
    102528   43227012.    
    102816   42055828.    
    103104   40942568.    
    103392   39883696.    
    103680   38876784.    
    103968   37920004.    
    104256   37011272.    
    104544   36148672.    
    104832   35046232.    
    105120   34014596.    
    105408   33048060.    
    105696   32141640.    
    105984   31291088.    
    106272   30492602.    
    106560   29742870.    
    106848   28804794.    
    107136   27935194.    
    107424   27127468.    
    107712   26376084.    
    108000   25676272.    
    108288   25023976.    
    108576   24218210.    
    108864   23476364.    
    109152   22791578.    
    109440   22158246.    
    109728   21571572.    
    110016   21027458.    
    110304   20355826.    
    110592   19740920.    
    110880   19176122.    
    111168   18656310.    
    111456   18176892.    
    111744   17734278.    
    112032   17183822.    
    112320   16682466.    
    112608   16224458.    
    112896   15805842.    
    113184   15422339.    
    113472   14947559.    
    113760   14517805.    
    114048   14127216.    
    114336   13771042.    
    114624   13445648.    
    114912   13147816.    
    115200   12769960.    
    115488   12430073.    
    115776   12123041.    
    116064   11844789.    
    116352   11592126.    
    116640   11362423.    
    116928   11062095.    
    117216   10793489.    
    117504   10552810.    
    117792   10336522.    
    118080   10141821.    
    118368   9884854.0    
    118656   9656426.0    
    118944   9452822.0    
    119232   9271321.0    
    119520   9109313.0    
    119808   8964728.0    
    120096   8835891.0    
    120384   8650604.0    
    120672   8488784.0    
    120960   8347070.0    
    121248   8222885.5    
    121536   8114311.0    
    121824   8019960.0    
    122112   7874974.0    
    122400   7750725.5    
    122688   7644204.5    
    122976   7553212.5    
    123264   7476339.5    
    123552   7412812.0    
    123840   7361499.0    
    124128   7262354.5    
    124416   7181381.5    
    124704   7116512.0    
    124992   7065749.0    
    125280   7027709.5    
    125568   7001555.0    
    125856   6987147.5    
    126144   6927872.0    
    126432   6885353.5    
    126720   6857768.5    
    127008   6844029.5    
    127296   6842967.0    
    127584   6853722.5    
    127872   6875941.0    
    128160   6910018.0    
    128448   6900437.0    
    128736   6907710.5    
    129024   6930435.0    
    129312   6967954.0    
    129600   7019457.5    
    129888   7084555.5    
    130176   7163253.0    
    130464   7256398.5    
    130752   7312760.5    
    131040   7388443.0    
    131328   7482697.0    
    131616   7595576.5    
    131904   7726879.0    
    132192   7876903.0    
    132480   8046302.0    
    132768   8236168.0    
    133056   8380752.5    
    133344   8553495.0    
    133632   8753601.0    
    133920   8981715.0    
    134208   9239271.0    
    134496   9527311.0    
    134784   9847528.0    
    135072   10202425.    
    135360   10508357.    
    135648   10859511.    
    135936   11255741.    
    136224   11698258.    
    136512   12190140.    
    136800   12735553.    
    137088   13337831.    
    137376   14001373.    
    137664   14607366.    
    137952   15292270.    
    138240   16056796.    
    138528   16903994.    
    138816   17838580.    
    139104   18868148.    
    139392   20002606.    
    139680   21250360.    
    139968   22428536.    
    140256   23745340.    
    140544   25204244.    
    140832   26814956.    
    141120   28590084.    
    141408   30541186.    
    141696   32682478.    
    141984   35030472.    
    142272   37290280.    
    142560   39804452.    
    142848   42582716.    
    143136   45636336.    
    143424   48982040.    
    143712   52640700.    
    144000   56636212.    
    144288   60995056.    
    144576   65222940.    
    144864   69884920.    
    145152   74989184.    
    145440   80544064.    
    145728   86565808.    
    146016   93059704.    
    146304   99754776.    
    146592  0.10454059E+09
    146880  0.10667332E+09
    147168  0.10844650E+09
    147456  0.10999066E+09
    147744  0.11134913E+09
    148032  0.11256040E+09
    148320  0.11366370E+09
    148608  0.11468009E+09
    148896  0.11562178E+09
    149184  0.11572297E+09
    149472  0.11599910E+09
    149760  0.11638625E+09
    150048  0.11684132E+09
    150336  0.11733447E+09
    150624  0.11784457E+09
    150912  0.11835605E+09
    151200  0.11885592E+09
    151488  0.11933672E+09
    151776  0.11979358E+09
    152064  0.12022360E+09
    152352  0.11983056E+09
    152640  0.11964687E+09
    152928  0.11960038E+09
    153216  0.11964024E+09
    153504  0.11973206E+09
    153792  0.11985117E+09
    154080  0.11997968E+09
    154368  0.12010701E+09
    154656  0.12022610E+09
    154944  0.12033236E+09
    155232  0.12042206E+09
    155520  0.12049106E+09
    155808  0.12054503E+09
    156096  0.12058153E+09
    156384  0.12059927E+09
    156672  0.12059734E+09
    156960  0.12057633E+09
    157248  0.12053679E+09
    157536  0.12047924E+09
    157824  0.12040362E+09
    158112  0.12030974E+09
    158400  0.12019842E+09
    158688  0.12007018E+09
    158976  0.11992567E+09
    159264  0.11976456E+09
    159552  0.11959231E+09
    159840  0.11940498E+09
    160128  0.11920165E+09
    160416  0.11898253E+09
    160704  0.11874754E+09
    160992  0.11849722E+09
    161280  0.11823125E+09
    161568  0.11795007E+09
    161856  0.11765416E+09
    162144  0.11734059E+09
    162432  0.11701827E+09
    162720  0.11750082E+09
    163008  0.11770943E+09
    163296  0.11772282E+09
    163584  0.11759859E+09
    163872  0.11737678E+09
    164160  0.11708443E+09
    164448  0.11673741E+09
    164736  0.11635470E+09
    165024  0.11594033E+09
    165312  0.11633695E+09
    165600  0.11644380E+09
    165888  0.11634480E+09
    166176  0.11610111E+09
    166464  0.11575534E+09
    166752  0.11533646E+09
    167040  0.11486118E+09
    167328  0.11520522E+09
    167616  0.11524657E+09
    167904  0.11507322E+09
    168192  0.11474943E+09
    168480  0.11431998E+09
    168768  0.11381587E+09
    169056  0.11412228E+09
    169344  0.11411495E+09
    169632  0.11388773E+09
    169920  0.11350561E+09
    170208  0.11301443E+09
    170496  0.11244622E+09
    170784  0.11270026E+09
    171072  0.11263690E+09
    171360  0.11235007E+09
    171648  0.11190309E+09
    171936  0.11134903E+09
    172224  0.11161013E+09
    172512  0.11153664E+09
    172800  0.11122736E+09
    173088  0.11075292E+09
    173376  0.11106330E+09
    173664  0.11101192E+09
    173952  0.11070539E+09
    174240  0.11021549E+09
    174528  0.11051726E+09
    174816  0.11044817E+09
    175104  0.11011691E+09
    175392  0.10960170E+09
    175680  0.10895681E+09
    175968  0.10913873E+09
    176256  0.10897466E+09
    176544  0.10856532E+09
    176832  0.10797674E+09
    177120  0.10842823E+09
    177408  0.10844453E+09
    177696  0.10815048E+09
    177984  0.10763678E+09
    178272  0.10696767E+09
    178560  0.10712014E+09
    178848  0.10691549E+09
    179136  0.10645619E+09
    179424  0.10581596E+09
    179712  0.10597720E+09
    180000  0.10576782E+09
    180288  0.10529457E+09
    180576  0.10557882E+09
    180864  0.10545430E+09
    181152  0.10503610E+09
    181440  0.10440777E+09
    181728  0.10457294E+09
    182016  0.10435807E+09
    182304  0.10386438E+09
    182592  0.10317018E+09
    182880  0.10328158E+09
    183168  0.10302204E+09
    183456  0.10249427E+09
    183744  0.10177338E+09
    184032  0.10185447E+09
    184320  0.10157169E+09
    184608  0.10102435E+09
    184896  0.10027926E+09
    185184  0.10032904E+09
    185472  0.10001862E+09
    185760   99445592.    
    186048   98681896.    
    186336   98708240.    
    186624   98383224.    
    186912   97799480.    
    187200   97019640.    
    187488   96092432.    
    187776   95971328.    
    188064   95534544.    
    188352   94863008.    
    188640   94018024.    
    188928   93937528.    
    189216   93532240.    
    189504   92876296.    
    189792   92035816.    
    190080   91056456.    
    190368   90837560.    
    190656   90329544.    
    190944   89599568.    
    191232   88694808.    
    191520   87649872.    
    191808   87327808.    
    192096   86736464.    
    192384   85934192.    
    192672   84967544.    
    192960   83864752.    
    193248   82645144.    
    193536   82098048.    
    193824   81319488.    
    194112   80353664.    
    194400   79235200.    
    194688   77985240.    
    194976   76617144.    
    195264   75144400.    
    195552   74248800.    
    195840   73157664.    
    196128   71902680.    
    196416   70505824.    
    196704   68983008.    
    196992   67354728.    
    197280   65639304.    
    197568   63854068.    
    197856   62014548.    
    198144   60132416.    
    198432   58718252.    
    198720   57208896.    
    199008   55631856.    
    199296   54008904.    
    199584   52356592.    
    199872   50686256.    
    200160   49010408.    
    200448   47339344.    
    200736   45681452.    
    201024   44043500.    
    201312   42430056.    
    201600   40844112.    
    201888   39290340.    
    202176   37772524.    
    202464   36293648.    
    202752   34855944.    
    203040   33461058.    
    203328   32109604.    
    203616   30801112.    
    203904   29536758.    
    204192   28317126.    
    204480   27142452.    
    204768   26012648.    
    205056   24927266.    
    205344   23885458.    
    205632   22885316.    
    205920   21926442.    
    206208   21008252.    
    206496   20129774.    
    206784   19290096.    
    207072   18342430.    
    207360   17457664.    
    207648   16629083.    
    207936   15851264.    
    208224   15119379.    
    208512   14429147.    
    208800   13777728.    
    209088   13162601.    
    209376   12581423.    
    209664   12032139.    
    209952   11421804.    
    210240   10856946.    
    210528   10332216.    
    210816   9843313.0    
    211104   9386712.0    
    211392   8959395.0    
    211680   8558877.0    
    211968   8118116.0    
    212256   7712652.0    
    212544   7338010.5    
    212832   6990615.5    
    213120   6667527.0    
    213408   6366279.0    
    213696   6036455.5    
    213984   5734312.5    
    214272   5456164.0    
    214560   5199033.5    
    214848   4960540.5    
    215136   4738724.0    
    215424   4495718.0    
    215712   4273642.5    
    216000   4069616.5    
    216288   3881355.2    
    216576   3706968.5    
    216864   3544976.8    
    217152   3366870.8    
    217440   3204395.0    
    217728   3055416.2    
    218016   2918325.5    
    218304   2791628.8    
    218592   2652707.8    
    218880   2526412.8    
    219168   2410862.0    
    219456   2304576.0    
    219744   2206374.8    
    220032   2115345.2    
    220320   2014442.2    
    220608   1922822.2    
    220896   1839059.0    
    221184   1762047.1    
    221472   1690932.9    
    221760   1625014.5    
    222048   1551141.2    
    222336   1484081.4    
    222624   1422864.8    
    222912   1366647.5    
    223200   1314773.5    
    223488   1256549.2    
    223776   1203801.5    
    224064   1155706.0    
    224352   1111653.0    
    224640   1071088.6    
    224928   1033577.8    
    225216   998780.19    
    225504   958716.69    
    225792   922495.88    
    226080   889490.50    
    226368   859221.44    
    226656   831331.00    
    226944   805556.75    
    227232   775532.06    
    227520   748468.38    
    227808   723867.06    
    228096   701362.44    
    228384   680704.69    
    228672   661727.94    
    228960   644233.50    
    229248   623099.00    
    229536   604145.75    
    229824   587048.25    
    230112   571524.50    
    230400   557360.44    
    230688   544411.44    
    230976   532602.81    
    231264   517726.31    
    231552   504515.56    
    231840   492719.00    
    232128   482161.38    
    232416   472678.47    
    232704   464149.47    
    232992   456496.47    
    233280   449686.09    
    233568   440196.84    
    233856   432004.53    
    234144   424925.22    
    234432   418838.47    
    234720   413625.44    
    235008   409197.84    
    235296   405509.25    
    235584   402558.66    
    235872   397560.78    
    236160   393648.06    
    236448   390691.78    
    236736   388620.41    
    237024   387354.31    
    237312   386843.56    
    237600   387054.97    
    237888   387987.81    
    238176   386608.25    
    238464   386399.19    
    238752   387216.88    
    239040   389000.56    
    239328   391725.06    
    239616   395350.41    
    239904   399863.62    
    240192   405288.50    
    240480   408346.06    
    240768   412800.88    
    241056   418511.66    
    241344   425401.75    
    241632   433475.94    
    241920   442773.69    
    242208   453295.84    
    242496   465077.28    
    242784   474203.19    
    243072   485248.34    
    243360   498056.00    
    243648   512560.66    
    243936   528757.06    
    244224   546732.50    
    244512   566635.25    
    244800   588553.00    
    245088   607396.25    
    245376   629042.88    
    245664   653363.81    
    245952   680428.69    
    246240   710391.94    
    246528   743372.25    
    246816   779553.00    
    247104   819179.25    
    247392   855234.12    
    247680   896055.62    
    247968   941656.88    
    248256   992120.56    
    248544   1047686.9    
    248832   1108714.5    
    249120   1175660.8    
    249408   1249072.6    
    249696   1318488.4    
    249984   1396497.2    
    250272   1483346.0    
    250560   1579401.6    
    250848   1685284.2    
    251136   1801817.9    
    251424   1930002.6    
    251712   2071008.0    
    252000   2207968.8    
    252288   2361103.2    
    252576   2531016.8    
    252864   2718800.2    
    253152   2925939.2    
    253440   3154544.5    
    253728   3407138.0    
    254016   3686028.2    
    254304   3962042.8    
    254592   4270250.5    
    254880   4612219.5    
    255168   4990397.0    
    255456   5407924.5    
    255744   5868558.5    
    256032   6376618.0    
    256320   6936991.5    
    256608   7555158.5    
    256896   8237189.0    
    257184   8989816.0    
    257472   9743603.0    
    257760   10581981.    
    258048   11509377.    
    258336   12532147.    
    258624   13658090.    
    258912   14896128.    
    259200   16256357.    
    259488   17749824.    
    259776   19388544.    
    260064   21185416.    
    260352   23154234.    
    260640   25307612.    
    260928   27658290.    
    261216   30223522.    
    261504   33020682.    
    261792   36067408.    
    262080   39381344.    
    262368   42980528.    
    262656   46882756.    
    262944   51105708.    
    263232   55666580.    
    263520   60581840.    
    263808   65866920.    
    264096   71535680.    
    264384   77591176.    
    264672   84034376.    
    264960   90869864.    
    265248   97992848.    
    265536  0.10382047E+09
    265824  0.10685802E+09
    266112  0.10901858E+09
    266400  0.11067862E+09
    266688  0.11194323E+09
    266976  0.11289066E+09
    267264  0.11357563E+09
    267552  0.11405683E+09
    267840  0.11517515E+09
    268128  0.11593407E+09
    268416  0.11642397E+09
    268704  0.11671011E+09
    268992  0.11683986E+09
    269280  0.11684793E+09
    269568  0.11675104E+09
    269856  0.11657465E+09
    270144  0.11633618E+09
    270432  0.11688581E+09
    270720  0.11714267E+09
    271008  0.11718598E+09
    271296  0.11707059E+09
    271584  0.11683659E+09
    271872  0.11651270E+09
    272160  0.11611270E+09
    272448  0.11652245E+09
    272736  0.11663130E+09
    273024  0.11652266E+09
    273312  0.11625482E+09
    273600  0.11586954E+09
    273888  0.11539667E+09
    274176  0.11573530E+09
    274464  0.11575780E+09
    274752  0.11555237E+09
    275040  0.11518285E+09
    275328  0.11469335E+09
    275616  0.11411508E+09
    275904  0.11436185E+09
    276192  0.11429146E+09
    276480  0.11399333E+09
    276768  0.11352285E+09
    277056  0.11292962E+09
    277344  0.11315379E+09
    277632  0.11304373E+09
    277920  0.11269359E+09
    278208  0.11217026E+09
    278496  0.11243542E+09
    278784  0.11233826E+09
    279072  0.11198071E+09
    279360  0.11142825E+09
    279648  0.11166478E+09
    279936  0.11152941E+09
    280224  0.11112774E+09
    280512  0.11053470E+09
    280800  0.10980218E+09
    281088  0.10989338E+09
    281376  0.10963809E+09
    281664  0.10913447E+09
    281952  0.10844321E+09
    282240  0.10878761E+09
    282528  0.10870135E+09
    282816  0.10830643E+09
    283104  0.10768926E+09
    283392  0.10691062E+09
    283680  0.10694473E+09
    283968  0.10662369E+09
    284256  0.10604779E+09
    284544  0.10528734E+09
    284832  0.10531568E+09
    285120  0.10497470E+09
    285408  0.10437152E+09
    285696  0.10451638E+09
    285984  0.10426136E+09
    286272  0.10371818E+09
    286560  0.10296591E+09
    286848  0.10299079E+09
    287136  0.10264319E+09
    287424  0.10201976E+09
    287712  0.10119398E+09
    288000  0.10115060E+09
    288288  0.10074498E+09
    288576  0.10007773E+09
    288864   99220512.    
    289152   99139776.    
    289440   98706256.    
    289728   98016120.    
    290016   97129480.    
    290304   97004808.    
    290592   96532136.    
    290880   95805976.    
    291168   94894480.    
    291456   94737800.    
    291744   94245352.    
    292032   93504616.    
    292320   92573144.    
    292608   91493408.    
    292896   91171632.    
    293184   90547536.    
    293472   89697400.    
    293760   88677216.    
    294048   88369456.    
    294336   87753504.    
    294624   86896448.    
    294912   85858456.    
    295200   84678552.    
    295488   84191056.    
    295776   83428824.    
    296064   82452280.    
    296352   81300736.    
    296640   80000928.    
    296928   79338144.    
    297216   78415968.    
    297504   77287824.    
    297792   75991376.    
    298080   74545592.    
    298368   72963440.    
    298656   71939392.    
    298944   70681688.    
    299232   69236768.    
    299520   67640496.    
    299808   65917100.    
    300096   64086868.    
    300384   62173208.    
    300672   60746944.    
    300960   59171660.    
    301248   57488512.    
    301536   55727036.    
    301824   53908108.    
    302112   52052772.    
    302400   50177852.    
    302688   48297012.    
    302976   46421204.    
    303264   44557528.    
    303552   43077996.    
    303840   41555596.    
    304128   40013520.    
    304416   38469224.    
    304704   36934796.    
    304992   35417816.    
    305280   33926576.    
    305568   32467328.    
    305856   31044688.    
    306144   29661992.    
    306432   28320738.    
    306720   27021454.    
    307008   25766046.    
    307296   24555708.    
    307584   23391060.    
    307872   22272282.    
    308160   21199150.    
    308448   20170700.    
    308736   19185404.    
    309024   18242926.    
    309312   17342572.    
    309600   16483506.    
    309888   15664702.    
    310176   14885013.    
    310464   14142983.    
    310752   13436530.    
    311040   12764626.    
    311328   12126198.    
    311616   11520063.    
    311904   10944964.    
    312192   10318187.    
    312480   9737350.0    
    312768   9197162.0    
    313056   8693387.0    
    313344   8222390.5    
    313632   7780957.0    
    313920   7366834.0    
    314208   6977967.5    
    314496   6612627.0    
    314784   6269242.0    
    315072   5899668.5    
