       288  0.67649716    
       576  0.66976577    
       864  0.66310126    
      1152  0.65650290    
      1440  0.64997065    
      1728  0.64350349    
      2016  0.63710040    
      2304  0.63076061    
      2592  0.62448472    
      2880  0.61827093    
      3168  0.61211860    
      3456  0.60602826    
      3744  0.59999758    
      4032  0.59402794    
      4320  0.58811682    
      4608  0.58226514    
      4896  0.57647145    
      5184  0.57073480    
      5472  0.56505632    
      5760  0.55943388    
      6048  0.55386704    
      6336  0.54835570    
      6624  0.54289973    
      6912  0.53749788    
      7200  0.53214967    
      7488  0.52685457    
      7776  0.52161217    
      8064  0.51642191    
      8352  0.51128334    
      8640  0.50619590    
      8928  0.50115907    
      9216  0.49617225    
      9504  0.49123508    
      9792  0.48634711    
     10080  0.48150793    
     10368  0.47671664    
     10656  0.47197330    
     10944  0.46727687    
     11232  0.46262747    
     11520  0.45802408    
     11808  0.45346659    
     12096  0.44895452    
     12384  0.44448727    
     12672  0.44006443    
     12960  0.43568560    
     13248  0.43135032    
     13536  0.42705825    
     13824  0.42280892    
     14112  0.41860187    
     14400  0.41443670    
     14688  0.41031295    
     14976  0.40623012    
     15264  0.40218791    
     15552  0.39818612    
     15840  0.39422393    
     16128  0.39030129    
     16416  0.38641769    
     16704  0.38257268    
     16992  0.37876594    
     17280  0.37499720    
     17568  0.37126568    
     17856  0.36757156    
     18144  0.36391416    
     18432  0.36029303    
     18720  0.35670787    
     19008  0.35315844    
     19296  0.34964448    
     19584  0.34616542    
     19872  0.34272096    
     20160  0.33931074    
     20448  0.33593440    
     20736  0.33259165    
     21024  0.32928240    
     21312  0.32600605    
     21600  0.32276222    
     21888  0.31955054    
     22176  0.31637084    
     22464  0.31322303    
     22752  0.31010622    
     23040  0.30702057    
     23328  0.30396566    
     23616  0.30094096    
     23904  0.29794666    
     24192  0.29498190    
     24480  0.29204679    
     24768  0.28914088    
     25056  0.28626359    
     25344  0.28341538    
     25632  0.28059536    
     25920  0.27780321    
     26208  0.27503887    
     26496  0.27230233    
     26784  0.26959291    
     27072  0.26691040    
     27360  0.26425457    
     27648  0.26162511    
     27936  0.25902185    
     28224  0.25644451    
     28512  0.25389284    
     28800  0.25136656    
     29088  0.24886534    
     29376  0.24638903    
     29664  0.24393731    
     29952  0.24151008    
     30240  0.23910698    
     30528  0.23672776    
     30816  0.23437227    
     31104  0.23204017    
     31392  0.22973128    
     31680  0.22744542    
     31968  0.22518224    
     32256  0.22294153    
     32544  0.22072323    
     32832  0.21852697    
     33120  0.21635257    
     33408  0.21419978    
     33696  0.21206844    
     33984  0.20995827    
     34272  0.20786908    
     34560  0.20580068    
     34848  0.20375295    
     35136  0.20172557    
     35424  0.19971828    
     35712  0.19773106    
     36000  0.19576359    
     36288  0.19381562    
     36576  0.19188716    
     36864  0.18997778    
     37152  0.18808745    
     37440  0.18621597    
     37728  0.18436298    
     38016  0.18252854    
     38304  0.18071239    
     38592  0.17891425    
     38880  0.17713398    
     39168  0.17537141    
     39456  0.17362638    
     39744  0.17189874    
     40032  0.17018831    
     40320  0.16849491    
     40608  0.16681837    
     40896  0.16515850    
     41184  0.16351514    
     41472  0.16188808    
     41760  0.16027714    
     42048  0.15868242    
     42336  0.15710351    
     42624  0.15554017    
     42912  0.15399258    
     43200  0.15246028    
     43488  0.15094325    
     43776  0.14944132    
     44064  0.14795433    
     44352  0.14648210    
     44640  0.14502463    
     44928  0.14358148    
     45216  0.14215288    
     45504  0.14073844    
     45792  0.13933797    
     46080  0.13795143    
     46368  0.13657886    
     46656  0.13521989    
     46944  0.13387440    
     47232  0.13254228    
     47520  0.13122343    
     47808  0.12991770    
     48096  0.12862498    
     48384  0.12734513    
     48672  0.12607802    
     48960  0.12482350    
     49248  0.12358148    
     49536  0.12235180    
     49824  0.12113433    
     50112  0.11992904    
     50400  0.11873567    
     50688  0.11755423    
     50976  0.11638450    
     51264  0.11522647    
     51552  0.11407990    
     51840  0.11294476    
     52128  0.11182094    
     52416  0.11070830    
     52704  0.10960671    
     52992  0.10851607    
     53280  0.10743630    
     53568  0.10636728    
     53856  0.10530889    
     54144  0.10426105    
     54432  0.10322361    
     54720  0.10219648    
     55008  0.10117957    
     55296  0.10017284    
     55584  0.99176094E-01
     55872  0.98189227E-01
     56160  0.97212255E-01
     56448  0.96244901E-01
     56736  0.95287278E-01
     57024  0.94339103E-01
     57312  0.93400404E-01
     57600  0.92471056E-01
     57888  0.91550916E-01
     58176  0.90639934E-01
     58464  0.89738071E-01
     58752  0.88845164E-01
     59040  0.87961130E-01
     59328  0.87085880E-01
     59616  0.86219348E-01
     59904  0.85361429E-01
     60192  0.84512062E-01
     60480  0.83671145E-01
     60768  0.82838587E-01
     61056  0.82014300E-01
     61344  0.81198193E-01
     61632  0.80390260E-01
     61920  0.79590380E-01
     62208  0.78798413E-01
     62496  0.78014307E-01
     62784  0.77238090E-01
     63072  0.76469503E-01
     63360  0.75708643E-01
     63648  0.74955299E-01
     63936  0.74209489E-01
     64224  0.73471040E-01
     64512  0.72740033E-01
     64800  0.72016202E-01
     65088  0.71299635E-01
     65376  0.70590213E-01
     65664  0.69887787E-01
     65952  0.69192335E-01
     66240  0.68503901E-01
     66528  0.67822285E-01
     66816  0.67147434E-01
     67104  0.66479288E-01
     67392  0.65817781E-01
     67680  0.65162867E-01
     67968  0.64514466E-01
     68256  0.63872524E-01
     68544  0.63236974E-01
     68832  0.62607750E-01
     69120  0.61984785E-01
     69408  0.61368026E-01
     69696  0.60757384E-01
     69984  0.60152829E-01
     70272  0.59554297E-01
     70560  0.58961697E-01
     70848  0.58375027E-01
     71136  0.57794169E-01
     71424  0.57219096E-01
     71712  0.56649756E-01
     72000  0.56086063E-01
     72288  0.55527974E-01
     72576  0.54975457E-01
     72864  0.54428440E-01
     73152  0.53886861E-01
     73440  0.53350668E-01
     73728  0.52819807E-01
     74016  0.52294221E-01
     74304  0.51773876E-01
     74592  0.51258724E-01
     74880  0.50748687E-01
     75168  0.50243706E-01
     75456  0.49743760E-01
     75744  0.49248803E-01
     76032  0.48758734E-01
     76320  0.48273593E-01
     76608  0.47793228E-01
     76896  0.47317695E-01
     77184  0.46846855E-01
     77472  0.46380717E-01
     77760  0.45919221E-01
     78048  0.45462303E-01
     78336  0.45009919E-01
     78624  0.44562064E-01
     78912  0.44118665E-01
     79200  0.43679673E-01
     79488  0.43245044E-01
     79776  0.42814743E-01
     80064  0.42388722E-01
     80352  0.41966937E-01
     80640  0.41549347E-01
     80928  0.41135903E-01
     81216  0.40726591E-01
     81504  0.40321365E-01
     81792  0.39920159E-01
     82080  0.39522920E-01
     82368  0.39129663E-01
     82656  0.38740322E-01
     82944  0.38354810E-01
     83232  0.37973203E-01
     83520  0.37595332E-01
     83808  0.37221272E-01
     84096  0.36850873E-01
     84384  0.36484230E-01
     84672  0.36121182E-01
     84960  0.35761766E-01
     85248  0.35405941E-01
     85536  0.35053629E-01
     85824  0.34704808E-01
     86112  0.34359511E-01
     86400  0.34017634E-01
     86688  0.33679146E-01
     86976  0.33344023E-01
     87264  0.33012234E-01
     87552  0.32683741E-01
     87840  0.32358523E-01
     88128  0.32036547E-01
     88416  0.31717777E-01
     88704  0.31402182E-01
     88992  0.31089721E-01
     89280  0.30780373E-01
     89568  0.30474098E-01
     89856  0.30170862E-01
     90144  0.29870659E-01
     90432  0.29573435E-01
     90720  0.29279171E-01
     91008  0.28987831E-01
     91296  0.28699400E-01
     91584  0.28413827E-01
     91872  0.28131098E-01
     92160  0.27851190E-01
     92448  0.27574064E-01
     92736  0.27299691E-01
     93024  0.27028048E-01
     93312  0.26759109E-01
     93600  0.26492849E-01
     93888  0.26229236E-01
     94176  0.25968246E-01
     94464  0.25709851E-01
     94752  0.25454018E-01
     95040  0.25200754E-01
     95328  0.24950001E-01
     95616  0.24701728E-01
     95904  0.24455952E-01
     96192  0.24212599E-01
     96480  0.23971682E-01
     96768  0.23733146E-01
     97056  0.23497004E-01
     97344  0.23263196E-01
     97632  0.23031719E-01
     97920  0.22802554E-01
     98208  0.22575662E-01
     98496  0.22351021E-01
     98784  0.22128614E-01
     99072  0.21908430E-01
     99360  0.21690438E-01
     99648  0.21474613E-01
     99936  0.21260934E-01
    100224  0.21049378E-01
    100512  0.20839926E-01
    100800  0.20632567E-01
    101088  0.20427274E-01
    101376  0.20224018E-01
    101664  0.20022778E-01
    101952  0.19823533E-01
    102240  0.19626297E-01
    102528  0.19431006E-01
    102816  0.19237652E-01
    103104  0.19046241E-01
    103392  0.18856708E-01
    103680  0.18669093E-01
    103968  0.18483315E-01
    104256  0.18299412E-01
    104544  0.18117324E-01
    104832  0.17937046E-01
    105120  0.17758576E-01
    105408  0.17581867E-01
    105696  0.17406907E-01
    105984  0.17233716E-01
    106272  0.17062239E-01
    106560  0.16892465E-01
    106848  0.16724374E-01
    107136  0.16557956E-01
    107424  0.16393194E-01
    107712  0.16230073E-01
    108000  0.16068578E-01
    108288  0.15908692E-01
    108576  0.15750399E-01
    108864  0.15593686E-01
    109152  0.15438523E-01
    109440  0.15284908E-01
    109728  0.15132817E-01
    110016  0.14982237E-01
    110304  0.14833162E-01
    110592  0.14685561E-01
    110880  0.14539439E-01
    111168  0.14394765E-01
    111456  0.14251532E-01
    111744  0.14109727E-01
    112032  0.13969330E-01
    112320  0.13830328E-01
    112608  0.13692709E-01
    112896  0.13556463E-01
    113184  0.13421573E-01
    113472  0.13288024E-01
    113760  0.13155801E-01
    114048  0.13024900E-01
    114336  0.12895300E-01
    114624  0.12766988E-01
    114912  0.12639951E-01
    115200  0.12514176E-01
    115488  0.12389662E-01
    115776  0.12266377E-01
    116064  0.12144324E-01
    116352  0.12023483E-01
    116640  0.11903847E-01
    116928  0.11785396E-01
    117216  0.11668132E-01
    117504  0.11552027E-01
    117792  0.11437079E-01
    118080  0.11323282E-01
    118368  0.11210612E-01
    118656  0.11099062E-01
    118944  0.10988621E-01
    119232  0.10879278E-01
    119520  0.10771025E-01
    119808  0.10663848E-01
    120096  0.10557741E-01
    120384  0.10452690E-01
    120672  0.10348683E-01
    120960  0.10245711E-01
    121248  0.10143761E-01
    121536  0.10042821E-01
    121824  0.99428948E-02
    122112  0.98439623E-02
    122400  0.97460076E-02
    122688  0.96490337E-02
    122976  0.95530236E-02
    123264  0.94579635E-02
    123552  0.93638590E-02
    123840  0.92706801E-02
    124128  0.91784373E-02
    124416  0.90871090E-02
    124704  0.89966832E-02
    124992  0.89071700E-02
    125280  0.88185398E-02
    125568  0.87307841E-02
    125856  0.86439159E-02
    126144  0.85579092E-02
    126432  0.84727546E-02
    126720  0.83884457E-02
    127008  0.83049750E-02
    127296  0.82223350E-02
    127584  0.81405183E-02
    127872  0.80595165E-02
    128160  0.79793204E-02
    128448  0.78999242E-02
    128736  0.78213206E-02
    129024  0.77434997E-02
    129312  0.76664500E-02
    129600  0.75901677E-02
    129888  0.75146416E-02
    130176  0.74398695E-02
    130464  0.73658400E-02
    130752  0.72925477E-02
    131040  0.72199833E-02
    131328  0.71481434E-02
    131616  0.70770159E-02
    131904  0.70065954E-02
    132192  0.69368789E-02
    132480  0.68678558E-02
    132768  0.67995186E-02
    133056  0.67318617E-02
    133344  0.66648773E-02
    133632  0.65985592E-02
    133920  0.65329005E-02
    134208  0.64678951E-02
    134496  0.64035356E-02
    134784  0.63398206E-02
    135072  0.62767379E-02
    135360  0.62142806E-02
    135648  0.61524478E-02
    135936  0.60912287E-02
    136224  0.60306177E-02
    136512  0.59706117E-02
    136800  0.59112017E-02
    137088  0.58523817E-02
    137376  0.57941508E-02
    137664  0.57364954E-02
    137952  0.56794123E-02
    138240  0.56229029E-02
    138528  0.55669537E-02
    138816  0.55115609E-02
    139104  0.54567186E-02
    139392  0.54024220E-02
    139680  0.53486661E-02
    139968  0.52954452E-02
    140256  0.52427538E-02
    140544  0.51905867E-02
    140832  0.51389378E-02
    141120  0.50878017E-02
    141408  0.50371764E-02
    141696  0.49870573E-02
    141984  0.49374341E-02
    142272  0.48883012E-02
    142560  0.48396657E-02
    142848  0.47915084E-02
    143136  0.47438317E-02
    143424  0.46966299E-02
    143712  0.46498962E-02
    144000  0.46036281E-02
    144288  0.45578219E-02
    144576  0.45124656E-02
    144864  0.44675693E-02
    145152  0.44231154E-02
    145440  0.43791002E-02
    145728  0.43355296E-02
    146016  0.42923912E-02
    146304  0.42496803E-02
    146592  0.42073932E-02
    146880  0.41655265E-02
    147168  0.41240766E-02
    147456  0.40830406E-02
    147744  0.40424136E-02
    148032  0.40021902E-02
    148320  0.39623664E-02
    148608  0.39229388E-02
    148896  0.38839085E-02
    149184  0.38452609E-02
    149472  0.38070004E-02
    149760  0.37691197E-02
    150048  0.37316142E-02
    150336  0.36944852E-02
    150624  0.36577224E-02
    150912  0.36213284E-02
    151200  0.35852944E-02
    151488  0.35496193E-02
    151776  0.35143003E-02
    152064  0.34793320E-02
    152352  0.34447112E-02
    152640  0.34104346E-02
    152928  0.33764991E-02
    153216  0.33429018E-02
    153504  0.33096392E-02
    153792  0.32767076E-02
    154080  0.32441036E-02
    154368  0.32118242E-02
    154656  0.31798652E-02
    154944  0.31482230E-02
    155232  0.31168987E-02
    155520  0.30858843E-02
    155808  0.30551781E-02
    156096  0.30247793E-02
    156384  0.29946808E-02
    156672  0.29648838E-02
    156960  0.29353818E-02
    157248  0.29061732E-02
    157536  0.28772571E-02
    157824  0.28486273E-02
    158112  0.28202815E-02
    158400  0.27922187E-02
    158688  0.27644360E-02
    158976  0.27369291E-02
    159264  0.27096958E-02
    159552  0.26827336E-02
    159840  0.26560395E-02
    160128  0.26296109E-02
    160416  0.26034452E-02
    160704  0.25775395E-02
    160992  0.25518921E-02
    161280  0.25265014E-02
    161568  0.25013625E-02
    161856  0.24764724E-02
    162144  0.24518305E-02
    162432  0.24274350E-02
    162720  0.24032798E-02
    163008  0.23793676E-02
    163296  0.23556913E-02
    163584  0.23322520E-02
    163872  0.23090446E-02
    164160  0.22860698E-02
    164448  0.22633206E-02
    164736  0.22408017E-02
    165024  0.22185051E-02
    165312  0.21964284E-02
    165600  0.21745744E-02
    165888  0.21529377E-02
    166176  0.21315149E-02
    166464  0.21103052E-02
    166752  0.20893058E-02
    167040  0.20685159E-02
    167328  0.20479341E-02
    167616  0.20275570E-02
    167904  0.20073822E-02
    168192  0.19874079E-02
    168480  0.19676322E-02
    168768  0.19480556E-02
    169056  0.19286716E-02
    169344  0.19094803E-02
    169632  0.18904809E-02
    169920  0.18716698E-02
    170208  0.18530460E-02
    170496  0.18346077E-02
    170784  0.18163525E-02
    171072  0.17982789E-02
    171360  0.17803858E-02
    171648  0.17626701E-02
    171936  0.17451305E-02
    172224  0.17277662E-02
    172512  0.17105746E-02
    172800  0.16935539E-02
    173088  0.16767025E-02
    173376  0.16600188E-02
    173664  0.16435010E-02
    173952  0.16271474E-02
    174240  0.16109563E-02
    174528  0.15949273E-02
    174816  0.15790575E-02
    175104  0.15633451E-02
    175392  0.15477892E-02
    175680  0.15323886E-02
    175968  0.15171401E-02
    176256  0.15020448E-02
    176544  0.14870982E-02
    176832  0.14723018E-02
    177120  0.14576516E-02
    177408  0.14431470E-02
    177696  0.14287878E-02
    177984  0.14145711E-02
    178272  0.14004953E-02
    178560  0.13865595E-02
    178848  0.13727628E-02
    179136  0.13591037E-02
    179424  0.13455802E-02
    179712  0.13321913E-02
    180000  0.13189354E-02
    180288  0.13058111E-02
    180576  0.12928181E-02
    180864  0.12799544E-02
    181152  0.12672186E-02
    181440  0.12546091E-02
    181728  0.12421244E-02
    182016  0.12297656E-02
    182304  0.12175292E-02
    182592  0.12054135E-02
    182880  0.11934203E-02
    183168  0.11815445E-02
    183456  0.11697885E-02
    183744  0.11581477E-02
    184032  0.11466247E-02
    184320  0.11352146E-02
    184608  0.11239194E-02
    184896  0.11127362E-02
    185184  0.11016633E-02
    185472  0.10907017E-02
    185760  0.10798492E-02
    186048  0.10691043E-02
    186336  0.10584659E-02
    186624  0.10479332E-02
    186912  0.10375058E-02
    187200  0.10271827E-02
    187488  0.10169621E-02
    187776  0.10068429E-02
    188064  0.99682435E-03
    188352  0.98690554E-03
    188640  0.97708520E-03
    188928  0.96736383E-03
    189216  0.95773814E-03
    189504  0.94820827E-03
    189792  0.93877350E-03
    190080  0.92943211E-03
    190368  0.92018419E-03
    190656  0.91102772E-03
    190944  0.90196298E-03
    191232  0.89298794E-03
    191520  0.88410231E-03
    191808  0.87530533E-03
    192096  0.86659577E-03
    192384  0.85797283E-03
    192672  0.84943563E-03
    192960  0.84098347E-03
    193248  0.83261536E-03
    193536  0.82433055E-03
    193824  0.81612827E-03
    194112  0.80800755E-03
    194400  0.79996756E-03
    194688  0.79200731E-03
    194976  0.78412681E-03
    195264  0.77632460E-03
    195552  0.76859945E-03
    195840  0.76095201E-03
    196128  0.75337995E-03
    196416  0.74588391E-03
    196704  0.73846162E-03
    196992  0.73111407E-03
    197280  0.72383921E-03
    197568  0.71663636E-03
    197856  0.70950593E-03
    198144  0.70244621E-03
    198432  0.69545652E-03
    198720  0.68853644E-03
    199008  0.68168517E-03
    199296  0.67490211E-03
    199584  0.66818658E-03
    199872  0.66153792E-03
    200160  0.65495551E-03
    200448  0.64843858E-03
    200736  0.64198649E-03
    201024  0.63559850E-03
    201312  0.62927383E-03
    201600  0.62301237E-03
    201888  0.61681349E-03
    202176  0.61067584E-03
    202464  0.60459937E-03
    202752  0.59858366E-03
    203040  0.59262710E-03
    203328  0.58673084E-03
    203616  0.58089208E-03
    203904  0.57511253E-03
    204192  0.56938973E-03
    204480  0.56372414E-03
    204768  0.55811508E-03
    205056  0.55256131E-03
    205344  0.54706319E-03
    205632  0.54162001E-03
    205920  0.53623074E-03
    206208  0.53089490E-03
    206496  0.52561203E-03
    206784  0.52038213E-03
    207072  0.51520433E-03
    207360  0.51007798E-03
    207648  0.50500256E-03
    207936  0.49997761E-03
    208224  0.49500261E-03
    208512  0.49007701E-03
    208800  0.48520081E-03
    209088  0.48037290E-03
    209376  0.47559291E-03
    209664  0.47086072E-03
    209952  0.46617549E-03
    210240  0.46153684E-03
    210528  0.45694446E-03
    210816  0.45239768E-03
    211104  0.44789613E-03
    211392  0.44343952E-03
    211680  0.43902712E-03
    211968  0.43465855E-03
    212256  0.43033357E-03
    212544  0.42605167E-03
    212832  0.42181229E-03
    213120  0.41761514E-03
    213408  0.41345973E-03
    213696  0.40934561E-03
    213984  0.40527238E-03
    214272  0.40123993E-03
    214560  0.39724752E-03
    214848  0.39329473E-03
    215136  0.38938117E-03
    215424  0.38550684E-03
    215712  0.38167080E-03
    216000  0.37787316E-03
    216288  0.37411312E-03
    216576  0.37039068E-03
    216864  0.36670498E-03
    217152  0.36305637E-03
    217440  0.35944383E-03
    217728  0.35586709E-03
    218016  0.35232614E-03
    218304  0.34882047E-03
    218592  0.34534960E-03
    218880  0.34191326E-03
    219168  0.33851108E-03
    219456  0.33514277E-03
    219744  0.33180800E-03
    220032  0.32850640E-03
    220320  0.32523766E-03
    220608  0.32200143E-03
    220896  0.31879733E-03
    221184  0.31562513E-03
    221472  0.31248474E-03
    221760  0.30937546E-03
    222048  0.30629686E-03
    222336  0.30324925E-03
    222624  0.30023183E-03
    222912  0.29724429E-03
    223200  0.29428676E-03
    223488  0.29135833E-03
    223776  0.28845939E-03
    224064  0.28558905E-03
    224352  0.28274729E-03
    224640  0.27993403E-03
    224928  0.27714844E-03
    225216  0.27439071E-03
    225504  0.27166060E-03
    225792  0.26895749E-03
    226080  0.26628119E-03
    226368  0.26363146E-03
    226656  0.26100833E-03
    226944  0.25841134E-03
    227232  0.25584010E-03
    227520  0.25329445E-03
    227808  0.25077412E-03
    228096  0.24827884E-03
    228384  0.24580836E-03
    228672  0.24336252E-03
    228960  0.24094101E-03
    229248  0.23854355E-03
    229536  0.23616989E-03
    229824  0.23382000E-03
    230112  0.23149338E-03
    230400  0.22918999E-03
    230688  0.22690941E-03
    230976  0.22465165E-03
    231264  0.22241629E-03
    231552  0.22020313E-03
    231840  0.21801211E-03
    232128  0.21584283E-03
    232416  0.21369511E-03
    232704  0.21156877E-03
    232992  0.20946359E-03
    233280  0.20737937E-03
    233568  0.20531590E-03
    233856  0.20327295E-03
    234144  0.20125030E-03
    234432  0.19924772E-03
    234720  0.19726520E-03
    235008  0.19530237E-03
    235296  0.19335898E-03
    235584  0.19143504E-03
    235872  0.18953020E-03
    236160  0.18764433E-03
    236448  0.18577720E-03
    236736  0.18392870E-03
    237024  0.18209843E-03
    237312  0.18028659E-03
    237600  0.17849269E-03
    237888  0.17671658E-03
    238176  0.17495813E-03
    238464  0.17321731E-03
    238752  0.17149378E-03
    239040  0.16978738E-03
    239328  0.16809795E-03
    239616  0.16642532E-03
    239904  0.16476934E-03
    240192  0.16312982E-03
    240480  0.16150657E-03
    240768  0.15989947E-03
    241056  0.15830848E-03
    241344  0.15673329E-03
    241632  0.15517371E-03
    241920  0.15362960E-03
    242208  0.15210104E-03
    242496  0.15058753E-03
    242784  0.14908916E-03
    243072  0.14760569E-03
    243360  0.14613694E-03
    243648  0.14468285E-03
    243936  0.14324322E-03
    244224  0.14181783E-03
    244512  0.14040679E-03
    244800  0.13900963E-03
    245088  0.13762640E-03
    245376  0.13625705E-03
    245664  0.13490123E-03
    245952  0.13355886E-03
    246240  0.13222980E-03
    246528  0.13091412E-03
    246816  0.12961152E-03
    247104  0.12832187E-03
    247392  0.12704504E-03
    247680  0.12578092E-03
    247968  0.12452937E-03
    248256  0.12329026E-03
    248544  0.12206344E-03
    248832  0.12084890E-03
    249120  0.11964644E-03
    249408  0.11845590E-03
    249696  0.11727722E-03
    249984  0.11611029E-03
    250272  0.11495492E-03
    250560  0.11381110E-03
    250848  0.11267864E-03
    251136  0.11155743E-03
    251424  0.11044742E-03
    251712  0.10934842E-03
    252000  0.10826034E-03
    252288  0.10718309E-03
    252576  0.10611660E-03
    252864  0.10506072E-03
    253152  0.10401532E-03
    253440  0.10298032E-03
    253728  0.10195564E-03
    254016  0.10094116E-03
    254304  0.99936784E-04
    254592  0.98942372E-04
    254880  0.97957818E-04
    255168  0.96983160E-04
    255456  0.96018135E-04
    255744  0.95062700E-04
    256032  0.94116811E-04
    256320  0.93180301E-04
    256608  0.92253125E-04
    256896  0.91335183E-04
    257184  0.90426322E-04
    257472  0.89526584E-04
    257760  0.88635774E-04
    258048  0.87753804E-04
    258336  0.86880595E-04
    258624  0.86016087E-04
    258912  0.85160216E-04
    259200  0.84312858E-04
    259488  0.83473911E-04
    259776  0.82643317E-04
    260064  0.81820966E-04
    260352  0.81006830E-04
    260640  0.80200814E-04
    260928  0.79402809E-04
    261216  0.78612720E-04
    261504  0.77830453E-04
    261792  0.77056044E-04
    262080  0.76289332E-04
    262368  0.75530173E-04
    262656  0.74778676E-04
    262944  0.74034586E-04
    263232  0.73297939E-04
    263520  0.72568582E-04
    263808  0.71846531E-04
    264096  0.71131573E-04
    264384  0.70423856E-04
    264672  0.69723093E-04
    264960  0.69029287E-04
    265248  0.68342473E-04
    265536  0.67662448E-04
    265824  0.66989160E-04
    266112  0.66322551E-04
    266400  0.65662658E-04
    266688  0.65009321E-04
    266976  0.64362466E-04
    267264  0.63722044E-04
    267552  0.63087988E-04
    267840  0.62460240E-04
    268128  0.61838735E-04
    268416  0.61223407E-04
    268704  0.60614191E-04
    268992  0.60011072E-04
    269280  0.59413946E-04
    269568  0.58822745E-04
    269856  0.58237456E-04
    270144  0.57657966E-04
    270432  0.57084257E-04
    270720  0.56516237E-04
    271008  0.55953900E-04
    271296  0.55397133E-04
    271584  0.54845896E-04
    271872  0.54300177E-04
    272160  0.53759879E-04
    272448  0.53224951E-04
    272736  0.52695341E-04
    273024  0.52171006E-04
    273312  0.51651888E-04
    273600  0.51137933E-04
    273888  0.50629089E-04
    274176  0.50125302E-04
    274464  0.49626546E-04
    274752  0.49132756E-04
    275040  0.48643855E-04
    275328  0.48159825E-04
    275616  0.47680631E-04
    275904  0.47206173E-04
    276192  0.46736477E-04
    276480  0.46271420E-04
    276768  0.45811015E-04
    277056  0.45355187E-04
    277344  0.44903867E-04
    277632  0.44457065E-04
    277920  0.44014712E-04
    278208  0.43576751E-04
    278496  0.43143144E-04
    278784  0.42713848E-04
    279072  0.42288822E-04
    279360  0.41868032E-04
    279648  0.41451432E-04
    279936  0.41038980E-04
    280224  0.40630635E-04
    280512  0.40226354E-04
    280800  0.39826089E-04
    281088  0.39429793E-04
    281376  0.39037448E-04
    281664  0.38649036E-04
    281952  0.38264461E-04
    282240  0.37883696E-04
    282528  0.37506765E-04
    282816  0.37133530E-04
    283104  0.36764064E-04
    283392  0.36398229E-04
    283680  0.36036079E-04
    283968  0.35677476E-04
    284256  0.35322504E-04
    284544  0.34971032E-04
    284832  0.34623030E-04
    285120  0.34278550E-04
    285408  0.33937471E-04
    285696  0.33599768E-04
    285984  0.33265416E-04
    286272  0.32934437E-04
    286560  0.32606742E-04
    286848  0.32282303E-04
    287136  0.31961084E-04
    287424  0.31643063E-04
    287712  0.31328207E-04
    288000  0.31016483E-04
    288288  0.30707859E-04
    288576  0.30402294E-04
    288864  0.30099778E-04
    289152  0.29800281E-04
    289440  0.29503755E-04
    289728  0.29210178E-04
    290016  0.28919536E-04
    290304  0.28631766E-04
    290592  0.28346880E-04
    290880  0.28064815E-04
    291168  0.27785558E-04
    291456  0.27509090E-04
    291744  0.27235366E-04
    292032  0.26964361E-04
    292320  0.26696051E-04
    292608  0.26430413E-04
    292896  0.26167419E-04
    293184  0.25907048E-04
    293472  0.25649268E-04
    293760  0.25394054E-04
    294048  0.25141377E-04
    294336  0.24891209E-04
    294624  0.24643527E-04
    294912  0.24398321E-04
    295200  0.24155554E-04
    295488  0.23915185E-04
    295776  0.23677234E-04
    296064  0.23441626E-04
    296352  0.23208388E-04
    296640  0.22977449E-04
    296928  0.22748820E-04
    297216  0.22522465E-04
    297504  0.22298353E-04
    297792  0.22076476E-04
    298080  0.21856817E-04
    298368  0.21639338E-04
    298656  0.21424021E-04
    298944  0.21210844E-04
    299232  0.20999789E-04
    299520  0.20790834E-04
    299808  0.20583961E-04
    300096  0.20379144E-04
    300384  0.20176363E-04
    300672  0.19975598E-04
    300960  0.19776826E-04
    301248  0.19580051E-04
    301536  0.19385227E-04
    301824  0.19192326E-04
    302112  0.19001360E-04
    302400  0.18812294E-04
    302688  0.18625091E-04
    302976  0.18439781E-04
    303264  0.18256280E-04
    303552  0.18074643E-04
    303840  0.17894781E-04
    304128  0.17716733E-04
    304416  0.17540448E-04
    304704  0.17365897E-04
    304992  0.17193117E-04
    305280  0.17022041E-04
    305568  0.16852659E-04
    305856  0.16684955E-04
    306144  0.16518945E-04
    306432  0.16354581E-04
    306720  0.16191849E-04
    307008  0.16030735E-04
    307296  0.15871225E-04
    307584  0.15713302E-04
    307872  0.15556951E-04
    308160  0.15402155E-04
    308448  0.15248895E-04
    308736  0.15097161E-04
    309024  0.14946940E-04
    309312  0.14798215E-04
    309600  0.14650966E-04
    309888  0.14505184E-04
    310176  0.14360852E-04
    310464  0.14217957E-04
    310752  0.14076481E-04
    311040  0.13936417E-04
    311328  0.13797744E-04
    311616  0.13660448E-04
    311904  0.13524525E-04
    312192  0.13389953E-04
    312480  0.13256719E-04
    312768  0.13124811E-04
    313056  0.12994215E-04
    313344  0.12864917E-04
    313632  0.12736907E-04
    313920  0.12610167E-04
    314208  0.12484693E-04
    314496  0.12360470E-04
    314784  0.12237478E-04
    315072  0.12115707E-04
