       288   1.6042687    
       576   1.4187346    
       864   1.3432673    
      1152   1.3001320    
      1440   1.2692094    
      1728   1.2346067    
      2016   1.2044492    
      2304   1.1773241    
      2592   1.1529280    
      2880   1.1311568    
      3168   1.1119184    
      3456   1.0865020    
      3744   1.0637472    
      4032   1.0426829    
      4320   1.0217273    
      4608  0.99998224    
      4896  0.97696149    
      5184  0.94516802    
      5472  0.91304588    
      5760  0.88087350    
      6048  0.84898865    
      6336  0.81774968    
      6624  0.78748739    
      6912  0.75265801    
      7200  0.72034013    
      7488  0.69047898    
      7776  0.66301370    
      8064  0.63781786    
      8352  0.61001718    
      8640  0.58506554    
      8928  0.56262767    
      9216  0.54242939    
      9504  0.52424389    
      9792  0.50788039    
     10080  0.48931769    
     10368  0.47291854    
     10656  0.45839202    
     10944  0.44551030    
     11232  0.43409443    
     11520  0.42399961    
     11808  0.41180593    
     12096  0.40118232    
     12384  0.39194596    
     12672  0.38393283    
     12960  0.37701666    
     13248  0.36813018    
     13536  0.36052352    
     13824  0.35404655    
     14112  0.34859362    
     14400  0.34406269    
     14688  0.34037691    
     14976  0.33747646    
     15264  0.33262706    
     15552  0.32878229    
     15840  0.32582879    
     16128  0.32368386    
     16416  0.32228744    
     16704  0.32159594    
     16992  0.31902725    
     17280  0.31735182    
     17568  0.31648141    
     17856  0.31635407    
     18144  0.31693467    
     18432  0.31821579    
     18720  0.32017580    
     19008  0.32021195    
     19296  0.32109892    
     19584  0.32279041    
     19872  0.32649094    
     20160  0.33493695    
     20448  0.34673992    
     20736  0.36094806    
     21024  0.37414998    
     21312  0.38915515    
     21600  0.40594268    
     21888  0.42457676    
     22176  0.44515783    
     22464  0.46782395    
     22752  0.49273217    
     23040  0.52011448    
     23328  0.54575759    
     23616  0.57397205    
     23904  0.60499024    
     24192  0.63910270    
     24480  0.67662525    
     24768  0.71791947    
     25056  0.76337707    
     25344  0.81351292    
     25632  0.86279178    
     25920  0.91722828    
     26208  0.97739720    
     26496   1.0440060    
     26784   1.1178285    
     27072   1.1997509    
     27360   1.2907914    
     27648   1.3920181    
     27936   1.4929818    
     28224   1.5945820    
     28512   1.6430881    
     28800   1.6744828    
     29088   1.6982954    
     29376   1.7171474    
     29664   1.7329236    
     29952   1.7467995    
     30240   1.7476988    
     30528   1.7519538    
     30816   1.7585213    
     31104   1.7666624    
     31392   1.7758147    
     31680   1.7855092    
     31968   1.7955850    
     32256   1.8059069    
     32544   1.8038313    
     32832   1.8060751    
     33120   1.8110183    
     33408   1.8176137    
     33696   1.8251747    
     33984   1.8331474    
     34272   1.8411490    
     34560   1.8491319    
     34848   1.8442427    
     35136   1.8440688    
     35424   1.8466138    
     35712   1.8506056    
     36000   1.8551680    
     36288   1.8600267    
     36576   1.8649665    
     36864   1.8698244    
     37152   1.8617691    
     37440   1.8585218    
     37728   1.8577566    
     38016   1.8584141    
     38304   1.8598210    
     38592   1.8615588    
     38880   1.8633721    
     39168   1.8651128    
     39456   1.8544248    
     39744   1.8487402    
     40032   1.8456424    
     40320   1.8440793    
     40608   1.8434117    
     40896   1.8432605    
     41184   1.8434016    
     41472   1.8437141    
     41760   1.8324631    
     42048   1.8265022    
     42336   1.8234701    
     42624   1.8220745    
     42912   1.8216007    
     43200   1.8215503    
     43488   1.8216028    
     43776   1.8218293    
     44064   1.8111084    
     44352   1.8056312    
     44640   1.8029603    
     44928   1.8017899    
     45216   1.8014146    
     45504   1.8014548    
     45792   1.8016990    
     46080   1.8020365    
     46368   1.8023994    
     46656   1.8027503    
     46944   1.8030710    
     47232   1.7926645    
     47520   1.7873019    
     47808   1.7844980    
     48096   1.7829896    
     48384   1.7821252    
     48672   1.7815655    
     48960   1.7811369    
     49248   1.7807457    
     49536   1.7803438    
     49824   1.7799025    
     50112   1.7794083    
     50400   1.7789614    
     50688   1.7786376    
     50976   1.7782396    
     51264   1.7777143    
     51552   1.7770628    
     51840   1.7762983    
     52128   1.7754344    
     52416   1.7744788    
     52704   1.7734392    
     52992   1.7723173    
     53280   1.7711135    
     53568   1.7698331    
     53856   1.7684753    
     54144   1.7671459    
     54432   1.7659169    
     54720   1.7645931    
     55008   1.7631269    
     55296   1.7615241    
     55584   1.7597972    
     55872   1.7579598    
     56160   1.7560180    
     56448   1.7539788    
     56736   1.7518454    
     57024   1.7496815    
     57312   1.7476114    
     57600   1.7563407    
     57888   1.7596130    
     58176   1.7601140    
     58464   1.7591665    
     58752   1.7574308    
     59040   1.7552354    
     59328   1.7528194    
     59616   1.7503686    
     59904   1.7477381    
     60192   1.7562538    
     60480   1.7591287    
     60768   1.7591044    
     61056   1.7575423    
     61344   1.7551266    
     61632   1.7522029    
     61920   1.7490035    
     62208   1.7575198    
     62496   1.7602638    
     62784   1.7599434    
     63072   1.7579485    
     63360   1.7549999    
     63648   1.7514675    
     63936   1.7596757    
     64224   1.7621019    
     64512   1.7615062    
     64800   1.7591562    
     65088   1.7557498    
     65376   1.7516700    
     65664   1.7597053    
     65952   1.7617166    
     66240   1.7604283    
     66528   1.7573333    
     66816   1.7532990    
     67104   1.7615854    
     67392   1.7636169    
     67680   1.7621300    
     67968   1.7586215    
     68256   1.7672195    
     68544   1.7692826    
     68832   1.7676302    
     69120   1.7638592    
     69408   1.7726667    
     69696   1.7748244    
     69984   1.7730848    
     70272   1.7690234    
     70560   1.7635287    
     70848   1.7711464    
     71136   1.7723491    
     71424   1.7697366    
     71712   1.7648277    
     72000   1.7766297    
     72288   1.7802815    
     72576   1.7789947    
     72864   1.7746890    
     73152   1.7684987    
     73440   1.7758207    
     73728   1.7765863    
     74016   1.7732885    
     74304   1.7674472    
     74592   1.7750325    
     74880   1.7759620    
     75168   1.7726361    
     75456   1.7819325    
     75744   1.7837803    
     76032   1.7808744    
     76320   1.7749201    
     76608   1.7825469    
     76896   1.7832577    
     77184   1.7795056    
     77472   1.7729046    
     77760   1.7802480    
     78048   1.7807331    
     78336   1.7766668    
     78624   1.7695856    
     78912   1.7765069    
     79200   1.7766417    
     79488   1.7722114    
     79776   1.7647147    
     80064   1.7714773    
     80352   1.7715217    
     80640   1.7669536    
     80928   1.7592337    
     81216   1.7656847    
     81504   1.7654752    
     81792   1.7606359    
     82080   1.7525976    
     82368   1.7423867    
     82656   1.7470056    
     82944   1.7455567    
     83232   1.7397912    
     83520   1.7309712    
     83808   1.7363218    
     84096   1.7354305    
     84384   1.7300240    
     84672   1.7213707    
     84960   1.7103703    
     85248   1.7138499    
     85536   1.7116178    
     85824   1.7051606    
     86112   1.6956111    
     86400   1.6837908    
     86688   1.6861720    
     86976   1.6831772    
     87264   1.6761061    
     87552   1.6659843    
     87840   1.6535527    
     88128   1.6393653    
     88416   1.6390228    
     88704   1.6340768    
     88992   1.6255296    
     89280   1.6142132    
     89568   1.6007553    
     89856   1.5856162    
     90144   1.5691524    
     90432   1.5656446    
     90720   1.5585274    
     91008   1.5484701    
     91296   1.5361139    
     91584   1.5218945    
     91872   1.5061890    
     92160   1.4892889    
     92448   1.4713935    
     92736   1.4526589    
     93024   1.4331728    
     93312   1.4251305    
     93600   1.4149921    
     93888   1.4030114    
     94176   1.3894624    
     94464   1.3746028    
     94752   1.3585615    
     95040   1.3414781    
     95328   1.3234564    
     95616   1.3045505    
     95904   1.2847755    
     96192   1.2641835    
     96480   1.2428224    
     96768   1.2207983    
     97056   1.1982268    
     97344   1.1752348    
     97632   1.1519620    
     97920   1.1285365    
     98208   1.1050873    
     98496   1.0816917    
     98784   1.0584509    
     99072   1.0354491    
     99360   1.0127633    
     99648  0.99045819    
     99936  0.96858925    
    100224  0.94722635    
    100512  0.92637020    
    100800  0.90606213    
    101088  0.88632995    
    101376  0.86719543    
    101664  0.84867913    
    101952  0.82413512    
    102240  0.80080074    
    102528  0.77861345    
    102816  0.75751781    
    103104  0.73746562    
    103392  0.71839297    
    103680  0.70025635    
    103968  0.68302262    
    104256  0.66665435    
    104544  0.65111703    
    104832  0.63125962    
    105120  0.61267763    
    105408  0.59526819    
    105696  0.57894152    
    105984  0.56362122    
    106272  0.54923874    
    106560  0.53573442    
    106848  0.51883763    
    107136  0.50317425    
    107424  0.48862532    
    107712  0.47509125    
    108000  0.46248609    
    108288  0.45073679    
    108576  0.43622318    
    108864  0.42286092    
    109152  0.41052639    
    109440  0.39911872    
    109728  0.38855141    
    110016  0.37875074    
    110304  0.36665314    
    110592  0.35557735    
    110880  0.34540409    
    111168  0.33604112    
    111456  0.32740575    
    111744  0.31943333    
    112032  0.30951840    
    112320  0.30048788    
    112608  0.29223815    
    112896  0.28469795    
    113184  0.27779022    
    113472  0.26923838    
    113760  0.26149756    
    114048  0.25446221    
    114336  0.24804674    
    114624  0.24218567    
    114912  0.23682107    
    115200  0.23001505    
    115488  0.22389293    
    115776  0.21836260    
    116064  0.21335068    
    116352  0.20879968    
    116640  0.20466220    
    116928  0.19925264    
    117216  0.19441445    
    117504  0.19007930    
    117792  0.18618347    
    118080  0.18267648    
    118368  0.17804793    
    118656  0.17393345    
    118944  0.17026609    
    119232  0.16699687    
    119520  0.16407874    
    119808  0.16147445    
    120096  0.15915380    
    120384  0.15581639    
    120672  0.15290165    
    120960  0.15034907    
    121248  0.14811224    
    121536  0.14615656    
    121824  0.14445710    
    122112  0.14184558    
    122400  0.13960759    
    122688  0.13768892    
    122976  0.13604996    
    123264  0.13466530    
    123552  0.13352104    
    123840  0.13259678    
    124128  0.13081096    
    124416  0.12935247    
    124704  0.12818402    
    124992  0.12726967    
    125280  0.12658449    
    125568  0.12611338    
    125856  0.12585388    
    126144  0.12478620    
    126432  0.12402035    
    126720  0.12352347    
    127008  0.12327601    
    127296  0.12325688    
    127584  0.12345060    
    127872  0.12385081    
    128160  0.12446460    
    128448  0.12429204    
    128736  0.12442303    
    129024  0.12483237    
    129312  0.12550816    
    129600  0.12643586    
    129888  0.12760840    
    130176  0.12902592    
    130464  0.13070367    
    130752  0.13171889    
    131040  0.13308209    
    131328  0.13477981    
    131616  0.13681301    
    131904  0.13917807    
    132192  0.14188033    
    132480  0.14493158    
    132768  0.14835148    
    133056  0.15095577    
    133344  0.15406723    
    133632  0.15767159    
    133920  0.16178042    
    134208  0.16641957    
    134496  0.17160781    
    134784  0.17737561    
    135072  0.18376809    
    135360  0.18927859    
    135648  0.19560365    
    135936  0.20274064    
    136224  0.21071132    
    136512  0.21957119    
    136800  0.22939530    
    137088  0.24024366    
    137376  0.25219548    
    137664  0.26311076    
    137952  0.27544737    
    138240  0.28921819    
    138528  0.30447808    
    138816  0.32131201    
    139104  0.33985680    
    139392  0.36029088    
    139680  0.38276568    
    139968  0.40398720    
    140256  0.42770576    
    140544  0.45398378    
    140832  0.48299628    
    141120  0.51497024    
    141408  0.55011386    
    141696  0.58868325    
    141984  0.63097578    
    142272  0.67167985    
    142560  0.71696562    
    142848  0.76700830    
    143136  0.82201064    
    143424  0.88227409    
    143712  0.94817472    
    144000   1.0201426    
    144288   1.0986550    
    144576   1.1748085    
    144864   1.2587810    
    145152   1.3507199    
    145440   1.4507755    
    145728   1.5592403    
    146016   1.6762097    
    146304   1.7968026    
    146592   1.8830057    
    146880   1.9214208    
    147168   1.9533597    
    147456   1.9811734    
    147744   2.0056424    
    148032   2.0274601    
    148320   2.0473328    
    148608   2.0656404    
    148896   2.0826025    
    149184   2.0844250    
    149472   2.0893986    
    149760   2.0963721    
    150048   2.1045690    
    150336   2.1134517    
    150624   2.1226397    
    150912   2.1318524    
    151200   2.1408563    
    151488   2.1495166    
    151776   2.1577456    
    152064   2.1654911    
    152352   2.1584117    
    152640   2.1551030    
    152928   2.1542656    
    153216   2.1549835    
    153504   2.1566374    
    153792   2.1587830    
    154080   2.1610975    
    154368   2.1633911    
    154656   2.1655362    
    154944   2.1674502    
    155232   2.1690657    
    155520   2.1703086    
    155808   2.1712809    
    156096   2.1719382    
    156384   2.1722579    
    156672   2.1722229    
    156960   2.1718445    
    157248   2.1711326    
    157536   2.1700957    
    157824   2.1687338    
    158112   2.1670427    
    158400   2.1650376    
    158688   2.1627278    
    158976   2.1601248    
    159264   2.1572230    
    159552   2.1541202    
    159840   2.1507459    
    160128   2.1470835    
    160416   2.1431367    
    160704   2.1389041    
    160992   2.1343951    
    161280   2.1296046    
    161568   2.1245399    
    161856   2.1192100    
    162144   2.1135619    
    162432   2.1077561    
    162720   2.1164479    
    163008   2.1202054    
    163296   2.1204467    
    163584   2.1182089    
    163872   2.1142137    
    164160   2.1089478    
    164448   2.1026971    
    164736   2.0958037    
    165024   2.0883400    
    165312   2.0954840    
    165600   2.0974085    
    165888   2.0956254    
    166176   2.0912361    
    166464   2.0850081    
    166752   2.0774629    
    167040   2.0689020    
    167328   2.0750990    
    167616   2.0758438    
    167904   2.0727215    
    168192   2.0668893    
    168480   2.0591540    
    168768   2.0500739    
    169056   2.0555930    
    169344   2.0554609    
    169632   2.0513682    
    169920   2.0444853    
    170208   2.0356383    
    170496   2.0254035    
    170784   2.0299792    
    171072   2.0288379    
    171360   2.0236716    
    171648   2.0156205    
    171936   2.0056407    
    172224   2.0103436    
    172512   2.0090199    
    172800   2.0034492    
    173088   1.9949034    
    173376   2.0004940    
    173664   1.9995685    
    173952   1.9940473    
    174240   1.9852231    
    174528   1.9906589    
    174816   1.9894142    
    175104   1.9834476    
    175392   1.9741675    
    175680   1.9625515    
    175968   1.9658283    
    176256   1.9628732    
    176544   1.9554999    
    176832   1.9448982    
    177120   1.9530307    
    177408   1.9533242    
    177696   1.9480277    
    177984   1.9387749    
    178272   1.9267229    
    178560   1.9294690    
    178848   1.9257829    
    179136   1.9175099    
    179424   1.9059778    
    179712   1.9088823    
    180000   1.9051108    
    180288   1.8965865    
    180576   1.9017063    
    180864   1.8994638    
    181152   1.8919308    
    181440   1.8806133    
    181728   1.8835886    
    182016   1.8797181    
    182304   1.8708258    
    182592   1.8583215    
    182880   1.8603282    
    183168   1.8556532    
    183456   1.8461471    
    183744   1.8331621    
    184032   1.8346229    
    184320   1.8295292    
    184608   1.8196706    
    184896   1.8062497    
    185184   1.8071464    
    185472   1.8015553    
    185760   1.7912335    
    186048   1.7774777    
    186336   1.7779522    
    186624   1.7720981    
    186912   1.7615834    
    187200   1.7475370    
    187488   1.7308358    
    187776   1.7286544    
    188064   1.7207872    
    188352   1.7086911    
    188640   1.6934711    
    188928   1.6920213    
    189216   1.6847211    
    189504   1.6729060    
    189792   1.6577673    
    190080   1.6401269    
    190368   1.6361840    
    190656   1.6270336    
    190944   1.6138852    
    191232   1.5975883    
    191520   1.5787668    
    191808   1.5729656    
    192096   1.5623144    
    192384   1.5478636    
    192672   1.5304521    
    192960   1.5105885    
    193248   1.4886205    
    193536   1.4787662    
    193824   1.4647427    
    194112   1.4473460    
    194400   1.4272001    
    194688   1.4046855    
    194976   1.3800431    
    195264   1.3535157    
    195552   1.3373840    
    195840   1.3177302    
    196128   1.2951252    
    196416   1.2699647    
    196704   1.2425356    
    196992   1.2132066    
    197280   1.1823081    
    197568   1.1501521    
    197856   1.1170182    
    198144   1.0831169    
    198432   1.0576447    
    198720   1.0304580    
    199008   1.0020519    
    199296  0.97281903    
    199584  0.94305724    
    199872  0.91297078    
    200160  0.88278514    
    200448  0.85268563    
    200736  0.82282335    
    201024  0.79332018    
    201312  0.76425856    
    201600  0.73569214    
    201888  0.70770538    
    202176  0.68036616    
    202464  0.65372831    
    202752  0.62783211    
    203040  0.60270715    
    203328  0.57836449    
    203616  0.55479568    
    203904  0.53202194    
    204192  0.51005363    
    204480  0.48889518    
    204768  0.46854493    
    205056  0.44899482    
    205344  0.43022957    
    205632  0.41221479    
    205920  0.39494342    
    206208  0.37840480    
    206496  0.36258143    
    206784  0.34745699    
    207072  0.33038747    
    207360  0.31445089    
    207648  0.29952633    
    207936  0.28551608    
    208224  0.27233323    
    208512  0.25990063    
    208800  0.24816716    
    209088  0.23708735    
    209376  0.22661906    
    209664  0.21672526    
    209952  0.20573178    
    210240  0.19555745    
    210528  0.18610591    
    210816  0.17729971    
    211104  0.16907531    
    211392  0.16137838    
    211680  0.15416418    
    211968  0.14622511    
    212256  0.13892181    
    212544  0.13217369    
    212832  0.12591635    
    213120  0.12009681    
    213408  0.11467068    
    213696  0.10872982    
    213984  0.10328757    
    214272  0.98277494E-01
    214560  0.93646012E-01
    214848  0.89350231E-01
    215136  0.85354827E-01
    215424  0.80977760E-01
    215712  0.76977693E-01
    216000  0.73302731E-01
    216288  0.69911733E-01
    216576  0.66770650E-01
    216864  0.63852817E-01
    217152  0.60644742E-01
    217440  0.57718191E-01
    217728  0.55034757E-01
    218016  0.52565455E-01
    218304  0.50283369E-01
    218592  0.47781095E-01
    218880  0.45506243E-01
    219168  0.43424923E-01
    219456  0.41510478E-01
    219744  0.39741658E-01
    220032  0.38102016E-01
    220320  0.36284529E-01
    220608  0.34634255E-01
    220896  0.33125494E-01
    221184  0.31738341E-01
    221472  0.30457415E-01
    221760  0.29270083E-01
    222048  0.27939463E-01
    222336  0.26731566E-01
    222624  0.25628921E-01
    222912  0.24616323E-01
    223200  0.23681959E-01
    223488  0.22633214E-01
    223776  0.21683110E-01
    224064  0.20816805E-01
    224352  0.20023312E-01
    224640  0.19292660E-01
    224928  0.18617008E-01
    225216  0.17990226E-01
    225504  0.17268594E-01
    225792  0.16616177E-01
    226080  0.16021678E-01
    226368  0.15476465E-01
    226656  0.14974098E-01
    226944  0.14509846E-01
    227232  0.13969036E-01
    227520  0.13481559E-01
    227808  0.13038436E-01
    228096  0.12633078E-01
    228384  0.12260986E-01
    228672  0.11919173E-01
    228960  0.11604061E-01
    229248  0.11223381E-01
    229536  0.10881992E-01
    229824  0.10574029E-01
    230112  0.10294412E-01
    230400  0.10039286E-01
    230688  0.98060463E-02
    230976  0.95933471E-02
    231264  0.93253888E-02
    231552  0.90874340E-02
    231840  0.88749519E-02
    232128  0.86847860E-02
    232416  0.85139778E-02
    232704  0.83603514E-02
    232992  0.82225045E-02
    233280  0.80998344E-02
    233568  0.79289125E-02
    233856  0.77813510E-02
    234144  0.76538371E-02
    234432  0.75442013E-02
    234720  0.74503026E-02
    235008  0.73705520E-02
    235296  0.73041129E-02
    235584  0.72509660E-02
    235872  0.71609430E-02
    236160  0.70904666E-02
    236448  0.70372173E-02
    236736  0.69999071E-02
    237024  0.69771023E-02
    237312  0.69679022E-02
    237600  0.69717099E-02
    237888  0.69885128E-02
    238176  0.69636637E-02
    238464  0.69598989E-02
    238752  0.69746263E-02
    239040  0.70067546E-02
    239328  0.70558293E-02
    239616  0.71211299E-02
    239904  0.72024222E-02
    240192  0.73001366E-02
    240480  0.73552094E-02
    240768  0.74354503E-02
    241056  0.75383144E-02
    241344  0.76624202E-02
    241632  0.78078541E-02
    241920  0.79753269E-02
    242208  0.81648538E-02
    242496  0.83770631E-02
    242784  0.85414415E-02
    243072  0.87403888E-02
    243360  0.89710830E-02
    243648  0.92323432E-02
    243936  0.95240762E-02
    244224  0.98478533E-02
    244512  0.10206345E-01
    244800  0.10601133E-01
    245088  0.10940542E-01
    245376  0.11330444E-01
    245664  0.11768517E-01
    245952  0.12256015E-01
    246240  0.12795719E-01
    246528  0.13389767E-01
    246816  0.14041463E-01
    247104  0.14755218E-01
    247392  0.15404646E-01
    247680  0.16139930E-01
    247968  0.16961310E-01
    248256  0.17870272E-01
    248544  0.18871143E-01
    248832  0.19970383E-01
    249120  0.21176234E-01
    249408  0.22498541E-01
    249696  0.23748873E-01
    249984  0.25153982E-01
    250272  0.26718320E-01
    250560  0.28448492E-01
    250848  0.30355673E-01
    251136  0.32454699E-01
    251424  0.34763590E-01
    251712  0.37303403E-01
    252000  0.39770368E-01
    252288  0.42528655E-01
    252576  0.45589171E-01
    252864  0.48971567E-01
    253152  0.52702595E-01
    253440  0.56820277E-01
    253728  0.61370041E-01
    254016  0.66393465E-01
    254304  0.71365096E-01
    254592  0.76916598E-01
    254880  0.83076209E-01
    255168  0.89888014E-01
    255456  0.97408608E-01
    255744  0.10570563    
    256032  0.11485689    
    256320  0.12495045    
    256608  0.13608500    
    256896  0.14836986    
    257184  0.16192633    
    257472  0.17550370    
    257760  0.19060473    
    258048  0.20730917    
    258336  0.22573149    
    258624  0.24601221    
    258912  0.26831198    
    259200  0.29281271    
    259488  0.31971335    
    259776  0.34923029    
    260064  0.38159591    
    260352  0.41705865    
    260640  0.45584571    
    260928  0.49818656    
    261216  0.54439205    
    261504  0.59477502    
    261792  0.64965326    
    262080  0.70934457    
    262368  0.77417380    
    262656  0.84446138    
    262944  0.92052603    
    263232   1.0026774    
    263520   1.0912120    
    263808   1.1864079    
    264096   1.2885147    
    264384   1.3975875    
    264672   1.5136436    
    264960   1.6367660    
    265248   1.7650665    
    265536   1.8700348    
    265824   1.9247476    
    266112   1.9636639    
    266400   1.9935652    
    266688   2.0163436    
    266976   2.0334086    
    267264   2.0457468    
    267552   2.0544143    
    267840   2.0745575    
    268128   2.0882273    
    268416   2.0970514    
    268704   2.1022055    
    268992   2.1045427    
    269280   2.1046879    
    269568   2.1029427    
    269856   2.0997655    
    270144   2.0954702    
    270432   2.1053703    
    270720   2.1099968    
    271008   2.1107771    
    271296   2.1086986    
    271584   2.1044836    
    271872   2.0986495    
    272160   2.0914450    
    272448   2.0988252    
    272736   2.1007860    
    273024   2.0988290    
    273312   2.0940046    
    273600   2.0870650    
    273888   2.0785477    
    274176   2.0846472    
    274464   2.0850523    
    274752   2.0813520    
    275040   2.0746961    
    275328   2.0658793    
    275616   2.0554633    
    275904   2.0599082    
    276192   2.0586402    
    276480   2.0532703    
    276768   2.0447960    
    277056   2.0341105    
    277344   2.0381484    
    277632   2.0361660    
    277920   2.0298591    
    278208   2.0204329    
    278496   2.0252090    
    278784   2.0234590    
    279072   2.0170186    
    279360   2.0070674    
    279648   2.0113280    
    279936   2.0088897    
    280224   2.0016549    
    280512   1.9909728    
    280800   1.9777786    
    281088   1.9794214    
    281376   1.9748228    
    281664   1.9657516    
    281952   1.9533005    
    282240   1.9595039    
    282528   1.9579502    
    282816   1.9508369    
    283104   1.9397202    
    283392   1.9256951    
    283680   1.9263096    
    283968   1.9205269    
    284256   1.9101536    
    284544   1.8964564    
    284832   1.8969668    
    285120   1.8908249    
    285408   1.8799603    
    285696   1.8825697    
    285984   1.8779762    
    286272   1.8681922    
    286560   1.8546423    
    286848   1.8550904    
    287136   1.8488294    
    287424   1.8376000    
    287712   1.8227261    
    288000   1.8219445    
    288288   1.8146383    
    288576   1.8026197    
    288864   1.7871795    
    289152   1.7857252    
    289440   1.7779164    
    289728   1.7654856    
    290016   1.7495154    
    290304   1.7472696    
    290592   1.7387559    
    290880   1.7256761    
    291168   1.7092581    
    291456   1.7064358    
    291744   1.6975658    
    292032   1.6842235    
    292320   1.6674457    
    292608   1.6479973    
    292896   1.6422014    
    293184   1.6309600    
    293472   1.6156473    
    293760   1.5972714    
    294048   1.5917280    
    294336   1.5806335    
    294624   1.5651960    
    294912   1.5464995    
    295200   1.5252469    
    295488   1.5164659    
    295776   1.5027364    
    296064   1.4851468    
    296352   1.4644048    
    296640   1.4409926    
    296928   1.4290543    
    297216   1.4124439    
    297504   1.3921235    
    297792   1.3687716    
    298080   1.3427298    
    298368   1.3142319    
    298656   1.2957865    
    298944   1.2731324    
    299232   1.2471063    
    299520   1.2183540    
    299808   1.1873118    
    300096   1.1543453    
    300384   1.1198760    
    300672   1.0941859    
    300960   1.0658116    
    301248   1.0354944    
    301536   1.0037664    
    301824  0.97100341    
    302112  0.93758476    
    302400  0.90381330    
    302688  0.86993527    
    302976  0.83614790    
    303264  0.80257893    
    303552  0.77592939    
    303840  0.74850756    
    304128  0.72073144    
    304416  0.69291520    
    304704  0.66527683    
    304992  0.63795269    
    305280  0.61109221    
    305568  0.58480793    
    305856  0.55918306    
    306144  0.53427768    
    306432  0.51011872    
    306720  0.48671576    
    307008  0.46410313    
    307296  0.44230223    
    307584  0.42132440    
    307872  0.40117276    
    308160  0.38184324    
    308448  0.36331862    
    308736  0.34557128    
    309024  0.32859516    
    309312  0.31237781    
    309600  0.29690415    
    309888  0.28215569    
    310176  0.26811180    
    310464  0.25474620    
    310752  0.24202143    
    311040  0.22991896    
    311328  0.21841946    
    311616  0.20750165    
    311904  0.19714284    
    312192  0.18585321    
    312480  0.17539106    
    312768  0.16566110    
    313056  0.15658700    
    313344  0.14810333    
    313632  0.14015213    
    313920  0.13269287    
    314208  0.12568852    
    314496  0.11910795    
    314784  0.11292282    
    315072  0.10626599    
