       288  0.20228527E-02
       576  0.20494785E-02
       864  0.20651971E-02
      1152  0.20780566E-02
      1440  0.20901491E-02
      1728  0.21032963E-02
      2016  0.21164797E-02
      2304  0.21298307E-02
      2592  0.21433677E-02
      2880  0.21570874E-02
      3168  0.21709872E-02
      3456  0.21861887E-02
      3744  0.22015595E-02
      4032  0.22172120E-02
      4320  0.22333525E-02
      4608  0.22501098E-02
      4896  0.22675605E-02
      5184  0.22867802E-02
      5472  0.23066537E-02
      5760  0.23271544E-02
      6048  0.23482468E-02
      6336  0.23698863E-02
      6624  0.23920254E-02
      6912  0.24155320E-02
      7200  0.24393438E-02
      7488  0.24634460E-02
      7776  0.24878229E-02
      8064  0.25124678E-02
      8352  0.25381939E-02
      8640  0.25640819E-02
      8928  0.25901534E-02
      9216  0.26164225E-02
      9504  0.26428991E-02
      9792  0.26695908E-02
     10080  0.26972347E-02
     10368  0.27250140E-02
     10656  0.27529476E-02
     10944  0.27810514E-02
     11232  0.28093318E-02
     11520  0.28377941E-02
     11808  0.28671289E-02
     12096  0.28965804E-02
     12384  0.29261529E-02
     12672  0.29558565E-02
     12960  0.29856930E-02
     13248  0.30163319E-02
     13536  0.30470449E-02
     13824  0.30778390E-02
     14112  0.31087105E-02
     14400  0.31396626E-02
     14688  0.31706886E-02
     14976  0.32017799E-02
     15264  0.32335958E-02
     15552  0.32654093E-02
     15840  0.32972181E-02
     16128  0.33290233E-02
     16416  0.33608151E-02
     16704  0.33925844E-02
     16992  0.34249951E-02
     17280  0.34573141E-02
     17568  0.34895407E-02
     17856  0.35216655E-02
     18144  0.35536799E-02
     18432  0.35855654E-02
     18720  0.36173051E-02
     19008  0.36496087E-02
     19296  0.36817018E-02
     19584  0.37135733E-02
     19872  0.37448669E-02
     20160  0.37749121E-02
     20448  0.38039999E-02
     20736  0.38323519E-02
     21024  0.38609055E-02
     21312  0.38888440E-02
     21600  0.39161560E-02
     21888  0.39428035E-02
     22176  0.39687520E-02
     22464  0.39939494E-02
     22752  0.40183449E-02
     23040  0.40418692E-02
     23328  0.40656677E-02
     23616  0.40885522E-02
     23904  0.41104574E-02
     24192  0.41312985E-02
     24480  0.41509974E-02
     24768  0.41694590E-02
     25056  0.41865916E-02
     25344  0.42022686E-02
     25632  0.42179246E-02
     25920  0.42320150E-02
     26208  0.42444137E-02
     26496  0.42549698E-02
     26784  0.42635207E-02
     27072  0.42698933E-02
     27360  0.42738863E-02
     27648  0.42753047E-02
     27936  0.42766328E-02
     28224  0.42776316E-02
     28512  0.42903596E-02
     28800  0.43065827E-02
     29088  0.43241545E-02
     29376  0.43424857E-02
     29664  0.43611503E-02
     29952  0.43798881E-02
     30240  0.44012461E-02
     30528  0.44215070E-02
     30816  0.44408869E-02
     31104  0.44595436E-02
     31392  0.44775964E-02
     31680  0.44951495E-02
     31968  0.45122332E-02
     32256  0.45288755E-02
     32544  0.45480551E-02
     32832  0.45658755E-02
     33120  0.45826947E-02
     33408  0.45987470E-02
     33696  0.46141869E-02
     33984  0.46291444E-02
     34272  0.46437057E-02
     34560  0.46578846E-02
     34848  0.46747699E-02
     35136  0.46901763E-02
     35424  0.47045699E-02
     35712  0.47182376E-02
     36000  0.47313892E-02
     36288  0.47440846E-02
     36576  0.47563766E-02
     36864  0.47682999E-02
     37152  0.47830036E-02
     37440  0.47961995E-02
     37728  0.48084334E-02
     38016  0.48199533E-02
     38304  0.48309122E-02
     38592  0.48414175E-02
     38880  0.48515340E-02
     39168  0.48612948E-02
     39456  0.48737950E-02
     39744  0.48847538E-02
     40032  0.48947507E-02
     40320  0.49040364E-02
     40608  0.49127727E-02
     40896  0.49210559E-02
     41184  0.49289488E-02
     41472  0.49364869E-02
     41760  0.49466677E-02
     42048  0.49552876E-02
     42336  0.49629207E-02
     42624  0.49698814E-02
     42912  0.49763434E-02
     43200  0.49824421E-02
     43488  0.49882564E-02
     43776  0.49937721E-02
     44064  0.50018621E-02
     44352  0.50084372E-02
     44640  0.50140833E-02
     44928  0.50191167E-02
     45216  0.50237095E-02
     45504  0.50279563E-02
     45792  0.50319084E-02
     46080  0.50355936E-02
     46368  0.50390293E-02
     46656  0.50422302E-02
     46944  0.50451960E-02
     47232  0.50507202E-02
     47520  0.50547714E-02
     47808  0.50579542E-02
     48096  0.50605740E-02
     48384  0.50627850E-02
     48672  0.50646705E-02
     48960  0.50662747E-02
     49248  0.50676176E-02
     49536  0.50687073E-02
     49824  0.50695552E-02
     50112  0.50701634E-02
     50400  0.50705071E-02
     50688  0.50705569E-02
     50976  0.50703716E-02
     51264  0.50699618E-02
     51552  0.50693238E-02
     51840  0.50684577E-02
     52128  0.50673536E-02
     52416  0.50660111E-02
     52704  0.50644241E-02
     52992  0.50625899E-02
     53280  0.50605135E-02
     53568  0.50581782E-02
     53856  0.50555905E-02
     54144  0.50527188E-02
     54432  0.50495407E-02
     54720  0.50460999E-02
     55008  0.50424109E-02
     55296  0.50384714E-02
     55584  0.50342684E-02
     55872  0.50297957E-02
     56160  0.50250534E-02
     56448  0.50200340E-02
     56736  0.50147311E-02
     57024  0.50091278E-02
     57312  0.50031822E-02
     57600  0.49941097E-02
     57888  0.49860571E-02
     58176  0.49783667E-02
     58464  0.49707158E-02
     58752  0.49629365E-02
     59040  0.49549495E-02
     59328  0.49466859E-02
     59616  0.49380981E-02
     59904  0.49292194E-02
     60192  0.49171336E-02
     60480  0.49060741E-02
     60768  0.48953756E-02
     61056  0.48847073E-02
     61344  0.48738969E-02
     61632  0.48628631E-02
     61920  0.48515378E-02
     62208  0.48368871E-02
     62496  0.48232591E-02
     62784  0.48100073E-02
     63072  0.47967946E-02
     63360  0.47834492E-02
     63648  0.47698775E-02
     63936  0.47530080E-02
     64224  0.47371355E-02
     64512  0.47216075E-02
     64800  0.47061266E-02
     65088  0.46905261E-02
     65376  0.46747145E-02
     65664  0.46555609E-02
     65952  0.46374407E-02
     66240  0.46197185E-02
     66528  0.46020467E-02
     66816  0.45842254E-02
     67104  0.45630685E-02
     67392  0.45429803E-02
     67680  0.45233374E-02
     67968  0.45038019E-02
     68256  0.44810367E-02
     68544  0.44593965E-02
     68832  0.44382499E-02
     69120  0.44172383E-02
     69408  0.43929559E-02
     69696  0.43698205E-02
     69984  0.43472215E-02
     70272  0.43248171E-02
     70560  0.43024123E-02
     70848  0.42767166E-02
     71136  0.42521125E-02
     71424  0.42280350E-02
     71712  0.42041615E-02
     72000  0.41762902E-02
     72288  0.41498784E-02
     72576  0.41242479E-02
     72864  0.40989998E-02
     73152  0.40738969E-02
     73440  0.40456383E-02
     73728  0.40185042E-02
     74016  0.39919890E-02
     74304  0.39657820E-02
     74592  0.39365408E-02
     74880  0.39084563E-02
     75168  0.38810442E-02
     75456  0.38508547E-02
     75744  0.38219884E-02
     76032  0.37939141E-02
     76320  0.37663060E-02
     76608  0.37358513E-02
     76896  0.37066247E-02
     77184  0.36781565E-02
     77472  0.36501447E-02
     77760  0.36193409E-02
     78048  0.35897673E-02
     78336  0.35609952E-02
     78624  0.35327468E-02
     78912  0.35018283E-02
     79200  0.34721396E-02
     79488  0.34432814E-02
     79776  0.34149888E-02
     80064  0.33841119E-02
     80352  0.33544665E-02
     80640  0.33256859E-02
     80928  0.32975208E-02
     81216  0.32669234E-02
     81504  0.32375641E-02
     81792  0.32090992E-02
     82080  0.31812917E-02
     82368  0.31539749E-02
     82656  0.31242755E-02
     82944  0.30957300E-02
     83232  0.30680576E-02
     83520  0.30410588E-02
     83808  0.30119179E-02
     84096  0.29839780E-02
     84384  0.29569669E-02
     84672  0.29306887E-02
     84960  0.29050123E-02
     85248  0.28772955E-02
     85536  0.28507151E-02
     85824  0.28250476E-02
     86112  0.28001259E-02
     86400  0.27758298E-02
     86688  0.27496803E-02
     86976  0.27246317E-02
     87264  0.27004993E-02
     87552  0.26771396E-02
     87840  0.26544468E-02
     88128  0.26323502E-02
     88416  0.26086017E-02
     88704  0.25858658E-02
     88992  0.25640016E-02
     89280  0.25429016E-02
     89568  0.25224856E-02
     89856  0.25026915E-02
     90144  0.24834771E-02
     90432  0.24628821E-02
     90720  0.24431823E-02
     91008  0.24242972E-02
     91296  0.24061450E-02
     91584  0.23886708E-02
     91872  0.23718320E-02
     92160  0.23555951E-02
     92448  0.23399391E-02
     92736  0.23248475E-02
     93024  0.23103161E-02
     93312  0.22947500E-02
     93600  0.22799144E-02
     93888  0.22657856E-02
     94176  0.22523352E-02
     94464  0.22395349E-02
     94752  0.22273720E-02
     95040  0.22158346E-02
     95328  0.22049143E-02
     95616  0.21946083E-02
     95904  0.21849212E-02
     96192  0.21758489E-02
     96480  0.21673879E-02
     96768  0.21595310E-02
     97056  0.21522667E-02
     97344  0.21455849E-02
     97632  0.21394717E-02
     97920  0.21339159E-02
     98208  0.21289049E-02
     98496  0.21244322E-02
     98784  0.21204902E-02
     99072  0.21170692E-02
     99360  0.21141644E-02
     99648  0.21117702E-02
     99936  0.21098829E-02
    100224  0.21084948E-02
    100512  0.21076086E-02
    100800  0.21072212E-02
    101088  0.21073301E-02
    101376  0.21079341E-02
    101664  0.21090314E-02
    101952  0.21115164E-02
    102240  0.21144401E-02
    102528  0.21178063E-02
    102816  0.21216203E-02
    103104  0.21258888E-02
    103392  0.21306190E-02
    103680  0.21358109E-02
    103968  0.21414706E-02
    104256  0.21476031E-02
    104544  0.21542090E-02
    104832  0.21620344E-02
    105120  0.21702871E-02
    105408  0.21789754E-02
    105696  0.21881093E-02
    105984  0.21976950E-02
    106272  0.22077381E-02
    106560  0.22182446E-02
    106848  0.22298738E-02
    107136  0.22419207E-02
    107424  0.22543985E-02
    107712  0.22673146E-02
    108000  0.22806753E-02
    108288  0.22944889E-02
    108576  0.23093522E-02
    108864  0.23246240E-02
    109152  0.23403156E-02
    109440  0.23564349E-02
    109728  0.23729904E-02
    110016  0.23899849E-02
    110304  0.24079653E-02
    110592  0.24263419E-02
    110880  0.24451241E-02
    111168  0.24643203E-02
    111456  0.24839339E-02
    111744  0.25039678E-02
    112032  0.25249280E-02
    112320  0.25462620E-02
    112608  0.25679788E-02
    112896  0.25900814E-02
    113184  0.26125724E-02
    113472  0.26359251E-02
    113760  0.26596226E-02
    114048  0.26836710E-02
    114336  0.27080777E-02
    114624  0.27328406E-02
    114912  0.27579619E-02
    115200  0.27838801E-02
    115488  0.28101050E-02
    115776  0.28366351E-02
    116064  0.28634798E-02
    116352  0.28906360E-02
    116640  0.29180993E-02
    116928  0.29462862E-02
    117216  0.29747272E-02
    117504  0.30034210E-02
    117792  0.30323688E-02
    118080  0.30615670E-02
    118368  0.30914147E-02
    118656  0.31214603E-02
    118944  0.31517029E-02
    119232  0.31821411E-02
    119520  0.32127674E-02
    119808  0.32435788E-02
    120096  0.32745642E-02
    120384  0.33061041E-02
    120672  0.33377556E-02
    120960  0.33695188E-02
    121248  0.34013877E-02
    121536  0.34333558E-02
    121824  0.34654150E-02
    122112  0.34979312E-02
    122400  0.35304730E-02
    122688  0.35630399E-02
    122976  0.35956260E-02
    123264  0.36282223E-02
    123552  0.36608151E-02
    123840  0.36933932E-02
    124128  0.37263266E-02
    124416  0.37591804E-02
    124704  0.37919504E-02
    124992  0.38246282E-02
    125280  0.38572084E-02
    125568  0.38896799E-02
    125856  0.39220233E-02
    126144  0.39546154E-02
    126432  0.39870162E-02
    126720  0.40192250E-02
    127008  0.40512336E-02
    127296  0.40830313E-02
    127584  0.41146078E-02
    127872  0.41459501E-02
    128160  0.41770437E-02
    128448  0.42082737E-02
    128736  0.42391908E-02
    129024  0.42697922E-02
    129312  0.43000658E-02
    129600  0.43300055E-02
    129888  0.43595978E-02
    130176  0.43888339E-02
    130464  0.44176928E-02
    130752  0.44465526E-02
    131040  0.44749775E-02
    131328  0.45029628E-02
    131616  0.45304946E-02
    131904  0.45575709E-02
    132192  0.45841755E-02
    132480  0.46102982E-02
    132768  0.46359170E-02
    133056  0.46615335E-02
    133344  0.46865745E-02
    133632  0.47110412E-02
    133920  0.47349273E-02
    134208  0.47582136E-02
    134496  0.47808909E-02
    134784  0.48029418E-02
    135072  0.48243497E-02
    135360  0.48457347E-02
    135648  0.48663882E-02
    135936  0.48863161E-02
    136224  0.49055098E-02
    136512  0.49239523E-02
    136800  0.49416167E-02
    137088  0.49584885E-02
    137376  0.49745417E-02
    137664  0.49906247E-02
    137952  0.50057699E-02
    138240  0.50199875E-02
    138528  0.50332691E-02
    138816  0.50456002E-02
    139104  0.50569493E-02
    139392  0.50672689E-02
    139680  0.50765271E-02
    139968  0.50859223E-02
    140256  0.50941072E-02
    140544  0.51010977E-02
    140832  0.51068533E-02
    141120  0.51113404E-02
    141408  0.51145200E-02
    141696  0.51163412E-02
    141984  0.51167528E-02
    142272  0.51174904E-02
    142560  0.51165777E-02
    142848  0.51140138E-02
    143136  0.51097865E-02
    143424  0.51038535E-02
    143712  0.50961617E-02
    144000  0.50866362E-02
    144288  0.50751981E-02
    144576  0.50644218E-02
    144864  0.50514336E-02
    145152  0.50362600E-02
    145440  0.50189234E-02
    145728  0.49994146E-02
    146016  0.49777725E-02
    146304  0.49552927E-02
    146592  0.49414774E-02
    146880  0.49394704E-02
    147168  0.49389056E-02
    147456  0.49391813E-02
    147744  0.49400865E-02
    148032  0.49414448E-02
    148320  0.49430779E-02
    148608  0.49448893E-02
    148896  0.49468209E-02
    149184  0.49522850E-02
    149472  0.49568019E-02
    149760  0.49606264E-02
    150048  0.49639312E-02
    150336  0.49668369E-02
    150624  0.49694274E-02
    150912  0.49717710E-02
    151200  0.49739191E-02
    151488  0.49758991E-02
    151776  0.49777329E-02
    152064  0.49794316E-02
    152352  0.49845395E-02
    152640  0.49885139E-02
    152928  0.49916487E-02
    153216  0.49941489E-02
    153504  0.49961591E-02
    153792  0.49977805E-02
    154080  0.49990932E-02
    154368  0.50001382E-02
    154656  0.50009447E-02
    154944  0.50015324E-02
    155232  0.50019184E-02
    155520  0.50021168E-02
    155808  0.50020968E-02
    156096  0.50018765E-02
    156384  0.50014597E-02
    156672  0.50008483E-02
    156960  0.50000409E-02
    157248  0.49990295E-02
    157536  0.49978127E-02
    157824  0.49963901E-02
    158112  0.49947579E-02
    158400  0.49929162E-02
    158688  0.49908543E-02
    158976  0.49885679E-02
    159264  0.49860557E-02
    159552  0.49832910E-02
    159840  0.49802852E-02
    160128  0.49770488E-02
    160416  0.49735704E-02
    160704  0.49698497E-02
    160992  0.49658846E-02
    161280  0.49616704E-02
    161568  0.49571982E-02
    161856  0.49524698E-02
    162144  0.49474891E-02
    162432  0.49422109E-02
    162720  0.49330252E-02
    163008  0.49246745E-02
    163296  0.49168277E-02
    163584  0.49092374E-02
    163872  0.49017286E-02
    164160  0.48941816E-02
    164448  0.48865229E-02
    164736  0.48786676E-02
    165024  0.48705935E-02
    165312  0.48586009E-02
    165600  0.48474763E-02
    165888  0.48368713E-02
    166176  0.48265224E-02
    166464  0.48162472E-02
    166752  0.48059225E-02
    167040  0.47954661E-02
    167328  0.47810748E-02
    167616  0.47675800E-02
    167904  0.47546201E-02
    168192  0.47419230E-02
    168480  0.47292965E-02
    168768  0.47166077E-02
    169056  0.47000614E-02
    169344  0.46844385E-02
    169632  0.46693538E-02
    169920  0.46545332E-02
    170208  0.46397909E-02
    170496  0.46249884E-02
    170784  0.46063261E-02
    171072  0.45885909E-02
    171360  0.45713955E-02
    171648  0.45544803E-02
    171936  0.45376243E-02
    172224  0.45170002E-02
    172512  0.44973544E-02
    172800  0.44782986E-02
    173088  0.44595446E-02
    173376  0.44372031E-02
    173664  0.44159526E-02
    173952  0.43953648E-02
    174240  0.43751588E-02
    174528  0.43514017E-02
    174816  0.43287626E-02
    175104  0.43068198E-02
    175392  0.42852652E-02
    175680  0.42638886E-02
    175968  0.42389166E-02
    176256  0.42149625E-02
    176544  0.41916398E-02
    176832  0.41686995E-02
    177120  0.41414257E-02
    177408  0.41155159E-02
    177696  0.40904991E-02
    177984  0.40660375E-02
    178272  0.40418901E-02
    178560  0.40143821E-02
    178848  0.39879442E-02
    179136  0.39622057E-02
    179424  0.39368975E-02
    179712  0.39084037E-02
    180000  0.38810410E-02
    180288  0.38544261E-02
    180576  0.38248766E-02
    180864  0.37966096E-02
    181152  0.37692173E-02
    181440  0.37424096E-02
    181728  0.37126581E-02
    182016  0.36840946E-02
    182304  0.36563720E-02
    182592  0.36292239E-02
    182880  0.35992041E-02
    183168  0.35703578E-02
    183456  0.35423390E-02
    183744  0.35149045E-02
    184032  0.34847355E-02
    184320  0.34557364E-02
    184608  0.34275809E-02
    184896  0.34000520E-02
    185184  0.33699381E-02
    185472  0.33409968E-02
    185760  0.33129181E-02
    186048  0.32854832E-02
    186336  0.32556052E-02
    186624  0.32268928E-02
    186912  0.31990628E-02
    187200  0.31719238E-02
    187488  0.31453285E-02
    187776  0.31163895E-02
    188064  0.30885290E-02
    188352  0.30615111E-02
    188640  0.30351556E-02
    188928  0.30067049E-02
    189216  0.29793875E-02
    189504  0.29529827E-02
    189792  0.29273073E-02
    190080  0.29022337E-02
    190368  0.28752149E-02
    190656  0.28492501E-02
    190944  0.28241531E-02
    191232  0.27997941E-02
    191520  0.27760800E-02
    191808  0.27506538E-02
    192096  0.27262513E-02
    192384  0.27027165E-02
    192672  0.26799270E-02
    192960  0.26578112E-02
    193248  0.26363223E-02
    193536  0.26133859E-02
    193824  0.25914037E-02
    194112  0.25702603E-02
    194400  0.25498711E-02
    194688  0.25301846E-02
    194976  0.25111721E-02
    195264  0.24928036E-02
    195552  0.24733564E-02
    195840  0.24548073E-02
    196128  0.24370814E-02
    196416  0.24201260E-02
    196704  0.24039075E-02
    196992  0.23883795E-02
    197280  0.23735063E-02
    197568  0.23592520E-02
    197856  0.23455881E-02
    198144  0.23324927E-02
    198432  0.23187040E-02
    198720  0.23056320E-02
    199008  0.22932163E-02
    199296  0.22814067E-02
    199584  0.22701698E-02
    199872  0.22594838E-02
    200160  0.22493254E-02
    200448  0.22396771E-02
    200736  0.22305243E-02
    201024  0.22218595E-02
    201312  0.22136755E-02
    201600  0.22059714E-02
    201888  0.21987399E-02
    202176  0.21919783E-02
    202464  0.21856849E-02
    202752  0.21798576E-02
    203040  0.21744976E-02
    203328  0.21696056E-02
    203616  0.21651851E-02
    203904  0.21612402E-02
    204192  0.21577689E-02
    204480  0.21547731E-02
    204768  0.21522567E-02
    205056  0.21502217E-02
    205344  0.21486729E-02
    205632  0.21476152E-02
    205920  0.21470531E-02
    206208  0.21469858E-02
    206496  0.21474180E-02
    206784  0.21483523E-02
    207072  0.21502243E-02
    207360  0.21525337E-02
    207648  0.21553000E-02
    207936  0.21585401E-02
    208224  0.21622658E-02
    208512  0.21664877E-02
    208800  0.21712114E-02
    209088  0.21764445E-02
    209376  0.21821917E-02
    209664  0.21884541E-02
    209952  0.21955464E-02
    210240  0.22031122E-02
    210528  0.22111628E-02
    210816  0.22197133E-02
    211104  0.22287709E-02
    211392  0.22383402E-02
    211680  0.22484262E-02
    211968  0.22592798E-02
    212256  0.22706164E-02
    212544  0.22824463E-02
    212832  0.22947795E-02
    213120  0.23076192E-02
    213408  0.23209723E-02
    213696  0.23350457E-02
    213984  0.23495995E-02
    214272  0.23646450E-02
    214560  0.23801872E-02
    214848  0.23962290E-02
    215136  0.24127737E-02
    215424  0.24299929E-02
    215712  0.24476864E-02
    216000  0.24658584E-02
    216288  0.24845111E-02
    216576  0.25036475E-02
    216864  0.25232660E-02
    217152  0.25435137E-02
    217440  0.25642146E-02
    217728  0.25853685E-02
    218016  0.26069805E-02
    218304  0.26290447E-02
    218592  0.26516912E-02
    218880  0.26747622E-02
    219168  0.26982599E-02
    219456  0.27221811E-02
    219744  0.27465262E-02
    220032  0.27712856E-02
    220320  0.27965705E-02
    220608  0.28222378E-02
    220896  0.28482876E-02
    221184  0.28747146E-02
    221472  0.29015141E-02
    221760  0.29286784E-02
    222048  0.29562975E-02
    222336  0.29842490E-02
    222624  0.30125256E-02
    222912  0.30411186E-02
    223200  0.30700229E-02
    223488  0.30993179E-02
    223776  0.31288890E-02
    224064  0.31587286E-02
    224352  0.31888275E-02
    224640  0.32191768E-02
    224928  0.32497658E-02
    225216  0.32805819E-02
    225504  0.33116930E-02
    225792  0.33429952E-02
    226080  0.33744744E-02
    226368  0.34061256E-02
    226656  0.34379333E-02
    226944  0.34698849E-02
    227232  0.35020411E-02
    227520  0.35343007E-02
    227808  0.35666570E-02
    228096  0.35990973E-02
    228384  0.36316044E-02
    228672  0.36641690E-02
    228960  0.36967772E-02
    229248  0.37294813E-02
    229536  0.37621860E-02
    229824  0.37948824E-02
    230112  0.38275563E-02
    230400  0.38601975E-02
    230688  0.38927908E-02
    230976  0.39253207E-02
    231264  0.39578355E-02
    231552  0.39902488E-02
    231840  0.40225526E-02
    232128  0.40547298E-02
    232416  0.40867720E-02
    232704  0.41186623E-02
    232992  0.41503925E-02
    233280  0.41819466E-02
    233568  0.42133671E-02
    233856  0.42445762E-02
    234144  0.42755674E-02
    234432  0.43063243E-02
    234720  0.43368386E-02
    235008  0.43670973E-02
    235296  0.43970924E-02
    235584  0.44268086E-02
    235872  0.44562896E-02
    236160  0.44854651E-02
    236448  0.45143268E-02
    236736  0.45428667E-02
    237024  0.45710746E-02
    237312  0.45989444E-02
    237600  0.46264678E-02
    237888  0.46536336E-02
    238176  0.46804938E-02
    238464  0.47069737E-02
    238752  0.47330684E-02
    239040  0.47587743E-02
    239328  0.47840844E-02
    239616  0.48089931E-02
    239904  0.48334920E-02
    240192  0.48575806E-02
    240480  0.48813177E-02
    240768  0.49046269E-02
    241056  0.49275034E-02
    241344  0.49499460E-02
    241632  0.49719540E-02
    241920  0.49935235E-02
    242208  0.50146538E-02
    242496  0.50353385E-02
    242784  0.50556604E-02
    243072  0.50755213E-02
    243360  0.50949319E-02
    243648  0.51138857E-02
    243936  0.51323925E-02
    244224  0.51504448E-02
    244512  0.51680421E-02
    244800  0.51851883E-02
    245088  0.52019791E-02
    245376  0.52183019E-02
    245664  0.52341712E-02
    245952  0.52495832E-02
    246240  0.52645407E-02
    246528  0.52790493E-02
    246816  0.52931048E-02
    247104  0.53067114E-02
    247392  0.53199898E-02
    247680  0.53328066E-02
    247968  0.53451676E-02
    248256  0.53570769E-02
    248544  0.53685377E-02
    248832  0.53795530E-02
    249120  0.53901225E-02
    249408  0.54002465E-02
    249696  0.54100845E-02
    249984  0.54194592E-02
    250272  0.54283752E-02
    250560  0.54368367E-02
    250848  0.54448457E-02
    251136  0.54524043E-02
    251424  0.54595051E-02
    251712  0.54661473E-02
    252000  0.54725567E-02
    252288  0.54784766E-02
    252576  0.54839179E-02
    252864  0.54888790E-02
    253152  0.54933578E-02
    253440  0.54973452E-02
    253728  0.55008265E-02
    254016  0.55037932E-02
    254304  0.55065756E-02
    254592  0.55087986E-02
    254880  0.55104662E-02
    255168  0.55115758E-02
    255456  0.55121197E-02
    255744  0.55120764E-02
    256032  0.55114310E-02
    256320  0.55101616E-02
    256608  0.55082450E-02
    256896  0.55056503E-02
    257184  0.55023506E-02
    257472  0.54989480E-02
    257760  0.54947510E-02
    258048  0.54897601E-02
    258336  0.54839649E-02
    258624  0.54773404E-02
    258912  0.54698572E-02
    259200  0.54614763E-02
    259488  0.54521631E-02
    259776  0.54418733E-02
    260064  0.54305671E-02
    260352  0.54181982E-02
    260640  0.54047350E-02
    260928  0.53901416E-02
    261216  0.53743701E-02
    261504  0.53573614E-02
    261792  0.53390795E-02
    262080  0.53194691E-02
    262368  0.52984972E-02
    262656  0.52761203E-02
    262944  0.52523087E-02
    263232  0.52270298E-02
    263520  0.52002626E-02
    263808  0.51719816E-02
    264096  0.51421802E-02
    264384  0.51108967E-02
    264672  0.50781644E-02
    264960  0.50440105E-02
    265248  0.50089555E-02
    265536  0.49801595E-02
    265824  0.49640252E-02
    266112  0.49516717E-02
    266400  0.49413084E-02
    266688  0.49323998E-02
    266976  0.49245497E-02
    267264  0.49174861E-02
    267552  0.49109189E-02
    267840  0.49011582E-02
    268128  0.48925718E-02
    268416  0.48847445E-02
    268704  0.48773820E-02
    268992  0.48702643E-02
    269280  0.48632324E-02
    269568  0.48562074E-02
    269856  0.48490693E-02
    270144  0.48417472E-02
    270432  0.48305611E-02
    270720  0.48201936E-02
    271008  0.48103058E-02
    271296  0.48006554E-02
    271584  0.47910698E-02
    271872  0.47814245E-02
    272160  0.47716554E-02
    272448  0.47579682E-02
    272736  0.47451225E-02
    273024  0.47327648E-02
    273312  0.47206464E-02
    273600  0.47085886E-02
    273888  0.46964623E-02
    274176  0.46804682E-02
    274464  0.46653645E-02
    274752  0.46507884E-02
    275040  0.46364665E-02
    275328  0.46222163E-02
    275616  0.46079033E-02
    275904  0.45897169E-02
    276192  0.45724250E-02
    276480  0.45556561E-02
    276768  0.45391778E-02
    277056  0.45227781E-02
    277344  0.45025987E-02
    277632  0.44833780E-02
    277920  0.44647311E-02
    278208  0.44463808E-02
    278496  0.44244342E-02
    278784  0.44035600E-02
    279072  0.43833433E-02
    279360  0.43635154E-02
    279648  0.43401523E-02
    279936  0.43178955E-02
    280224  0.42963210E-02
    280512  0.42751324E-02
    280800  0.42541223E-02
    281088  0.42295288E-02
    281376  0.42059431E-02
    281664  0.41829781E-02
    281952  0.41603963E-02
    282240  0.41335062E-02
    282528  0.41079591E-02
    282816  0.40832805E-02
    283104  0.40591406E-02
    283392  0.40353071E-02
    283680  0.40081446E-02
    283968  0.39820359E-02
    284256  0.39566103E-02
    284544  0.39316020E-02
    284832  0.39034525E-02
    285120  0.38764260E-02
    285408  0.38501227E-02
    285696  0.38209171E-02
    285984  0.37929621E-02
    286272  0.37658492E-02
    286560  0.37392948E-02
    286848  0.37098448E-02
    287136  0.36815586E-02
    287424  0.36540898E-02
    287712  0.36271822E-02
    288000  0.35974712E-02
    288288  0.35689061E-02
    288576  0.35411362E-02
    288864  0.35139194E-02
    289152  0.34840463E-02
    289440  0.34553071E-02
    289728  0.34273791E-02
    290016  0.34000590E-02
    290304  0.33702462E-02
    290592  0.33415742E-02
    290880  0.33137291E-02
    291168  0.32864932E-02
    291456  0.32569151E-02
    291744  0.32284625E-02
    292032  0.32008539E-02
    292320  0.31739098E-02
    292608  0.31474973E-02
    292896  0.31188687E-02
    293184  0.30912899E-02
    293472  0.30645251E-02
    293760  0.30384052E-02
    294048  0.30103235E-02
    294336  0.29833380E-02
    294624  0.29572377E-02
    294912  0.29318475E-02
    295200  0.29070606E-02
    295488  0.28804953E-02
    295776  0.28549568E-02
    296064  0.28302686E-02
    296352  0.28063133E-02
    296640  0.27830186E-02
    296928  0.27582198E-02
    297216  0.27344362E-02
    297504  0.27115096E-02
    297792  0.26893413E-02
    298080  0.26678829E-02
    298368  0.26471030E-02
    298656  0.26251478E-02
    298944  0.26041777E-02
    299232  0.25840607E-02
    299520  0.25647050E-02
    299808  0.25460536E-02
    300096  0.25280591E-02
    300384  0.25106715E-02
    300672  0.24923997E-02
    300960  0.24749453E-02
    301248  0.24581966E-02
    301536  0.24420822E-02
    301824  0.24265538E-02
    302112  0.24115681E-02
    302400  0.23970916E-02
    302688  0.23830966E-02
    302976  0.23695691E-02
    303264  0.23564990E-02
    303552  0.23429065E-02
    303840  0.23299393E-02
    304128  0.23175343E-02
    304416  0.23056492E-02
    304704  0.22942587E-02
    304992  0.22833478E-02
    305280  0.22729049E-02
    305568  0.22629178E-02
    305856  0.22533813E-02
    306144  0.22442942E-02
    306432  0.22356552E-02
    306720  0.22274689E-02
    307008  0.22197333E-02
    307296  0.22124494E-02
    307584  0.22056210E-02
    307872  0.21992500E-02
    308160  0.21933396E-02
    308448  0.21878923E-02
    308736  0.21829195E-02
    309024  0.21784194E-02
    309312  0.21743982E-02
    309600  0.21708584E-02
    309888  0.21678053E-02
    310176  0.21652428E-02
    310464  0.21631764E-02
    310752  0.21616097E-02
    311040  0.21605494E-02
    311328  0.21599974E-02
    311616  0.21599580E-02
    311904  0.21604325E-02
    312192  0.21617047E-02
    312480  0.21634458E-02
    312768  0.21656705E-02
    313056  0.21683953E-02
    313344  0.21716291E-02
    313632  0.21753805E-02
    313920  0.21796543E-02
    314208  0.21844574E-02
    314496  0.21897911E-02
    314784  0.21956598E-02
    315072  0.22022536E-02
