       288   2133.6792    
       576   2133.2385    
       864   2133.0022    
      1152   2132.8599    
      1440   2132.7756    
      1728   2132.8809    
      2016   2133.0181    
      2304   2133.1753    
      2592   2133.3530    
      2880   2133.5352    
      3168   2133.7288    
      3456   2134.0591    
      3744   2134.3931    
      4032   2134.7390    
      4320   2135.1155    
      4608   2135.5393    
      4896   2136.0266    
      5184   2136.6804    
      5472   2137.3818    
      5760   2138.1223    
      6048   2138.8960    
      6336   2139.6970    
      6624   2140.5203    
      6912   2141.4487    
      7200   2142.3694    
      7488   2143.2905    
      7776   2144.1978    
      8064   2145.0916    
      8352   2146.0430    
      8640   2146.9607    
      8928   2147.8547    
      9216   2148.7207    
      9504   2149.5669    
      9792   2150.3933    
     10080   2151.2554    
     10368   2152.0923    
     10656   2152.8955    
     10944   2153.6614    
     11232   2154.4094    
     11520   2155.1406    
     11808   2155.8933    
     12096   2156.6194    
     12384   2157.3057    
     12672   2157.9854    
     12960   2158.6255    
     13248   2159.2993    
     13536   2159.9314    
     13824   2160.5579    
     14112   2161.1414    
     14400   2161.7209    
     14688   2162.2561    
     14976   2162.7854    
     15264   2163.3333    
     15552   2163.8511    
     15840   2164.3601    
     16128   2164.8240    
     16416   2165.2800    
     16704   2165.7256    
     16992   2166.1738    
     17280   2166.6060    
     17568   2167.0286    
     17856   2167.4128    
     18144   2167.7805    
     18432   2168.1389    
     18720   2168.4817    
     19008   2168.8325    
     19296   2169.1580    
     19584   2169.4685    
     19872   2169.7495    
     20160   2169.9500    
     20448   2170.0759    
     20736   2170.1335    
     21024   2170.1992    
     21312   2170.2173    
     21600   2170.1868    
     21888   2170.1006    
     22176   2169.9580    
     22464   2169.7561    
     22752   2169.4880    
     23040   2169.1545    
     23328   2168.8345    
     23616   2168.4551    
     23904   2167.9956    
     24192   2167.4775    
     24480   2166.8655    
     24768   2166.1721    
     25056   2165.3708    
     25344   2164.4741    
     25632   2163.5420    
     25920   2162.5015    
     26208   2161.3342    
     26496   2160.0234    
     26784   2158.5488    
     27072   2156.8857    
     27360   2155.0227    
     27648   2152.9373    
     27936   2150.7812    
     28224   2148.3958    
     28512   2145.8972    
     28800   2143.4216    
     29088   2141.0129    
     29376   2138.6882    
     29664   2136.4502    
     29952   2134.2969    
     30240   2132.4661    
     30528   2130.7395    
     30816   2129.1006    
     31104   2127.5452    
     31392   2126.0601    
     31680   2124.6360    
     31968   2123.2700    
     32256   2121.9573    
     32544   2120.9346    
     32832   2119.9829    
     33120   2119.0798    
     33408   2118.2231    
     33696   2117.4014    
     33984   2116.6174    
     34272   2115.8662    
     34560   2115.1523    
     34848   2114.7283    
     35136   2114.3562    
     35424   2114.0215    
     35712   2113.7156    
     36000   2113.4353    
     36288   2113.1804    
     36576   2112.9504    
     36864   2112.7458    
     37152   2112.8230    
     37440   2112.9424    
     37728   2113.0872    
     38016   2113.2507    
     38304   2113.4287    
     38592   2113.6191    
     38880   2113.8210    
     39168   2114.0364    
     39456   2114.5149    
     39744   2115.0208    
     40032   2115.5352    
     40320   2116.0520    
     40608   2116.5657    
     40896   2117.0732    
     41184   2117.5764    
     41472   2118.0752    
     41760   2118.8113    
     42048   2119.5547    
     42336   2120.2896    
     42624   2121.0024    
     42912   2121.6931    
     43200   2122.3613    
     43488   2123.0090    
     43776   2123.6365    
     44064   2124.4814    
     44352   2125.3198    
     44640   2126.1350    
     44928   2126.9182    
     45216   2127.6692    
     45504   2128.3909    
     45792   2129.0852    
     46080   2129.7537    
     46368   2130.4023    
     46656   2131.0322    
     46944   2131.6484    
     47232   2132.4758    
     47520   2133.3005    
     47808   2134.1035    
     48096   2134.8794    
     48384   2135.6265    
     48672   2136.3455    
     48960   2137.0420    
     49248   2137.7153    
     49536   2138.3716    
     49824   2139.0146    
     50112   2139.6433    
     50400   2140.2620    
     50688   2140.8733    
     50976   2141.4751    
     51264   2142.0720    
     51552   2142.6641    
     51840   2143.2534    
     52128   2143.8403    
     52416   2144.4268    
     52704   2145.0122    
     52992   2145.5979    
     53280   2146.1826    
     53568   2146.7668    
     53856   2147.3530    
     54144   2147.9399    
     54432   2148.5273    
     54720   2149.1155    
     55008   2149.7039    
     55296   2150.2935    
     55584   2150.8838    
     55872   2151.4768    
     56160   2152.0710    
     56448   2152.6677    
     56736   2153.2666    
     57024   2153.8694    
     57312   2154.4736    
     57600   2154.8464    
     57888   2155.2180    
     58176   2155.6077    
     58464   2156.0249    
     58752   2156.4719    
     59040   2156.9419    
     59328   2157.4390    
     59616   2157.9546    
     59904   2158.4866    
     60192   2158.7954    
     60480   2159.1140    
     60768   2159.4631    
     61056   2159.8486    
     61344   2160.2700    
     61632   2160.7251    
     61920   2161.2075    
     62208   2161.4712    
     62496   2161.7512    
     62784   2162.0708    
     63072   2162.4316    
     63360   2162.8354    
     63648   2163.2759    
     63936   2163.5015    
     64224   2163.7520    
     64512   2164.0432    
     64800   2164.3840    
     65088   2164.7727    
     65376   2165.2039    
     65664   2165.4138    
     65952   2165.6548    
     66240   2165.9438    
     66528   2166.2830    
     66816   2166.6729    
     67104   2166.8433    
     67392   2167.0520    
     67680   2167.3123    
     67968   2167.6296    
     68256   2167.7344    
     68544   2167.8848    
     68832   2168.0979    
     69120   2168.3740    
     69408   2168.4404    
     69696   2168.5598    
     69984   2168.7461    
     70272   2169.0015    
     70560   2169.3250    
     70848   2169.4316    
     71136   2169.5884    
     71424   2169.8105    
     71712   2170.0986    
     72000   2170.1006    
     72288   2170.1538    
     72576   2170.2805    
     72864   2170.4824    
     73152   2170.7610    
     73440   2170.8242    
     73728   2170.9451    
     74016   2171.1375    
     74304   2171.4045    
     74592   2171.4526    
     74880   2171.5605    
     75168   2171.7412    
     75456   2171.7034    
     75744   2171.7349    
     76032   2171.8450    
     76320   2172.0393    
     76608   2172.0186    
     76896   2172.0684    
     77184   2172.1970    
     77472   2172.4094    
     77760   2172.4041    
     78048   2172.4673    
     78336   2172.6094    
     78624   2172.8308    
     78912   2172.8323    
     79200   2172.9031    
     79488   2173.0500    
     79776   2173.2766    
     80064   2173.2812    
     80352   2173.3542    
     80640   2173.5020    
     80928   2173.7273    
     81216   2173.7314    
     81504   2173.8032    
     81792   2173.9490    
     82080   2174.1704    
     82368   2174.4695    
     82656   2174.5437    
     82944   2174.6775    
     83232   2174.8794    
     83520   2175.1514    
     83808   2175.2004    
     84096   2175.3105    
     84384   2175.4893    
     84672   2175.7402    
     84960   2176.0593    
     85248   2176.1572    
     85536   2176.3154    
     85824   2176.5383    
     86112   2176.8257    
     86400   2177.1792    
     86688   2177.3162    
     86976   2177.5090    
     87264   2177.7620    
     87552   2178.0754    
     87840   2178.4473    
     88128   2178.8752    
     88416   2179.0974    
     88704   2179.3687    
     88992   2179.6890    
     89280   2180.0598    
     89568   2180.4802    
     89856   2180.9480    
     90144   2181.4585    
     90432   2181.7732    
     90720   2182.1238    
     91008   2182.5088    
     91296   2182.9292    
     91584   2183.3804    
     91872   2183.8643    
     92160   2184.3740    
     92448   2184.9084    
     92736   2185.4629    
     93024   2186.0342    
     93312   2186.4238    
     93600   2186.8232    
     93888   2187.2363    
     94176   2187.6575    
     94464   2188.0876    
     94752   2188.5295    
     95040   2188.9771    
     95328   2189.4282    
     95616   2189.8855    
     95904   2190.3481    
     96192   2190.8105    
     96480   2191.2720    
     96768   2191.7329    
     97056   2192.1929    
     97344   2192.6519    
     97632   2193.1094    
     97920   2193.5605    
     98208   2194.0044    
     98496   2194.4407    
     98784   2194.8679    
     99072   2195.2864    
     99360   2195.6931    
     99648   2196.0898    
     99936   2196.4727    
    100224   2196.8403    
    100512   2197.1970    
    100800   2197.5398    
    101088   2197.8677    
    101376   2198.1821    
    101664   2198.4797    
    101952   2198.8660    
    102240   2199.2283    
    102528   2199.5671    
    102816   2199.8882    
    103104   2200.1860    
    103392   2200.4631    
    103680   2200.7229    
    103968   2200.9614    
    104256   2201.1853    
    104544   2201.3921    
    104832   2201.6550    
    105120   2201.8958    
    105408   2202.1123    
    105696   2202.3088    
    105984   2202.4878    
    106272   2202.6501    
    106560   2202.7949    
    106848   2202.9905    
    107136   2203.1638    
    107424   2203.3206    
    107712   2203.4634    
    108000   2203.5928    
    108288   2203.6973    
    108576   2203.8438    
    108864   2203.9758    
    109152   2204.0938    
    109440   2204.1897    
    109728   2204.2803    
    110016   2204.3557    
    110304   2204.4678    
    110592   2204.5591    
    110880   2204.6377    
    111168   2204.7112    
    111456   2204.7769    
    111744   2204.8296    
    112032   2204.9172    
    112320   2204.9800    
    112608   2205.0439    
    112896   2205.0903    
    113184   2205.1306    
    113472   2205.2019    
    113760   2205.2527    
    114048   2205.2971    
    114336   2205.3376    
    114624   2205.3655    
    114912   2205.3977    
    115200   2205.4492    
    115488   2205.4861    
    115776   2205.5190    
    116064   2205.5540    
    116352   2205.5781    
    116640   2205.5913    
    116928   2205.6323    
    117216   2205.6711    
    117504   2205.6978    
    117792   2205.7134    
    118080   2205.7236    
    118368   2205.7480    
    118656   2205.7793    
    118944   2205.8081    
    119232   2205.8318    
    119520   2205.8459    
    119808   2205.8513    
    120096   2205.8484    
    120384   2205.8708    
    120672   2205.8994    
    120960   2205.9187    
    121248   2205.9290    
    121536   2205.9338    
    121824   2205.9385    
    122112   2205.9556    
    122400   2205.9639    
    122688   2205.9661    
    122976   2205.9673    
    123264   2205.9678    
    123552   2205.9683    
    123840   2205.9702    
    124128   2205.9844    
    124416   2205.9993    
    124704   2206.0181    
    124992   2206.0371    
    125280   2206.0537    
    125568   2206.0671    
    125856   2206.0776    
    126144   2206.0945    
    126432   2206.1099    
    126720   2206.1245    
    127008   2206.1389    
    127296   2206.1519    
    127584   2206.1626    
    127872   2206.1721    
    128160   2206.1802    
    128448   2206.1914    
    128736   2206.1897    
    129024   2206.1863    
    129312   2206.1716    
    129600   2206.1545    
    129888   2206.1367    
    130176   2206.1182    
    130464   2206.0984    
    130752   2206.0964    
    131040   2206.0923    
    131328   2206.0874    
    131616   2206.0833    
    131904   2206.0679    
    132192   2206.0544    
    132480   2206.0315    
    132768   2206.0095    
    133056   2206.0051    
    133344   2205.9883    
    133632   2205.9717    
    133920   2205.9453    
    134208   2205.9219    
    134496   2205.8916    
    134784   2205.8521    
    135072   2205.8164    
    135360   2205.7966    
    135648   2205.7661    
    135936   2205.7249    
    136224   2205.6792    
    136512   2205.6299    
    136800   2205.5725    
    137088   2205.5120    
    137376   2205.4360    
    137664   2205.3762    
    137952   2205.2976    
    138240   2205.2183    
    138528   2205.1379    
    138816   2205.0461    
    139104   2204.9263    
    139392   2204.7871    
    139680   2204.6416    
    139968   2204.5251    
    140256   2204.3867    
    140544   2204.2144    
    140832   2204.0237    
    141120   2203.8054    
    141408   2203.5596    
    141696   2203.2795    
    141984   2202.9651    
    142272   2202.6897    
    142560   2202.3564    
    142848   2201.9680    
    143136   2201.5183    
    143424   2201.0056    
    143712   2200.4224    
    144000   2199.7583    
    144288   2199.0032    
    144576   2198.2832    
    144864   2197.4365    
    145152   2196.4590    
    145440   2195.3401    
    145728   2194.0684    
    146016   2192.6313    
    146304   2191.0198    
    146592   2189.3037    
    146880   2187.8474    
    147168   2186.4663    
    147456   2185.1694    
    147744   2183.9570    
    148032   2182.8245    
    148320   2181.7622    
    148608   2180.7654    
    148896   2179.8276    
    149184   2179.1873    
    149472   2178.5830    
    149760   2178.0132    
    150048   2177.4712    
    150336   2176.9548    
    150624   2176.4614    
    150912   2175.9883    
    151200   2175.5381    
    151488   2175.1108    
    151776   2174.7068    
    152064   2174.3269    
    152352   2174.2217    
    152640   2174.1311    
    152928   2174.0520    
    153216   2173.9807    
    153504   2173.9141    
    153792   2173.8525    
    154080   2173.7976    
    154368   2173.7505    
    154656   2173.7136    
    154944   2173.6870    
    155232   2173.6738    
    155520   2173.6763    
    155808   2173.6970    
    156096   2173.7332    
    156384   2173.7847    
    156672   2173.8525    
    156960   2173.9346    
    157248   2174.0334    
    157536   2174.1477    
    157824   2174.2773    
    158112   2174.4233    
    158400   2174.5840    
    158688   2174.7568    
    158976   2174.9441    
    159264   2175.1475    
    159552   2175.3657    
    159840   2175.5945    
    160128   2175.8345    
    160416   2176.0854    
    160704   2176.3450    
    160992   2176.6150    
    161280   2176.8958    
    161568   2177.1824    
    161856   2177.4788    
    162144   2177.7834    
    162432   2178.0981    
    162720   2178.1624    
    163008   2178.2461    
    163296   2178.3599    
    163584   2178.5083    
    163872   2178.6899    
    164160   2178.9060    
    164448   2179.1528    
    164736   2179.4263    
    165024   2179.7217    
    165312   2179.7739    
    165600   2179.8613    
    165888   2179.9875    
    166176   2180.1565    
    166464   2180.3645    
    166752   2180.6086    
    167040   2180.8831    
    167328   2180.9226    
    167616   2181.0068    
    167904   2181.1370    
    168192   2181.3147    
    168480   2181.5325    
    168768   2181.7869    
    169056   2181.8079    
    169344   2181.8811    
    169632   2182.0093    
    169920   2182.1892    
    170208   2182.4138    
    170496   2182.6743    
    170784   2182.6995    
    171072   2182.7798    
    171360   2182.9146    
    171648   2183.1003    
    171936   2183.3311    
    172224   2183.3328    
    172512   2183.3972    
    172800   2183.5200    
    173088   2183.6980    
    173376   2183.6523    
    173664   2183.6821    
    173952   2183.7805    
    174240   2183.9395    
    174528   2183.8806    
    174816   2183.9036    
    175104   2183.9985    
    175392   2184.1562    
    175680   2184.3650    
    175968   2184.3472    
    176256   2184.4055    
    176544   2184.5286    
    176832   2184.7102    
    177120   2184.6030    
    177408   2184.5874    
    177696   2184.6516    
    177984   2184.7844    
    178272   2184.9731    
    178560   2184.9404    
    178848   2184.9893    
    179136   2185.1094    
    179424   2185.2859    
    179712   2185.2444    
    180000   2185.2908    
    180288   2185.4067    
    180576   2185.3145    
    180864   2185.3181    
    181152   2185.4021    
    181440   2185.5493    
    181728   2185.4841    
    182016   2185.5105    
    182304   2185.6140    
    182592   2185.7822    
    182880   2185.7332    
    183168   2185.7747    
    183456   2185.8896    
    183744   2186.0620    
    184032   2186.0176    
    184320   2186.0620    
    184608   2186.1782    
    184896   2186.3518    
    185184   2186.3113    
    185472   2186.3594    
    185760   2186.4800    
    186048   2186.6528    
    186336   2186.6147    
    186624   2186.6624    
    186912   2186.7773    
    187200   2186.9468    
    187488   2187.1606    
    187776   2187.1594    
    188064   2187.2373    
    188352   2187.3757    
    188640   2187.5576    
    188928   2187.5322    
    189216   2187.5947    
    189504   2187.7180    
    189792   2187.8894    
    190080   2188.0979    
    190368   2188.0979    
    190656   2188.1719    
    190944   2188.3027    
    191232   2188.4702    
    191520   2188.6714    
    191808   2188.6875    
    192096   2188.7690    
    192384   2188.9089    
    192672   2189.0764    
    192960   2189.2712    
    193248   2189.4888    
    193536   2189.5195    
    193824   2189.6167    
    194112   2189.7566    
    194400   2189.9263    
    194688   2190.1116    
    194976   2190.3137    
    195264   2190.5251    
    195552   2190.5720    
    195840   2190.6736    
    196128   2190.8076    
    196416   2190.9629    
    196704   2191.1321    
    196992   2191.3083    
    197280   2191.4895    
    197568   2191.6697    
    197856   2191.8469    
    198144   2192.0181    
    198432   2192.0676    
    198720   2192.1526    
    199008   2192.2568    
    199296   2192.3718    
    199584   2192.4919    
    199872   2192.6118    
    200160   2192.7300    
    200448   2192.8433    
    200736   2192.9519    
    201024   2193.0537    
    201312   2193.1511    
    201600   2193.2441    
    201888   2193.3291    
    202176   2193.4099    
    202464   2193.4851    
    202752   2193.5552    
    203040   2193.6201    
    203328   2193.6824    
    203616   2193.7412    
    203904   2193.7957    
    204192   2193.8474    
    204480   2193.8940    
    204768   2193.9399    
    205056   2193.9824    
    205344   2194.0215    
    205632   2194.0588    
    205920   2194.0916    
    206208   2194.1243    
    206496   2194.1516    
    206784   2194.1831    
    207072   2194.2405    
    207360   2194.2886    
    207648   2194.3193    
    207936   2194.3459    
    208224   2194.3716    
    208512   2194.3879    
    208800   2194.4065    
    209088   2194.4250    
    209376   2194.4409    
    209664   2194.4539    
    209952   2194.4897    
    210240   2194.5085    
    210528   2194.5308    
    210816   2194.5454    
    211104   2194.5505    
    211392   2194.5652    
    211680   2194.5718    
    211968   2194.5903    
    212256   2194.6111    
    212544   2194.6255    
    212832   2194.6335    
    213120   2194.6370    
    213408   2194.6484    
    213696   2194.6677    
    213984   2194.6755    
    214272   2194.6736    
    214560   2194.6741    
    214848   2194.6880    
    215136   2194.7021    
    215424   2194.7161    
    215712   2194.7297    
    216000   2194.7361    
    216288   2194.7349    
    216576   2194.7439    
    216864   2194.7451    
    217152   2194.7549    
    217440   2194.7534    
    217728   2194.7473    
    218016   2194.7410    
    218304   2194.7349    
    218592   2194.7288    
    218880   2194.7224    
    219168   2194.7170    
    219456   2194.7290    
    219744   2194.7441    
    220032   2194.7595    
    220320   2194.7747    
    220608   2194.7896    
    220896   2194.8044    
    221184   2194.8191    
    221472   2194.8337    
    221760   2194.8481    
    222048   2194.8625    
    222336   2194.8765    
    222624   2194.8904    
    222912   2194.9006    
    223200   2194.9036    
    223488   2194.9155    
    223776   2194.9187    
    224064   2194.9141    
    224352   2194.9021    
    224640   2194.8835    
    224928   2194.8586    
    225216   2194.8337    
    225504   2194.8137    
    225792   2194.7893    
    226080   2194.7649    
    226368   2194.7410    
    226656   2194.7278    
    226944   2194.7268    
    227232   2194.7268    
    227520   2194.7268    
    227808   2194.7268    
    228096   2194.7268    
    228384   2194.7268    
    228672   2194.7268    
    228960   2194.7268    
    229248   2194.7268    
    229536   2194.7268    
    229824   2194.7268    
    230112   2194.7268    
    230400   2194.7268    
    230688   2194.7268    
    230976   2194.7268    
    231264   2194.7268    
    231552   2194.7268    
    231840   2194.7268    
    232128   2194.7268    
    232416   2194.7268    
    232704   2194.7268    
    232992   2194.7268    
    233280   2194.7268    
    233568   2194.7268    
    233856   2194.7268    
    234144   2194.7268    
    234432   2194.7268    
    234720   2194.7268    
    235008   2194.7268    
    235296   2194.7268    
    235584   2194.7268    
    235872   2194.7268    
    236160   2194.7268    
    236448   2194.7268    
    236736   2194.7268    
    237024   2194.7268    
    237312   2194.7268    
    237600   2194.7268    
    237888   2194.7268    
    238176   2194.7268    
    238464   2194.7268    
    238752   2194.7268    
    239040   2194.7268    
    239328   2194.7268    
    239616   2194.7268    
    239904   2194.7268    
    240192   2194.7268    
    240480   2194.7268    
    240768   2194.7268    
    241056   2194.7268    
    241344   2194.7268    
    241632   2194.7268    
    241920   2194.7268    
    242208   2194.7268    
    242496   2194.7268    
    242784   2194.7268    
    243072   2194.7268    
    243360   2194.7268    
    243648   2194.7268    
    243936   2194.7268    
    244224   2194.7266    
    244512   2194.7224    
    244800   2194.7136    
    245088   2194.7068    
    245376   2194.6990    
    245664   2194.6875    
    245952   2194.6731    
    246240   2194.6616    
    246528   2194.6528    
    246816   2194.6472    
    247104   2194.6445    
    247392   2194.6460    
    247680   2194.6472    
    247968   2194.6487    
    248256   2194.6499    
    248544   2194.6509    
    248832   2194.6521    
    249120   2194.6533    
    249408   2194.6543    
    249696   2194.6553    
    249984   2194.6558    
    250272   2194.6511    
    250560   2194.6426    
    250848   2194.6348    
    251136   2194.6270    
    251424   2194.6155    
    251712   2194.6057    
    252000   2194.6042    
    252288   2194.6008    
    252576   2194.5933    
    252864   2194.5867    
    253152   2194.5798    
    253440   2194.5684    
    253728   2194.5520    
    254016   2194.5376    
    254304   2194.5354    
    254592   2194.5190    
    254880   2194.5027    
    255168   2194.4883    
    255456   2194.4697    
    255744   2194.4497    
    256032   2194.4275    
    256320   2194.4026    
    256608   2194.3745    
    256896   2194.3459    
    257184   2194.3135    
    257472   2194.2905    
    257760   2194.2554    
    258048   2194.2141    
    258336   2194.1670    
    258624   2194.1165    
    258912   2194.0596    
    259200   2194.0000    
    259488   2193.9314    
    259776   2193.8562    
    260064   2193.7737    
    260352   2193.6824    
    260640   2193.5806    
    260928   2193.4683    
    261216   2193.3420    
    261504   2193.2021    
    261792   2193.0471    
    262080   2192.8740    
    262368   2192.6790    
    262656   2192.4612    
    262944   2192.2168    
    263232   2191.9424    
    263520   2191.6333    
    263808   2191.2864    
    264096   2190.8945    
    264384   2190.4521    
    264672   2189.9531    
    264960   2189.3860    
    265248   2188.7488    
    265536   2188.0718    
    265824   2187.4675    
    266112   2186.9719    
    266400   2186.5596    
    266688   2186.2219    
    266976   2185.9336    
    267264   2185.6975    
    267552   2185.5093    
    267840   2185.1479    
    268128   2184.8806    
    268416   2184.6785    
    268704   2184.5286    
    268992   2184.4253    
    269280   2184.3625    
    269568   2184.3333    
    269856   2184.3374    
    270144   2184.3672    
    270432   2184.1887    
    270720   2184.0815    
    271008   2184.0320    
    271296   2184.0259    
    271584   2184.0574    
    271872   2184.1201    
    272160   2184.2080    
    272448   2184.0837    
    272736   2184.0327    
    273024   2184.0386    
    273312   2184.0876    
    273600   2184.1692    
    273888   2184.2847    
    274176   2184.1816    
    274464   2184.1594    
    274752   2184.1968    
    275040   2184.2783    
    275328   2184.3914    
    275616   2184.5347    
    275904   2184.4619    
    276192   2184.4646    
    276480   2184.5256    
    276768   2184.6326    
    277056   2184.7751    
    277344   2184.7014    
    277632   2184.7100    
    277920   2184.7837    
    278208   2184.8999    
    278496   2184.8083    
    278784   2184.8083    
    279072   2184.8679    
    279360   2184.9775    
    279648   2184.8906    
    279936   2184.9001    
    280224   2184.9695    
    280512   2185.0842    
    280800   2185.2405    
    281088   2185.1821    
    281376   2185.2168    
    281664   2185.3098    
    281952   2185.4468    
    282240   2185.3201    
    282528   2185.3022    
    282816   2185.3677    
    283104   2185.4802    
    283392   2185.6326    
    283680   2185.5742    
    283968   2185.6106    
    284256   2185.7095    
    284544   2185.8513    
    284832   2185.7881    
    285120   2185.8247    
    285408   2185.9268    
    285696   2185.8354    
    285984   2185.8484    
    286272   2185.9329    
    286560   2186.0649    
    286848   2185.9951    
    287136   2186.0254    
    287424   2186.1235    
    287712   2186.2671    
    288000   2186.2078    
    288288   2186.2483    
    288576   2186.3508    
    288864   2186.4939    
    289152   2186.4377    
    289440   2186.4778    
    289728   2186.5803    
    290016   2186.7244    
    290304   2186.6711    
    290592   2186.7161    
    290880   2186.8206    
    291168   2186.9639    
    291456   2186.9109    
    291744   2186.9543    
    292032   2187.0549    
    292320   2187.1946    
    292608   2187.3574    
    292896   2187.3267    
    293184   2187.3838    
    293472   2187.4924    
    293760   2187.6323    
    294048   2187.5916    
    294336   2187.6401    
    294624   2187.7449    
    294912   2187.8811    
    295200   2188.0359    
    295488   2188.0134    
    295776   2188.0715    
    296064   2188.1787    
    296352   2188.3142    
    296640   2188.4673    
    296928   2188.4526    
    297216   2188.5171    
    297504   2188.6252    
    297792   2188.7561    
    298080   2188.9014    
    298368   2189.0552    
    298656   2189.0579    
    298944   2189.1292    
    299232   2189.2380    
    299520   2189.3630    
    299808   2189.4985    
    300096   2189.6375    
    300384   2189.7751    
    300672   2189.7893    
    300960   2189.8564    
    301248   2189.9514    
    301536   2190.0579    
    301824   2190.1667    
    302112   2190.2756    
    302400   2190.3801    
    302688   2190.4792    
    302976   2190.5723    
    303264   2190.6609    
    303552   2190.6675    
    303840   2190.7097    
    304128   2190.7673    
    304416   2190.8296    
    304704   2190.8938    
    304992   2190.9561    
    305280   2191.0156    
    305568   2191.0725    
    305856   2191.1248    
    306144   2191.1746    
    306432   2191.2197    
    306720   2191.2642    
    307008   2191.3054    
    307296   2191.3438    
    307584   2191.3784    
    307872   2191.4121    
    308160   2191.4404    
    308448   2191.4695    
    308736   2191.4971    
    309024   2191.5212    
    309312   2191.5457    
    309600   2191.5688    
    309888   2191.5867    
    310176   2191.6082    
    310464   2191.6257    
    310752   2191.6428    
    311040   2191.6594    
    311328   2191.6736    
    311616   2191.6912    
    311904   2191.7051    
    312192   2191.7346    
    312480   2191.7537    
    312768   2191.7693    
    313056   2191.7766    
    313344   2191.7898    
    313632   2191.7991    
    313920   2191.8018    
    314208   2191.8108    
    314496   2191.8193    
    314784   2191.8206    
    315072   2191.8301    
