       288   338.69989    
       576   278.69312    
       864   219.49553    
      1152   174.17538    
      1440   140.92111    
      1728   116.24685    
      2016   97.480621    
      2304   83.040581    
      2592   71.654358    
      2880   62.466362    
      3168   54.912964    
      3456   48.607979    
      3744   43.277660    
      4032   38.722664    
      4320   34.794285    
      4608   31.379433    
      4896   28.390499    
      5184   25.758614    
      5472   23.428787    
      5760   21.356682    
      6048   19.506096    
      6336   17.847185    
      6624   16.355127    
      6912   15.009109    
      7200   13.791542    
      7488   12.687482    
      7776   11.684119    
      8064   10.770427    
      8352   9.9368496    
      8640   9.1751089    
      8928   8.4779367    
      9216   7.8389668    
      9504   7.2525873    
      9792   6.7138343    
     10080   6.2183094    
     10368   5.7620797    
     10656   5.3416486    
     10944   4.9538784    
     11232   4.5959544    
     11520   4.2653422    
     11808   3.9597538    
     12096   3.6771202    
     12384   3.4155693    
     12672   3.1734011    
     12960   2.9490707    
     13248   2.7411704    
     13536   2.5484154    
     13824   2.3696339    
     14112   2.2037523    
     14400   2.0497890    
     14688   1.9068426    
     14976   1.7740891    
     15264   1.6507647    
     15552   1.5361732    
     15840   1.4296710    
     16128   1.3306658    
     16416   1.2386117    
     16704   1.1530039    
     16992   1.0733774    
     17280   1.0000000    
     17568   1.0000000    
     17856   1.0000000    
     18144   1.0000000    
     18432   1.0000000    
     18720   1.0000000    
     19008   1.0000000    
     19296   1.0000000    
     19584   1.0000000    
     19872   1.0000000    
     20160   1.0000000    
     20448   1.0000000    
     20736   1.0000000    
     21024   1.0000000    
     21312   1.0000000    
     21600   1.0000000    
     21888   1.0000000    
     22176   1.0000000    
     22464   1.0000000    
     22752   1.0000000    
     23040   1.0000000    
     23328   1.0000000    
     23616   1.0000000    
     23904   1.0000000    
     24192   1.0000000    
     24480   1.0000000    
     24768   1.0000000    
     25056   1.0000000    
     25344   1.0000000    
     25632   1.0000000    
     25920   1.0000000    
     26208   1.0000000    
     26496   1.0000000    
     26784   1.0000000    
     27072   1.0000000    
     27360   1.0000000    
     27648   1.0000000    
     27936   1.0000859    
     28224   1.0251877    
     28512   1.0787106    
     28800   1.1502242    
     29088   1.2383151    
     29376   1.3427454    
     29664   1.4640893    
     29952   1.6037345    
     30240   1.7616798    
     30528   1.9385874    
     30816   2.1378834    
     31104   2.3633733    
     31392   2.6195612    
     31680   2.9118264    
     31968   3.2456026    
     32256   3.6272235    
     32544   4.0593538    
     32832   4.5471158    
     33120   5.1007214    
     33408   5.7312970    
     33696   6.4511127    
     33984   7.2745981    
     34272   8.2186556    
     34560   9.2998314    
     34848   10.523741    
     35136   11.900333    
     35424   13.454314    
     35712   15.212380    
     36000   17.203308    
     36288   19.451136    
     36576   21.980276    
     36864   24.814299    
     37152   27.940327    
     37440   31.354717    
     37728   35.087414    
     38016   39.147411    
     38304   43.535030    
     38592   48.240547    
     38880   53.243301    
     39168   58.511478    
     39456   63.923325    
     39744   69.395172    
     40032   74.925087    
     40320   80.469482    
     40608   85.980240    
     40896   91.408119    
     41184   96.705734    
     41472   101.83035    
     41760   106.61140    
     42048   110.98637    
     42336   115.03490    
     42624   118.80378    
     42912   122.32183    
     43200   125.62569    
     43488   128.74800    
     43776   131.67696    
     44064   134.24034    
     44352   136.43080    
     44640   138.39767    
     44928   140.22163    
     45216   141.94554    
     45504   143.59180    
     45792   145.17198    
     46080   146.69197    
     46368   148.15533    
     46656   149.56381    
     46944   150.91811    
     47232   152.01219    
     47520   152.84761    
     47808   153.59109    
     48096   154.31633    
     48384   155.05092    
     48672   155.80038    
     48960   156.56082    
     49248   157.32487    
     49536   158.08414    
     49824   158.83066    
     50112   159.55713    
     50400   160.23520    
     50688   160.84171    
     50976   161.40752    
     51264   161.94115    
     51552   162.44249    
     51840   162.90881    
     52128   163.33731    
     52416   163.72491    
     52704   164.06929    
     52992   164.36868    
     53280   164.62135    
     53568   164.82620    
     53856   164.98225    
     54144   165.06610    
     54432   165.05954    
     54720   164.99815    
     55008   164.89322    
     55296   164.74683    
     55584   164.55779    
     55872   164.32458    
     56160   164.04556    
     56448   163.71922    
     56736   163.34431    
     57024   162.89847    
     57312   162.36305    
     57600   162.04039    
     57888   161.91170    
     58176   161.76424    
     58464   161.51633    
     58752   161.14296    
     59040   160.64386    
     59328   160.00722    
     59616   159.22687    
     59904   158.34831    
     60192   157.65691    
     60480   157.13940    
     60768   156.58844    
     61056   155.92574    
     61344   155.12956    
     61632   154.20195    
     61920   153.13583    
     62208   152.18529    
     62496   151.37746    
     62784   150.52612    
     63072   149.56018    
     63360   148.46062    
     63648   147.23079    
     63936   146.12923    
     64224   145.14349    
     64512   144.07382    
     64800   142.87794    
     65088   141.54739    
     65376   140.08894    
     65664   138.74953    
     65952   137.54216    
     66240   136.29300    
     66528   134.91895    
     66816   133.38580    
     67104   131.94316    
     67392   130.61684    
     67680   129.24715    
     67968   127.76949    
     68256   126.37360    
     68544   125.07246    
     68832   123.71291    
     69120   122.22122    
     69408   120.76324    
     69696   119.38019    
     69984   117.93865    
     70272   116.38346    
     70560   114.69891    
     70848   113.06964    
     71136   111.52834    
     71424   109.94975    
     71712   108.26942    
     72000   106.67421    
     72288   105.20831    
     72576   103.72384    
     72864   102.15252    
     73152   100.46870    
     73440   98.820213    
     73728   97.242043    
     74016   95.632698    
     74304   93.945114    
     74592   92.294235    
     74880   90.697960    
     75168   89.072983    
     75456   87.507042    
     75744   86.014099    
     76032   84.498535    
     76320   82.913490    
     76608   81.356087    
     76896   79.853691    
     77184   78.322952    
     77472   76.716866    
     77760   75.133896    
     78048   73.606216    
     78336   72.066345    
     78624   70.478859    
     78912   68.922226    
     79200   67.422195    
     79488   65.917343    
     79776   64.370651    
     80064   62.844269    
     80352   61.369221    
     80640   59.894341    
     80928   58.391140    
     81216   56.919407    
     81504   55.501411    
     81792   54.089931    
     82080   52.655529    
     82368   51.179790    
     82656   49.725559    
     82944   48.320148    
     83232   46.928032    
     83520   45.528236    
     83808   44.164066    
     84096   42.851543    
     84384   41.553082    
     84672   40.251663    
     84960   38.937973    
     85248   37.652611    
     85536   36.414513    
     85824   35.198586    
     86112   33.988312    
     86400   32.772541    
     86688   31.585314    
     86976   30.443428    
     87264   29.327662    
     87552   28.225933    
     87840   27.130438    
     88128   26.035807    
     88416   24.969145    
     88704   23.944853    
     88992   22.949856    
     89280   21.975664    
     89568   21.016611    
     89856   20.068697    
     90144   19.131521    
     90432   18.223665    
     90720   17.355509    
     91008   16.518768    
     91296   15.707504    
     91584   14.917319    
     91872   14.146269    
     92160   13.393271    
     92448   12.657840    
     92736   11.939902    
     93024   11.239600    
     93312   10.566830    
     93600   9.9278183    
     93888   9.3187866    
     94176   8.7367907    
     94464   8.1796293    
     94752   7.6456089    
     95040   7.1336379    
     95328   6.6429214    
     95616   6.1738415    
     95904   5.7286620    
     96192   5.3089113    
     96480   4.9154382    
     96768   4.5486574    
     97056   4.2093801    
     97344   3.8976202    
     97632   3.6108553    
     97920   3.3468130    
     98208   3.1034629    
     98496   2.8789873    
     98784   2.6717560    
     99072   2.4803014    
     99360   2.3033018    
     99648   2.1395617    
     99936   1.9879979    
    100224   1.8476319    
    100512   1.7175705    
    100800   1.5970029    
    101088   1.4851882    
    101376   1.3814510    
    101664   1.2851729    
    101952   1.1957874    
    102240   1.1127770    
    102528   1.0356644    
    102816   1.0000000    
    103104   1.0000000    
    103392   1.0000000    
    103680   1.0000000    
    103968   1.0000000    
    104256   1.0000000    
    104544   1.0000000    
    104832   1.0000000    
    105120   1.0000000    
    105408   1.0000000    
    105696   1.0000000    
    105984   1.0000000    
    106272   1.0000000    
    106560   1.0000000    
    106848   1.0000000    
    107136   1.0000000    
    107424   1.0000000    
    107712   1.0000000    
    108000   1.0000000    
    108288   1.0000000    
    108576   1.0000000    
    108864   1.0000000    
    109152   1.0000000    
    109440   1.0000000    
    109728   1.0000000    
    110016   1.0000000    
    110304   1.0000000    
    110592   1.0000000    
    110880   1.0000000    
    111168   1.0000000    
    111456   1.0000000    
    111744   1.0000000    
    112032   1.0000000    
    112320   1.0000000    
    112608   1.0000000    
    112896   1.0000000    
    113184   1.0000000    
    113472   1.0000000    
    113760   1.0000000    
    114048   1.0000000    
    114336   1.0000000    
    114624   1.0000000    
    114912   1.0000000    
    115200   1.0000000    
    115488   1.0000000    
    115776   1.0000000    
    116064   1.0000000    
    116352   1.0000000    
    116640   1.0000000    
    116928   1.0000000    
    117216   1.0000000    
    117504   1.0000000    
    117792   1.0000000    
    118080   1.0000000    
    118368   1.0000000    
    118656   1.0000000    
    118944   1.0000000    
    119232   1.0000000    
    119520   1.0000000    
    119808   1.0000000    
    120096   1.0000000    
    120384   1.0000000    
    120672   1.0000000    
    120960   1.0000000    
    121248   1.0000000    
    121536   1.0000000    
    121824   1.0000000    
    122112   1.0000000    
    122400   1.0000000    
    122688   1.0000000    
    122976   1.0000000    
    123264   1.0000000    
    123552   1.0000000    
    123840   1.0000000    
    124128   1.0000000    
    124416   1.0000000    
    124704   1.0000000    
    124992   1.0000000    
    125280   1.0000000    
    125568   1.0000000    
    125856   1.0000000    
    126144   1.0000000    
    126432   1.0000000    
    126720   1.0000000    
    127008   1.0000000    
    127296   1.0000000    
    127584   1.0000000    
    127872   1.0000000    
    128160   1.0000000    
    128448   1.0000000    
    128736   1.0000000    
    129024   1.0000000    
    129312   1.0000000    
    129600   1.0000000    
    129888   1.0000000    
    130176   1.0000000    
    130464   1.0000000    
    130752   1.0000000    
    131040   1.0000000    
    131328   1.0000000    
    131616   1.0000000    
    131904   1.0000000    
    132192   1.0000000    
    132480   1.0000000    
    132768   1.0000000    
    133056   1.0000000    
    133344   1.0000000    
    133632   1.0000000    
    133920   1.0000000    
    134208   1.0000000    
    134496   1.0000000    
    134784   1.0000000    
    135072   1.0000000    
    135360   1.0000000    
    135648   1.0000000    
    135936   1.0000000    
    136224   1.0000000    
    136512   1.0000000    
    136800   1.0000000    
    137088   1.0000000    
    137376   1.0000000    
    137664   1.0000000    
    137952   1.0000000    
    138240   1.0000000    
    138528   1.0000000    
    138816   1.0000000    
    139104   1.0000000    
    139392   1.0000000    
    139680   1.0000000    
    139968   1.0000000    
    140256   1.0000000    
    140544   1.0000000    
    140832   1.0000000    
    141120   1.0000000    
    141408   1.0000000    
    141696   1.0000000    
    141984   1.0000000    
    142272   1.0000000    
    142560   1.0000000    
    142848   1.0000000    
    143136   1.0000000    
    143424   1.0000000    
    143712   1.0000000    
    144000   1.0000000    
    144288   1.0000000    
    144576   1.0000000    
    144864   1.0000000    
    145152   1.0000000    
    145440   1.0000000    
    145728   1.0000000    
    146016   1.0000000    
    146304   1.0000000    
    146592   1.0000000    
    146880   1.0000000    
    147168   1.0000000    
    147456   1.0000000    
    147744   1.0000095    
    148032   1.0019498    
    148320   1.0070410    
    148608   1.0152928    
    148896   1.0266500    
    149184   1.0407604    
    149472   1.0572990    
    149760   1.0765036    
    150048   1.0986526    
    150336   1.1240238    
    150624   1.1528854    
    150912   1.1854991    
    151200   1.2221216    
    151488   1.2630210    
    151776   1.3084778    
    152064   1.3587954    
    152352   1.4138172    
    152640   1.4732375    
    152928   1.5375724    
    153216   1.6074290    
    153504   1.6834227    
    153792   1.7661561    
    154080   1.8562244    
    154368   1.9542325    
    154656   2.0607972    
    154944   2.1765676    
    155232   2.3022304    
    155520   2.4383023    
    155808   2.5853124    
    156096   2.7442684    
    156384   2.9161017    
    156672   3.1017282    
    156960   3.3020928    
    157248   3.5181706    
    157536   3.7509756    
    157824   4.0015454    
    158112   4.2709441    
    158400   4.5602589    
    158688   4.8705635    
    158976   5.2029490    
    159264   5.5579834    
    159552   5.9361296    
    159840   6.3388286    
    160128   6.7671275    
    160416   7.2218308    
    160704   7.7035861    
    160992   8.2128601    
    161280   8.7499399    
    161568   9.3149080    
    161856   9.9076147    
    162144   10.526730    
    162432   11.170501    
    162720   11.844653    
    163008   12.555359    
    163296   13.299182    
    163584   14.071917    
    163872   14.869408    
    164160   15.687666    
    164448   16.521414    
    164736   17.365133    
    165024   18.216301    
    165312   19.081087    
    165600   19.966459    
    165888   20.863855    
    166176   21.764196    
    166464   22.659122    
    166752   23.541159    
    167040   24.401684    
    167328   25.246248    
    167616   26.085815    
    167904   26.909615    
    168192   27.706678    
    168480   28.467588    
    168768   29.184624    
    169056   29.868546    
    169344   30.528433    
    169632   31.149233    
    169920   31.722469    
    170208   32.240368    
    170496   32.696911    
    170784   33.107491    
    171072   33.486664    
    171360   33.822197    
    171648   34.101536    
    171936   34.314575    
    172224   34.480942    
    172512   34.616966    
    172800   34.710464    
    173088   34.751678    
    173376   34.755676    
    173664   34.736115    
    173952   34.679333    
    174240   34.573009    
    174528   34.429508    
    174816   34.265095    
    175104   34.067451    
    175392   33.827007    
    175680   33.537441    
    175968   33.217136    
    176256   32.880959    
    176544   32.517403    
    176832   32.116116    
    177120   31.696871    
    177408   31.277910    
    177696   30.844614    
    177984   30.386013    
    178272   29.894876    
    178560   29.387091    
    178848   28.874687    
    179136   28.346874    
    179424   27.795851    
    179712   27.234547    
    180000   26.671040    
    180288   26.096327    
    180576   25.521502    
    180864   24.953897    
    181152   24.381861    
    181440   23.797205    
    181728   23.211077    
    182016   22.631102    
    182304   22.046843    
    182592   21.450115    
    182880   20.853064    
    183168   20.263485    
    183456   19.673321    
    183744   19.077038    
    184032   18.484652    
    184320   17.902529    
    184608   17.323311    
    184896   16.741541    
    185184   16.165009    
    185472   15.599951    
    185760   15.040315    
    186048   14.482077    
    186336   13.933164    
    186624   13.398201    
    186912   12.871657    
    187200   12.349560    
    187488   11.828979    
    187776   11.317946    
    188064   10.821132    
    188352   10.334632    
    188640   9.8559513    
    188928   9.3908443    
    189216   8.9421654    
    189504   8.5056992    
    189792   8.0792522    
    190080   7.6615462    
    190368   7.2575202    
    190656   6.8697557    
    190944   6.4955277    
    191232   6.1329727    
    191520   5.7807283    
    191808   5.4425001    
    192096   5.1200986    
    192384   4.8114085    
    192672   4.5149999    
    192960   4.2299075    
    193248   3.9553761    
    193536   3.6938896    
    193824   3.4465473    
    194112   3.2118459    
    194400   2.9886968    
    194688   2.7762985    
    194976   2.5740077    
    195264   2.3813965    
    195552   2.1997380    
    195840   2.0294485    
    196128   1.8698884    
    196416   1.7211282    
    196704   1.5832324    
    196992   1.4560906    
    197280   1.3399253    
    197568   1.2340885    
    197856   1.1375502    
    198144   1.0493916    
    198432   1.0000000    
    198720   1.0000000    
    199008   1.0000000    
    199296   1.0000000    
    199584   1.0000000    
    199872   1.0000000    
    200160   1.0000000    
    200448   1.0000000    
    200736   1.0000000    
    201024   1.0000000    
    201312   1.0000000    
    201600   1.0000000    
    201888   1.0000000    
    202176   1.0000000    
    202464   1.0000000    
    202752   1.0000000    
    203040   1.0000000    
    203328   1.0000000    
    203616   1.0000000    
    203904   1.0000000    
    204192   1.0000000    
    204480   1.0000000    
    204768   1.0000000    
    205056   1.0000000    
    205344   1.0000000    
    205632   1.0000000    
    205920   1.0000000    
    206208   1.0000000    
    206496   1.0000000    
    206784   1.0000000    
    207072   1.0000000    
    207360   1.0000000    
    207648   1.0000000    
    207936   1.0000000    
    208224   1.0000000    
    208512   1.0000000    
    208800   1.0000000    
    209088   1.0000000    
    209376   1.0000000    
    209664   1.0000000    
    209952   1.0000000    
    210240   1.0000000    
    210528   1.0000000    
    210816   1.0000000    
    211104   1.0000000    
    211392   1.0000000    
    211680   1.0000000    
    211968   1.0000000    
    212256   1.0000000    
    212544   1.0000000    
    212832   1.0000000    
    213120   1.0000000    
    213408   1.0000000    
    213696   1.0000000    
    213984   1.0000000    
    214272   1.0000000    
    214560   1.0000000    
    214848   1.0000000    
    215136   1.0000000    
    215424   1.0000000    
    215712   1.0000000    
    216000   1.0000000    
    216288   1.0000000    
    216576   1.0000000    
    216864   1.0000000    
    217152   1.0000000    
    217440   1.0000000    
    217728   1.0000000    
    218016   1.0000000    
    218304   1.0000000    
    218592   1.0000000    
    218880   1.0000000    
    219168   1.0000000    
    219456   1.0000000    
    219744   1.0000000    
    220032   1.0000000    
    220320   1.0000000    
    220608   1.0000000    
    220896   1.0000000    
    221184   1.0000000    
    221472   1.0000000    
    221760   1.0000000    
    222048   1.0000000    
    222336   1.0000000    
    222624   1.0000000    
    222912   1.0000000    
    223200   1.0000000    
    223488   1.0000000    
    223776   1.0000000    
    224064   1.0000000    
    224352   1.0000000    
    224640   1.0000000    
    224928   1.0000000    
    225216   1.0000000    
    225504   1.0000000    
    225792   1.0000000    
    226080   1.0000000    
    226368   1.0000000    
    226656   1.0000000    
    226944   1.0000000    
    227232   1.0000000    
    227520   1.0000000    
    227808   1.0000000    
    228096   1.0000000    
    228384   1.0000000    
    228672   1.0000000    
    228960   1.0000000    
    229248   1.0000000    
    229536   1.0000000    
    229824   1.0000000    
    230112   1.0000000    
    230400   1.0000000    
    230688   1.0000000    
    230976   1.0000000    
    231264   1.0000000    
    231552   1.0000000    
    231840   1.0000000    
    232128   1.0000000    
    232416   1.0000000    
    232704   1.0000000    
    232992   1.0000000    
    233280   1.0000000    
    233568   1.0000000    
    233856   1.0000000    
    234144   1.0000000    
    234432   1.0000000    
    234720   1.0000000    
    235008   1.0000000    
    235296   1.0000000    
    235584   1.0000000    
    235872   1.0000000    
    236160   1.0000000    
    236448   1.0000000    
    236736   1.0000000    
    237024   1.0000000    
    237312   1.0000000    
    237600   1.0000000    
    237888   1.0000000    
    238176   1.0000000    
    238464   1.0000000    
    238752   1.0000000    
    239040   1.0000000    
    239328   1.0000000    
    239616   1.0000000    
    239904   1.0000000    
    240192   1.0000000    
    240480   1.0000000    
    240768   1.0000000    
    241056   1.0000000    
    241344   1.0000000    
    241632   1.0000000    
    241920   1.0000000    
    242208   1.0000000    
    242496   1.0000000    
    242784   1.0000000    
    243072   1.0000000    
    243360   1.0000000    
    243648   1.0000000    
    243936   1.0000000    
    244224   1.0000000    
    244512   1.0000000    
    244800   1.0000000    
    245088   1.0000000    
    245376   1.0000000    
    245664   1.0000000    
    245952   1.0000000    
    246240   1.0000000    
    246528   1.0000000    
    246816   1.0000000    
    247104   1.0000000    
    247392   1.0000000    
    247680   1.0000000    
    247968   1.0000000    
    248256   1.0000000    
    248544   1.0000000    
    248832   1.0000000    
    249120   1.0000000    
    249408   1.0000000    
    249696   1.0000000    
    249984   1.0000000    
    250272   1.0000000    
    250560   1.0000000    
    250848   1.0000000    
    251136   1.0000000    
    251424   1.0000000    
    251712   1.0000000    
    252000   1.0000000    
    252288   1.0000000    
    252576   1.0000000    
    252864   1.0000000    
    253152   1.0000000    
    253440   1.0000000    
    253728   1.0000000    
    254016   1.0000000    
    254304   1.0000000    
    254592   1.0000000    
    254880   1.0000000    
    255168   1.0000000    
    255456   1.0000000    
    255744   1.0000000    
    256032   1.0000000    
    256320   1.0000000    
    256608   1.0000000    
    256896   1.0000000    
    257184   1.0000000    
    257472   1.0000000    
    257760   1.0000000    
    258048   1.0000000    
    258336   1.0000000    
    258624   1.0000000    
    258912   1.0000000    
    259200   1.0000000    
    259488   1.0000000    
    259776   1.0000000    
    260064   1.0000000    
    260352   1.0000000    
    260640   1.0000000    
    260928   1.0000000    
    261216   1.0000000    
    261504   1.0000000    
    261792   1.0000000    
    262080   1.0000000    
    262368   1.0000000    
    262656   1.0000000    
    262944   1.0000000    
    263232   1.0000000    
    263520   1.0000000    
    263808   1.0000000    
    264096   1.0000000    
    264384   1.0000000    
    264672   1.0000000    
    264960   1.0000000    
    265248   1.0000000    
    265536   1.0000000    
    265824   1.0000000    
    266112   1.0000000    
    266400   1.0000268    
    266688   1.0031898    
    266976   1.0097282    
    267264   1.0190963    
    267552   1.0308369    
    267840   1.0451039    
    268128   1.0621444    
    268416   1.0816604    
    268704   1.1033540    
    268992   1.1269615    
    269280   1.1522552    
    269568   1.1789708    
    269856   1.2068411    
    270144   1.2357767    
    270432   1.2661606    
    270720   1.2984964    
    271008   1.3325241    
    271296   1.3679314    
    271584   1.4044204    
    271872   1.4417168    
    272160   1.4794769    
    272448   1.5180051    
    272736   1.5579767    
    273024   1.5990520    
    273312   1.6408107    
    273600   1.6828439    
    273888   1.7247685    
    274176   1.7670377    
    274464   1.8101768    
    274752   1.8535448    
    275040   1.8967038    
    275328   1.9391695    
    275616   1.9804726    
    275904   2.0211594    
    276192   2.0619364    
    276480   2.1021767    
    276768   2.1410995    
    277056   2.1779256    
    277344   2.2133579    
    277632   2.2481763    
    277920   2.2816520    
    278208   2.3130457    
    278496   2.3429043    
    278784   2.3719084    
    279072   2.3991971    
    279360   2.4238200    
    279648   2.4461792    
    279936   2.4671094    
    280224   2.4857645    
    280512   2.5013151    
    280800   2.5130367    
    281088   2.5217438    
    281376   2.5282822    
    281664   2.5318131    
    281952   2.5314662    
    282240   2.5283265    
    282528   2.5236385    
    282816   2.5164421    
    283104   2.5058784    
    283392   2.4912460    
    283680   2.4734874    
    283968   2.4534554    
    284256   2.4303691    
    284544   2.4035778    
    284832   2.3739753    
    285120   2.3422081    
    285408   2.3076317    
    285696   2.2711320    
    285984   2.2333827    
    286272   2.1935785    
    286560   2.1511033    
    286848   2.1068661    
    287136   2.0615597    
    287424   2.0144525    
    287712   1.9649365    
    288000   1.9140306    
    288288   1.8624579    
    288576   1.8096712    
    288864   1.7552981    
    289152   1.7002547    
    289440   1.6451716    
    289728   1.5895597    
    290016   1.5330682    
    290304   1.4764498    
    290592   1.4203002    
    290880   1.3642237    
    291168   1.3079765    
    291456   1.2523123    
    291744   1.1976931    
    292032   1.1437523    
    292320   1.0902512    
    292608   1.0370262    
    292896   1.0000000    
    293184   1.0000000    
    293472   1.0000000    
    293760   1.0000000    
    294048   1.0000000    
    294336   1.0000000    
    294624   1.0000000    
    294912   1.0000000    
    295200   1.0000000    
    295488   1.0000000    
    295776   1.0000000    
    296064   1.0000000    
    296352   1.0000000    
    296640   1.0000000    
    296928   1.0000000    
    297216   1.0000000    
    297504   1.0000000    
    297792   1.0000000    
    298080   1.0000000    
    298368   1.0000000    
    298656   1.0000000    
    298944   1.0000000    
    299232   1.0000000    
    299520   1.0000000    
    299808   1.0000000    
    300096   1.0000000    
    300384   1.0000000    
    300672   1.0000000    
    300960   1.0000000    
    301248   1.0000000    
    301536   1.0000000    
    301824   1.0000000    
    302112   1.0000000    
    302400   1.0000000    
    302688   1.0000000    
    302976   1.0000000    
    303264   1.0000000    
    303552   1.0000000    
    303840   1.0000000    
    304128   1.0000000    
    304416   1.0000000    
    304704   1.0000000    
    304992   1.0000000    
    305280   1.0000000    
    305568   1.0000000    
    305856   1.0000000    
    306144   1.0000000    
    306432   1.0000000    
    306720   1.0000000    
    307008   1.0000000    
    307296   1.0000000    
    307584   1.0000000    
    307872   1.0000000    
    308160   1.0000000    
    308448   1.0000000    
    308736   1.0000000    
    309024   1.0000000    
    309312   1.0000000    
    309600   1.0000000    
    309888   1.0000000    
    310176   1.0000000    
    310464   1.0000000    
    310752   1.0000000    
    311040   1.0000000    
    311328   1.0000000    
    311616   1.0000000    
    311904   1.0000000    
    312192   1.0000000    
    312480   1.0000000    
    312768   1.0000000    
    313056   1.0000000    
    313344   1.0000000    
    313632   1.0000000    
    313920   1.0000000    
    314208   1.0000000    
    314496   1.0000000    
    314784   1.0000000    
    315072   1.0000000    
