       288   15398.992    
       576   5652.6318    
       864   2496.7249    
      1152   1224.3955    
      1440   685.42169    
      1728   396.75021    
      2016   227.30620    
      2304   141.66815    
      2592   94.150597    
      2880   64.961975    
      3168   45.900074    
      3456   32.949093    
      3744   23.911766    
      4032   17.487171    
      4320   12.859366    
      4608   9.4940872    
      4896   7.0299745    
      5184   5.2165809    
      5472   3.8770928    
      5760   2.8849418    
      6048   2.1485579    
      6336   1.6011784    
      6624   1.1938319    
      6912   1.0000000    
      7200   1.0000000    
      7488   1.0000000    
      7776   1.0000000    
      8064   1.0000000    
      8352   1.0000000    
      8640   1.0000000    
      8928   1.0000000    
      9216   1.0000000    
      9504   1.0000000    
      9792   1.0000000    
     10080   1.0000000    
     10368   1.0000000    
     10656   1.0000000    
     10944   1.0000000    
     11232   1.0000000    
     11520   1.0000000    
     11808   1.0000000    
     12096   1.0000000    
     12384   1.0000000    
     12672   1.0000000    
     12960   1.0000000    
     13248   1.0000000    
     13536   1.0000000    
     13824   1.0000000    
     14112   1.0000000    
     14400   1.0000000    
     14688   1.0000000    
     14976   1.0000000    
     15264   1.0000000    
     15552   1.0000000    
     15840   1.0000000    
     16128   1.0000000    
     16416   1.0000000    
     16704   1.0000000    
     16992   1.0000000    
     17280   1.0000000    
     17568   1.0000000    
     17856   1.0000000    
     18144   1.0000000    
     18432   1.0000000    
     18720   1.0000000    
     19008   1.0000000    
     19296   1.0000000    
     19584   1.0000000    
     19872   1.0000000    
     20160   1.0000000    
     20448   1.0000000    
     20736   1.0000000    
     21024   1.0000000    
     21312   1.0000000    
     21600   1.0000000    
     21888   1.0000000    
     22176   1.0000000    
     22464   1.0000000    
     22752   1.0000000    
     23040   1.0000000    
     23328   1.0000000    
     23616   1.0000000    
     23904   1.0000000    
     24192   1.0000000    
     24480   1.0000000    
     24768   1.0000000    
     25056   1.0000000    
     25344   1.0000000    
     25632   1.0000000    
     25920   1.0000000    
     26208   1.0000000    
     26496   1.0000000    
     26784   1.0000000    
     27072   1.0000000    
     27360   1.0025456    
     27648   3.1830580    
     27936   65.786880    
     28224   3255.7271    
     28512   5894.5332    
     28800   6542.7588    
     29088   7028.4570    
     29376   7406.6646    
     29664   7715.2466    
     29952   7993.2554    
     30240   8107.7681    
     30528   8249.6445    
     30816   8413.7227    
     31104   8592.2051    
     31392   8794.9736    
     31680   8996.3906    
     31968   9195.0322    
     32256   9390.9072    
     32544   9464.9775    
     32832   9581.1426    
     33120   9723.2529    
     33408   9879.5146    
     33696   10042.058    
     33984   10225.688    
     34272   10398.104    
     34560   10561.105    
     34848   10578.618    
     35136   10646.677    
     35424   10743.503    
     35712   10876.499    
     36000   11002.880    
     36288   11122.559    
     36576   11235.780    
     36864   11342.236    
     37152   11303.853    
     37440   11342.807    
     37728   11397.265    
     38016   11458.304    
     38304   11520.733    
     38592   11581.204    
     38880   11637.748    
     39168   11689.384    
     39456   11596.802    
     39744   11589.379    
     40032   11600.805    
     40320   11622.643    
     40608   11650.242    
     40896   11680.862    
     41184   11712.975    
     41472   11745.982    
     41760   11637.693    
     42048   11600.864    
     42336   11604.384    
     42624   11629.910    
     42912   11667.347    
     43200   11736.394    
     43488   11793.875    
     43776   11846.377    
     44064   11750.794    
     44352   11731.085    
     44640   11752.001    
     44928   11793.257    
     45216   11844.032    
     45504   11898.683    
     45792   11954.166    
     46080   12009.041    
     46368   12062.443    
     46656   12113.947    
     46944   12163.380    
     47232   12057.412    
     47520   12033.062    
     47808   12048.688    
     48096   12082.295    
     48384   12122.688    
     48672   12164.425    
     48960   12204.882    
     49248   12242.837    
     49536   12277.723    
     49824   12309.298    
     50112   12337.534    
     50400   12336.068    
     50688   12348.277    
     50976   12364.387    
     51264   12379.791    
     51552   12392.854    
     51840   12402.935    
     52128   12409.930    
     52416   12413.763    
     52704   12414.528    
     52992   12412.204    
     53280   12406.786    
     53568   12398.373    
     53856   12386.947    
     54144   12346.119    
     54432   12319.493    
     54720   12296.792    
     55008   12273.343    
     55296   12247.480    
     55584   12218.566    
     55872   12186.428    
     56160   12151.024    
     56448   12112.329    
     56736   12070.435    
     57024   11999.269    
     57312   11941.741    
     57600   12073.924    
     57888   12096.062    
     58176   12066.424    
     58464   12012.301    
     58752   11946.166    
     59040   11873.671    
     59328   11772.100    
     59616   11684.251    
     59904   11600.717    
     60192   11706.800    
     60480   11702.401    
     60768   11645.422    
     61056   11563.491    
     61344   11469.424    
     61632   11369.181    
     61920   11241.439    
     62208   11317.775    
     62496   11291.636    
     62784   11214.976    
     63072   11113.753    
     63360   11000.411    
     63648   10880.872    
     63936   10947.952    
     64224   10887.607    
     64512   10788.599    
     64800   10670.216    
     65088   10541.504    
     65376   10407.134    
     65664   10459.248    
     65952   10410.071    
     66240   10308.489    
     66528   10159.609    
     66816   10010.510    
     67104   10049.060    
     67392   9990.9932    
     67680   9881.1475    
     67968   9744.7627    
     68256   9779.3086    
     68544   9716.1240    
     68832   9600.1348    
     69120   9437.8916    
     69408   9453.9746    
     69696   9382.4658    
     69984   9261.4668    
     70272   9114.2012    
     70560   8953.0479    
     70848   8961.7344    
     71136   8886.9502    
     71424   8763.2871    
     71712   8595.9219    
     72000   8643.5537    
     72288   8591.7568    
     72576   8480.0869    
     72864   8335.1074    
     73152   8171.8833    
     73440   8165.3472    
     73728   8085.3472    
     74016   7958.9795    
     74304   7806.0078    
     74592   7786.2764    
     74880   7701.4160    
     75168   7574.2812    
     75456   7578.9517    
     75744   7508.7603    
     76032   7389.2559    
     76320   7240.5112    
     76608   7225.8140    
     76896   7147.3511    
     77184   7012.5229    
     77472   6856.4473    
     77760   6834.4517    
     78048   6755.9609    
     78336   6635.9521    
     78624   6489.9014    
     78912   6468.0557    
     79200   6392.4619    
     79488   6275.9497    
     79776   6123.2407    
     80064   6092.8477    
     80352   6016.4478    
     80640   5902.2720    
     80928   5763.1147    
     81216   5736.4585    
     81504   5664.9126    
     81792   5555.4067    
     82080   5412.3887    
     82368   5254.9629    
     82656   5211.8599    
     82944   5134.7441    
     83232   5024.6045    
     83520   4891.4834    
     83808   4858.3750    
     84096   4784.2056    
     84384   4676.5752    
     84672   4547.1484    
     84960   4402.0923    
     85248   4353.4014    
     85536   4279.2798    
     85824   4174.8354    
     86112   4043.6477    
     86400   3896.8586    
     86688   3838.7578    
     86976   3762.5950    
     87264   3659.1001    
     87552   3535.1846    
     87840   3392.7539    
     88128   3238.7446    
     88416   3163.2317    
     88704   3080.5806    
     88992   2975.7532    
     89280   2853.6577    
     89568   2716.3271    
     89856   2568.3345    
     90144   2414.1174    
     90432   2322.7869    
     90720   2237.3367    
     91008   2136.4844    
     91296   2021.1523    
     91584   1894.5287    
     91872   1760.6898    
     92160   1621.4850    
     92448   1478.2764    
     92736   1332.1836    
     93024   1183.8331    
     93312   1071.7222    
     93600   980.81934    
     93888   889.44885    
     94176   793.68304    
     94464   693.87225    
     94752   591.48700    
     95040   489.06873    
     95328   389.30289    
     95616   297.51550    
     95904   220.44699    
     96192   159.01437    
     96480   111.99117    
     96768   77.433197    
     97056   53.552853    
     97344   37.790855    
     97632   27.045115    
     97920   19.547476    
     98208   14.229767    
     98496   10.413363    
     98784   7.6505632    
     99072   5.6375790    
     99360   4.1637764    
     99648   3.0807557    
     99936   2.2826369    
    100224   1.6931787    
    100512   1.2570728    
    100800   1.0000000    
    101088   1.0000000    
    101376   1.0000000    
    101664   1.0000000    
    101952   1.0000000    
    102240   1.0000000    
    102528   1.0000000    
    102816   1.0000000    
    103104   1.0000000    
    103392   1.0000000    
    103680   1.0000000    
    103968   1.0000000    
    104256   1.0000000    
    104544   1.0000000    
    104832   1.0000000    
    105120   1.0000000    
    105408   1.0000000    
    105696   1.0000000    
    105984   1.0000000    
    106272   1.0000000    
    106560   1.0000000    
    106848   1.0000000    
    107136   1.0000000    
    107424   1.0000000    
    107712   1.0000000    
    108000   1.0000000    
    108288   1.0000000    
    108576   1.0000000    
    108864   1.0000000    
    109152   1.0000000    
    109440   1.0000000    
    109728   1.0000000    
    110016   1.0000000    
    110304   1.0000000    
    110592   1.0000000    
    110880   1.0000000    
    111168   1.0000000    
    111456   1.0000000    
    111744   1.0000000    
    112032   1.0000000    
    112320   1.0000000    
    112608   1.0000000    
    112896   1.0000000    
    113184   1.0000000    
    113472   1.0000000    
    113760   1.0000000    
    114048   1.0000000    
    114336   1.0000000    
    114624   1.0000000    
    114912   1.0000000    
    115200   1.0000000    
    115488   1.0000000    
    115776   1.0000000    
    116064   1.0000000    
    116352   1.0000000    
    116640   1.0000000    
    116928   1.0000000    
    117216   1.0000000    
    117504   1.0000000    
    117792   1.0000000    
    118080   1.0000000    
    118368   1.0000000    
    118656   1.0000000    
    118944   1.0000000    
    119232   1.0000000    
    119520   1.0000000    
    119808   1.0000000    
    120096   1.0000000    
    120384   1.0000000    
    120672   1.0000000    
    120960   1.0000000    
    121248   1.0000000    
    121536   1.0000000    
    121824   1.0000000    
    122112   1.0000000    
    122400   1.0000000    
    122688   1.0000000    
    122976   1.0000000    
    123264   1.0000000    
    123552   1.0000000    
    123840   1.0000000    
    124128   1.0000000    
    124416   1.0000000    
    124704   1.0000000    
    124992   1.0000000    
    125280   1.0000000    
    125568   1.0000000    
    125856   1.0000000    
    126144   1.0000000    
    126432   1.0000000    
    126720   1.0000000    
    127008   1.0000000    
    127296   1.0000000    
    127584   1.0000000    
    127872   1.0000000    
    128160   1.0000000    
    128448   1.0000000    
    128736   1.0000000    
    129024   1.0000000    
    129312   1.0000000    
    129600   1.0000000    
    129888   1.0000000    
    130176   1.0000000    
    130464   1.0000000    
    130752   1.0000000    
    131040   1.0000000    
    131328   1.0000000    
    131616   1.0000000    
    131904   1.0000000    
    132192   1.0000000    
    132480   1.0000000    
    132768   1.0000000    
    133056   1.0000000    
    133344   1.0000000    
    133632   1.0000000    
    133920   1.0000000    
    134208   1.0000000    
    134496   1.0000000    
    134784   1.0000000    
    135072   1.0000000    
    135360   1.0000000    
    135648   1.0000000    
    135936   1.0000000    
    136224   1.0000000    
    136512   1.0000000    
    136800   1.0000000    
    137088   1.0000000    
    137376   1.0000000    
    137664   1.0000000    
    137952   1.0000000    
    138240   1.0000000    
    138528   1.0000000    
    138816   1.0000000    
    139104   1.0000000    
    139392   1.0000000    
    139680   1.0000000    
    139968   1.0000000    
    140256   1.0000000    
    140544   1.0000000    
    140832   1.0000000    
    141120   1.0000000    
    141408   1.0000000    
    141696   1.0000000    
    141984   1.0000000    
    142272   1.0000000    
    142560   1.0000000    
    142848   1.0000000    
    143136   1.0000000    
    143424   1.0000000    
    143712   1.0000000    
    144000   1.0000000    
    144288   1.0000000    
    144576   1.0000000    
    144864   1.0000000    
    145152   1.0112134    
    145440   1.8878028    
    145728   7.5386524    
    146016   65.062317    
    146304   918.18054    
    146592   3364.5674    
    146880   3899.0718    
    147168   4129.7910    
    147456   4325.0073    
    147744   4500.7114    
    148032   4663.7397    
    148320   4825.2969    
    148608   4980.2617    
    148896   5129.5293    
    149184   5237.0615    
    149472   5343.9199    
    149760   5457.9756    
    150048   5578.7158    
    150336   5704.2354    
    150624   5832.4297    
    150912   5961.4434    
    151200   6089.7046    
    151488   6216.1206    
    151776   6339.9458    
    152064   6460.7061    
    152352   6536.9468    
    152640   6611.9502    
    152928   6693.7988    
    153216   6781.6636    
    153504   6873.0186    
    153792   6965.3389    
    154080   7056.6055    
    154368   7145.4727    
    154656   7231.0605    
    154944   7312.8706    
    155232   7390.5688    
    155520   7451.2197    
    155808   7514.4395    
    156096   7576.9268    
    156384   7636.3999    
    156672   7691.9741    
    156960   7743.3892    
    157248   7790.5903    
    157536   7833.5728    
    157824   7872.3413    
    158112   7906.8511    
    158400   7937.1582    
    158688   7963.2612    
    158976   7985.1992    
    159264   7988.9731    
    159552   7996.8271    
    159840   8004.2285    
    160128   8008.6572    
    160416   8009.2666    
    160704   8005.7764    
    160992   7998.1440    
    161280   7986.3687    
    161568   7970.4941    
    161856   7950.6299    
    162144   7912.8354    
    162432   7879.3115    
    162720   7905.2812    
    163008   7918.3813    
    163296   7912.1348    
    163584   7889.6948    
    163872   7855.3052    
    164160   7812.3882    
    164448   7749.7432    
    164736   7690.2539    
    165024   7630.4502    
    165312   7630.8105    
    165600   7617.5781    
    165888   7585.2515    
    166176   7537.3623    
    166464   7478.2017    
    166752   7411.1470    
    167040   7325.9517    
    167328   7307.9360    
    167616   7279.0337    
    167904   7232.2676    
    168192   7170.5952    
    168480   7098.0312    
    168768   7017.8799    
    169056   6997.8477    
    169344   6951.3872    
    169632   6891.9199    
    169920   6820.5273    
    170208   6739.2856    
    170496   6650.7495    
    170784   6623.9375    
    171072   6582.3110    
    171360   6521.6465    
    171648   6435.2617    
    171936   6342.9146    
    172224   6313.8994    
    172512   6269.7197    
    172800   6205.9380    
    173088   6126.4590    
    173376   6103.4629    
    173664   6061.7739    
    173952   5998.4937    
    174240   5909.0205    
    174528   5879.2397    
    174816   5833.5698    
    175104   5767.2915    
    175392   5684.3784    
    175680   5588.9219    
    175968   5552.8267    
    176256   5500.8496    
    176544   5428.7842    
    176832   5332.6367    
    177120   5314.8501    
    177408   5278.5298    
    177696   5217.6079    
    177984   5136.9092    
    178272   5041.1372    
    178560   5002.2168    
    178848   4947.3057    
    179136   4871.7559    
    179424   4779.6567    
    179712   4736.2495    
    180000   4677.5400    
    180288   4599.5762    
    180576   4572.4863    
    180864   4526.3198    
    181152   4456.4575    
    181440   4367.7666    
    181728   4330.4204    
    182016   4276.7935    
    182304   4196.0137    
    182592   4098.3359    
    182880   4054.0083    
    183168   3996.2024    
    183456   3917.6772    
    183744   3822.3545    
    184032   3777.5552    
    184320   3719.7712    
    184608   3641.1606    
    184896   3541.7993    
    185184   3491.0723    
    185472   3430.3459    
    185760   3349.8760    
    186048   3253.2251    
    186336   3203.9104    
    186624   3145.0613    
    186912   3066.0796    
    187200   2967.7695    
    187488   2855.2991    
    187776   2790.8545    
    188064   2722.4619    
    188352   2636.4531    
    188640   2535.6089    
    188928   2476.8811    
    189216   2412.8723    
    189504   2329.1201    
    189792   2230.3345    
    190080   2119.4478    
    190368   2047.5242    
    190656   1977.5737    
    190944   1892.0621    
    191232   1791.2512    
    191520   1677.4052    
    191808   1595.9735    
    192096   1520.9967    
    192384   1433.6565    
    192672   1333.7087    
    192960   1222.8427    
    193248   1102.6548    
    193536   1005.6774    
    193824   919.95636    
    194112   828.96582    
    194400   730.57416    
    194688   626.29425    
    194976   518.54675    
    195264   411.18658    
    195552   319.30872    
    195840   242.40648    
    196128   176.92215    
    196416   124.63471    
    196704   85.388084    
    196992   57.369972    
    197280   38.929565    
    197568   26.899374    
    197856   18.828806    
    198144   13.307025    
    198432   9.4744625    
    198720   6.7854581    
    199008   4.8829250    
    199296   3.5278516    
    199584   2.5574577    
    199872   1.8593973    
    200160   1.3553182    
    200448   1.0000000    
    200736   1.0000000    
    201024   1.0000000    
    201312   1.0000000    
    201600   1.0000000    
    201888   1.0000000    
    202176   1.0000000    
    202464   1.0000000    
    202752   1.0000000    
    203040   1.0000000    
    203328   1.0000000    
    203616   1.0000000    
    203904   1.0000000    
    204192   1.0000000    
    204480   1.0000000    
    204768   1.0000000    
    205056   1.0000000    
    205344   1.0000000    
    205632   1.0000000    
    205920   1.0000000    
    206208   1.0000000    
    206496   1.0000000    
    206784   1.0000000    
    207072   1.0000000    
    207360   1.0000000    
    207648   1.0000000    
    207936   1.0000000    
    208224   1.0000000    
    208512   1.0000000    
    208800   1.0000000    
    209088   1.0000000    
    209376   1.0000000    
    209664   1.0000000    
    209952   1.0000000    
    210240   1.0000000    
    210528   1.0000000    
    210816   1.0000000    
    211104   1.0000000    
    211392   1.0000000    
    211680   1.0000000    
    211968   1.0000000    
    212256   1.0000000    
    212544   1.0000000    
    212832   1.0000000    
    213120   1.0000000    
    213408   1.0000000    
    213696   1.0000000    
    213984   1.0000000    
    214272   1.0000000    
    214560   1.0000000    
    214848   1.0000000    
    215136   1.0000000    
    215424   1.0000000    
    215712   1.0000000    
    216000   1.0000000    
    216288   1.0000000    
    216576   1.0000000    
    216864   1.0000000    
    217152   1.0000000    
    217440   1.0000000    
    217728   1.0000000    
    218016   1.0000000    
    218304   1.0000000    
    218592   1.0000000    
    218880   1.0000000    
    219168   1.0000000    
    219456   1.0000000    
    219744   1.0000000    
    220032   1.0000000    
    220320   1.0000000    
    220608   1.0000000    
    220896   1.0000000    
    221184   1.0000000    
    221472   1.0000000    
    221760   1.0000000    
    222048   1.0000000    
    222336   1.0000000    
    222624   1.0000000    
    222912   1.0000000    
    223200   1.0000000    
    223488   1.0000000    
    223776   1.0000000    
    224064   1.0000000    
    224352   1.0000000    
    224640   1.0000000    
    224928   1.0000000    
    225216   1.0000000    
    225504   1.0000000    
    225792   1.0000000    
    226080   1.0000000    
    226368   1.0000000    
    226656   1.0000000    
    226944   1.0000000    
    227232   1.0000000    
    227520   1.0000000    
    227808   1.0000000    
    228096   1.0000000    
    228384   1.0000000    
    228672   1.0000000    
    228960   1.0000000    
    229248   1.0000000    
    229536   1.0000000    
    229824   1.0000000    
    230112   1.0000000    
    230400   1.0000000    
    230688   1.0000000    
    230976   1.0000000    
    231264   1.0000000    
    231552   1.0000000    
    231840   1.0000000    
    232128   1.0000000    
    232416   1.0000000    
    232704   1.0000000    
    232992   1.0000000    
    233280   1.0000000    
    233568   1.0000000    
    233856   1.0000000    
    234144   1.0000000    
    234432   1.0000000    
    234720   1.0000000    
    235008   1.0000000    
    235296   1.0000000    
    235584   1.0000000    
    235872   1.0000000    
    236160   1.0000000    
    236448   1.0000000    
    236736   1.0000000    
    237024   1.0000000    
    237312   1.0000000    
    237600   1.0000000    
    237888   1.0000000    
    238176   1.0000000    
    238464   1.0000000    
    238752   1.0000000    
    239040   1.0000000    
    239328   1.0000000    
    239616   1.0000000    
    239904   1.0000000    
    240192   1.0000000    
    240480   1.0000000    
    240768   1.0000000    
    241056   1.0000000    
    241344   1.0000000    
    241632   1.0000000    
    241920   1.0000000    
    242208   1.0000000    
    242496   1.0000000    
    242784   1.0000000    
    243072   1.0000000    
    243360   1.0000000    
    243648   1.0000000    
    243936   1.0000000    
    244224   1.0000000    
    244512   1.0000000    
    244800   1.0000000    
    245088   1.0000000    
    245376   1.0000000    
    245664   1.0000000    
    245952   1.0000000    
    246240   1.0000000    
    246528   1.0000000    
    246816   1.0000000    
    247104   1.0000000    
    247392   1.0000000    
    247680   1.0000000    
    247968   1.0000000    
    248256   1.0000000    
    248544   1.0000000    
    248832   1.0000000    
    249120   1.0000000    
    249408   1.0000000    
    249696   1.0000000    
    249984   1.0000000    
    250272   1.0000000    
    250560   1.0000000    
    250848   1.0000000    
    251136   1.0000000    
    251424   1.0000000    
    251712   1.0000000    
    252000   1.0000000    
    252288   1.0000000    
    252576   1.0000000    
    252864   1.0000000    
    253152   1.0000000    
    253440   1.0000000    
    253728   1.0000000    
    254016   1.0000000    
    254304   1.0000000    
    254592   1.0000000    
    254880   1.0000000    
    255168   1.0000000    
    255456   1.0000000    
    255744   1.0000000    
    256032   1.0000000    
    256320   1.0000000    
    256608   1.0000000    
    256896   1.0000000    
    257184   1.0000000    
    257472   1.0000000    
    257760   1.0000000    
    258048   1.0000000    
    258336   1.0000000    
    258624   1.0000000    
    258912   1.0000000    
    259200   1.0000000    
    259488   1.0000000    
    259776   1.0000000    
    260064   1.0000000    
    260352   1.0000000    
    260640   1.0000000    
    260928   1.0000000    
    261216   1.0000000    
    261504   1.0000000    
    261792   1.0000000    
    262080   1.0000000    
    262368   1.0000000    
    262656   1.0000000    
    262944   1.0000000    
    263232   1.0000000    
    263520   1.0000000    
    263808   1.0000000    
    264096   1.0000000    
    264384   1.2535546    
    264672   3.6947711    
    264960   25.978626    
    265248   391.17371    
    265536   2998.5081    
    265824   4011.5513    
    266112   4308.9526    
    266400   4539.8477    
    266688   4730.5596    
    266976   4888.7188    
    267264   5013.1587    
    267552   5117.8730    
    267840   5248.6685    
    268128   5364.9209    
    268416   5460.4307    
    268704   5536.8311    
    268992   5596.7393    
    269280   5642.7051    
    269568   5668.3306    
    269856   5687.2183    
    270144   5699.5640    
    270432   5750.3291    
    270720   5793.4160    
    271008   5821.1626    
    271296   5834.2231    
    271584   5834.6670    
    271872   5824.5679    
    272160   5796.9609    
    272448   5814.0034    
    272736   5825.6616    
    273024   5823.0303    
    273312   5806.4907    
    273600   5778.0166    
    273888   5739.7031    
    274176   5743.5444    
    274464   5730.3931    
    274752   5705.4082    
    275040   5668.7065    
    275328   5620.9780    
    275616   5563.8628    
    275904   5551.2197    
    276192   5529.9673    
    276480   5493.2720    
    276768   5434.5410    
    277056   5367.0215    
    277344   5346.0791    
    277632   5316.1616    
    277920   5270.2129    
    278208   5209.6953    
    278496   5191.3369    
    278784   5160.9585    
    279072   5112.6460    
    279360   5041.5630    
    279648   5014.5039    
    279936   4977.3125    
    280224   4922.7983    
    280512   4852.7734    
    280800   4769.7793    
    281088   4731.7261    
    281376   4683.4043    
    281664   4618.2705    
    281952   4532.3716    
    282240   4506.9888    
    282528   4470.8154    
    282816   4414.7261    
    283104   4341.1426    
    283392   4252.9956    
    283680   4208.7900    
    283968   4154.0981    
    284256   4081.9004    
    284544   3994.5615    
    284832   3945.7849    
    285120   3886.4756    
    285408   3810.6553    
    285696   3775.3381    
    285984   3727.6592    
    286272   3659.9468    
    286560   3575.2473    
    286848   3530.9709    
    287136   3476.2256    
    287424   3398.9753    
    287712   3305.2949    
    288000   3253.4060    
    288288   3193.5696    
    288576   3115.7458    
    288864   3022.5774    
    289152   2969.1533    
    289440   2908.7131    
    289728   2830.2178    
    290016   2733.8196    
    290304   2674.4448    
    290592   2610.7205    
    290880   2529.7932    
    291168   2433.9519    
    291456   2374.2952    
    291744   2311.6614    
    292032   2231.7896    
    292320   2135.2122    
    292608   2024.6953    
    292896   1949.0212    
    293184   1875.5907    
    293472   1787.5369    
    293760   1685.6969    
    294048   1612.6295    
    294336   1542.2473    
    294624   1456.3728    
    294912   1356.5221    
    295200   1245.2360    
    295488   1157.2905    
    295776   1077.1593    
    296064   987.70697    
    296352   887.16016    
    296640   776.88477    
    296928   682.08484    
    297216   597.16089    
    297504   510.00299    
    297792   419.42264    
    298080   328.11932    
    298368   240.39333    
    298656   169.65010    
    298944   117.25360    
    299232   79.106369    
    299520   52.198746    
    299808   34.542194    
    300096   23.260948    
    300384   15.861403    
    300672   10.918441    
    300960   7.5723186    
    301248   5.2842045    
    301536   3.7070348    
    301824   2.6127489    
    302112   1.8492432    
    302400   1.3139033    
    302688   1.0000000    
    302976   1.0000000    
    303264   1.0000000    
    303552   1.0000000    
    303840   1.0000000    
    304128   1.0000000    
    304416   1.0000000    
    304704   1.0000000    
    304992   1.0000000    
    305280   1.0000000    
    305568   1.0000000    
    305856   1.0000000    
    306144   1.0000000    
    306432   1.0000000    
    306720   1.0000000    
    307008   1.0000000    
    307296   1.0000000    
    307584   1.0000000    
    307872   1.0000000    
    308160   1.0000000    
    308448   1.0000000    
    308736   1.0000000    
    309024   1.0000000    
    309312   1.0000000    
    309600   1.0000000    
    309888   1.0000000    
    310176   1.0000000    
    310464   1.0000000    
    310752   1.0000000    
    311040   1.0000000    
    311328   1.0000000    
    311616   1.0000000    
    311904   1.0000000    
    312192   1.0000000    
    312480   1.0000000    
    312768   1.0000000    
    313056   1.0000000    
    313344   1.0000000    
    313632   1.0000000    
    313920   1.0000000    
    314208   1.0000000    
    314496   1.0000000    
    314784   1.0000000    
    315072   1.0000000    
