       288   3.6145940    
       576   3.6545181    
       864   3.6742449    
      1152   3.6881895    
      1440   3.7000973    
      1728   3.7131984    
      2016   3.7256942    
      2304   3.7378194    
      2592   3.7496121    
      2880   3.7610741    
      3168   3.7722049    
      3456   3.7849553    
      3744   3.7973588    
      4032   3.8096151    
      4320   3.8220851    
      4608   3.8349910    
      4896   3.8484621    
      5184   3.8643157    
      5472   3.8806496    
      5760   3.8974180    
      6048   3.9145625    
      6336   3.9320092    
      6624   3.9496834    
      6912   3.9690132    
      7200   3.9882448    
      7488   4.0073633    
      7776   4.0263524    
      8064   4.0452113    
      8352   4.0652533    
      8640   4.0850034    
      8928   4.1045103    
      9216   4.1238093    
      9504   4.1429286    
      9792   4.1618938    
     10080   4.1818614    
     10368   4.2015643    
     10656   4.2210498    
     10944   4.2403550    
     11232   4.2595034    
     11520   4.2785196    
     11808   4.2984524    
     12096   4.3181710    
     12384   4.3376989    
     12672   4.3570666    
     12960   4.3762913    
     13248   4.3963656    
     13536   4.4162312    
     13824   4.4359150    
     14112   4.4554281    
     14400   4.4747906    
     14688   4.4940095    
     14976   4.5130877    
     15264   4.5329652    
     15552   4.5526290    
     15840   4.5720921    
     16128   4.5913725    
     16416   4.6104732    
     16704   4.6293979    
     16992   4.6490626    
     17280   4.6684804    
     17568   4.6876655    
     17856   4.7066231    
     18144   4.7253571    
     18432   4.7438583    
     18720   4.7621212    
     19008   4.7810903    
     19296   4.7997584    
     19584   4.8181257    
     19872   4.8357511    
     20160   4.8517919    
     20448   4.8666530    
     20736   4.8806458    
     21024   4.8949780    
     21312   4.9086256    
     21600   4.9215913    
     21888   4.9338474    
     22176   4.9453678    
     22464   4.9561052    
     22752   4.9660149    
     23040   4.9750280    
     23328   4.9845695    
     23616   4.9931860    
     23904   5.0008154    
     24192   5.0073724    
     24480   5.0127811    
     24768   5.0169430    
     25056   5.0197668    
     25344   5.0211196    
     25632   5.0227265    
     25920   5.0227561    
     26208   5.0210762    
     26496   5.0175281    
     26784   5.0119395    
     27072   5.0041261    
     27360   4.9938736    
     27648   4.9809771    
     27936   4.9683409    
     28224   4.9556861    
     28512   4.9569421    
     28800   4.9625082    
     29088   4.9698830    
     29376   4.9783792    
     29664   4.9875007    
     29952   4.9969463    
     30240   5.0096140    
     30528   5.0212593    
     30816   5.0321355    
     31104   5.0424256    
     31392   5.0522666    
     31680   5.0617795    
     31968   5.0709982    
     32256   5.0799565    
     32544   5.0919881    
     32832   5.1027203    
     33120   5.1125574    
     33408   5.1217661    
     33696   5.1305165    
     33984   5.1389551    
     34272   5.1471758    
     34560   5.1551919    
     34848   5.1664157    
     35136   5.1762142    
     35424   5.1850996    
     35712   5.1933937    
     36000   5.2013235    
     36288   5.2089543    
     36576   5.2163415    
     36864   5.2235212    
     37152   5.2339354    
     37440   5.2428842    
     37728   5.2509627    
     38016   5.2584448    
     38304   5.2654924    
     38592   5.2722206    
     38880   5.2786970    
     39168   5.2849555    
     39456   5.2943549    
     39744   5.3022375    
     40032   5.3092303    
     40320   5.3156061    
     40608   5.3215370    
     40896   5.3271222    
     41184   5.3324304    
     41472   5.3374953    
     41760   5.3455515    
     42048   5.3520527    
     42336   5.3576164    
     42624   5.3625827    
     42912   5.3671336    
     43200   5.3714128    
     43488   5.3755035    
     43776   5.3793888    
     44064   5.3861570    
     44352   5.3914013    
     44640   5.3957529    
     44928   5.3995495    
     45216   5.4029732    
     45504   5.4061251    
     45792   5.4090581    
     46080   5.4117994    
     46368   5.4143662    
     46656   5.4167743    
     46944   5.4190207    
     47232   5.4241033    
     47520   5.4276919    
     47808   5.4304347    
     48096   5.4326596    
     48384   5.4345312    
     48672   5.4361382    
     48960   5.4375277    
     49248   5.4387217    
     49536   5.4397283    
     49824   5.4405599    
     50112   5.4412184    
     50400   5.4416780    
     50688   5.4419088    
     50976   5.4419737    
     51264   5.4418855    
     51552   5.4416404    
     51840   5.4412408    
     52128   5.4406762    
     52416   5.4399500    
     52704   5.4390550    
     52992   5.4379907    
     53280   5.4367642    
     53568   5.4353619    
     53856   5.4337902    
     54144   5.4320192    
     54432   5.4300270    
     54720   5.4278626    
     55008   5.4255443    
     55296   5.4230728    
     55584   5.4204369    
     55872   5.4176335    
     56160   5.4146657    
     56448   5.4115272    
     56736   5.4082165    
     57024   5.4047170    
     57312   5.4009871    
     57600   5.3940229    
     57888   5.3883042    
     58176   5.3831248    
     58464   5.3781404    
     58752   5.3731742    
     59040   5.3681431    
     59328   5.3629766    
     59616   5.3576269    
     59904   5.3521318    
     60192   5.3433280    
     60480   5.3358145    
     60768   5.3288727    
     61056   5.3221488    
     61344   5.3154593    
     61632   5.3087182    
     61920   5.3018546    
     62208   5.2915525    
     62496   5.2825661    
     62784   5.2741947    
     63072   5.2660728    
     63360   5.2580142    
     63648   5.2499213    
     63936   5.2384124    
     64224   5.2282133    
     64512   5.2186117    
     64800   5.2092834    
     65088   5.2000475    
     65376   5.1908040    
     65664   5.1780753    
     65952   5.1667166    
     66240   5.1560287    
     66528   5.1456285    
     66816   5.1352944    
     67104   5.1214509    
     67392   5.1090322    
     67680   5.0973444    
     67968   5.0860100    
     68256   5.0712562    
     68544   5.0579977    
     68832   5.0455270    
     69120   5.0334396    
     69408   5.0178485    
     69696   5.0037837    
     69984   4.9905553    
     70272   4.9777737    
     70560   4.9652152    
     70848   4.9490733    
     71136   4.9343991    
     71424   4.9205461    
     71712   4.9071407    
     72000   4.8892651    
     72288   4.8732829    
     72576   4.8584089    
     72864   4.8441782    
     73152   4.8303094    
     73440   4.8128762    
     73728   4.7969460    
     74016   4.7819233    
     74304   4.7674389    
     74592   4.7494583    
     74880   4.7330127    
     75168   4.7175250    
     75456   4.6987877    
     75744   4.6817803    
     76032   4.6658616    
     76320   4.6506343    
     76608   4.6319923    
     76896   4.6149578    
     77184   4.5989547    
     77472   4.5836086    
     77760   4.5648222    
     78048   4.5476365    
     78336   4.5315175    
     78624   4.5161133    
     78912   4.4973249    
     79200   4.4801245    
     79488   4.4640088    
     79776   4.4486356    
     80064   4.4298835    
     80352   4.4127097    
     80640   4.3966441    
     80928   4.3813586    
     81216   4.3627839    
     81504   4.3457866    
     81792   4.3299141    
     82080   4.3148513    
     82368   4.3003712    
     82656   4.2825341    
     82944   4.2661481    
     83232   4.2508326    
     83520   4.2363167    
     83808   4.2186584    
     84096   4.2024989    
     84384   4.1874690    
     84672   4.1732941    
     84960   4.1597886    
     85248   4.1431475    
     85536   4.1279054    
     85824   4.1137471    
     86112   4.1004343    
     86400   4.0877938    
     86688   4.0721517    
     86976   4.0578451    
     87264   4.0446076    
     87552   4.0322294    
     87840   4.0205550    
     88128   4.0094733    
     88416   3.9955399    
     88704   3.9827983    
     88992   3.9710410    
     89280   3.9601040    
     89568   3.9498634    
     89856   3.9402225    
     90144   3.9311132    
     90432   3.9194105    
     90720   3.9087050    
     91008   3.8988717    
     91296   3.8897810    
     91584   3.8813460    
     91872   3.8734958    
     92160   3.8661737    
     92448   3.8593438    
     92736   3.8529742    
     93024   3.8470540    
     93312   3.8389113    
     93600   3.8314745    
     93888   3.8247023    
     94176   3.8185465    
     94464   3.8129582    
     94752   3.8079154    
     95040   3.8033941    
     95328   3.7993782    
     95616   3.7958605    
     95904   3.7928450    
     96192   3.7903230    
     96480   3.7882860    
     96768   3.7867174    
     97056   3.7855947    
     97344   3.7848949    
     97632   3.7845917    
     97920   3.7846594    
     98208   3.7850726    
     98496   3.7858155    
     98784   3.7868690    
     99072   3.7882128    
     99360   3.7898343    
     99648   3.7917185    
     99936   3.7938533    
    100224   3.7962224    
    100512   3.7988272    
    100800   3.8016562    
    101088   3.8047035    
    101376   3.8079636    
    101664   3.8114283    
    101952   3.8167126    
    102240   3.8220990    
    102528   3.8275917    
    102816   3.8331959    
    103104   3.8389220    
    103392   3.8447807    
    103680   3.8507721    
    103968   3.8569033    
    104256   3.8631837    
    104544   3.8696141    
    104832   3.8775308    
    105120   3.8855100    
    105408   3.8935666    
    105696   3.9017169    
    105984   3.9099753    
    106272   3.9183517    
    106560   3.9268589    
    106848   3.9366610    
    107136   3.9465113    
    107424   3.9564338    
    107712   3.9664452    
    108000   3.9765606    
    108288   3.9867959    
    108576   3.9981883    
    108864   4.0096264    
    109152   4.0211315    
    109440   4.0327249    
    109728   4.0444236    
    110016   4.0562387    
    110304   4.0691004    
    110592   4.0820098    
    110880   4.0949888    
    111168   4.1080589    
    111456   4.1212320    
    111744   4.1345215    
    112032   4.1487641    
    112320   4.1630521    
    112608   4.1774101    
    112896   4.1918497    
    113184   4.2063856    
    113472   4.2217827    
    113760   4.2372155    
    114048   4.2527037    
    114336   4.2682691    
    114624   4.2839184    
    114912   4.2996645    
    115200   4.3161988    
    115488   4.3327622    
    115776   4.3493667    
    116064   4.3660359    
    116352   4.3827767    
    116640   4.3995948    
    116928   4.4171262    
    117216   4.4346714    
    117504   4.4522405    
    117792   4.4698491    
    118080   4.4875040    
    118368   4.5058007    
    118656   4.5240850    
    118944   4.5423708    
    119232   4.5606694    
    119520   4.5789828    
    119808   4.5973210    
    120096   4.6156807    
    120384   4.6346102    
    120672   4.6534939    
    120960   4.6723475    
    121248   4.6911769    
    121536   4.7099867    
    121824   4.7287798    
    122112   4.7480655    
    122400   4.7672687    
    122688   4.7864008    
    122976   4.8054695    
    123264   4.8244767    
    123552   4.8434172    
    123840   4.8622899    
    124128   4.8815928    
    124416   4.9007654    
    124704   4.9198151    
    124992   4.9387469    
    125280   4.9575648    
    125568   4.9762678    
    125856   4.9948454    
    126144   5.0137863    
    126432   5.0325418    
    126720   5.0511227    
    127008   5.0695319    
    127296   5.0877686    
    127584   5.1058307    
    127872   5.1237140    
    128160   5.1414113    
    128448   5.1594067    
    128736   5.1771545    
    129024   5.1946635    
    129312   5.2119284    
    129600   5.2289529    
    129888   5.2457299    
    130176   5.2622571    
    130464   5.2785211    
    130752   5.2949777    
    131040   5.3111153    
    131328   5.3269358    
    131616   5.3424311    
    131904   5.3576074    
    132192   5.3724513    
    132480   5.3869581    
    132768   5.4011111    
    133056   5.4154959    
    133344   5.4294505    
    133632   5.4429841    
    133920   5.4560928    
    134208   5.4687610    
    134496   5.4809823    
    134784   5.4927425    
    135072   5.5040259    
    135360   5.5155425    
    135648   5.5264864    
    135936   5.5368686    
    136224   5.5466814    
    136512   5.5559092    
    136800   5.5645256    
    137088   5.5725150    
    137376   5.5798526    
    137664   5.5874877    
    137952   5.5943365    
    138240   5.6004109    
    138528   5.6057067    
    138816   5.6102057    
    139104   5.6138749    
    139392   5.6166620    
    139680   5.6185317    
    139968   5.6208091    
    140256   5.6220036    
    140544   5.6221294    
    140832   5.6211457    
    141120   5.6190128    
    141408   5.6156883    
    141696   5.6111164    
    141984   5.6052403    
    142272   5.5999570    
    142560   5.5931001    
    142848   5.5846667    
    143136   5.5746455    
    143424   5.5629873    
    143712   5.5496325    
    144000   5.5344992    
    144288   5.5175009    
    144576   5.5014310    
    144864   5.4831624    
    145152   5.4627233    
    145440   5.4401350    
    145728   5.4153872    
    146016   5.3885188    
    146304   5.3609309    
    146592   5.3428912    
    146880   5.3377738    
    147168   5.3343592    
    147456   5.3319893    
    147744   5.3304334    
    148032   5.3294945    
    148320   5.3289757    
    148608   5.3287702    
    148896   5.3288116    
    149184   5.3327708    
    149472   5.3358183    
    149760   5.3382273    
    150048   5.3401809    
    150336   5.3418069    
    150624   5.3431945    
    150912   5.3444133    
    151200   5.3455172    
    151488   5.3465338    
    151776   5.3474860    
    152064   5.3483829    
    152352   5.3530302    
    152640   5.3565459    
    152928   5.3592467    
    153216   5.3613501    
    153504   5.3630133    
    153792   5.3643417    
    154080   5.3654232    
    154368   5.3663001    
    154656   5.3670053    
    154944   5.3675585    
    155232   5.3679795    
    155520   5.3682814    
    155808   5.3684349    
    156096   5.3684592    
    156384   5.3683586    
    156672   5.3681355    
    156960   5.3677912    
    157248   5.3673191    
    157536   5.3667173    
    157824   5.3659883    
    158112   5.3651290    
    158400   5.3641415    
    158688   5.3630176    
    158976   5.3617539    
    159264   5.3603520    
    159552   5.3587856    
    159840   5.3570685    
    160128   5.3552155    
    160416   5.3532181    
    160704   5.3510766    
    160992   5.3487945    
    161280   5.3463683    
    161568   5.3437915    
    161856   5.3410697    
    162144   5.3382101    
    162432   5.3351679    
    162720   5.3280473    
    163008   5.3219695    
    163296   5.3165822    
    163584   5.3116231    
    163872   5.3069072    
    164160   5.3023081    
    164448   5.2977505    
    164736   5.2931471    
    165024   5.2884760    
    165312   5.2797217    
    165600   5.2720838    
    165888   5.2651877    
    166176   5.2587533    
    166464   5.2525864    
    166752   5.2465563    
    167040   5.2405782    
    167328   5.2304940    
    167616   5.2215848    
    167904   5.2134619    
    168192   5.2058330    
    168480   5.1984892    
    168768   5.1912909    
    169056   5.1800585    
    169344   5.1700530    
    169632   5.1608572    
    169920   5.1521740    
    170208   5.1438007    
    170496   5.1355882    
    170784   5.1233149    
    171072   5.1122913    
    171360   5.1020961    
    171648   5.0924435    
    171936   5.0830917    
    172224   5.0697446    
    172512   5.0577216    
    172800   5.0465903    
    173088   5.0360317    
    173376   5.0216484    
    173664   5.0087218    
    173952   4.9967737    
    174240   4.9854903    
    174528   4.9703832    
    174816   4.9567699    
    175104   4.9441748    
    175392   4.9322505    
    175680   4.9207573    
    175968   4.9053307    
    176256   4.8912883    
    176544   4.8781900    
    176832   4.8657494    
    177120   4.8484488    
    177408   4.8329306    
    177696   4.8186531    
    177984   4.8052235    
    178272   4.7923598    
    178560   4.7756925    
    178848   4.7604661    
    179136   4.7462468    
    179424   4.7327151    
    179712   4.7155108    
    180000   4.6998138    
    180288   4.6851697    
    180576   4.6670895    
    180864   4.6506925    
    181152   4.6354885    
    181440   4.6211271    
    181728   4.6032352    
    182016   4.5869069    
    182304   4.5717168    
    182592   4.5573378    
    182880   4.5394254    
    183168   4.5230474    
    183456   4.5077763    
    183744   4.4933047    
    184032   4.4753733    
    184320   4.4589591    
    184608   4.4436536    
    184896   4.4291778    
    185184   4.4113293    
    185472   4.3949904    
    185760   4.3797650    
    186048   4.3653646    
    186336   4.3476691    
    186624   4.3314629    
    186912   4.3163729    
    187200   4.3021450    
    187488   4.2885823    
    187776   4.2717247    
    188064   4.2562246    
    188352   4.2417626    
    188640   4.2280936    
    188928   4.2113566    
    189216   4.1960340    
    189504   4.1818266    
    189792   4.1684790    
    190080   4.1558099    
    190368   4.1401515    
    190656   4.1257839    
    190944   4.1124444    
    191232   4.0999489    
    191520   4.0881619    
    191808   4.0735931    
    192096   4.0602570    
    192384   4.0479283    
    192672   4.0364280    
    192960   4.0256510    
    193248   4.0155234    
    193536   4.0028677    
    193824   3.9913278    
    194112   3.9807346    
    194400   3.9709575    
    194688   3.9619191    
    194976   3.9535744    
    195264   3.9458764    
    195552   3.9360793    
    195840   3.9273031    
    196128   3.9194319    
    196416   3.9123828    
    196704   3.9061041    
    196992   3.9005201    
    197280   3.8955710    
    197568   3.8911972    
    197856   3.8873472    
    198144   3.8839817    
    198432   3.8789842    
    198720   3.8746936    
    199008   3.8710058    
    199296   3.8678331    
    199584   3.8651164    
    199872   3.8628137    
    200160   3.8608797    
    200448   3.8592794    
    200736   3.8579814    
    201024   3.8569670    
    201312   3.8562169    
    201600   3.8557246    
    201888   3.8554702    
    202176   3.8554428    
    202464   3.8556330    
    202752   3.8560319    
    203040   3.8566341    
    203328   3.8574359    
    203616   3.8584385    
    203904   3.8596423    
    204192   3.8610399    
    204480   3.8626292    
    204768   3.8644125    
    205056   3.8663881    
    205344   3.8685608    
    205632   3.8709366    
    205920   3.8735178    
    206208   3.8763006    
    206496   3.8792906    
    206784   3.8824890    
    207072   3.8866799    
    207360   3.8909581    
    207648   3.8953550    
    207936   3.8999000    
    208224   3.9046113    
    208512   3.9095073    
    208800   3.9145980    
    209088   3.9198933    
    209376   3.9254029    
    209664   3.9311290    
    209952   3.9376333    
    210240   3.9442775    
    210528   3.9510813    
    210816   3.9580712    
    211104   3.9652631    
    211392   3.9726648    
    211680   3.9802883    
    211968   3.9885747    
    212256   3.9970253    
    212544   4.0056572    
    212832   4.0144925    
    213120   4.0235395    
    213408   4.0328121    
    213696   4.0426722    
    213984   4.0527053    
    214272   4.0629349    
    214560   4.0733733    
    214848   4.0840306    
    215136   4.0949154    
    215424   4.1063237    
    215712   4.1179190    
    216000   4.1297135    
    216288   4.1417174    
    216576   4.1539397    
    216864   4.1663866    
    217152   4.1793027    
    217440   4.1924047    
    217728   4.2056985    
    218016   4.2191997    
    218304   4.2329068    
    218592   4.2470341    
    218880   4.2613349    
    219168   4.2758222    
    219456   4.2904978    
    219744   4.3053713    
    220032   4.3204365    
    220320   4.3358741    
    220608   4.3514690    
    220896   4.3672328    
    221184   4.3831658    
    221472   4.3992701    
    221760   4.4155450    
    222048   4.4321356    
    222336   4.4488664    
    222624   4.4657369    
    222912   4.4827466    
    223200   4.4998984    
    223488   4.5173197    
    223776   4.5348520    
    224064   4.5524964    
    224352   4.5702524    
    224640   4.5881181    
    224928   4.6060901    
    225216   4.6241632    
    225504   4.6424446    
    225792   4.6607990    
    226080   4.6792197    
    226368   4.6977115    
    226656   4.7162662    
    226944   4.7348790    
    227232   4.7536440    
    227520   4.7724371    
    227808   4.7912598    
    228096   4.8101087    
    228384   4.8289738    
    228672   4.8478546    
    228960   4.8667450    
    229248   4.8857250    
    229536   4.9046836    
    229824   4.9236193    
    230112   4.9425282    
    230400   4.9614067    
    230688   4.9802480    
    230976   4.9990449    
    231264   5.0178690    
    231552   5.0366220    
    231840   5.0553045    
    232128   5.0739069    
    232416   5.0924296    
    232704   5.1108623    
    232992   5.1292043    
    233280   5.1474457    
    233568   5.1656513    
    233856   5.1837316    
    234144   5.2016892    
    234432   5.2195139    
    234720   5.2372046    
    235008   5.2547536    
    235296   5.2721596    
    235584   5.2894130    
    235872   5.3065729    
    236160   5.3235621    
    236448   5.3403792    
    236736   5.3570209    
    237024   5.3734818    
    237312   5.3897600    
    237600   5.4058518    
    237888   5.4217515    
    238176   5.4375229    
    238464   5.4530835    
    238752   5.4684334    
    239040   5.4835720    
    239328   5.4984946    
    239616   5.5131998    
    239904   5.5276804    
    240192   5.5419383    
    240480   5.5560441    
    240768   5.5699120    
    241056   5.5835395    
    241344   5.5969257    
    241632   5.6100717    
    241920   5.6229753    
    242208   5.6356359    
    242496   5.6480470    
    242784   5.6603007    
    243072   5.6722889    
    243360   5.6840210    
    243648   5.6954918    
    243936   5.7067099    
    244224   5.7176666    
    244512   5.7283607    
    244800   5.7387943    
    245088   5.7490716    
    245376   5.7590685    
    245664   5.7687955    
    245952   5.7782493    
    246240   5.7874289    
    246528   5.7963395    
    246816   5.8049741    
    247104   5.8133340    
    247392   5.8215470    
    247680   5.8294668    
    247968   5.8370938    
    248256   5.8444324    
    248544   5.8514819    
    248832   5.8582411    
    249120   5.8647070    
    249408   5.8708768    
    249696   5.8769212    
    249984   5.8826423    
    250272   5.8880415    
    250560   5.8931217    
    250848   5.8978806    
    251136   5.9023156    
    251424   5.9064178    
    251712   5.9101815    
    252000   5.9138465    
    252288   5.9171329    
    252576   5.9200482    
    252864   5.9225888    
    253152   5.9247489    
    253440   5.9265137    
    253728   5.9278650    
    254016   5.9287930    
    254304   5.9296479    
    254592   5.9300227    
    254880   5.9299207    
    255168   5.9293356    
    255456   5.9282560    
    255744   5.9266577    
    256032   5.9245214    
    256320   5.9218221    
    256608   5.9185324    
    256896   5.9146180    
    257184   5.9100480    
    257472   5.9054670    
    257760   5.9001312    
    258048   5.8940401    
    258336   5.8871808    
    258624   5.8795266    
    258912   5.8710432    
    259200   5.8616896    
    259488   5.8514271    
    259776   5.8402090    
    260064   5.8279910    
    260352   5.8147240    
    260640   5.8003726    
    260928   5.7848988    
    261216   5.7682519    
    261504   5.7503686    
    261792   5.7312078    
    262080   5.7107139    
    262368   5.6888485    
    262656   5.6655679    
    262944   5.6408377    
    263232   5.6146240    
    263520   5.5869040    
    263808   5.5576510    
    264096   5.5268579    
    264384   5.4945645    
    264672   5.4608078    
    264960   5.4256153    
    265248   5.3895464    
    265536   5.3603096    
    265824   5.3448057    
    266112   5.3334856    
    266400   5.3244276    
    266688   5.3170586    
    266976   5.3109589    
    267264   5.3058381    
    267552   5.3013878    
    267840   5.2936282    
    268128   5.2872772    
    268416   5.2818909    
    268704   5.2771568    
    268992   5.2728419    
    269280   5.2687778    
    269568   5.2648840    
    269856   5.2610340    
    270144   5.2571549    
    270432   5.2492518    
    270720   5.2424111    
    271008   5.2362695    
    271296   5.2305698    
    271584   5.2251282    
    271872   5.2198124    
    272160   5.2145572    
    272448   5.2052150    
    272736   5.1969886    
    273024   5.1894975    
    273312   5.1824746    
    273600   5.1757264    
    273888   5.1691179    
    274176   5.1584635    
    274464   5.1490021    
    274752   5.1403375    
    275040   5.1321759    
    275328   5.1243176    
    275616   5.1166167    
    275904   5.1048412    
    276192   5.0942802    
    276480   5.0845294    
    276768   5.0753331    
    277056   5.0664606    
    277344   5.0535808    
    277632   5.0420036    
    277920   5.0313005    
    278208   5.0211658    
    278496   5.0071979    
    278784   4.9946656    
    279072   4.9831076    
    279360   4.9722228    
    279648   4.9575329    
    279936   4.9443254    
    280224   4.9321222    
    280512   4.9205880    
    280800   4.9094863    
    281088   4.8944669    
    281376   4.8808212    
    281664   4.8681092    
    281952   4.8560572    
    282240   4.8391767    
    282528   4.8240566    
    282816   4.8101487    
    283104   4.7970719    
    283392   4.7845550    
    283680   4.7682710    
    283968   4.7534127    
    284256   4.7395434    
    284544   4.7263489    
    284832   4.7095370    
    285120   4.6942248    
    285408   4.6799388    
    285696   4.6622581    
    285984   4.6462235    
    286272   4.6313457    
    286560   4.6172810    
    286848   4.5997472    
    287136   4.5837488    
    287424   4.5688629    
    287712   4.5547733    
    288000   4.5372396    
    288288   4.5212078    
    288576   4.5062451    
    288864   4.4920454    
    289152   4.4744873    
    289440   4.4584055    
    289728   4.4433923    
    290016   4.4291863    
    290304   4.4117327    
    290592   4.3957500    
    290880   4.3808360    
    291168   4.3667059    
    291456   4.3494182    
    291744   4.3335690    
    292032   4.3187890    
    292320   4.3048387    
    292608   4.2915387    
    292896   4.2751226    
    293184   4.2600288    
    293472   4.2459373    
    293760   4.2326198    
    294048   4.2164245    
    294336   4.2015977    
    294624   4.1878524    
    294912   4.1749439    
    295200   4.1627207    
    295488   4.1477542    
    295776   4.1340470    
    296064   4.1213489    
    296352   4.1094952    
    296640   4.0983801    
    296928   4.0847979    
    297216   4.0724463    
    297504   4.0610981    
    297792   4.0506072    
    298080   4.0409050    
    298368   4.0319438    
    298656   4.0208831    
    298944   4.0110030    
    299232   4.0021081    
    299520   3.9940588    
    299808   3.9867678    
    300096   3.9801614    
    300384   3.9741590    
    300672   3.9663837    
    300960   3.9595201    
    301248   3.9533896    
    301536   3.9478767    
    301824   3.9429018    
    302112   3.9383891    
    302400   3.9342806    
    302688   3.9305248    
    302976   3.9270909    
    303264   3.9239557    
    303552   3.9194729    
    303840   3.9155426    
    304128   3.9120555    
    304416   3.9089332    
    304704   3.9061289    
    304992   3.9036117    
    305280   3.9013524    
    305568   3.8993261    
    305856   3.8975146    
    306144   3.8959112    
    306432   3.8945053    
    306720   3.8932984    
    307008   3.8922808    
    307296   3.8914487    
    307584   3.8908012    
    307872   3.8903356    
    308160   3.8900509    
    308448   3.8899488    
    308736   3.8900416    
    309024   3.8903217    
    309312   3.8907955    
    309600   3.8914635    
    309888   3.8923299    
    310176   3.8933976    
    310464   3.8946733    
    310752   3.8961601    
    311040   3.8978658    
    311328   3.8997922    
    311616   3.9019430    
    311904   3.9043198    
    312192   3.9074314    
    312480   3.9106820    
    312768   3.9140975    
    313056   3.9177053    
    313344   3.9215190    
    313632   3.9255545    
    313920   3.9298198    
    314208   3.9343245    
    314496   3.9390728    
    314784   3.9440725    
    315072   3.9496627    
