       288  0.55362570    
       576  0.30618864    
       864  0.20847109    
      1152  0.16459988    
      1440  0.14044116    
      1728  0.12430408    
      2016  0.11361392    
      2304  0.10519080    
      2592  0.97873598E-01
      2880  0.91314763E-01
      3168  0.85406810E-01
      3456  0.79912804E-01
      3744  0.75265922E-01
      4032  0.71175426E-01
      4320  0.67545906E-01
      4608  0.64346954E-01
      4896  0.61551727E-01
      5184  0.59053265E-01
      5472  0.57032961E-01
      5760  0.55333186E-01
      6048  0.53877264E-01
      6336  0.52619342E-01
      6624  0.51525768E-01
      6912  0.50529003E-01
      7200  0.49746167E-01
      7488  0.49078133E-01
      7776  0.48487350E-01
      8064  0.47948841E-01
      8352  0.47421236E-01
      8640  0.47010746E-01
      8928  0.46643093E-01
      9216  0.46292540E-01
      9504  0.45951251E-01
      9792  0.45617573E-01
     10080  0.45271054E-01
     10368  0.45013629E-01
     10656  0.44778723E-01
     10944  0.44544924E-01
     11232  0.44307355E-01
     11520  0.44066865E-01
     11808  0.43806318E-01
     12096  0.43617565E-01
     12384  0.43450367E-01
     12672  0.43282125E-01
     12960  0.43107737E-01
     13248  0.42909924E-01
     13536  0.42773318E-01
     13824  0.42649839E-01
     14112  0.42527728E-01
     14400  0.42399179E-01
     14688  0.42264234E-01
     14976  0.42125624E-01
     15264  0.41970760E-01
     15552  0.41883744E-01
     15840  0.41811500E-01
     16128  0.41736927E-01
     16416  0.41656490E-01
     16704  0.41574001E-01
     16992  0.41477703E-01
     17280  0.41441333E-01
     17568  0.41416969E-01
     17856  0.41389436E-01
     18144  0.41358747E-01
     18432  0.41330308E-01
     18720  0.41301593E-01
     19008  0.41252770E-01
     19296  0.41267756E-01
     19584  0.41302588E-01
     19872  0.41504890E-01
     20160  0.43792654E-01
     20448  0.46664536E-01
     20736  0.49410332E-01
     21024  0.51769394E-01
     21312  0.53910974E-01
     21600  0.55803645E-01
     21888  0.57494067E-01
     22176  0.59018403E-01
     22464  0.60424197E-01
     22752  0.61767235E-01
     23040  0.63102864E-01
     23328  0.64320549E-01
     23616  0.65760143E-01
     23904  0.67286201E-01
     24192  0.68878435E-01
     24480  0.70516407E-01
     24768  0.72209097E-01
     25056  0.73990189E-01
     25344  0.75900078E-01
     25632  0.77759951E-01
     25920  0.80011100E-01
     26208  0.82446598E-01
     26496  0.85032806E-01
     26784  0.87728932E-01
     27072  0.90538852E-01
     27360  0.93475409E-01
     27648  0.96563250E-01
     27936  0.99596642E-01
     28224  0.10357754    
     28512  0.10825368    
     28800  0.11179064    
     29088  0.11460861    
     29376  0.11689716    
     29664  0.11877157    
     29952  0.12035843    
     30240  0.12157912    
     30528  0.12316676    
     30816  0.12455662    
     31104  0.12568752    
     31392  0.12664489    
     31680  0.12750465    
     31968  0.12819473    
     32256  0.12873630    
     32544  0.12919396    
     32832  0.13019334    
     33120  0.13101609    
     33408  0.13161759    
     33696  0.13204421    
     33984  0.13240831    
     34272  0.13276716    
     34560  0.13301922    
     34848  0.13328375    
     35136  0.13397181    
     35424  0.13449131    
     35712  0.13491236    
     36000  0.13529414    
     36288  0.13554588    
     36576  0.13570105    
     36864  0.13579383    
     37152  0.13604772    
     37440  0.13679716    
     37728  0.13746592    
     38016  0.13793163    
     38304  0.13825820    
     38592  0.13850264    
     38880  0.13870335    
     39168  0.13888478    
     39456  0.13933297    
     39744  0.14026824    
     40032  0.14112771    
     40320  0.14179489    
     40608  0.14233847    
     40896  0.14281465    
     41184  0.14325945    
     41472  0.14369375    
     41760  0.14445391    
     42048  0.14558829    
     42336  0.14655007    
     42624  0.14737283    
     42912  0.14811169    
     43200  0.14889552    
     43488  0.14974895    
     43776  0.15052655    
     44064  0.15161148    
     44352  0.15302685    
     44640  0.15423822    
     44928  0.15528819    
     45216  0.15623724    
     45504  0.15712588    
     45792  0.15797882    
     46080  0.15881105    
     46368  0.15963198    
     46656  0.16044800    
     46944  0.16126296    
     47232  0.16246752    
     47520  0.16405338    
     47808  0.16544144    
     48096  0.16666956    
     48384  0.16779627    
     48672  0.16886175    
     48960  0.16989030    
     49248  0.17089750    
     49536  0.17189313    
     49824  0.17288359    
     50112  0.17387281    
     50400  0.17478737    
     50688  0.17557612    
     50976  0.17644294    
     51264  0.17737116    
     51552  0.17833886    
     51840  0.17933320    
     52128  0.18034747    
     52416  0.18137786    
     52704  0.18242285    
     52992  0.18348138    
     53280  0.18455333    
     53568  0.18563929    
     53856  0.18673919    
     54144  0.18780029    
     54432  0.18871443    
     54720  0.18971463    
     55008  0.19078688    
     55296  0.19190754    
     55584  0.19306204    
     55872  0.19424292    
     56160  0.19544618    
     56448  0.19666991    
     56736  0.19791342    
     57024  0.19915169    
     57312  0.20022099    
     57600  0.20099172    
     57888  0.20117898    
     58176  0.20161462    
     58464  0.20229504    
     58752  0.20314920    
     59040  0.20412563    
     59328  0.20519508    
     59616  0.20612179    
     59904  0.20716529    
     60192  0.20795736    
     60480  0.20806651    
     60768  0.20840971    
     61056  0.20901579    
     61344  0.20981914    
     61632  0.21076810    
     61920  0.21186659    
     62208  0.21248095    
     62496  0.21236759    
     62784  0.21252507    
     63072  0.21299508    
     63360  0.21370465    
     63648  0.21459311    
     63936  0.21530803    
     64224  0.21529061    
     64512  0.21522188    
     64800  0.21548775    
     65088  0.21605454    
     65376  0.21685119    
     65664  0.21754476    
     65952  0.21739051    
     66240  0.21743670    
     66528  0.21789706    
     66816  0.21835431    
     67104  0.21879722    
     67392  0.21841639    
     67680  0.21826769    
     67968  0.21847394    
     68256  0.21875811    
     68544  0.21821037    
     68832  0.21788888    
     69120  0.21806888    
     69408  0.21809369    
     69696  0.21728064    
     69984  0.21673410    
     70272  0.21660757    
     70560  0.21685603    
     70848  0.21723577    
     71136  0.21673214    
     71424  0.21639967    
     71712  0.21658321    
     72000  0.21665432    
     72288  0.21558589    
     72576  0.21470281    
     72864  0.21426134    
     73152  0.21424860    
     73440  0.21448006    
     73728  0.21384686    
     74016  0.21336168    
     74304  0.21324588    
     74592  0.21358053    
     74880  0.21279816    
     75168  0.21212327    
     75456  0.21176207    
     75744  0.21062991    
     76032  0.20969771    
     76320  0.20919234    
     76608  0.20905836    
     76896  0.20813912    
     77184  0.20754093    
     77472  0.20707689    
     77760  0.20694023    
     78048  0.20602457    
     78336  0.20523751    
     78624  0.20482793    
     78912  0.20480937    
     79200  0.20401999    
     79488  0.20331472    
     79776  0.20312992    
     80064  0.20311353    
     80352  0.20227754    
     80640  0.20150003    
     80928  0.20105715    
     81216  0.20102957    
     81504  0.20026942    
     81792  0.19955023    
     82080  0.19931045    
     82368  0.19923045    
     82656  0.19950342    
     82944  0.19902459    
     83232  0.19852690    
     83520  0.19827738    
     83808  0.19842632    
     84096  0.19804217    
     84384  0.19743925    
     84672  0.19700529    
     84960  0.19687393    
     85248  0.19717328    
     85536  0.19679615    
     85824  0.19635426    
     86112  0.19626985    
     86400  0.19629823    
     86688  0.19668855    
     86976  0.19640730    
     87264  0.19602813    
     87552  0.19580080    
     87840  0.19598942    
     88128  0.19631119    
     88416  0.19700524    
     88704  0.19706888    
     88992  0.19699711    
     89280  0.19702145    
     89568  0.19740655    
     89856  0.19790210    
     90144  0.19858195    
     90432  0.19966441    
     90720  0.20018224    
     91008  0.20053373    
     91296  0.20107701    
     91584  0.20164195    
     91872  0.20232558    
     92160  0.20317233    
     92448  0.20419653    
     92736  0.20539699    
     93024  0.20691536    
     93312  0.20873362    
     93600  0.20997787    
     93888  0.21095540    
     94176  0.21183747    
     94464  0.21286744    
     94752  0.21387006    
     95040  0.21490355    
     95328  0.21600147    
     95616  0.21718170    
     95904  0.21845511    
     96192  0.21996647    
     96480  0.22151263    
     96768  0.22310914    
     97056  0.22475721    
     97344  0.22645254    
     97632  0.22818691    
     97920  0.22995068    
     98208  0.23185754    
     98496  0.23372009    
     98784  0.23554352    
     99072  0.23732813    
     99360  0.23907101    
     99648  0.24076709    
     99936  0.24241021    
    100224  0.24410424    
    100512  0.24569137    
    100800  0.24717733    
    101088  0.24856503    
    101376  0.24985522    
    101664  0.25104803    
    101952  0.25195053    
    102240  0.25303701    
    102528  0.25422242    
    102816  0.25544411    
    103104  0.25674355    
    103392  0.25797245    
    103680  0.25911376    
    103968  0.26015684    
    104256  0.26109415    
    104544  0.26192251    
    104832  0.26247963    
    105120  0.26311022    
    105408  0.26376316    
    105696  0.26440173    
    105984  0.26500061    
    106272  0.26554236    
    106560  0.26601613    
    106848  0.26627535    
    107136  0.26658812    
    107424  0.26691625    
    107712  0.26723284    
    108000  0.26751977    
    108288  0.26776484    
    108576  0.26783800    
    108864  0.26795548    
    109152  0.26808849    
    109440  0.26821688    
    109728  0.26832640    
    110016  0.26840812    
    110304  0.26834923    
    110592  0.26832721    
    110880  0.26832154    
    111168  0.26831666    
    111456  0.26830181    
    111744  0.26827002    
    112032  0.26812425    
    112320  0.26801091    
    112608  0.26787975    
    112896  0.26776102    
    113184  0.26764479    
    113472  0.26744205    
    113760  0.26727533    
    114048  0.26713124    
    114336  0.26699859    
    114624  0.26686901    
    114912  0.26673666    
    115200  0.26649794    
    115488  0.26629120    
    115776  0.26610675    
    116064  0.26593524    
    116352  0.26576942    
    116640  0.26560429    
    116928  0.26537311    
    117216  0.26514199    
    117504  0.26493201    
    117792  0.26473579    
    118080  0.26454720    
    118368  0.26430365    
    118656  0.26408458    
    118944  0.26386267    
    119232  0.26365602    
    119520  0.26345906    
    119808  0.26326704    
    120096  0.26307628    
    120384  0.26281327    
    120672  0.26257110    
    120960  0.26234540    
    121248  0.26213086    
    121536  0.26192284    
    121824  0.26169917    
    122112  0.26143095    
    122400  0.26118162    
    122688  0.26094767    
    122976  0.26072392    
    123264  0.26048869    
    123552  0.26025900    
    123840  0.26003206    
    124128  0.25976008    
    124416  0.25948489    
    124704  0.25922444    
    124992  0.25897443    
    125280  0.25873077    
    125568  0.25847286    
    125856  0.25821760    
    126144  0.25791878    
    126432  0.25763312    
    126720  0.25734186    
    127008  0.25706068    
    127296  0.25678608    
    127584  0.25651407    
    127872  0.25622410    
    128160  0.25593400    
    128448  0.25559655    
    128736  0.25526983    
    129024  0.25493452    
    129312  0.25460759    
    129600  0.25428510    
    129888  0.25396332    
    130176  0.25361937    
    130464  0.25327274    
    130752  0.25287533    
    131040  0.25248572    
    131328  0.25208139    
    131616  0.25168198    
    131904  0.25128263    
    132192  0.25087866    
    132480  0.25046614    
    132768  0.25001702    
    133056  0.24949929    
    133344  0.24898890    
    133632  0.24848223    
    133920  0.24794644    
    134208  0.24740478    
    134496  0.24685012    
    134784  0.24627541    
    135072  0.24564359    
    135360  0.24491395    
    135648  0.24418578    
    135936  0.24344990    
    136224  0.24269347    
    136512  0.24186794    
    136800  0.24100584    
    137088  0.24009509    
    137376  0.23912375    
    137664  0.23794386    
    137952  0.23675384    
    138240  0.23553185    
    138528  0.23425373    
    138816  0.23289828    
    139104  0.23138812    
    139392  0.22977673    
    139680  0.22804314    
    139968  0.22604528    
    140256  0.22400771    
    140544  0.22188456    
    140832  0.21955451    
    141120  0.21708685    
    141408  0.21444479    
    141696  0.21159622    
    141984  0.20851271    
    142272  0.20501757    
    142560  0.20136385    
    142848  0.19760893    
    143136  0.19367075    
    143424  0.18949032    
    143712  0.18502592    
    144000  0.18024930    
    144288  0.17514367    
    144576  0.16955292    
    144864  0.16391180    
    145152  0.15827754    
    145440  0.15252368    
    145728  0.14660312    
    146016  0.14049760    
    146304  0.13437103    
    146592  0.12926692    
    146880  0.12517603    
    147168  0.12232468    
    147456  0.12023720    
    147744  0.11868407    
    148032  0.11753593    
    148320  0.11652347    
    148608  0.11591000    
    148896  0.11554960    
    149184  0.11533620    
    149472  0.11582738    
    149760  0.11652691    
    150048  0.11727165    
    150336  0.11801490    
    150624  0.11874724    
    150912  0.11946946    
    151200  0.12018512    
    151488  0.12089914    
    151776  0.12161542    
    152064  0.12233730    
    152352  0.12308583    
    152640  0.12446356    
    152928  0.12592091    
    153216  0.12732056    
    153504  0.12864134    
    153792  0.12988974    
    154080  0.13107646    
    154368  0.13221312    
    154656  0.13330886    
    154944  0.13437134    
    155232  0.13540703    
    155520  0.13665245    
    155808  0.13767225    
    156096  0.13864191    
    156384  0.13960174    
    156672  0.14055772    
    156960  0.14151059    
    157248  0.14245978    
    157536  0.14340442    
    157824  0.14434457    
    158112  0.14528053    
    158400  0.14621285    
    158688  0.14714117    
    158976  0.14806511    
    159264  0.14925125    
    159552  0.15018751    
    159840  0.15107252    
    160128  0.15194985    
    160416  0.15282510    
    160704  0.15369688    
    160992  0.15456389    
    161280  0.15542485    
    161568  0.15628026    
    161856  0.15713041    
    162144  0.15827303    
    162432  0.15915172    
    162720  0.15995173    
    163008  0.15987803    
    163296  0.15972297    
    163584  0.15968698    
    163872  0.15980236    
    164160  0.16005860    
    164448  0.16075189    
    164736  0.16127908    
    165024  0.16183010    
    165312  0.16245298    
    165600  0.16224624    
    165888  0.16199659    
    166176  0.16190745    
    166464  0.16200858    
    166752  0.16228247    
    167040  0.16303134    
    167328  0.16367359    
    167616  0.16344723    
    167904  0.16318291    
    168192  0.16309917    
    168480  0.16322635    
    168768  0.16354235    
    169056  0.16408373    
    169344  0.16419896    
    169632  0.16403192    
    169920  0.16398311    
    170208  0.16413766    
    170496  0.16448554    
    170784  0.16510050    
    171072  0.16495682    
    171360  0.16478644    
    171648  0.16513577    
    171936  0.16544327    
    172224  0.16599925    
    172512  0.16580763    
    172800  0.16559483    
    173088  0.16557240    
    173376  0.16592486    
    173664  0.16560623    
    173952  0.16530401    
    174240  0.16555429    
    174528  0.16597880    
    174816  0.16567598    
    175104  0.16536933    
    175392  0.16527629    
    175680  0.16542925    
    175968  0.16599594    
    176256  0.16590214    
    176544  0.16577904    
    176832  0.16615190    
    177120  0.16672528    
    177408  0.16641559    
    177696  0.16602618    
    177984  0.16582808    
    178272  0.16587949    
    178560  0.16639809    
    178848  0.16631152    
    179136  0.16619027    
    179424  0.16622762    
    179712  0.16702901    
    180000  0.16704470    
    180288  0.16694058    
    180576  0.16721863    
    180864  0.16691799    
    181152  0.16660038    
    181440  0.16646393    
    181728  0.16682172    
    182016  0.16665177    
    182304  0.16674599    
    182592  0.16681962    
    182880  0.16729915    
    183168  0.16722031    
    183456  0.16707663    
    183744  0.16705588    
    184032  0.16750495    
    184320  0.16744412    
    184608  0.16731793    
    184896  0.16757077    
    185184  0.16814439    
    185472  0.16815515    
    185760  0.16805638    
    186048  0.16803443    
    186336  0.16846746    
    186624  0.16842818    
    186912  0.16830318    
    187200  0.16850393    
    187488  0.16870469    
    187776  0.16930950    
    188064  0.16943093    
    188352  0.16942023    
    188640  0.16943122    
    188928  0.16986679    
    189216  0.17010370    
    189504  0.17011325    
    189792  0.17008640    
    190080  0.17010354    
    190368  0.17054784    
    190656  0.17058836    
    190944  0.17049643    
    191232  0.17060833    
    191520  0.17066967    
    191808  0.17110166    
    192096  0.17113543    
    192384  0.17101522    
    192672  0.17085730    
    192960  0.17090610    
    193248  0.17090698    
    193536  0.17127113    
    193824  0.17128271    
    194112  0.17113368    
    194400  0.17092447    
    194688  0.17087877    
    194976  0.17078246    
    195264  0.17066787    
    195552  0.17093657    
    195840  0.17097069    
    196128  0.17088717    
    196416  0.17091493    
    196704  0.17089677    
    196992  0.17087030    
    197280  0.17085412    
    197568  0.17085610    
    197856  0.17087819    
    198144  0.17104542    
    198432  0.17154039    
    198720  0.17191224    
    199008  0.17219754    
    199296  0.17242454    
    199584  0.17272091    
    199872  0.17296389    
    200160  0.17317067    
    200448  0.17335418    
    200736  0.17352301    
    201024  0.17368342    
    201312  0.17392389    
    201600  0.17414166    
    201888  0.17434329    
    202176  0.17453426    
    202464  0.17471839    
    202752  0.17489828    
    203040  0.17507575    
    203328  0.17531337    
    203616  0.17553625    
    203904  0.17574742    
    204192  0.17594947    
    204480  0.17614447    
    204768  0.17633405    
    205056  0.17651896    
    205344  0.17674403    
    205632  0.17695598    
    205920  0.17715654    
    206208  0.17734757    
    206496  0.17753024    
    206784  0.17770566    
    207072  0.17775090    
    207360  0.17778903    
    207648  0.17783578    
    207936  0.17789640    
    208224  0.17799805    
    208512  0.17810689    
    208800  0.17822139    
    209088  0.17833972    
    209376  0.17845954    
    209664  0.17857994    
    209952  0.17862228    
    210240  0.17865884    
    210528  0.17870080    
    210816  0.17875168    
    211104  0.17881158    
    211392  0.17887905    
    211680  0.17895238    
    211968  0.17897499    
    212256  0.17899577    
    212544  0.17902234    
    212832  0.17905700    
    213120  0.17909960    
    213408  0.17914869    
    213696  0.17916220    
    213984  0.17917509    
    214272  0.17919309    
    214560  0.17921798    
    214848  0.17924924    
    215136  0.17928593    
    215424  0.17929642    
    215712  0.17930646    
    216000  0.17932022    
    216288  0.17933896    
    216576  0.17936245    
    216864  0.17938997    
    217152  0.17939800    
    217440  0.17940542    
    217728  0.17941059    
    218016  0.17942019    
    218304  0.17943400    
    218592  0.17943370    
    218880  0.17943424    
    219168  0.17943774    
    219456  0.17944470    
    219744  0.17945524    
    220032  0.17946860    
    220320  0.17946751    
    220608  0.17946683    
    220896  0.17946839    
    221184  0.17947263    
    221472  0.17947945    
    221760  0.17948848    
    222048  0.17948884    
    222336  0.17948674    
    222624  0.17948627    
    222912  0.17948794    
    223200  0.17949176    
    223488  0.17948885    
    223776  0.17948616    
    224064  0.17948306    
    224352  0.17948200    
    224640  0.17948286    
    224928  0.17948538    
    225216  0.17948931    
    225504  0.17948605    
    225792  0.17948300    
    226080  0.17948096    
    226368  0.17948021    
    226656  0.17948064    
    226944  0.17948075    
    227232  0.17947662    
    227520  0.17947271    
    227808  0.17946963    
    228096  0.17946765    
    228384  0.17946552    
    228672  0.17946444    
    228960  0.17946428    
    229248  0.17946057    
    229536  0.17945570    
    229824  0.17945150    
    230112  0.17944807    
    230400  0.17944573    
    230688  0.17944315    
    230976  0.17944133    
    231264  0.17943636    
    231552  0.17943141    
    231840  0.17942610    
    232128  0.17942157    
    232416  0.17941789    
    232704  0.17941494    
    232992  0.17941155    
    233280  0.17940873    
    233568  0.17940323    
    233856  0.17939772    
    234144  0.17939167    
    234432  0.17938636    
    234720  0.17938183    
    235008  0.17937793    
    235296  0.17937368    
    235584  0.17936985    
    235872  0.17936368    
    236160  0.17935751    
    236448  0.17935093    
    236736  0.17934495    
    237024  0.17933965    
    237312  0.17933486    
    237600  0.17933053    
    237888  0.17932576    
    238176  0.17931832    
    238464  0.17931086    
    238752  0.17930393    
    239040  0.17929666    
    239328  0.17929010    
    239616  0.17928424    
    239904  0.17927887    
    240192  0.17927280    
    240480  0.17926377    
    240768  0.17925444    
    241056  0.17924584    
    241344  0.17923775    
    241632  0.17922907    
    241920  0.17922086    
    242208  0.17921296    
    242496  0.17920516    
    242784  0.17919177    
    243072  0.17917792    
    243360  0.17916436    
    243648  0.17915125    
    243936  0.17913815    
    244224  0.17912346    
    244512  0.17910855    
    244800  0.17909315    
    245088  0.17907123    
    245376  0.17904794    
    245664  0.17902429    
    245952  0.17899844    
    246240  0.17897217    
    246528  0.17894509    
    246816  0.17891672    
    247104  0.17888673    
    247392  0.17884612    
    247680  0.17880024    
    247968  0.17875353    
    248256  0.17870571    
    248544  0.17865631    
    248832  0.17860477    
    249120  0.17855024    
    249408  0.17849202    
    249696  0.17841595    
    249984  0.17833012    
    250272  0.17824221    
    250560  0.17815182    
    250848  0.17805794    
    251136  0.17795920    
    251424  0.17785436    
    251712  0.17774194    
    252000  0.17759672    
    252288  0.17744108    
    252576  0.17727974    
    252864  0.17711216    
    253152  0.17693615    
    253440  0.17673841    
    253728  0.17652883    
    254016  0.17630470    
    254304  0.17601852    
    254592  0.17571332    
    254880  0.17539777    
    255168  0.17506960    
    255456  0.17472415    
    255744  0.17435573    
    256032  0.17395917    
    256320  0.17352912    
    256608  0.17306086    
    256896  0.17254969    
    257184  0.17199056    
    257472  0.17126839    
    257760  0.17050444    
    258048  0.16971850    
    258336  0.16890214    
    258624  0.16804139    
    258912  0.16712347    
    259200  0.16613792    
    259488  0.16507578    
    259776  0.16392964    
    260064  0.16269274    
    260352  0.16135930    
    260640  0.16001359    
    260928  0.15853302    
    261216  0.15692088    
    261504  0.15518115    
    261792  0.15331617    
    262080  0.15132698    
    262368  0.14921385    
    262656  0.14697751    
    262944  0.14461845    
    263232  0.14213811    
    263520  0.13953774    
    263808  0.13681915    
    264096  0.13398394    
    264384  0.13123457    
    264672  0.12821449    
    264960  0.12503614    
    265248  0.12182642    
    265536  0.11970487    
    265824  0.11957635    
    266112  0.11975393    
    266400  0.12009046    
    266688  0.12057900    
    266976  0.12119600    
    267264  0.12219840    
    267552  0.12308358    
    267840  0.12424660    
    268128  0.12487748    
    268416  0.12540989    
    268704  0.12597692    
    268992  0.12660353    
    269280  0.12728074    
    269568  0.12829758    
    269856  0.12912315    
    270144  0.12988424    
    270432  0.13090101    
    270720  0.13130690    
    271008  0.13160190    
    271296  0.13193449    
    271584  0.13233250    
    271872  0.13278614    
    272160  0.13359602    
    272448  0.13450919    
    272736  0.13474403    
    273024  0.13485937    
    273312  0.13502112    
    273600  0.13525982    
    273888  0.13556431    
    274176  0.13623323    
    274464  0.13664158    
    274752  0.13674407    
    275040  0.13683350    
    275328  0.13698414    
    275616  0.13719833    
    275904  0.13780907    
    276192  0.13784018    
    276480  0.13778153    
    276768  0.13810326    
    277056  0.13829720    
    277344  0.13885914    
    277632  0.13883905    
    277920  0.13872585    
    278208  0.13867107    
    278496  0.13908622    
    278784  0.13897972    
    279072  0.13880813    
    279360  0.13902563    
    279648  0.13953736    
    279936  0.13946436    
    280224  0.13929622    
    280512  0.13919044    
    280800  0.13917649    
    281088  0.13965969    
    281376  0.13963702    
    281664  0.13952069    
    281952  0.13974799    
    282240  0.14034936    
    282528  0.14028518    
    282816  0.14007856    
    283104  0.13991572    
    283392  0.13984212    
    283680  0.14029726    
    283968  0.14029206    
    284256  0.14018764    
    284544  0.14011317    
    284832  0.14084016    
    285120  0.14096357    
    285408  0.14091098    
    285696  0.14130606    
    285984  0.14124981    
    286272  0.14109334    
    286560  0.14096853    
    286848  0.14137171    
    287136  0.14137030    
    287424  0.14153105    
    287712  0.14156914    
    288000  0.14206065    
    288288  0.14212519    
    288576  0.14206143    
    288864  0.14199181    
    289152  0.14243054    
    289440  0.14249133    
    289728  0.14243245    
    290016  0.14260128    
    290304  0.14315964    
    290592  0.14329761    
    290880  0.14327873    
    291168  0.14322107    
    291456  0.14364989    
    291744  0.14373519    
    292032  0.14369005    
    292320  0.14382984    
    292608  0.14387459    
    292896  0.14436598    
    293184  0.14450045    
    293472  0.14445660    
    293760  0.14433126    
    294048  0.14464881    
    294336  0.14485347    
    294624  0.14482266    
    294912  0.14467321    
    295200  0.14446419    
    295488  0.14469789    
    295776  0.14465694    
    296064  0.14446853    
    296352  0.14437945    
    296640  0.14418344    
    296928  0.14438780    
    297216  0.14434126    
    297504  0.14414534    
    297792  0.14386746    
    298080  0.14370242    
    298368  0.14346695    
    298656  0.14363888    
    298944  0.14365056    
    299232  0.14355530    
    299520  0.14339671    
    299808  0.14333452    
    300096  0.14321223    
    300384  0.14305454    
    300672  0.14327411    
    300960  0.14340486    
    301248  0.14345074    
    301536  0.14353707    
    301824  0.14354387    
    302112  0.14349687    
    302400  0.14341620    
    302688  0.14331672    
    302976  0.14320922    
    303264  0.14318286    
    303552  0.14344066    
    303840  0.14367339    
    304128  0.14385501    
    304416  0.14398637    
    304704  0.14414300    
    304992  0.14425349    
    305280  0.14433169    
    305568  0.14438973    
    305856  0.14443603    
    306144  0.14447725    
    306432  0.14456654    
    306720  0.14464647    
    307008  0.14472093    
    307296  0.14479297    
    307584  0.14486508    
    307872  0.14493862    
    308160  0.14501467    
    308448  0.14512649    
    308736  0.14523387    
    309024  0.14533773    
    309312  0.14543912    
    309600  0.14553864    
    309888  0.14563707    
    310176  0.14573462    
    310464  0.14585383    
    310752  0.14596798    
    311040  0.14607720    
    311328  0.14618185    
    311616  0.14628306    
    311904  0.14638078    
    312192  0.14640425    
    312480  0.14641637    
    312768  0.14643282    
    313056  0.14645883    
    313344  0.14650722    
    313632  0.14656219    
    313920  0.14662191    
    314208  0.14668478    
    314496  0.14674950    
    314784  0.14681517    
    315072  0.14684096    
