       288  0.92427099    
       576   1.3717886    
       864   1.6341619    
      1152   1.8192530    
      1440   1.9660968    
      1728   2.0891798    
      2016   2.1960437    
      2304   2.2910507    
      2592   2.3761587    
      2880   2.4525428    
      3168   2.5211246    
      3456   2.5824895    
      3744   2.6376207    
      4032   2.6873710    
      4320   2.7323649    
      4608   2.7731547    
      4896   2.8102593    
      5184   2.8440146    
      5472   2.8750393    
      5760   2.9037902    
      6048   2.9306123    
      6336   2.9557741    
      6624   2.9795036    
      6912   3.0018854    
      7200   3.0232453    
      7488   3.0436997    
      7776   3.0634329    
      8064   3.0825310    
      8352   3.1009760    
      8640   3.1189590    
      8928   3.1365731    
      9216   3.1538463    
      9504   3.1708045    
      9792   3.1874592    
     10080   3.2037005    
     10368   3.2197406    
     10656   3.2356226    
     10944   3.2513564    
     11232   3.2669399    
     11520   3.2823734    
     11808   3.2975929    
     12096   3.3126612    
     12384   3.3276751    
     12672   3.3426309    
     12960   3.3575215    
     13248   3.3722744    
     13536   3.3870029    
     13824   3.4016733    
     14112   3.4163363    
     14400   3.4309783    
     14688   3.4455891    
     14976   3.4601502    
     15264   3.4745510    
     15552   3.4889507    
     15840   3.5033698    
     16128   3.5177944    
     16416   3.5322151    
     16704   3.5465627    
     16992   3.5608220    
     17280   3.5750990    
     17568   3.5894079    
     17856   3.6037369    
     18144   3.6180074    
     18432   3.6322627    
     18720   3.6464887    
     19008   3.6606038    
     19296   3.6746597    
     19584   3.6887326    
     19872   3.6942389    
     20160   3.6911607    
     20448   3.6894431    
     20736   3.6892231    
     21024   3.6899216    
     21312   3.6914818    
     21600   3.6932914    
     21888   3.6952100    
     22176   3.6968963    
     22464   3.6980324    
     22752   3.6980422    
     23040   3.6969535    
     23328   3.6942315    
     23616   3.6902881    
     23904   3.6846380    
     24192   3.6774347    
     24480   3.6684353    
     24768   3.6573596    
     25056   3.6434364    
     25344   3.6268368    
     25632   3.6067388    
     25920   3.5838125    
     26208   3.5572424    
     26496   3.5272906    
     26784   3.4935341    
     27072   3.4554667    
     27360   3.4125440    
     27648   3.3632553    
     27936   3.3069785    
     28224   3.2455368    
     28512   3.1833942    
     28800   3.1223841    
     29088   3.0636537    
     29376   3.0071762    
     29664   2.9528618    
     29952   2.8993874    
     30240   2.8466544    
     30528   2.7969732    
     30816   2.7501490    
     31104   2.7056684    
     31392   2.6618421    
     31680   2.6197317    
     31968   2.5790830    
     32256   2.5396266    
     32544   2.4985621    
     32832   2.4600599    
     33120   2.4238646    
     33408   2.3893447    
     33696   2.3560004    
     33984   2.3221819    
     34272   2.2892635    
     34560   2.2570953    
     34848   2.2241504    
     35136   2.1934180    
     35424   2.1644676    
     35712   2.1353216    
     36000   2.1072388    
     36288   2.0799282    
     36576   2.0531242    
     36864   2.0266573    
     37152   1.9990779    
     37440   1.9723079    
     37728   1.9476233    
     38016   1.9243296    
     38304   1.9018803    
     38592   1.8799487    
     38880   1.8583601    
     39168   1.8370345    
     39456   1.8145820    
     39744   1.7930634    
     40032   1.7737474    
     40320   1.7558739    
     40608   1.7388674    
     40896   1.7223883    
     41184   1.7062556    
     41472   1.6903765    
     41760   1.6733276    
     42048   1.6586453    
     42336   1.6455935    
     42624   1.6334186    
     42912   1.6216632    
     43200   1.6085994    
     43488   1.5961087    
     43776   1.5840408    
     44064   1.5707861    
     44352   1.5598401    
     44640   1.5503469    
     44928   1.5414981    
     45216   1.5328225    
     45504   1.5240719    
     45792   1.5151212    
     46080   1.5059228    
     46368   1.4964634    
     46656   1.4867519    
     46944   1.4768050    
     47232   1.4651581    
     47520   1.4555559    
     47808   1.4471774    
     48096   1.4392418    
     48384   1.4313067    
     48672   1.4231504    
     48960   1.4146731    
     49248   1.4058406    
     49536   1.3966566    
     49824   1.3871410    
     50112   1.3773217    
     50400   1.3688281    
     50688   1.3594838    
     50976   1.3494247    
     51264   1.3388845    
     51552   1.3280176    
     51840   1.3169211    
     52128   1.3056580    
     52416   1.2942656    
     52704   1.2827748    
     52992   1.2712044    
     53280   1.2595681    
     53568   1.2478787    
     53856   1.2361453    
     54144   1.2259766    
     54432   1.2151672    
     54720   1.2038249    
     55008   1.1921685    
     55296   1.1803402    
     55584   1.1684213    
     55872   1.1564596    
     56160   1.1444833    
     56448   1.1325071    
     56736   1.1205432    
     57024   1.1101454    
     57312   1.0991906    
     57600   1.0893764    
     57888   1.0772961    
     58176   1.0638018    
     58464   1.0497570    
     58752   1.0356526    
     59040   1.0217310    
     59328   1.0095847    
     59616  0.99720103    
     59904  0.98464388    
     60192  0.97366470    
     60480  0.96096206    
     60768  0.94720483    
     61056  0.93315363    
     61344  0.91923690    
     61632  0.90565211    
     61920  0.89385974    
     62208  0.88350505    
     62496  0.87139952    
     62784  0.85822129    
     63072  0.84475768    
     63360  0.83145899    
     63648  0.81853086    
     63936  0.80751193    
     64224  0.79670054    
     64512  0.78477257    
     64800  0.77235621    
     65088  0.75996721    
     65376  0.74787700    
     65664  0.73760420    
     65952  0.72639877    
     66240  0.71459842    
     66528  0.70392025    
     66816  0.69313335    
     67104  0.68374181    
     67392  0.67333788    
     67680  0.66229385    
     67968  0.65117294    
     68256  0.64162141    
     68544  0.63136160    
     68832  0.62065834    
     69120  0.61102057    
     69408  0.60264522    
     69696  0.59336525    
     69984  0.58349192    
     70272  0.57355177    
     70560  0.56387186    
     70848  0.55579203    
     71136  0.54727960    
     71424  0.53842741    
     71712  0.53048182    
     72000  0.52372515    
     72288  0.51615602    
     72576  0.50794411    
     72864  0.49956784    
     73152  0.49135667    
     73440  0.48455048    
     73728  0.47746646    
     74016  0.47010913    
     74304  0.46274692    
     74592  0.45735696    
     74880  0.45148686    
     75168  0.44509688    
     75456  0.43949673    
     75744  0.43343830    
     76032  0.42700839    
     76320  0.42049834    
     76608  0.41506431    
     76896  0.40944135    
     77184  0.40423596    
     77472  0.39883378    
     77760  0.39425638    
     78048  0.38938129    
     78336  0.38418594    
     78624  0.37886846    
     78912  0.37444666    
     79200  0.36987782    
     79488  0.36508223    
     79776  0.36074331    
     80064  0.35713267    
     80352  0.35325900    
     80640  0.34904897    
     80928  0.34464929    
     81216  0.34096864    
     81504  0.33716792    
     81792  0.33314902    
     82080  0.32947707    
     82368  0.32568961    
     82656  0.32253322    
     82944  0.31924668    
     83232  0.31571418    
     83520  0.31200367    
     83808  0.30887613    
     84096  0.30608493    
     84384  0.30302751    
     84672  0.29971573    
     84960  0.29623154    
     85248  0.29327255    
     85536  0.29026464    
     85824  0.28707945    
     86112  0.28409171    
     86400  0.28094080    
     86688  0.27821830    
     86976  0.27542481    
     87264  0.27243572    
     87552  0.26925987    
     87840  0.26625261    
     88128  0.26310048    
     88416  0.26032427    
     88704  0.25751382    
     88992  0.25454378    
     89280  0.25140187    
     89568  0.24838176    
     89856  0.24521045    
     90144  0.24189432    
     90432  0.23889564    
     90720  0.23590983    
     91008  0.23282391    
     91296  0.22983928    
     91584  0.22670911    
     91872  0.22343533    
     92160  0.22003402    
     92448  0.21652357    
     92736  0.21292011    
     93024  0.20942213    
     93312  0.20618765    
     93600  0.20302276    
     93888  0.19982833    
     94176  0.19656645    
     94464  0.19338770    
     94752  0.19012380    
     95040  0.18677607    
     95328  0.18335366    
     95616  0.17986801    
     95904  0.17633130    
     96192  0.17288008    
     96480  0.16938625    
     96768  0.16585121    
     97056  0.16227771    
     97344  0.15866858    
     97632  0.15502641    
     97920  0.15135366    
     98208  0.14774252    
     98496  0.14409806    
     98784  0.14042115    
     99072  0.13671558    
     99360  0.13298796    
     99648  0.12924635    
     99936  0.12549978    
    100224  0.12181941    
    100512  0.11814880    
    100800  0.11449677    
    101088  0.11087359    
    101376  0.10729039    
    101664  0.10375839    
    101952  0.10013779    
    102240  0.96432753E-01
    102528  0.92703134E-01
    102816  0.88994920E-01
    103104  0.85374840E-01
    103392  0.81834301E-01
    103680  0.78393385E-01
    103968  0.75067692E-01
    104256  0.71869329E-01
    104544  0.68806998E-01
    104832  0.65784246E-01
    105120  0.62787235E-01
    105408  0.59859123E-01
    105696  0.57031043E-01
    105984  0.54324478E-01
    106272  0.51753540E-01
    106560  0.49326446E-01
    106848  0.46970382E-01
    107136  0.44668276E-01
    107424  0.42453039E-01
    107712  0.40346541E-01
    108000  0.38361814E-01
    108288  0.36505707E-01
    108576  0.34720469E-01
    108864  0.32988995E-01
    109152  0.31337328E-01
    109440  0.29781418E-01
    109728  0.28329683E-01
    110016  0.26985256E-01
    110304  0.25700716E-01
    110592  0.24459448E-01
    110880  0.23281593E-01
    111168  0.22178814E-01
    111456  0.21156654E-01
    111744  0.20216446E-01
    112032  0.19319324E-01
    112320  0.18450676E-01
    112608  0.17624555E-01
    112896  0.16853392E-01
    113184  0.16141817E-01
    113472  0.15459601E-01
    113760  0.14795873E-01
    114048  0.14165920E-01
    114336  0.13578299E-01
    114624  0.13036954E-01
    114912  0.12542738E-01
    115200  0.12067474E-01
    115488  0.11602662E-01
    115776  0.11161018E-01
    116064  0.10749624E-01
    116352  0.10371720E-01
    116640  0.10028047E-01
    116928  0.96959826E-02
    117216  0.93661286E-02
    117504  0.90509448E-02
    117792  0.87569505E-02
    118080  0.84872888E-02
    118368  0.82236314E-02
    118656  0.79596862E-02
    118944  0.77056107E-02
    119232  0.74685356E-02
    119520  0.72516319E-02
    119808  0.70559350E-02
    120096  0.68811956E-02
    120384  0.67091184E-02
    120672  0.65341890E-02
    120960  0.63656559E-02
    121248  0.62087360E-02
    121536  0.60660229E-02
    121824  0.59379968E-02
    122112  0.58100335E-02
    122400  0.56773741E-02
    122688  0.55489130E-02
    122976  0.54296665E-02
    123264  0.53217928E-02
    123552  0.52269171E-02
    123840  0.51452396E-02
    124128  0.50620586E-02
    124416  0.49724388E-02
    124704  0.48853732E-02
    124992  0.48057493E-02
    125280  0.47360137E-02
    125568  0.46768100E-02
    125856  0.46288362E-02
    126144  0.45781061E-02
    126432  0.45206486E-02
    126720  0.44644899E-02
    127008  0.44149421E-02
    127296  0.43745814E-02
    127584  0.43444652E-02
    127872  0.43244464E-02
    128160  0.43148641E-02
    128448  0.43013128E-02
    128736  0.42801760E-02
    129024  0.42599747E-02
    129312  0.42463248E-02
    129600  0.42420044E-02
    129888  0.42482619E-02
    130176  0.42651421E-02
    130464  0.42932616E-02
    130752  0.43187933E-02
    131040  0.43389774E-02
    131328  0.43623913E-02
    131616  0.43948246E-02
    131904  0.44391947E-02
    132192  0.44969236E-02
    132480  0.45687123E-02
    132768  0.46544322E-02
    133056  0.47359644E-02
    133344  0.48107058E-02
    133632  0.48917141E-02
    133920  0.49858144E-02
    134208  0.50981445E-02
    134496  0.52312491E-02
    134784  0.53865802E-02
    135072  0.55644345E-02
    135360  0.57406453E-02
    135648  0.59131179E-02
    135936  0.61001084E-02
    136224  0.63118306E-02
    136512  0.65530231E-02
    136800  0.68291365E-02
    137088  0.71432493E-02
    137376  0.74978257E-02
    137664  0.78531271E-02
    137952  0.82101943E-02
    138240  0.85979411E-02
    138528  0.90324963E-02
    138816  0.95232977E-02
    139104  0.10073865E-01
    139392  0.10693533E-01
    139680  0.11388639E-01
    139968  0.12097568E-01
    140256  0.12821178E-01
    140544  0.13606296E-01
    140832  0.14473911E-01
    141120  0.15448566E-01
    141408  0.16543349E-01
    141696  0.17768275E-01
    141984  0.19132409E-01
    142272  0.20527313E-01
    142560  0.21944299E-01
    142848  0.23474593E-01
    143136  0.25160074E-01
    143424  0.27020818E-01
    143712  0.29064273E-01
    144000  0.31289417E-01
    144288  0.33687841E-01
    144576  0.36047153E-01
    144864  0.38333729E-01
    145152  0.40680666E-01
    145440  0.43107748E-01
    145728  0.45589618E-01
    146016  0.48073158E-01
    146304  0.50503783E-01
    146592  0.52999571E-01
    146880  0.55458665E-01
    147168  0.57962041E-01
    147456  0.60500000E-01
    147744  0.63029803E-01
    148032  0.65515794E-01
    148320  0.67777008E-01
    148608  0.69997691E-01
    148896  0.72184883E-01
    149184  0.73999196E-01
    149472  0.75790323E-01
    149760  0.77623382E-01
    150048  0.79459272E-01
    150336  0.81256621E-01
    150624  0.82991026E-01
    150912  0.84652454E-01
    151200  0.86238198E-01
    151488  0.87749206E-01
    151776  0.89187488E-01
    152064  0.90554923E-01
    152352  0.91448948E-01
    152640  0.92386670E-01
    152928  0.93395539E-01
    153216  0.94396330E-01
    153504  0.95333807E-01
    153792  0.96184209E-01
    154080  0.96942283E-01
    154368  0.97610131E-01
    154656  0.98192282E-01
    154944  0.98692901E-01
    155232  0.99114850E-01
    155520  0.99742904E-01
    155808  0.10018921    
    156096  0.10046242    
    156384  0.10060486    
    156672  0.10064608    
    156960  0.10060121    
    157248  0.10047774    
    157536  0.10027885    
    157824  0.10000583    
    158112  0.99659592E-01
    158400  0.99240758E-01
    158688  0.98750450E-01
    158976  0.98189615E-01
    159264  0.97851306E-01
    159552  0.97325809E-01
    159840  0.96629225E-01
    160128  0.95811427E-01
    160416  0.94905779E-01
    160704  0.93929574E-01
    160992  0.92891946E-01
    161280  0.91797814E-01
    161568  0.90650402E-01
    161856  0.89452475E-01
    162144  0.88473447E-01
    162432  0.87336563E-01
    162720  0.86613275E-01
    163008  0.85766025E-01
    163296  0.84735282E-01
    163584  0.83595164E-01
    163872  0.82393274E-01
    164160  0.81146963E-01
    164448  0.80104187E-01
    164736  0.78915305E-01
    165024  0.77593371E-01
    165312  0.76736525E-01
    165600  0.75840630E-01
    165888  0.74792311E-01
    166176  0.73635340E-01
    166464  0.72406121E-01
    166752  0.71120635E-01
    167040  0.69996648E-01
    167328  0.69285631E-01
    167616  0.68513505E-01
    167904  0.67559518E-01
    168192  0.66468544E-01
    168480  0.65282449E-01
    168768  0.64023234E-01
    169056  0.63243605E-01
    169344  0.62690839E-01
    169632  0.61924826E-01
    169920  0.60958952E-01
    170208  0.59850313E-01
    170496  0.58638543E-01
    170784  0.57880748E-01
    171072  0.57183586E-01
    171360  0.56353301E-01
    171648  0.55547185E-01
    171936  0.54561891E-01
    172224  0.53949468E-01
    172512  0.53373974E-01
    172800  0.52643236E-01
    173088  0.51753268E-01
    173376  0.51250353E-01
    173664  0.50803445E-01
    173952  0.50199613E-01
    174240  0.49560502E-01
    174528  0.49232271E-01
    174816  0.48906498E-01
    175104  0.48383553E-01
    175392  0.47658809E-01
    175680  0.46764825E-01
    175968  0.46232384E-01
    176256  0.45781039E-01
    176544  0.45186210E-01
    176832  0.44534784E-01
    177120  0.44269744E-01
    177408  0.44104774E-01
    177696  0.43759171E-01
    177984  0.43194696E-01
    178272  0.42435821E-01
    178560  0.41990295E-01
    178848  0.41628662E-01
    179136  0.41123051E-01
    179424  0.40435072E-01
    179712  0.40138274E-01
    180000  0.39892506E-01
    180288  0.39465822E-01
    180576  0.39283462E-01
    180864  0.39144885E-01
    181152  0.38827531E-01
    181440  0.38294256E-01
    181728  0.38005825E-01
    182016  0.37786152E-01
    182304  0.37496984E-01
    182592  0.36983002E-01
    182880  0.36682390E-01
    183168  0.36443297E-01
    183456  0.36052637E-01
    183744  0.35466872E-01
    184032  0.35111312E-01
    184320  0.34843635E-01
    184608  0.34448449E-01
    184896  0.33941507E-01
    185184  0.33635877E-01
    185472  0.33400547E-01
    185760  0.33028498E-01
    186048  0.32471325E-01
    186336  0.32116469E-01
    186624  0.31853836E-01
    186912  0.31479951E-01
    187200  0.30995144E-01
    187488  0.30328667E-01
    187776  0.29852511E-01
    188064  0.29481936E-01
    188352  0.29025435E-01
    188640  0.28427197E-01
    188928  0.28018121E-01
    189216  0.27760796E-01
    189504  0.27409537E-01
    189792  0.26902070E-01
    190080  0.26238477E-01
    190368  0.25745150E-01
    190656  0.25363769E-01
    190944  0.24922367E-01
    191232  0.24399988E-01
    191520  0.23744760E-01
    191808  0.23242934E-01
    192096  0.22847800E-01
    192384  0.22401867E-01
    192672  0.21852665E-01
    192960  0.21222720E-01
    193248  0.20489654E-01
    193536  0.19904582E-01
    193824  0.19434994E-01
    194112  0.18942323E-01
    194400  0.18377813E-01
    194688  0.17755080E-01
    194976  0.17058056E-01
    195264  0.16302256E-01
    195552  0.15688065E-01
    195840  0.15193398E-01
    196128  0.14703957E-01
    196416  0.14191151E-01
    196704  0.13628390E-01
    196992  0.13021526E-01
    197280  0.12383550E-01
    197568  0.11728717E-01
    197856  0.11070052E-01
    198144  0.10426598E-01
    198432  0.99092256E-02
    198720  0.95005371E-02
    199008  0.91199251E-02
    199296  0.87357368E-02
    199584  0.83458582E-02
    199872  0.79453671E-02
    200160  0.75402362E-02
    200448  0.71375626E-02
    200736  0.67437207E-02
    201024  0.63636089E-02
    201312  0.60036900E-02
    201600  0.56614825E-02
    201888  0.53377557E-02
    202176  0.50329957E-02
    202464  0.47472669E-02
    202752  0.44802441E-02
    203040  0.42312872E-02
    203328  0.40010423E-02
    203616  0.37862754E-02
    203904  0.35858438E-02
    204192  0.33988855E-02
    204480  0.32246241E-02
    204768  0.30623011E-02
    205056  0.29111328E-02
    205344  0.27711014E-02
    205632  0.26402965E-02
    205920  0.25178967E-02
    206208  0.24033356E-02
    206496  0.22961129E-02
    206784  0.21957820E-02
    207072  0.20792233E-02
    207360  0.19504897E-02
    207648  0.18278220E-02
    207936  0.17177634E-02
    208224  0.16216094E-02
    208512  0.15376158E-02
    208800  0.14638044E-02
    209088  0.13982923E-02
    209376  0.13394735E-02
    209664  0.12860828E-02
    209952  0.12240650E-02
    210240  0.11550802E-02
    210528  0.10894589E-02
    210816  0.10308448E-02
    211104  0.97976800E-03
    211392  0.93546190E-03
    211680  0.89678360E-03
    211968  0.85368362E-03
    212256  0.80677180E-03
    212544  0.76277199E-03
    212832  0.72391890E-03
    213120  0.69038634E-03
    213408  0.66151342E-03
    213696  0.62995177E-03
    213984  0.59599039E-03
    214272  0.56440767E-03
    214560  0.53671876E-03
    214848  0.51296764E-03
    215136  0.49262209E-03
    215424  0.47025154E-03
    215712  0.44602508E-03
    216000  0.42345558E-03
    216288  0.40366602E-03
    216576  0.38668979E-03
    216864  0.37213883E-03
    217152  0.35599436E-03
    217440  0.33838677E-03
    217728  0.32193642E-03
    218016  0.30754914E-03
    218304  0.29526319E-03
    218592  0.28201874E-03
    218880  0.26790827E-03
    219168  0.25493058E-03
    219456  0.24367633E-03
    219744  0.23410960E-03
    220032  0.22596336E-03
    220320  0.21681936E-03
    220608  0.20680125E-03
    220896  0.19748352E-03
    221184  0.18935304E-03
    221472  0.18241098E-03
    221760  0.17647410E-03
    222048  0.16969426E-03
    222336  0.16216625E-03
    222624  0.15514888E-03
    222912  0.14903401E-03
    223200  0.14382492E-03
    223488  0.13805549E-03
    223776  0.13180934E-03
    224064  0.12606024E-03
    224352  0.12111402E-03
    224640  0.11695296E-03
    224928  0.11344273E-03
    225216  0.11042839E-03
    225504  0.10674717E-03
    225792  0.10253249E-03
    226080  0.98584234E-04
    226368  0.95148411E-04
    226656  0.92228707E-04
    226944  0.89740999E-04
    227232  0.86761029E-04
    227520  0.83402330E-04
    227808  0.80301514E-04
    228096  0.77639903E-04
    228384  0.75406460E-04
    228672  0.73540919E-04
    228960  0.71961360E-04
    229248  0.69898146E-04
    229536  0.67469940E-04
    229824  0.65229870E-04
    230112  0.63334912E-04
    230400  0.61776467E-04
    230688  0.60490551E-04
    230976  0.59421101E-04
    231264  0.57925587E-04
    231552  0.56130557E-04
    231840  0.54492022E-04
    232128  0.53145130E-04
    232416  0.52080079E-04
    232704  0.51241215E-04
    232992  0.50569131E-04
    233280  0.50027473E-04
    233568  0.49066359E-04
    233856  0.47835492E-04
    234144  0.46741428E-04
    234432  0.45898552E-04
    234720  0.45294644E-04
    235008  0.44880078E-04
    235296  0.44604200E-04
    235584  0.44440643E-04
    235872  0.43935088E-04
    236160  0.43236647E-04
    236448  0.42677395E-04
    236736  0.42341828E-04
    237024  0.42212389E-04
    237312  0.42245807E-04
    237600  0.42402211E-04
    237888  0.42653235E-04
    238176  0.42485783E-04
    238464  0.42119453E-04
    238752  0.41938452E-04
    239040  0.42012922E-04
    239328  0.42325271E-04
    239616  0.42826192E-04
    239904  0.43471377E-04
    240192  0.44231343E-04
    240480  0.44521170E-04
    240768  0.44634155E-04
    241056  0.44991921E-04
    241344  0.45649842E-04
    241632  0.46561901E-04
    241920  0.47690926E-04
    242208  0.48996335E-04
    242496  0.50450002E-04
    242784  0.51300980E-04
    243072  0.52001553E-04
    243360  0.53064097E-04
    243648  0.54524749E-04
    243936  0.56309451E-04
    244224  0.58349091E-04
    244512  0.60631734E-04
    244800  0.63142179E-04
    245088  0.64862841E-04
    245376  0.66461223E-04
    245664  0.68597525E-04
    245952  0.71292961E-04
    246240  0.74483949E-04
    246528  0.78084704E-04
    246816  0.82045510E-04
    247104  0.86356442E-04
    247392  0.89552712E-04
    247680  0.92732735E-04
    247968  0.96858581E-04
    248256  0.10189567E-03
    248544  0.10767281E-03
    248832  0.11408512E-03
    249120  0.12110596E-03
    249408  0.12876201E-03
    249696  0.13477250E-03
    249984  0.14101216E-03
    250272  0.14889988E-03
    250560  0.15831486E-03
    250848  0.16899777E-03
    251136  0.18082504E-03
    251424  0.19380043E-03
    251712  0.20800767E-03
    252000  0.21960700E-03
    252288  0.23196846E-03
    252576  0.24719606E-03
    252864  0.26505865E-03
    253152  0.28520232E-03
    253440  0.30749702E-03
    253728  0.33222325E-03
    254016  0.35952314E-03
    254304  0.38241458E-03
    254592  0.40723386E-03
    254880  0.43748831E-03
    255168  0.47266053E-03
    255456  0.51218062E-03
    255744  0.55594312E-03
    256032  0.60418522E-03
    256320  0.65733836E-03
    256608  0.71594637E-03
    256896  0.78063621E-03
    257184  0.85210451E-03
    257472  0.91296009E-03
    257760  0.97964355E-03
    258048  0.10604307E-02
    258336  0.11538981E-02
    258624  0.12587691E-02
    258912  0.13749439E-02
    259200  0.15031176E-02
    259488  0.16444394E-02
    259776  0.18003152E-02
    260064  0.19723347E-02
    260352  0.21622628E-02
    260640  0.23734935E-02
    260928  0.26053593E-02
    261216  0.28605941E-02
    261504  0.31423329E-02
    261792  0.34537155E-02
    262080  0.37979642E-02
    262368  0.41785156E-02
    262656  0.45991200E-02
    262944  0.50638681E-02
    263232  0.55771419E-02
    263520  0.61435802E-02
    263808  0.67680022E-02
    264096  0.74552563E-02
    264384  0.82266061E-02
    264672  0.90618627E-02
    264960  0.99633690E-02
    265248  0.10938097E-01
    265536  0.12020975E-01
    265824  0.13257800E-01
    266112  0.14459626E-01
    266400  0.15524615E-01
    266688  0.16446520E-01
    266976  0.17240960E-01
    267264  0.17979840E-01
    267552  0.18593103E-01
    267840  0.19397156E-01
    268128  0.20190256E-01
    268416  0.20836582E-01
    268704  0.21336356E-01
    268992  0.21711405E-01
    269280  0.21980835E-01
    269568  0.22230886E-01
    269856  0.22364723E-01
    270144  0.22397600E-01
    270432  0.22698775E-01
    270720  0.23025768E-01
    271008  0.23223972E-01
    271296  0.23291409E-01
    271584  0.23250259E-01
    271872  0.23120547E-01
    272160  0.22992034E-01
    272448  0.23130896E-01
    272736  0.23284834E-01
    273024  0.23298984E-01
    273312  0.23178643E-01
    273600  0.22951663E-01
    273888  0.22641778E-01
    274176  0.22637224E-01
    274464  0.22754217E-01
    274752  0.22711910E-01
    275040  0.22510732E-01
    275328  0.22190282E-01
    275616  0.21783700E-01
    275904  0.21685790E-01
    276192  0.21647066E-01
    276480  0.21486429E-01
    276768  0.21263335E-01
    277056  0.20906424E-01
    277344  0.20817863E-01
    277632  0.20772308E-01
    277920  0.20593105E-01
    278208  0.20278199E-01
    278496  0.20225819E-01
    278784  0.20211626E-01
    279072  0.20055167E-01
    279360  0.19811289E-01
    279648  0.19792791E-01
    279936  0.19788653E-01
    280224  0.19626938E-01
    280512  0.19310951E-01
    280800  0.18876504E-01
    281088  0.18713010E-01
    281376  0.18612577E-01
    281664  0.18388467E-01
    281952  0.18079624E-01
    282240  0.18067736E-01
    282528  0.18127045E-01
    282816  0.18028351E-01
    283104  0.17759349E-01
    283392  0.17356433E-01
    283680  0.17195826E-01
    283968  0.17097523E-01
    284256  0.16878564E-01
    284544  0.16525747E-01
    284832  0.16435506E-01
    285120  0.16382413E-01
    285408  0.16188538E-01
    285696  0.16172703E-01
    285984  0.16178442E-01
    286272  0.16036259E-01
    286560  0.15739374E-01
    286848  0.15634637E-01
    287136  0.15577789E-01
    287424  0.15432291E-01
    287712  0.15133692E-01
    288000  0.15012703E-01
    288288  0.14939181E-01
    288576  0.14746997E-01
    288864  0.14421832E-01
    289152  0.14280202E-01
    289440  0.14197305E-01
    289728  0.14008228E-01
    290016  0.13721343E-01
    290304  0.13597175E-01
    290592  0.13521972E-01
    290880  0.13338988E-01
    291168  0.13031722E-01
    291456  0.12886949E-01
    291744  0.12801813E-01
    292032  0.12622958E-01
    292320  0.12351596E-01
    292608  0.11975876E-01
    292896  0.11765139E-01
    293184  0.11627935E-01
    293472  0.11416918E-01
    293760  0.11108402E-01
    294048  0.10943272E-01
    294336  0.10855394E-01
    294624  0.10683998E-01
    294912  0.10406849E-01
    295200  0.10042753E-01
    295488  0.98195616E-02
    295776  0.96662957E-02
    296064  0.94564324E-02
    296352  0.91798967E-02
    296640  0.88304151E-02
    296928  0.86047444E-02
    297216  0.84426645E-02
    297504  0.82322173E-02
    297792  0.79534762E-02
    298080  0.76268800E-02
    298368  0.72569661E-02
    298656  0.70037795E-02
    298944  0.68168412E-02
    299232  0.66006151E-02
    299520  0.63363947E-02
    299808  0.60385619E-02
    300096  0.57123490E-02
    300384  0.53714458E-02
    300672  0.51311422E-02
    300960  0.49523558E-02
    301248  0.47619557E-02
    301536  0.45485259E-02
    301824  0.43116589E-02
    302112  0.40615429E-02
    302400  0.38082164E-02
    302688  0.35593307E-02
    302976  0.33199294E-02
    303264  0.30947216E-02
    303552  0.29401570E-02
    303840  0.28301764E-02
    304128  0.27194791E-02
    304416  0.25977199E-02
    304704  0.24681760E-02
    304992  0.23338529E-02
    305280  0.21993648E-02
    305568  0.20683375E-02
    305856  0.19431210E-02
    306144  0.18249766E-02
    306432  0.17150094E-02
    306720  0.16120595E-02
    307008  0.15158611E-02
    307296  0.14262012E-02
    307584  0.13428114E-02
    307872  0.12653519E-02
    308160  0.11934376E-02
    308448  0.11269383E-02
    308736  0.10648713E-02
    309024  0.10068550E-02
    309312  0.95265498E-03
    309600  0.90206036E-03
    309888  0.85486099E-03
    310176  0.81083836E-03
    310464  0.76990970E-03
    310752  0.73153991E-03
    311040  0.69549406E-03
    311328  0.66164194E-03
    311616  0.62988116E-03
    311904  0.60010381E-03
    312192  0.56260417E-03
    312480  0.52106631E-03
    312768  0.48328351E-03
    313056  0.45108979E-03
    313344  0.42412279E-03
    313632  0.40122014E-03
    313920  0.38135084E-03
    314208  0.36371624E-03
    314496  0.34774828E-03
    314784  0.33306103E-03
    315072  0.31422437E-03
