       288   172.16364    
       576   171.69734    
       864   171.39062    
      1152   171.13943    
      1440   170.90761    
      1728   170.53229    
      2016   170.15692    
      2304   169.78104    
      2592   169.40730    
      2880   169.03926    
      3168   168.68031    
      3456   168.19760    
      3744   167.72293    
      4032   167.24608    
      4320   166.74492    
      4608   166.20619    
      4896   165.62138    
      5184   164.87100    
      5472   164.07713    
      5760   163.24522    
      6048   162.38219    
      6336   161.49524    
      6624   160.59227    
      6912   159.58812    
      7200   158.58992    
      7488   157.60156    
      7776   156.62708    
      8064   155.66884    
      8352   154.65366    
      8640   153.66487    
      8928   152.70207    
      9216   151.76488    
      9504   150.85329    
      9792   149.96727    
     10080   149.04558    
     10368   148.15424    
     10656   147.29163    
     10944   146.45671    
     11232   145.64871    
     11520   144.86708    
     11808   144.05894    
     12096   143.27910    
     12384   142.52647    
     12672   141.79997    
     12960   141.09885    
     13248   140.37549    
     13536   139.67801    
     13824   139.00540    
     14112   138.35709    
     14400   137.73241    
     14688   137.13083    
     14976   136.55196    
     15264   135.95280    
     15552   135.37691    
     15840   134.82320    
     16128   134.29120    
     16416   133.78038    
     16704   133.29059    
     16992   132.78120    
     17280   132.29280    
     17568   131.82471    
     17856   131.37650    
     18144   130.94807    
     18432   130.53990    
     18720   130.15187    
     19008   129.74301    
     19296   129.35391    
     19584   128.98447    
     19872   128.65352    
     20160   128.40556    
     20448   128.22214    
     20736   128.09108    
     21024   127.96085    
     21312   127.87329    
     21600   127.82956    
     21888   127.83211    
     22176   127.88372    
     22464   127.98779    
     22752   128.14806    
     23040   128.36934    
     23328   128.58649    
     23616   128.86288    
     23904   129.20346    
     24192   129.61443    
     24480   130.10242    
     24768   130.67538    
     25056   131.34155    
     25344   132.11159    
     25632   132.90092    
     25920   133.79930    
     26208   134.81871    
     26496   135.97392    
     26784   137.28122    
     27072   138.75937    
     27360   140.42963    
     27648   142.31567    
     27936   144.26137    
     28224   146.42532    
     28512   148.67828    
     28800   150.89130    
     29088   153.02985    
     29376   155.07675    
     29664   157.02361    
     29952   158.86736    
     30240   160.38698    
     30528   161.79089    
     30816   163.09534    
     31104   164.31302    
     31392   165.45337    
     31680   166.52376    
     31968   167.52882    
     32256   168.47223    
     32544   169.11656    
     32832   169.68547    
     33120   170.19388    
     33408   170.65167    
     33696   171.06503    
     33984   171.43622    
     34272   171.76663    
     34560   172.05592    
     34848   172.05290    
     35136   171.98965    
     35424   171.88216    
     35712   171.73941    
     36000   171.56573    
     36288   171.36195    
     36576   171.12843    
     36864   170.86462    
     37152   170.31633    
     37440   169.71983    
     37728   169.09160    
     38016   168.44043    
     38304   167.77087    
     38592   167.08473    
     38880   166.38242    
     39168   165.66318    
     39456   164.67783    
     39744   163.66014    
     40032   162.62772    
     40320   161.58949    
     40608   160.55046    
     40896   159.51231    
     41184   158.47575    
     41472   157.44019    
     41760   156.16505    
     42048   154.87746    
     42336   153.59650    
     42624   152.33133    
     42912   151.08527    
     43200   149.85825    
     43488   148.64865    
     43776   147.45370    
     44064   146.04106    
     44352   144.62930    
     44640   143.23669    
     44928   141.87109    
     45216   140.53409    
     45504   139.22440    
     45792   137.93974    
     46080   136.67693    
     46368   135.43282    
     46656   134.20442    
     46944   132.98897    
     47232   131.55942    
     47520   130.12997    
     47808   128.71880    
     48096   127.33292    
     48384   125.97374    
     48672   124.63979    
     48960   123.32835    
     49248   122.03657    
     49536   120.76139    
     49824   119.50016    
     50112   118.25047    
     50400   117.01070    
     50688   115.78001    
     50976   114.55730    
     51264   113.34077    
     51552   112.12885    
     51840   110.92010    
     52128   109.71352    
     52416   108.50854    
     52704   107.30452    
     52992   106.10114    
     53280   104.89799    
     53568   103.69501    
     53856   102.49208    
     54144   101.28984    
     54432   100.08904    
     54720   98.890137    
     55008   97.692459    
     55296   96.495712    
     55584   95.299660    
     55872   94.104004    
     56160   92.908730    
     56448   91.714035    
     56736   90.520050    
     57024   89.326683    
     57312   88.135422    
     57600   87.176384    
     57888   86.224617    
     58176   85.258469    
     58464   84.269928    
     58752   83.257378    
     59040   82.222519    
     59328   81.168060    
     59616   80.097908    
     59904   79.015457    
     60192   78.159523    
     60480   77.299225    
     60768   76.414780    
     61056   75.499573    
     61344   74.553635    
     61632   73.579674    
     61920   72.581406    
     62208   71.807327    
     62496   71.021484    
     62784   70.205139    
     63072   69.352364    
     63360   68.463753    
     63648   67.542709    
     63936   66.842415    
     64224   66.123215    
     64512   65.366837    
     64800   64.569252    
     65088   63.731586    
     65376   62.857594    
     65664   62.207012    
     65952   61.533085    
     66240   60.818840    
     66528   60.059536    
     66816   59.257103    
     67104   58.677895    
     67392   58.069157    
     67680   57.414299    
     67968   56.709045    
     68256   56.221313    
     68544   55.693600    
     68832   55.110264    
     69120   54.467907    
     69408   54.041546    
     69696   53.569321    
     69984   53.036366    
     70272   52.439747    
     70560   51.782501    
     70848   51.345577    
     71136   50.864269    
     71424   50.324852    
     71712   49.723858    
     72000   49.414825    
     72288   49.059029    
     72576   48.637238    
     72864   48.143948    
     73152   47.581226    
     73440   47.237820    
     73728   46.841274    
     74016   46.379368    
     74304   45.849949    
     74592   45.542316    
     74880   45.178871    
     75168   44.748367    
     75456   44.539158    
     75744   44.267513    
     76032   43.920341    
     76320   43.495010    
     76608   43.286987    
     76896   43.013680    
     77184   42.664707    
     77472   42.237434    
     77760   42.031689    
     78048   41.761810    
     78336   41.417915    
     78624   40.998379    
     78912   40.801907    
     79200   40.541698    
     79488   40.208340    
     79776   39.799847    
     80064   39.615601    
     80352   39.367531    
     80640   39.047112    
     80928   38.652935    
     81216   38.483734    
     81504   38.250919    
     81792   37.946312    
     82080   37.568230    
     82368   37.118370    
     82656   36.895519    
     82944   36.614201    
     83232   36.268028    
     83520   35.855782    
     83808   35.669422    
     84096   35.424938    
     84384   35.113770    
     84672   34.735111    
     84960   34.291172    
     85248   34.069588    
     85536   33.791702    
     85824   33.452484    
     86112   33.050854    
     86400   32.587605    
     86688   32.341663    
     86976   32.042191    
     87264   31.685209    
     87552   31.270247    
     87840   30.798813    
     88128   30.273399    
     88416   29.956816    
     88704   29.593849    
     88992   29.182455    
     89280   28.722872    
     89568   28.217041    
     89856   27.667374    
     90144   27.078192    
     90432   26.686651    
     90720   26.261929    
     91008   25.803617    
     91296   25.313154    
     91584   24.791634    
     91872   24.242083    
     92160   23.668091    
     92448   23.073107    
     92736   22.460741    
     93024   21.834171    
     93312   21.390474    
     93600   20.936268    
     93888   20.472231    
     94176   19.999319    
     94464   19.519114    
     94752   19.032141    
     95040   18.539909    
     95328   18.043924    
     95616   17.545567    
     95904   17.046051    
     96192   16.546553    
     96480   16.047651    
     96768   15.550472    
     97056   15.056139    
     97344   14.565802    
     97632   14.080633    
     97920   13.601848    
     98208   13.130857    
     98496   12.668437    
     98784   12.215811    
     99072   11.774067    
     99360   11.344240    
     99648   10.927211    
     99936   10.523767    
    100224   10.134894    
    100512   9.7605295    
    100800   9.4012175    
    101088   9.0572739    
    101376   8.7289400    
    101664   8.4163256    
    101952   8.0183325    
    102240   7.6439815    
    102528   7.2926326    
    102816   6.9636636    
    103104   6.6563706    
    103392   6.3697004    
    103680   6.1028066    
    103968   5.8549085    
    104256   5.6251035    
    104544   5.4124680    
    104832   5.1395497    
    105120   4.8910952    
    105408   4.6650910    
    105696   4.4596748    
    105984   4.2731318    
    106272   4.1038404    
    106560   3.9503293    
    106848   3.7488365    
    107136   3.5696871    
    107424   3.4102597    
    107712   3.2682688    
    108000   3.1416850    
    108288   3.0287490    
    108576   2.8757658    
    108864   2.7424490    
    109152   2.6259327    
    109440   2.5238388    
    109728   2.4341369    
    110016   2.3551064    
    110304   2.2416623    
    110592   2.1446054    
    110880   2.0611315    
    111168   1.9890409    
    111456   1.9264534    
    111744   1.8719063    
    112032   1.7873719    
    112320   1.7163002    
    112608   1.6561877    
    112896   1.6052226    
    113184   1.5616933    
    113472   1.4924837    
    113760   1.4353664    
    114048   1.3878082    
    114336   1.3478324    
    114624   1.3139765    
    114912   1.2850431    
    115200   1.2331342    
    115488   1.1910944    
    115776   1.1566876    
    116064   1.1282263    
    116352   1.1044554    
    116640   1.0844147    
    116928   1.0439974    
    117216   1.0117941    
    117504  0.98598516    
    117792  0.96507782    
    118080  0.94795287    
    118368  0.91302305    
    118656  0.88563710    
    118944  0.86400485    
    119232  0.84683996    
    119520  0.83307600    
    119808  0.82193905    
    120096  0.81285810    
    120384  0.78751129    
    120672  0.76832211    
    120960  0.75367498    
    121248  0.74241030    
    121536  0.73371518    
    121824  0.72704577    
    122112  0.70596707    
    122400  0.69050449    
    122688  0.67913371    
    122976  0.67079353    
    123264  0.66480422    
    123552  0.66074693    
    123840  0.65819371    
    124128  0.64207524    
    124416  0.63098085    
    124704  0.62362403    
    124992  0.61898810    
    125280  0.61639607    
    125568  0.61543000    
    125856  0.61591446    
    126144  0.60372084    
    126432  0.59622127    
    126720  0.59218884    
    127008  0.59081662    
    127296  0.59144384    
    127584  0.59362102    
    127872  0.59711540    
    128160  0.60191345    
    128448  0.59428984    
    128736  0.59132963    
    129024  0.59184259    
    129312  0.59506923    
    129600  0.60039389    
    129888  0.60743886    
    130176  0.61601400    
    130464  0.62616509    
    130752  0.62529051    
    131040  0.62918371    
    131328  0.63675195    
    131616  0.64734662    
    131904  0.66043693    
    132192  0.67574424    
    132480  0.69315428    
    132768  0.71270460    
    133056  0.71832985    
    133344  0.73062682    
    133632  0.74804372    
    133920  0.76980042    
    134208  0.79550803    
    134496  0.82483006    
    134784  0.85770881    
    135072  0.89434630    
    135360  0.91430444    
    135648  0.94385046    
    135936  0.98102069    
    136224   1.0247561    
    136512   1.0748260    
    136800   1.1313616    
    137088   1.1943995    
    137376   1.2643243    
    137664   1.3121325    
    137952   1.3756000    
    138240   1.4520463    
    138528   1.5402486    
    138816   1.6399263    
    139104   1.7518469    
    139392   1.8773772    
    139680   2.0175915    
    139968   2.1273942    
    140256   2.2644410    
    140544   2.4259319    
    140832   2.6119471    
    141120   2.8238790    
    141408   3.0634339    
    141696   3.3334994    
    141984   3.6379406    
    142272   3.9031265    
    142560   4.2243838    
    142848   4.6011243    
    143136   5.0351725    
    143424   5.5313106    
    143712   6.0966392    
    144000   6.7402048    
    144288   7.4728394    
    144576   8.1692648    
    144864   8.9889259    
    145152   9.9377403    
    145440   11.024063    
    145728   12.259783    
    146016   13.658659    
    146304   15.227810    
    146592   16.897501    
    146880   18.303171    
    147168   19.629799    
    147456   20.868542    
    147744   22.020102    
    148032   23.088827    
    148320   24.083105    
    148608   25.010822    
    148896   25.875061    
    149184   26.440834    
    149472   26.967030    
    149760   27.456991    
    150048   27.915434    
    150336   28.346159    
    150624   28.751614    
    150912   29.132862    
    151200   29.489487    
    151488   29.820999    
    151776   30.126705    
    152064   30.405838    
    152352   30.409365    
    152640   30.396133    
    152928   30.370068    
    153216   30.334929    
    153504   30.292866    
    153792   30.244066    
    154080   30.187384    
    154368   30.121445    
    154656   30.044720    
    154944   29.955664    
    155232   29.852673    
    155520   29.732790    
    155808   29.594200    
    156096   29.438992    
    156384   29.267687    
    156672   29.080057    
    156960   28.876165    
    157248   28.656208    
    157536   28.420437    
    157824   28.169046    
    158112   27.902275    
    158400   27.620714    
    158688   27.324987    
    158976   27.015759    
    159264   26.692417    
    159552   26.354540    
    159840   26.005182    
    160128   25.645645    
    160416   25.276672    
    160704   24.898701    
    160992   24.512337    
    161280   24.118055    
    161568   23.716404    
    161856   23.308054    
    162144   22.891661    
    162432   22.467829    
    162720   22.295258    
    163008   22.103006    
    163296   21.882025    
    163584   21.627966    
    163872   21.340458    
    164160   21.021667    
    164448   20.673464    
    164736   20.299267    
    165024   19.905184    
    165312   19.755014    
    165600   19.571627    
    165888   19.349405    
    166176   19.087032    
    166464   18.786777    
    166752   18.452875    
    167040   18.088844    
    167328   17.961767    
    167616   17.791021    
    167904   17.574566    
    168192   17.313751    
    168480   17.012728    
    168768   16.677271    
    169056   16.576202    
    169344   16.423182    
    169632   16.216318    
    169920   15.961063    
    170208   15.663714    
    170496   15.331281    
    170784   15.234377    
    171072   15.082710    
    171360   14.878455    
    171648   14.624582    
    171936   14.327175    
    172224   14.260874    
    172512   14.131800    
    172800   13.944709    
    173088   13.706107    
    173376   13.690091    
    173664   13.600202    
    173952   13.443363    
    174240   13.226275    
    174528   13.226943    
    174816   13.146977    
    175104   12.996155    
    175392   12.784626    
    175680   12.522676    
    175968   12.487773    
    176256   12.378325    
    176544   12.204342    
    176832   11.973632    
    177120   12.032240    
    177408   11.999500    
    177696   11.887779    
    177984   11.708982    
    178272   11.474896    
    178560   11.463759    
    178848   11.370912    
    179136   11.209626    
    179424   10.991873    
    179712   10.993267    
    180000   10.907317    
    180288   10.750498    
    180576   10.804282    
    180864   10.762633    
    181152   10.642072    
    181440   10.456906    
    181728   10.486100    
    182016   10.423510    
    182304   10.284654    
    182592   10.082714    
    182880   10.097548    
    183168   10.022634    
    183456   9.8758831    
    183744   9.6719732    
    184032   9.6849737    
    184320   9.6098156    
    184608   9.4647741    
    184896   9.2626915    
    185184   9.2740259    
    185472   9.1965847    
    185760   9.0502481    
    186048   8.8504677    
    186336   8.8639326    
    186624   8.7906475    
    186912   8.6503096    
    187200   8.4562502    
    187488   8.2197514    
    187776   8.1993113    
    188064   8.1000099    
    188352   7.9415531    
    188640   7.7387528    
    188928   7.7421665    
    189216   7.6633744    
    189504   7.5211215    
    189792   7.3323665    
    190080   7.1097841    
    190368   7.0914903    
    190656   6.9985557    
    190944   6.8512669    
    191232   6.6628118    
    191520   6.4433479    
    191808   6.4183502    
    192096   6.3223033    
    192384   6.1758528    
    192672   5.9937282    
    192960   5.7853608    
    193248   5.5579243    
    193536   5.5134950    
    193824   5.4070354    
    194112   5.2582436    
    194400   5.0808883    
    194688   4.8837638    
    194976   4.6732516    
    195264   4.4553804    
    195552   4.3994565    
    195840   4.2920017    
    196128   4.1511364    
    196416   3.9887698    
    196704   3.8126109    
    196992   3.6294460    
    197280   3.4440994    
    197568   3.2599254    
    197856   3.0792613    
    198144   2.9031689    
    198432   2.8507719    
    198720   2.7625797    
    199008   2.6540089    
    199296   2.5351894    
    199584   2.4124200    
    199872   2.2893298    
    200160   2.1689305    
    200448   2.0530388    
    200736   1.9426218    
    201024   1.8381153    
    201312   1.7393368    
    201600   1.6459368    
    201888   1.5580652    
    202176   1.4756653    
    202464   1.3985368    
    202752   1.3264118    
    203040   1.2589893    
    203328   1.1957929    
    203616   1.1363213    
    203904   1.0805485    
    204192   1.0283402    
    204480  0.97950959    
    204768  0.93384600    
    205056  0.89112133    
    205344  0.85105163    
    205632  0.81321985    
    205920  0.77764493    
    206208  0.74426591    
    206496  0.71294761    
    206784  0.68358028    
    207072  0.62317502    
    207360  0.57946461    
    207648  0.54608250    
    207936  0.51915687    
    208224  0.49626270    
    208512  0.47591639    
    208800  0.45741373    
    209088  0.44032317    
    209376  0.42436194    
    209664  0.40935415    
    209952  0.37469658    
    210240  0.35040614    
    210528  0.33234665    
    210816  0.31805363    
    211104  0.30607456    
    211392  0.29554513    
    211680  0.28597668    
    211968  0.26247498    
    212256  0.24640092    
    212544  0.23470286    
    212832  0.22558095    
    213120  0.21797837    
    213408  0.21128610    
    213696  0.19426012    
    213984  0.18283007    
    214272  0.17464904    
    214560  0.16833656    
    214848  0.16309762    
    215136  0.15848172    
    215424  0.14607114    
    215712  0.13782492    
    216000  0.13197489    
    216288  0.12748915    
    216576  0.12376335    
    216864  0.12047218    
    217152  0.11128907    
    217440  0.10523577    
    217728  0.10099257    
    218016  0.97797960E-01
    218304  0.95173106E-01
    218592  0.88031478E-01
    218880  0.83409943E-01
    219168  0.80203585E-01
    219456  0.77774428E-01
    219744  0.75760491E-01
    220032  0.73970243E-01
    220320  0.68645209E-01
    220608  0.65220006E-01
    220896  0.62850922E-01
    221184  0.61056215E-01
    221472  0.59569057E-01
    221760  0.58240563E-01
    222048  0.54174390E-01
    222336  0.51565189E-01
    222624  0.49780719E-01
    222912  0.48439663E-01
    223200  0.47331631E-01
    223488  0.44071648E-01
    223776  0.42003375E-01
    224064  0.40600751E-01
    224352  0.39566103E-01
    224640  0.38719065E-01
    224928  0.37962951E-01
    225216  0.37251350E-01
    225504  0.34858081E-01
    225792  0.33358935E-01
    226080  0.32343641E-01
    226368  0.31582467E-01
    226656  0.30953255E-01
    226944  0.30396789E-01
    227232  0.28527753E-01
    227520  0.27378244E-01
    227808  0.26611015E-01
    228096  0.26043072E-01
    228384  0.25584089E-01
    228672  0.25190627E-01
    228960  0.24827536E-01
    229248  0.23398548E-01
    229536  0.22544943E-01
    229824  0.22001307E-01
    230112  0.21615898E-01
    230400  0.21308558E-01
    230688  0.21044161E-01
    230976  0.20812629E-01
    231264  0.19719616E-01
    231552  0.19093905E-01
    231840  0.18716851E-01
    232128  0.18471081E-01
    232416  0.18289557E-01
    232704  0.18140085E-01
    232992  0.18012064E-01
    233280  0.17905565E-01
    233568  0.17085068E-01
    233856  0.16659908E-01
    234144  0.16441295E-01
    234432  0.16331548E-01
    234720  0.16275501E-01
    235008  0.16246663E-01
    235296  0.16238783E-01
    235584  0.16254922E-01
    235872  0.15722703E-01
    236160  0.15509404E-01
    236448  0.15460317E-01
    236736  0.15499369E-01
    237024  0.15584174E-01
    237312  0.15696684E-01
    237600  0.15829628E-01
    237888  0.15986349E-01
    238176  0.15555721E-01
    238464  0.15487779E-01
    238752  0.15594802E-01
    239040  0.15796322E-01
    239328  0.16054261E-01
    239616  0.16347039E-01
    239904  0.16668312E-01
    240192  0.17023237E-01
    240480  0.16765956E-01
    240768  0.16908806E-01
    241056  0.17237995E-01
    241344  0.17660031E-01
    241632  0.18146524E-01
    241920  0.18685972E-01
    242208  0.19267319E-01
    242496  0.19891543E-01
    242784  0.19814795E-01
    243072  0.20237871E-01
    243360  0.20885024E-01
    243648  0.21645015E-01
    243936  0.22477452E-01
    244224  0.23384426E-01
    244512  0.24372762E-01
    244800  0.25438311E-01
    245088  0.25633402E-01
    245376  0.26479758E-01
    245664  0.27617127E-01
    245952  0.28931249E-01
    246240  0.30379631E-01
    246528  0.31943690E-01
    246816  0.33628095E-01
    247104  0.35447851E-01
    247392  0.36129147E-01
    247680  0.37777796E-01
    247968  0.39870184E-01
    248256  0.42215887E-01
    248544  0.44767834E-01
    248832  0.47531359E-01
    249120  0.50529938E-01
    249408  0.53793583E-01
    249696  0.55460125E-01
    249984  0.58630191E-01
    250272  0.62505171E-01
    250560  0.66823468E-01
    250848  0.71537107E-01
    251136  0.76671250E-01
    251424  0.82276173E-01
    251712  0.88411599E-01
    252000  0.92127971E-01
    252288  0.98285735E-01
    252576  0.10561658    
    252864  0.11377566    
    253152  0.12272618    
    253440  0.13261105    
    253728  0.14352785    
    254016  0.15553392    
    254304  0.16360599    
    254592  0.17600809    
    254880  0.19056909    
    255168  0.20675869    
    255456  0.22456561    
    255744  0.24414361    
    256032  0.26570415    
    256320  0.28948972    
    256608  0.31576821    
    256896  0.34483412    
    257184  0.37701416    
    257472  0.40042669    
    257760  0.43451446    
    258048  0.47422120    
    258336  0.51843530    
    258624  0.56723893    
    258912  0.62107599    
    259200  0.68055481    
    259488  0.74636012    
    259776  0.81925207    
    260064  0.90007544    
    260352  0.98977774    
    260640   1.0888734    
    260928   1.1985816    
    261216   1.3206862    
    261504   1.4567997    
    261792   1.6086690    
    262080   1.7782427    
    262368   1.9678113    
    262656   2.1800218    
    262944   2.4179420    
    263232   2.6851230    
    263520   2.9856908    
    263808   3.3244448    
    264096   3.7069540    
    264384   4.1379638    
    264672   4.6241412    
    264960   5.1747336    
    265248   5.7964873    
    265536   6.4549246    
    265824   7.0362635    
    266112   7.5081754    
    266400   7.8939738    
    266688   8.2103949    
    266976   8.4674988    
    267264   8.6698847    
    267552   8.8243208    
    267840   9.1509390    
    268128   9.3894014    
    268416   9.5601597    
    268704   9.6756525    
    268992   9.7447147    
    269280   9.7742996    
    269568   9.7672195    
    269856   9.7285929    
    270144   9.6655569    
    270432   9.8093843    
    270720   9.8805933    
    271008   9.8959970    
    271296   9.8660994    
    271584   9.7992306    
    271872   9.7023029    
    272160   9.5786276    
    272448   9.6664515    
    272736   9.6804075    
    273024   9.6390057    
    273312   9.5540533    
    273600   9.4346809    
    273888   9.2883673    
    274176   9.3566790    
    274464   9.3466520    
    274752   9.2765408    
    275040   9.1621952    
    275328   9.0144997    
    275616   8.8417130    
    275904   8.8869905    
    276192   8.8538971    
    276480   8.7639608    
    276768   8.6290255    
    277056   8.4597626    
    277344   8.5055504    
    277632   8.4674902    
    277920   8.3698721    
    278208   8.2287779    
    278496   8.2952213    
    278784   8.2693882    
    279072   8.1781492    
    279360   8.0371122    
    279648   8.1010389    
    279936   8.0690136    
    280224   7.9704084    
    280512   7.8243690    
    280800   7.6443372    
    281088   7.6792960    
    281376   7.6241784    
    281664   7.5077047    
    281952   7.3458614    
    282240   7.4520144    
    282528   7.4447236    
    282816   7.3610163    
    283104   7.2242827    
    283392   7.0505304    
    283680   7.0880222    
    283968   7.0314088    
    284256   6.9124584    
    284544   6.7512331    
    284832   6.7941484    
    285120   6.7374792    
    285408   6.6170349    
    285696   6.6903834    
    285984   6.6575594    
    286272   6.5551410    
    286560   6.4060335    
    286848   6.4584889    
    287136   6.4108901    
    287424   6.2965159    
    287712   6.1368570    
    288000   6.1793461    
    288288   6.1236477    
    288576   6.0056472    
    288864   5.8475809    
    289152   5.8898010    
    289440   5.8351960    
    289728   5.7197380    
    290016   5.5630713    
    290304   5.6019697    
    290592   5.5442843    
    290880   5.4272075    
    291168   5.2732816    
    291456   5.3133163    
    291744   5.2591100    
    292032   5.1470366    
    292320   4.9973192    
    292608   4.8234839    
    292896   4.8440733    
    293184   4.7774987    
    293472   4.6591473    
    293760   4.5100513    
    294048   4.5424738    
    294336   4.4849043    
    294624   4.3723345    
    294912   4.2281795    
    295200   4.0660372    
    295488   4.0820303    
    295776   4.0163298    
    296064   3.9033997    
    296352   3.7620347    
    296640   3.6039355    
    296928   3.6114159    
    297216   3.5418193    
    297504   3.4291017    
    297792   3.2929206    
    298080   3.1430285    
    298368   2.9858665    
    298656   2.9780610    
    298944   2.9026046    
    299232   2.7909052    
    299520   2.6610188    
    299808   2.5222702    
    300096   2.3802855    
    300384   2.2395101    
    300672   2.2223940    
    300960   2.1519001    
    301248   2.0551929    
    301536   1.9469384    
    301824   1.8350234    
    302112   1.7246069    
    302400   1.6183071    
    302688   1.5173031    
    302976   1.4219388    
    303264   1.3316542    
    303552   1.3240283    
    303840   1.2809912    
    304128   1.2219132    
    304416   1.1571074    
    304704   1.0916175    
    304992   1.0277420    
    305280  0.96698862    
    305568  0.90994149    
    305856  0.85668135    
    306144  0.80706060    
    306432  0.76059079    
    306720  0.71691132    
    307008  0.67606527    
    307296  0.63795751    
    307584  0.60242450    
    307872  0.56928331    
    308160  0.53835207    
    308448  0.50931573    
    308736  0.48193067    
    309024  0.45624790    
    309312  0.43221384    
    309600  0.40974602    
    309888  0.38874301    
    310176  0.36910063    
    310464  0.35065842    
    310752  0.33319810    
    311040  0.31676471    
    311328  0.30134895    
    311616  0.28690553    
    311904  0.27337080    
    312192  0.24342380    
    312480  0.22390999    
    312768  0.20999630    
    313056  0.19911225    
    313344  0.18985705    
    313632  0.18149465    
    313920  0.17374013    
    314208  0.16643450    
    314496  0.15951271    
    314784  0.15293881    
    315072  0.13671508    
