       288   2.2056272    
       576   2.7394023    
       864   2.8387804    
      1152   2.7798727    
      1440   2.6627939    
      1728   2.5252688    
      2016   2.3818073    
      2304   2.2444026    
      2592   2.1148148    
      2880   1.9927328    
      3168   1.8777927    
      3456   1.7696134    
      3744   1.6678129    
      4032   1.5720180    
      4320   1.4818705    
      4608   1.3970295    
      4896   1.3171721    
      5184   1.2419970    
      5472   1.1712188    
      5760   1.1045678    
      6048   1.0417923    
      6336  0.98265517    
      6624  0.92693496    
      6912  0.87442470    
      7200  0.82493019    
      7488  0.77826959    
      7776  0.73427218    
      8064  0.69277883    
      8352  0.65363920    
      8640  0.61671460    
      8928  0.58187371    
      9216  0.54899377    
      9504  0.51795977    
      9792  0.48866403    
     10080  0.46100569    
     10368  0.43489042    
     10656  0.41022912    
     10944  0.38693839    
     11232  0.36494020    
     11520  0.34416088    
     11808  0.32453161    
     12096  0.30598778    
     12384  0.28846836    
     12672  0.27191594    
     12960  0.25627676    
     13248  0.24150023    
     13536  0.22753865    
     13824  0.21434708    
     14112  0.20188324    
     14400  0.19010717    
     14688  0.17898127    
     14976  0.16847026    
     15264  0.15854067    
     15552  0.14916113    
     15840  0.14030179    
     16128  0.13193461    
     16416  0.12403306    
     16704  0.11657210    
     16992  0.10952820    
     17280  0.10287888    
     17568  0.96603081E-01
     17856  0.90680800E-01
     18144  0.85093156E-01
     18432  0.79822287E-01
     18720  0.74851111E-01
     19008  0.70163712E-01
     19296  0.65744951E-01
     19584  0.61580375E-01
     19872  0.57656441E-01
     20160  0.53960357E-01
     20448  0.50479788E-01
     20736  0.47203075E-01
     21024  0.44119220E-01
     21312  0.41217774E-01
     21600  0.38488843E-01
     21888  0.35923075E-01
     22176  0.33511516E-01
     22464  0.31245800E-01
     22752  0.29117906E-01
     23040  0.27120259E-01
     23328  0.25245709E-01
     23616  0.23487451E-01
     23904  0.21839006E-01
     24192  0.20294225E-01
     24480  0.18847300E-01
     24768  0.17492689E-01
     25056  0.16225148E-01
     25344  0.15039686E-01
     25632  0.13931641E-01
     25920  0.12896524E-01
     26208  0.11930090E-01
     26496  0.11028307E-01
     26784  0.10187360E-01
     27072  0.94036264E-02
     27360  0.87182662E-02
     27648  0.86777704E-02
     27936  0.94478540E-02
     28224  0.12428483E-01
     28512  0.37940301E-01
     28800  0.72068840E-01
     29088  0.10946759    
     29376  0.14876485    
     29664  0.18901771    
     29952  0.22965871    
     30240  0.26985925    
     30528  0.30867895    
     30816  0.34660837    
     31104  0.38402668    
     31392  0.42125899    
     31680  0.45868659    
     31968  0.49642625    
     32256  0.53461605    
     32544  0.57260484    
     32832  0.60988903    
     33120  0.64726740    
     33408  0.68532598    
     33696  0.72452521    
     33984  0.76530349    
     34272  0.80820143    
     34560  0.85346156    
     34848  0.90014517    
     35136  0.94758028    
     35424  0.99714667    
     35712   1.0499420    
     36000   1.1070108    
     36288   1.1689548    
     36576   1.2364277    
     36864   1.3101140    
     37152   1.3884614    
     37440   1.4705894    
     37728   1.5586449    
     38016   1.6537890    
     38304   1.7568765    
     38592   1.8684919    
     38880   1.9889712    
     39168   2.1183963    
     39456   2.2524753    
     39744   2.3884826    
     40032   2.5283358    
     40320   2.6724546    
     40608   2.8206487    
     40896   2.9722977    
     41184   3.1264868    
     41472   3.2821136    
     41760   3.4317822    
     42048   3.5716305    
     42336   3.7045612    
     42624   3.8319373    
     42912   3.9542942    
     43200   4.0717673    
     43488   4.1843724    
     43776   4.2917571    
     44064   4.3863344    
     44352   4.4654822    
     44640   4.5343146    
     44928   4.5957565    
     45216   4.6515017    
     45504   4.7025557    
     45792   4.7495456    
     46080   4.7928743    
     46368   4.8328185    
     46656   4.8695903    
     46944   4.9033384    
     47232   4.9261532    
     47520   4.9358797    
     47808   4.9385424    
     48096   4.9374070    
     48384   4.9342566    
     48672   4.9300642    
     48960   4.9253359    
     49248   4.9203219    
     49536   4.9151230    
     49824   4.9097419    
     50112   4.9041390    
     50400   4.8982015    
     50688   4.8917308    
     50976   4.8848271    
     51264   4.8774137    
     51552   4.8693833    
     51840   4.8606272    
     52128   4.8510714    
     52416   4.8406434    
     52704   4.8292933    
     52992   4.8169780    
     53280   4.8036542    
     53568   4.7893014    
     53856   4.7738881    
     54144   4.7573676    
     54432   4.7396131    
     54720   4.7207966    
     55008   4.7009201    
     55296   4.6799488    
     55584   4.6578593    
     55872   4.6346412    
     56160   4.6102881    
     56448   4.5848002    
     56736   4.5581803    
     57024   4.5303955    
     57312   4.5013218    
     57600   4.4799190    
     57888   4.4682808    
     58176   4.4595900    
     58464   4.4504294    
     58752   4.4391155    
     59040   4.4248695    
     59328   4.4073467    
     59616   4.3863897    
     59904   4.3622689    
     60192   4.3439522    
     60480   4.3337412    
     60768   4.3249755    
     61056   4.3143849    
     61344   4.3004274    
     61632   4.2824779    
     61920   4.2603397    
     62208   4.2427368    
     62496   4.2322760    
     62784   4.2224383    
     63072   4.2100101    
     63360   4.1935096    
     63648   4.1723628    
     63936   4.1550879    
     64224   4.1441088    
     64512   4.1329837    
     64800   4.1187143    
     65088   4.0998840    
     65376   4.0759425    
     65664   4.0552273    
     65952   4.0403099    
     66240   4.0250664    
     66528   4.0064344    
     66816   3.9829063    
     67104   3.9623208    
     67392   3.9471328    
     67680   3.9313037    
     67968   3.9117928    
     68256   3.8952196    
     68544   3.8835702    
     68832   3.8707988    
     69120   3.8538175    
     69408   3.8389494    
     69696   3.8283577    
     69984   3.8162134    
     70272   3.7995048    
     70560   3.7768254    
     70848   3.7551665    
     71136   3.7370884    
     71424   3.7173750    
     71712   3.6932974    
     72000   3.6725211    
     72288   3.6579602    
     72576   3.6431048    
     72864   3.6244230    
     73152   3.6001408    
     73440   3.5763202    
     73728   3.5553620    
     74016   3.5325890    
     74304   3.5054851    
     74592   3.4792964    
     74880   3.4560163    
     75168   3.4311373    
     75456   3.4084296    
     75744   3.3891711    
     76032   3.3685334    
     76320   3.3438168    
     76608   3.3195298    
     76896   3.2975395    
     77184   3.2737286    
     77472   3.2457054    
     77760   3.2178698    
     78048   3.1921446    
     78336   3.1647520    
     78624   3.1335394    
     78912   3.1025226    
     79200   3.0735171    
     79488   3.0430689    
     79776   3.0091739    
     80064   2.9754398    
     80352   2.9436457    
     80640   2.9106369    
     80928   2.8745577    
     81216   2.8387289    
     81504   2.8047705    
     81792   2.7698133    
     82080   2.7321522    
     82368   2.6907957    
     82656   2.6491296    
     82944   2.6089530    
     83232   2.5679874    
     83520   2.5248520    
     83808   2.4821548    
     84096   2.4412844    
     84384   2.4000375    
     84672   2.3570859    
     84960   2.3116796    
     85248   2.2662954    
     85536   2.2223594    
     85824   2.1781933    
     86112   2.1327565    
     86400   2.0854218    
     86688   2.0382464    
     86976   1.9924792    
     87264   1.9467866    
     87552   1.9003190    
     87840   1.8525938    
     88128   1.8033553    
     88416   1.7542946    
     88704   1.7065212    
     88992   1.6591451    
     89280   1.6115922    
     89568   1.5635395    
     89856   1.5148199    
     90144   1.4654105    
     90432   1.4165249    
     90720   1.3690152    
     91008   1.3223840    
     91296   1.2762964    
     91584   1.2305534    
     91872   1.1850697    
     92160   1.1398308    
     92448   1.0948758    
     92736   1.0502769    
     93024   1.0061253    
     93312  0.96306199    
     93600  0.92154878    
     93888  0.88142008    
     94176  0.84254616    
     94464  0.80484200    
     94752  0.76825660    
     95040  0.73276442    
     95328  0.69835871    
     95616  0.66509825    
     95904  0.63315052    
     96192  0.60264575    
     96480  0.57367086    
     96768  0.54628640    
     97056  0.52057505    
     97344  0.49657169    
     97632  0.47415355    
     97920  0.45320529    
     98208  0.43362027    
     98496  0.41530001    
     98784  0.39815307    
     99072  0.38209546    
     99360  0.36704934    
     99648  0.35294235    
     99936  0.33970734    
    100224  0.32728204    
    100512  0.31560886    
    100800  0.30463380    
    101088  0.29430735    
    101376  0.28458312    
    101664  0.27541813    
    101952  0.26680163    
    102240  0.25872001    
    102528  0.25113320    
    102816  0.24400313    
    103104  0.23729531    
    103392  0.23097722    
    103680  0.22501880    
    103968  0.21939233    
    104256  0.21407187    
    104544  0.20903346    
    104832  0.20427811    
    105120  0.19980337    
    105408  0.19558454    
    105696  0.19159923    
    105984  0.18782710    
    106272  0.18424943    
    106560  0.18084924    
    106848  0.17763044    
    107136  0.17459343    
    107424  0.17171998    
    107712  0.16899379    
    108000  0.16640060    
    108288  0.16392724    
    108576  0.16157888    
    108864  0.15935703    
    109152  0.15724747    
    109440  0.15523769    
    109728  0.15331690    
    110016  0.15147574    
    110304  0.14971988    
    110592  0.14805201    
    110880  0.14646091    
    111168  0.14493728    
    111456  0.14347328    
    111744  0.14206210    
    112032  0.14070953    
    112320  0.13941908    
    112608  0.13818188    
    112896  0.13699068    
    113184  0.13583961    
    113472  0.13473399    
    113760  0.13367651    
    114048  0.13265973    
    114336  0.13167784    
    114624  0.13072573    
    114912  0.12979957    
    115200  0.12890503    
    115488  0.12804510    
    115776  0.12721378    
    116064  0.12640664    
    116352  0.12561974    
    116640  0.12485033    
    116928  0.12410368    
    117216  0.12338284    
    117504  0.12268288    
    117792  0.12200005    
    118080  0.12133137    
    118368  0.12068150    
    118656  0.12005302    
    118944  0.11944153    
    119232  0.11884366    
    119520  0.11825674    
    119808  0.11767867    
    120096  0.11710794    
    120384  0.11654925    
    120672  0.11600529    
    120960  0.11547253    
    121248  0.11494841    
    121536  0.11443088    
    121824  0.11391837    
    122112  0.11341519    
    122400  0.11292362    
    122688  0.11244054    
    122976  0.11196351    
    123264  0.11149079    
    123552  0.11102089    
    123840  0.11055254    
    124128  0.11009014    
    124416  0.10963596    
    124704  0.10918710    
    124992  0.10874140    
    125280  0.10829715    
    125568  0.10785315    
    125856  0.10740830    
    126144  0.10696670    
    126432  0.10653060    
    126720  0.10609719    
    127008  0.10566441    
    127296  0.10523061    
    127584  0.10479452    
    127872  0.10435511    
    128160  0.10391141    
    128448  0.10346770    
    128736  0.10302611    
    129024  0.10258379    
    129312  0.10213864    
    129600  0.10168888    
    129888  0.10123307    
    130176  0.10077005    
    130464  0.10029873    
    130752  0.99822909E-01
    131040  0.99344119E-01
    131328  0.98859504E-01
    131616  0.98366484E-01
    131904  0.97863123E-01
    132192  0.97347744E-01
    132480  0.96818723E-01
    132768  0.96274629E-01
    133056  0.95720291E-01
    133344  0.95157593E-01
    133632  0.94582267E-01
    133920  0.93991138E-01
    134208  0.93381055E-01
    134496  0.92749514E-01
    134784  0.92093997E-01
    135072  0.91412157E-01
    135360  0.90709724E-01
    135648  0.89988373E-01
    135936  0.89242235E-01
    136224  0.88466719E-01
    136512  0.87657884E-01
    136800  0.86811744E-01
    137088  0.85924797E-01
    137376  0.84993385E-01
    137664  0.84025092E-01
    137952  0.83021566E-01
    138240  0.81974708E-01
    138528  0.80878124E-01
    138816  0.79726681E-01
    139104  0.78515500E-01
    139392  0.77239804E-01
    139680  0.75895272E-01
    139968  0.74492171E-01
    140256  0.73033586E-01
    140544  0.71510240E-01
    140832  0.69915444E-01
    141120  0.68243645E-01
    141408  0.66490829E-01
    141696  0.64654037E-01
    141984  0.62731490E-01
    142272  0.60739055E-01
    142560  0.58684416E-01
    142848  0.56561820E-01
    143136  0.54369789E-01
    143424  0.52110028E-01
    143712  0.49786814E-01
    144000  0.47406744E-01
    144288  0.44978570E-01
    144576  0.42525958E-01
    144864  0.40066175E-01
    145152  0.37986640E-01
    145440  0.36760557E-01
    145728  0.36396109E-01
    146016  0.36883995E-01
    146304  0.38311202E-01
    146592  0.44556919E-01
    146880  0.56770694E-01
    147168  0.69847122E-01
    147456  0.83083466E-01
    147744  0.96283257E-01
    148032  0.10932773    
    148320  0.12216392    
    148608  0.13481107    
    148896  0.14725097    
    149184  0.15935910    
    149472  0.17094323    
    149760  0.18212514    
    150048  0.19302998    
    150336  0.20376062    
    150624  0.21439463    
    150912  0.22498733    
    151200  0.23557545    
    151488  0.24618201    
    151776  0.25682047    
    152064  0.26750019    
    152352  0.27807108    
    152640  0.28826690    
    152928  0.29823217    
    153216  0.30810955    
    153504  0.31800714    
    153792  0.32799730    
    154080  0.33812401    
    154368  0.34841201    
    154656  0.35887435    
    154944  0.36952034    
    155232  0.38035703    
    155520  0.39136773    
    155808  0.40249282    
    156096  0.41381347    
    156384  0.42537272    
    156672  0.43719810    
    156960  0.44931430    
    157248  0.46174768    
    157536  0.47452724    
    157824  0.48768494    
    158112  0.50125450    
    158400  0.51527184    
    158688  0.52977502    
    158976  0.54480404    
    159264  0.56037259    
    159552  0.57644618    
    159840  0.59314418    
    160128  0.61053312    
    160416  0.62865663    
    160704  0.64755225    
    160992  0.66725355    
    161280  0.68779081    
    161568  0.70918912    
    161856  0.73147070    
    162144  0.75462496    
    162432  0.77858257    
    162720  0.80414551    
    163008  0.83195162    
    163296  0.86149263    
    163584  0.89237642    
    163872  0.92433405    
    164160  0.95718408    
    164448  0.99077767    
    164736   1.0249345    
    165024   1.0596324    
    165312   1.0958896    
    165600   1.1343837    
    165888   1.1742961    
    166176   1.2150050    
    166464   1.2560627    
    166752   1.2971369    
    167040   1.3379580    
    167328   1.3796213    
    167616   1.4228719    
    167904   1.4666528    
    168192   1.5101810    
    168480   1.5529041    
    168768   1.5944290    
    169056   1.6360526    
    169344   1.6784624    
    169632   1.7203659    
    169920   1.7609572    
    170208   1.7996844    
    170496   1.8361788    
    170784   1.8718896    
    171072   1.9075823    
    171360   1.9420048    
    171648   1.9743342    
    171936   2.0039887    
    172224   2.0324163    
    172512   2.0603793    
    172800   2.0866320    
    173088   2.1103961    
    173376   2.1329007    
    173664   2.1547978    
    173952   2.1748292    
    174240   2.1922340    
    174528   2.2081602    
    174816   2.2233036    
    175104   2.2364793    
    175392   2.2469938    
    175680   2.2544777    
    175968   2.2602849    
    176256   2.2651851    
    176544   2.2681711    
    176832   2.2686670    
    177120   2.2680624    
    177408   2.2672389    
    177696   2.2649813    
    177984   2.2605870    
    178272   2.2536955    
    178560   2.2453804    
    178848   2.2363164    
    179136   2.2256901    
    179424   2.2130518    
    179712   2.1992662    
    180000   2.1848717    
    180288   2.1691227    
    180576   2.1525979    
    180864   2.1357207    
    181152   2.1177247    
    181440   2.0981872    
    181728   2.0777590    
    182016   2.0569320    
    182304   2.0351102    
    182592   2.0119276    
    182880   1.9879640    
    183168   1.9636950    
    183456   1.9386233    
    183744   1.9124820    
    184032   1.8857318    
    184320   1.8587918    
    184608   1.8312596    
    184896   1.8029207    
    185184   1.7741048    
    185472   1.7451950    
    185760   1.7158802    
    186048   1.6859969    
    186336   1.6558058    
    186624   1.6256382    
    186912   1.5952626    
    187200   1.5645596    
    187488   1.5334773    
    187776   1.5022041    
    188064   1.4710439    
    188352   1.4398861    
    188640   1.4086770    
    188928   1.3774807    
    189216   1.3465270    
    189504   1.3157517    
    189792   1.2851242    
    190080   1.2546550    
    190368   1.2243388    
    190656   1.1943560    
    190944   1.1647283    
    191232   1.1354671    
    191520   1.1065978    
    191808   1.0780360    
    192096   1.0498998    
    192384   1.0222622    
    192672  0.99516219    
    192960  0.96863753    
    193248  0.94272625    
    193536  0.91727924    
    193824  0.89233840    
    194112  0.86801469    
    194400  0.84437031    
    194688  0.82144922    
    194976  0.79928815    
    195264  0.77791464    
    195552  0.75713927    
    195840  0.73693311    
    196128  0.71744233    
    196416  0.69880706    
    196704  0.68113989    
    196992  0.66450435    
    197280  0.64897925    
    197568  0.63455045    
    197856  0.62115556    
    198144  0.60873133    
    198432  0.59698933    
    198720  0.58579850    
    199008  0.57521778    
    199296  0.56526721    
    199584  0.55593818    
    199872  0.54721230    
    200160  0.53906047    
    200448  0.53144932    
    200736  0.52434283    
    201024  0.51770759    
    201312  0.51150787    
    201600  0.50571322    
    201888  0.50029385    
    202176  0.49522176    
    202464  0.49047032    
    202752  0.48601472    
    203040  0.48183230    
    203328  0.47790223    
    203616  0.47420606    
    203904  0.47072732    
    204192  0.46744969    
    204480  0.46435818    
    204768  0.46143925    
    205056  0.45867983    
    205344  0.45606801    
    205632  0.45359430    
    205920  0.45124906    
    206208  0.44902328    
    206496  0.44690889    
    206784  0.44489795    
    207072  0.44303611    
    207360  0.44133055    
    207648  0.43974227    
    207936  0.43824792    
    208224  0.43683156    
    208512  0.43548357    
    208800  0.43419710    
    209088  0.43296668    
    209376  0.43178847    
    209664  0.43065840    
    209952  0.42960498    
    210240  0.42863381    
    210528  0.42772266    
    210816  0.42685801    
    211104  0.42603165    
    211392  0.42523840    
    211680  0.42447478    
    211968  0.42376018    
    212256  0.42309830    
    212544  0.42247435    
    212832  0.42187890    
    213120  0.42130658    
    213408  0.42075452    
    213696  0.42023632    
    213984  0.41975504    
    214272  0.41929939    
    214560  0.41886306    
    214848  0.41844237    
    215136  0.41803470    
    215424  0.41765082    
    215712  0.41729295    
    216000  0.41695312    
    216288  0.41662654    
    216576  0.41631067    
    216864  0.41600391    
    217152  0.41571411    
    217440  0.41544306    
    217728  0.41518486    
    218016  0.41493610    
    218304  0.41469434    
    218592  0.41446581    
    218880  0.41425163    
    219168  0.41404700    
    219456  0.41384909    
    219744  0.41365671    
    220032  0.41346902    
    220320  0.41329065    
    220608  0.41312292    
    220896  0.41296238    
    221184  0.41280663    
    221472  0.41265458    
    221760  0.41250572    
    222048  0.41236392    
    222336  0.41223052    
    222624  0.41210198    
    222912  0.41197714    
    223200  0.41185534    
    223488  0.41173908    
    223776  0.41162899    
    224064  0.41152316    
    224352  0.41141996    
    224640  0.41131899    
    224928  0.41121978    
    225216  0.41112185    
    225504  0.41102806    
    225792  0.41093883    
    226080  0.41085276    
    226368  0.41076824    
    226656  0.41068503    
    226944  0.41060323    
    227232  0.41052496    
    227520  0.41044989    
    227808  0.41037712    
    228096  0.41030583    
    228384  0.41023549    
    228672  0.41016594    
    228960  0.41009703    
    229248  0.41003063    
    229536  0.40996680    
    229824  0.40990418    
    230112  0.40984261    
    230400  0.40978172    
    230688  0.40972134    
    230976  0.40966138    
    231264  0.40960366    
    231552  0.40954772    
    231840  0.40949261    
    232128  0.40943798    
    232416  0.40938362    
    232704  0.40932941    
    232992  0.40927520    
    233280  0.40922096    
    233568  0.40916765    
    233856  0.40911588    
    234144  0.40906513    
    234432  0.40901437    
    234720  0.40896329    
    235008  0.40891203    
    235296  0.40886056    
    235584  0.40880865    
    235872  0.40875718    
    236160  0.40870684    
    236448  0.40865642    
    236736  0.40860555    
    237024  0.40855360    
    237312  0.40850088    
    237600  0.40844738    
    237888  0.40839300    
    238176  0.40833864    
    238464  0.40828466    
    238752  0.40823022    
    239040  0.40817481    
    239328  0.40811834    
    239616  0.40806025    
    239904  0.40800047    
    240192  0.40793893    
    240480  0.40787715    
    240768  0.40781495    
    241056  0.40775099    
    241344  0.40768468    
    241632  0.40761644    
    241920  0.40754551    
    242208  0.40747166    
    242496  0.40739474    
    242784  0.40731645    
    243072  0.40723637    
    243360  0.40715373    
    243648  0.40706742    
    243936  0.40697673    
    244224  0.40688190    
    244512  0.40678206    
    244800  0.40667677    
    245088  0.40656859    
    245376  0.40645716    
    245664  0.40634021    
    245952  0.40621677    
    246240  0.40608594    
    246528  0.40594745    
    246816  0.40580043    
    247104  0.40564388    
    247392  0.40548131    
    247680  0.40531179    
    247968  0.40513197    
    248256  0.40494007    
    248544  0.40473488    
    248832  0.40451482    
    249120  0.40427917    
    249408  0.40402636    
    249696  0.40376133    
    249984  0.40348163    
    250272  0.40318212    
    250560  0.40285960    
    250848  0.40251178    
    251136  0.40213618    
    251424  0.40173012    
    251712  0.40129071    
    252000  0.40082619    
    252288  0.40033180    
    252576  0.39979842    
    252864  0.39922044    
    253152  0.39859313    
    253440  0.39791173    
    253728  0.39717028    
    254016  0.39636299    
    254304  0.39550304    
    254592  0.39458197    
    254880  0.39358255    
    255168  0.39249456    
    255456  0.39130893    
    255744  0.39001629    
    256032  0.38860595    
    256320  0.38706726    
    256608  0.38538742    
    256896  0.38355252    
    257184  0.38154751    
    257472  0.37940356    
    257760  0.37710077    
    258048  0.37459865    
    258336  0.37187406    
    258624  0.36890694    
    258912  0.36567703    
    259200  0.36216339    
    259488  0.35834378    
    259776  0.35419488    
    260064  0.34969136    
    260352  0.34480801    
    260640  0.33951983    
    260928  0.33380502    
    261216  0.32763967    
    261504  0.32099953    
    261792  0.31386262    
    262080  0.30620959    
    262368  0.29802471    
    262656  0.28929725    
    262944  0.28002226    
    263232  0.27020183    
    263520  0.25984678    
    263808  0.24897735    
    264096  0.23765516    
    264384  0.22660837    
    264672  0.21616153    
    264960  0.20635092    
    265248  0.19722334    
    265536  0.19100793    
    265824  0.19312283    
    266112  0.19768319    
    266400  0.20326772    
    266688  0.20958333    
    266976  0.21641056    
    267264  0.22356294    
    267552  0.23086159    
    267840  0.23821808    
    268128  0.24576339    
    268416  0.25340930    
    268704  0.26105514    
    268992  0.26861584    
    269280  0.27602845    
    269568  0.28323740    
    269856  0.29017216    
    270144  0.29684839    
    270432  0.30325899    
    270720  0.30962712    
    271008  0.31591430    
    271296  0.32206023    
    271584  0.32801667    
    271872  0.33375201    
    272160  0.33923674    
    272448  0.34440234    
    272736  0.34951937    
    273024  0.35456380    
    273312  0.35948101    
    273600  0.36422563    
    273888  0.36876643    
    274176  0.37306195    
    274464  0.37733376    
    274752  0.38149920    
    275040  0.38553375    
    275328  0.38940138    
    275616  0.39307168    
    275904  0.39649218    
    276192  0.39989597    
    276480  0.40324149    
    276768  0.40645745    
    277056  0.40945265    
    277344  0.41218424    
    277632  0.41488788    
    277920  0.41752291    
    278208  0.42002481    
    278496  0.42229876    
    278784  0.42455390    
    279072  0.42673802    
    279360  0.42877236    
    279648  0.43052062    
    279936  0.43221354    
    280224  0.43381047    
    280512  0.43524498    
    280800  0.43645707    
    281088  0.43735108    
    281376  0.43813616    
    281664  0.43877596    
    281952  0.43920657    
    282240  0.43928224    
    282528  0.43928295    
    282816  0.43917727    
    283104  0.43889949    
    283392  0.43838787    
    283680  0.43752870    
    283968  0.43651503    
    284256  0.43532458    
    284544  0.43390900    
    284832  0.43214813    
    285120  0.43020391    
    285408  0.42807618    
    285696  0.42565170    
    285984  0.42310670    
    286272  0.42042637    
    286560  0.41756532    
    286848  0.41439742    
    287136  0.41108817    
    287424  0.40763411    
    287712  0.40398562    
    288000  0.40002698    
    288288  0.39592293    
    288576  0.39168906    
    288864  0.38730317    
    289152  0.38264105    
    289440  0.37785286    
    289728  0.37296444    
    290016  0.36796063    
    290304  0.36270666    
    290592  0.35734326    
    290880  0.35191208    
    291168  0.34640846    
    291456  0.34070814    
    291744  0.33493343    
    292032  0.32913315    
    292320  0.32330742    
    292608  0.31744528    
    292896  0.31142908    
    293184  0.30547783    
    293472  0.29969120    
    293760  0.29405814    
    294048  0.28844869    
    294336  0.28293076    
    294624  0.27754936    
    294912  0.27229759    
    295200  0.26715752    
    295488  0.26201442    
    295776  0.25691685    
    296064  0.25191468    
    296352  0.24701160    
    296640  0.24219814    
    296928  0.23738033    
    297216  0.23258649    
    297504  0.22786438    
    297792  0.22322266    
    298080  0.21865550    
    298368  0.21415168    
    298656  0.20965061    
    298944  0.20519717    
    299232  0.20087437    
    299520  0.19673298    
    299808  0.19283973    
    300096  0.18922912    
    300384  0.18588911    
    300672  0.18271175    
    300960  0.17967063    
    301248  0.17680502    
    301536  0.17412773    
    301824  0.17163935    
    302112  0.16933349    
    302400  0.16719997    
    302688  0.16522700    
    302976  0.16340292    
    303264  0.16171618    
    303552  0.16010232    
    303840  0.15854633    
    304128  0.15707329    
    304416  0.15569158    
    304704  0.15440178    
    304992  0.15320055    
    305280  0.15208280    
    305568  0.15104240    
    305856  0.15007372    
    306144  0.14917088    
    306432  0.14832863    
    306720  0.14754269    
    307008  0.14680877    
    307296  0.14612284    
    307584  0.14548135    
    307872  0.14488044    
    308160  0.14431725    
    308448  0.14378901    
    308736  0.14329326    
    309024  0.14282781    
    309312  0.14239034    
    309600  0.14197893    
    309888  0.14159152    
    310176  0.14122646    
    310464  0.14088203    
    310752  0.14055708    
    311040  0.14025025    
    311328  0.13996018    
    311616  0.13968575    
    311904  0.13942604    
    312192  0.13918972    
    312480  0.13897677    
    312768  0.13877998    
    313056  0.13859527    
    313344  0.13842046    
    313632  0.13825431    
    313920  0.13809617    
    314208  0.13794532    
    314496  0.13780151    
    314784  0.13766406    
    315072  0.13753818    
