       288  0.13159783    
       576  0.24356920    
       864  0.35844702    
      1152  0.48240820    
      1440  0.61915946    
      1728  0.77007711    
      2016  0.93601298    
      2304   1.1193559    
      2592   1.3226073    
      2880   1.5484024    
      3168   1.7994615    
      3456   2.0750139    
      3744   2.3735034    
      4032   2.6962321    
      4320   3.0422645    
      4608   3.4085646    
      4896   3.7902379    
      5184   4.1752381    
      5472   4.5519257    
      5760   4.9146261    
      6048   5.2583408    
      6336   5.5790401    
      6624   5.8738317    
      6912   6.1351752    
      7200   6.3593063    
      7488   6.5488424    
      7776   6.7063260    
      8064   6.8347812    
      8352   6.9323492    
      8640   6.9995809    
      8928   7.0413017    
      9216   7.0615330    
      9504   7.0636644    
      9792   7.0505853    
     10080   7.0209775    
     10368   6.9750018    
     10656   6.9163313    
     10944   6.8478703    
     11232   6.7719321    
     11520   6.6904173    
     11808   6.6019130    
     12096   6.5061493    
     12384   6.4053288    
     12672   6.3013911    
     12960   6.1958523    
     13248   6.0873666    
     13536   5.9755907    
     13824   5.8622813    
     14112   5.7486730    
     14400   5.6359167    
     14688   5.5248961    
     14976   5.4162979    
     15264   5.3084221    
     15552   5.2004042    
     15840   5.0935297    
     16128   4.9887476    
     16416   4.8867674    
     16704   4.7880673    
     16992   4.6909437    
     17280   4.5947285    
     17568   4.5004816    
     17856   4.4089780    
     18144   4.3207331    
     18432   4.2360477    
     18720   4.1553230    
     19008   4.0769944    
     19296   4.0001960    
     19584   3.9256790    
     19872   3.8505003    
     20160   3.7376621    
     20448   3.6112118    
     20736   3.4820421    
     21024   3.3543832    
     21312   3.2305844    
     21600   3.1126316    
     21888   3.0016699    
     22176   2.8985388    
     22464   2.8037956    
     22752   2.7177758    
     23040   2.6406476    
     23328   2.5714953    
     23616   2.5097299    
     23904   2.4557445    
     24192   2.4097927    
     24480   2.3722558    
     24768   2.3434956    
     25056   2.3238020    
     25344   2.3134089    
     25632   2.3112564    
     25920   2.3167832    
     26208   2.3307719    
     26496   2.3538823    
     26784   2.3870611    
     27072   2.4313040    
     27360   2.4876878    
     27648   2.5572579    
     27936   2.6381719    
     28224   2.7293873    
     28512   2.8247960    
     28800   2.9176481    
     29088   3.0064249    
     29376   3.0908470    
     29664   3.1709502    
     29952   3.2467732    
     30240   3.3148439    
     30528   3.3744543    
     30816   3.4278839    
     31104   3.4767325    
     31392   3.5219378    
     31680   3.5639257    
     31968   3.6034174    
     32256   3.6408982    
     32544   3.6727033    
     32832   3.6975160    
     33120   3.7177691    
     33408   3.7350061    
     33696   3.7501836    
     33984   3.7636435    
     34272   3.7753057    
     34560   3.7855511    
     34848   3.7905917    
     35136   3.7895434    
     35424   3.7847807    
     35712   3.7774749    
     36000   3.7680655    
     36288   3.7572558    
     36576   3.7454536    
     36864   3.7328744    
     37152   3.7156124    
     37440   3.6926739    
     37728   3.6661406    
     38016   3.6376848    
     38304   3.6082842    
     38592   3.5784841    
     38880   3.5485806    
     39168   3.5187201    
     39456   3.4851387    
     39744   3.4470177    
     40032   3.4064138    
     40320   3.3649416    
     40608   3.3235195    
     40896   3.2826495    
     41184   3.2425904    
     41472   3.2034643    
     41760   3.1617672    
     42048   3.1170592    
     42336   3.0715892    
     42624   3.0265589    
     42912   2.9825964    
     43200   2.9397736    
     43488   2.8978992    
     43776   2.8572659    
     44064   2.8147635    
     44352   2.7701068    
     44640   2.7253840    
     44928   2.6816688    
     45216   2.6394770    
     45504   2.5990255    
     45792   2.5603724    
     46080   2.5234823    
     46368   2.4882858    
     46656   2.4546900    
     46944   2.4225953    
     47232   2.3889420    
     47520   2.3533931    
     47808   2.3178117    
     48096   2.2831204    
     48384   2.2497537    
     48672   2.2178831    
     48960   2.1875455    
     49248   2.1587124    
     49536   2.1313193    
     49824   2.1052864    
     50112   2.0805287    
     50400   2.0571632    
     50688   2.0353594    
     50976   2.0148044    
     51264   1.9952867    
     51552   1.9766617    
     51840   1.9588331    
     52128   1.9417309    
     52416   1.9253024    
     52704   1.9095091    
     52992   1.8943192    
     53280   1.8797035    
     53568   1.8656392    
     53856   1.8521023    
     54144   1.8392652    
     54432   1.8273507    
     54720   1.8161035    
     55008   1.8053712    
     55296   1.7950647    
     55584   1.7851334    
     55872   1.7755524    
     56160   1.7663068    
     56448   1.7573872    
     56736   1.7487928    
     57024   1.7406933    
     57312   1.7333150    
     57600   1.7291322    
     57888   1.7282600    
     58176   1.7288275    
     58464   1.7298838    
     58752   1.7309622    
     59040   1.7318482    
     59328   1.7326365    
     59616   1.7335457    
     59904   1.7343601    
     60192   1.7378281    
     60480   1.7441983    
     60768   1.7515883    
     61056   1.7590581    
     61344   1.7661625    
     61632   1.7727127    
     61920   1.7788318    
     62208   1.7877926    
     62496   1.7997338    
     62784   1.8125840    
     63072   1.8253016    
     63360   1.8373950    
     63648   1.8486568    
     63936   1.8622295    
     64224   1.8787006    
     64512   1.8963072    
     64800   1.9137785    
     65088   1.9304855    
     65376   1.9461489    
     65664   1.9640893    
     65952   1.9847583    
     66240   2.0060067    
     66528   2.0269456    
     66816   2.0473273    
     67104   2.0703092    
     67392   2.0962207    
     67680   2.1226773    
     67968   2.1484590    
     68256   2.1768117    
     68544   2.2080727    
     68832   2.2397370    
     69120   2.2707200    
     69408   2.3047779    
     69696   2.3420432    
     69984   2.3797054    
     70272   2.4162884    
     70560   2.4510632    
     70848   2.4880509    
     71136   2.5279114    
     71424   2.5679646    
     71712   2.6070132    
     72000   2.6502771    
     72288   2.6983175    
     72576   2.7473955    
     72864   2.7954602    
     73152   2.8414495    
     73440   2.8897798    
     73728   2.9412355    
     74016   2.9927883    
     74304   3.0427852    
     74592   3.0958114    
     74880   3.1529541    
     75168   3.2106285    
     75456   3.2723463    
     75744   3.3382673    
     76032   3.4045897    
     76320   3.4691684    
     76608   3.5366814    
     76896   3.6078897    
     77184   3.6794000    
     77472   3.7495489    
     77760   3.8230460    
     78048   3.9006336    
     78336   3.9783773    
     78624   4.0540042    
     78912   4.1327572    
     79200   4.2156444    
     79488   4.2986646    
     79776   4.3797574    
     80064   4.4649091    
     80352   4.5549254    
     80640   4.6454229    
     80928   4.7337880    
     81216   4.8256888    
     81504   4.9223051    
     81792   5.0192800    
     82080   5.1142526    
     82368   5.2061868    
     82656   5.3013420    
     82944   5.4012866    
     83232   5.5016665    
     83520   5.5997925    
     83808   5.7017860    
     84096   5.8094149    
     84384   5.9186368    
     84672   6.0261617    
     84960   6.1299801    
     85248   6.2368398    
     85536   6.3486648    
     85824   6.4609709    
     86112   6.5711761    
     86400   6.6780400    
     86688   6.7881370    
     86976   6.9034076    
     87264   7.0192819    
     87552   7.1327543    
     87840   7.2422099    
     88128   7.3470411    
     88416   7.4540548    
     88704   7.5655985    
     88992   7.6775041    
     89280   7.7870007    
     89568   7.8925619    
     89856   7.9936357    
     90144   8.0892792    
     90432   8.1862345    
     90720   8.2872372    
     91008   8.3888655    
     91296   8.4890556    
     91584   8.5868549    
     91872   8.6810169    
     92160   8.7708530    
     92448   8.8560019    
     92736   8.9363871    
     93024   9.0122423    
     93312   9.0902739    
     93600   9.1733856    
     93888   9.2592173    
     94176   9.3460789    
     94464   9.4330044    
     94752   9.5197039    
     95040   9.6054544    
     95328   9.6897736    
     95616   9.7723703    
     95904   9.8530769    
     96192   9.9319696    
     96480   10.009446    
     96768   10.085354    
     97056   10.159644    
     97344   10.232340    
     97632   10.303575    
     97920   10.373531    
     98208   10.442588    
     98496   10.511395    
     98784   10.580095    
     99072   10.648876    
     99360   10.717954    
     99648   10.787562    
     99936   10.857954    
    100224   10.929492    
    100512   11.002794    
    100800   11.077950    
    101088   11.155079    
    101376   11.234304    
    101664   11.315737    
    101952   11.396319    
    102240   11.474470    
    102528   11.551476    
    102816   11.628345    
    103104   11.705931    
    103392   11.785101    
    103680   11.866207    
    103968   11.949485    
    104256   12.035098    
    104544   12.123187    
    104832   12.211444    
    105120   12.298680    
    105408   12.385725    
    105696   12.473216    
    105984   12.561597    
    106272   12.651121    
    106560   12.741988    
    106848   12.832504    
    107136   12.921742    
    107424   13.010397    
    107712   13.098941    
    108000   13.187700    
    108288   13.276882    
    108576   13.365147    
    108864   13.451818    
    109152   13.537461    
    109440   13.622457    
    109728   13.707067    
    110016   13.791473    
    110304   13.874622    
    110592   13.955980    
    110880   14.035993    
    111168   14.114978    
    111456   14.193169    
    111744   14.270715    
    112032   14.346782    
    112320   14.420966    
    112608   14.493591    
    112896   14.564786    
    113184   14.634792    
    113472   14.703028    
    113760   14.769233    
    114048   14.833772    
    114336   14.896911    
    114624   14.958851    
    114912   15.019760    
    115200   15.079100    
    115488   15.136529    
    115776   15.192360    
    116064   15.246819    
    116352   15.300097    
    116640   15.352343    
    116928   15.403173    
    117216   15.452396    
    117504   15.500138    
    117792   15.546597    
    118080   15.591932    
    118368   15.635883    
    118656   15.678351    
    118944   15.719500    
    119232   15.759397    
    119520   15.798193    
    119808   15.836022    
    120096   15.872993    
    120384   15.908860    
    120672   15.943460    
    120960   15.976950    
    121248   16.009451    
    121536   16.041075    
    121824   16.071884    
    122112   16.101643    
    122400   16.130322    
    122688   16.158037    
    122976   16.184879    
    123264   16.210909    
    123552   16.236120    
    123840   16.260611    
    124128   16.284281    
    124416   16.307096    
    124704   16.329031    
    124992   16.350159    
    125280   16.370560    
    125568   16.390265    
    125856   16.409267    
    126144   16.427534    
    126432   16.445066    
    126720   16.461872    
    127008   16.477913    
    127296   16.493235    
    127584   16.507896    
    127872   16.521917    
    128160   16.535271    
    128448   16.547989    
    128736   16.560091    
    129024   16.571529    
    129312   16.582228    
    129600   16.592215    
    129888   16.601526    
    130176   16.610178    
    130464   16.618109    
    130752   16.625402    
    131040   16.632088    
    131328   16.638063    
    131616   16.643221    
    131904   16.647570    
    132192   16.651131    
    132480   16.653915    
    132768   16.655907    
    133056   16.657122    
    133344   16.657621    
    133632   16.657242    
    133920   16.655880    
    134208   16.653378    
    134496   16.649721    
    134784   16.644911    
    135072   16.638865    
    135360   16.631647    
    135648   16.623299    
    135936   16.613577    
    136224   16.602314    
    136512   16.589319    
    136800   16.574390    
    137088   16.557447    
    137376   16.538404    
    137664   16.517389    
    137952   16.494186    
    138240   16.468395    
    138528   16.439783    
    138816   16.408140    
    139104   16.373198    
    139392   16.334572    
    139680   16.292139    
    139968   16.246027    
    140256   16.196129    
    140544   16.142031    
    140832   16.083319    
    141120   16.019541    
    141408   15.950734    
    141696   15.877004    
    141984   15.798533    
    142272   15.715143    
    142560   15.626762    
    142848   15.533508    
    143136   15.436292    
    143424   15.336263    
    143712   15.234836    
    144000   15.133762    
    144288   15.035183    
    144576   14.938338    
    144864   14.844333    
    145152   14.756984    
    145440   14.681019    
    145728   14.621225    
    146016   14.582561    
    146304   14.569251    
    146592   14.573174    
    146880   14.561330    
    147168   14.524801    
    147456   14.467657    
    147744   14.392448    
    148032   14.300909    
    148320   14.193886    
    148608   14.072390    
    148896   13.938609    
    149184   13.784017    
    149472   13.609324    
    149760   13.421930    
    150048   13.226388    
    150336   13.025743    
    150624   12.822211    
    150912   12.617479    
    151200   12.412809    
    151488   12.209213    
    151776   12.007480    
    152064   11.808260    
    152352   11.602627    
    152640   11.390378    
    152928   11.177521    
    153216   10.967319    
    153504   10.761672    
    153792   10.561710    
    154080   10.368102    
    154368   10.181231    
    154656   10.001249    
    154944   9.8282194    
    155232   9.6620913    
    155520   9.5033350    
    155808   9.3521128    
    156096   9.2076035    
    156384   9.0693760    
    156672   8.9371605    
    156960   8.8107386    
    157248   8.6899080    
    157536   8.5744896    
    157824   8.4643116    
    158112   8.3592072    
    158400   8.2590227    
    158688   8.1635923    
    158976   8.0727940    
    159264   7.9870472    
    159552   7.9065838    
    159840   7.8306589    
    160128   7.7589350    
    160416   7.6912251    
    160704   7.6274109    
    160992   7.5673871    
    161280   7.5110722    
    161568   7.4583664    
    161856   7.4092026    
    162144   7.3639913    
    162432   7.3230019    
    162720   7.2925425    
    163008   7.2727251    
    163296   7.2589278    
    163584   7.2487092    
    163872   7.2407460    
    164160   7.2343125    
    164448   7.2295165    
    164736   7.2265477    
    165024   7.2248049    
    165312   7.2309570    
    165600   7.2452908    
    165888   7.2633843    
    166176   7.2830100    
    166464   7.3030610    
    166752   7.3230553    
    167040   7.3433051    
    167328   7.3710184    
    167616   7.4060063    
    167904   7.4436932    
    168192   7.4818864    
    168480   7.5196023    
    168768   7.5564899    
    169056   7.5992389    
    169344   7.6486378    
    169632   7.7008309    
    169920   7.7532034    
    170208   7.8046741    
    170496   7.8549352    
    170784   7.9106383    
    171072   7.9721098    
    171360   8.0351276    
    171648   8.0982561    
    171936   8.1611853    
    172224   8.2297354    
    172512   8.3038902    
    172800   8.3793411    
    173088   8.4541368    
    173376   8.5340919    
    173664   8.6191530    
    173952   8.7049875    
    174240   8.7901363    
    174528   8.8810263    
    174816   8.9771175    
    175104   9.0738382    
    175392   9.1691742    
    175680   9.2625008    
    175968   9.3603001    
    176256   9.4629450    
    176544   9.5663586    
    176832   9.6692705    
    177120   9.7793818    
    177408   9.8964481    
    177696   10.014977    
    177984   10.132459    
    178272   10.248005    
    178560   10.367954    
    178848   10.492721    
    179136   10.618294    
    179424   10.742980    
    179712   10.872989    
    180000   11.009157    
    180288   11.146840    
    180576   11.290363    
    180864   11.439255    
    181152   11.588983    
    181440   11.737566    
    181728   11.890742    
    182016   12.048830    
    182304   12.208198    
    182592   12.367693    
    182880   12.532599    
    183168   12.703017    
    183456   12.874755    
    183744   13.045955    
    184032   13.222250    
    184320   13.404027    
    184608   13.587315    
    184896   13.770759    
    185184   13.960576    
    185472   14.156652    
    185760   14.354804    
    186048   14.553091    
    186336   14.756731    
    186624   14.966145    
    186912   15.177537    
    187200   15.389558    
    187488   15.602377    
    187776   15.820874    
    188064   16.045595    
    188352   16.273045    
    188640   16.501551    
    188928   16.735479    
    189216   16.975733    
    189504   17.219774    
    189792   17.465429    
    190080   17.711794    
    190368   17.962982    
    190656   18.219673    
    190944   18.479069    
    191232   18.740091    
    191520   19.002905    
    191808   19.270454    
    192096   19.543207    
    192384   19.818733    
    192672   20.095598    
    192960   20.373537    
    193248   20.653017    
    193536   20.935888    
    193824   21.222551    
    194112   21.511314    
    194400   21.801142    
    194688   22.091671    
    194976   22.383200    
    195264   22.675076    
    195552   22.967438    
    195840   23.260443    
    196128   23.553444    
    196416   23.846029    
    196704   24.138243    
    196992   24.429220    
    197280   24.718258    
    197568   25.004747    
    197856   25.288242    
    198144   25.568525    
    198432   25.844465    
    198720   26.116001    
    199008   26.383993    
    199296   26.648680    
    199584   26.910149    
    199872   27.168678    
    200160   27.423746    
    200448   27.674904    
    200736   27.921703    
    201024   28.163755    
    201312   28.400873    
    201600   28.633280    
    201888   28.860592    
    202176   29.082560    
    202464   29.298960    
    202752   29.509674    
    203040   29.714592    
    203328   29.913788    
    203616   30.107567    
    203904   30.295870    
    204192   30.478662    
    204480   30.655968    
    204768   30.827810    
    205056   30.994259    
    205344   31.155474    
    205632   31.311804    
    205920   31.463320    
    206208   31.610096    
    206496   31.752209    
    206784   31.889761    
    207072   32.023949    
    207360   32.154560    
    207648   32.280479    
    207936   32.401249    
    208224   32.516891    
    208512   32.627724    
    208800   32.733959    
    209088   32.835842    
    209376   32.933670    
    209664   33.027664    
    209952   33.118744    
    210240   33.206871    
    210528   33.291431    
    210816   33.372219    
    211104   33.449303    
    211392   33.522873    
    211680   33.593178    
    211968   33.660912    
    212256   33.726139    
    212544   33.788456    
    212832   33.847775    
    213120   33.904236    
    213408   33.958038    
    213696   34.009712    
    213984   34.059311    
    214272   34.106598    
    214560   34.151535    
    214848   34.194210    
    215136   34.234810    
    215424   34.273788    
    215712   34.311169    
    216000   34.346760    
    216288   34.380554    
    216576   34.412689    
    216864   34.443253    
    217152   34.472561    
    217440   34.500664    
    217728   34.527428    
    218016   34.552811    
    218304   34.576851    
    218592   34.599873    
    218880   34.621880    
    219168   34.642811    
    219456   34.662647    
    219744   34.681438    
    220032   34.699280    
    220320   34.716400    
    220608   34.732800    
    220896   34.748371    
    221184   34.763165    
    221472   34.777149    
    221760   34.790478    
    222048   34.803257    
    222336   34.815552    
    222624   34.827217    
    222912   34.838264    
    223200   34.848763    
    223488   34.858795    
    223776   34.868473    
    224064   34.877579    
    224352   34.886292    
    224640   34.894478    
    224928   34.902248    
    225216   34.909718    
    225504   34.916821    
    225792   34.923630    
    226080   34.930172    
    226368   34.936405    
    226656   34.942249    
    226944   34.947838    
    227232   34.953232    
    227520   34.958424    
    227808   34.963356    
    228096   34.968029    
    228384   34.972462    
    228672   34.976654    
    228960   34.980606    
    229248   34.984455    
    229536   34.988224    
    229824   34.991798    
    230112   34.995167    
    230400   34.998337    
    230688   35.001266    
    230976   35.004105    
    231264   35.006863    
    231552   35.009567    
    231840   35.012192    
    232128   35.014648    
    232416   35.016941    
    232704   35.019085    
    232992   35.021080    
    233280   35.022919    
    233568   35.024708    
    233856   35.026478    
    234144   35.028194    
    234432   35.029827    
    234720   35.031399    
    235008   35.032909    
    235296   35.034309    
    235584   35.035606    
    235872   35.036865    
    236160   35.038082    
    236448   35.039219    
    236736   35.040257    
    237024   35.041203    
    237312   35.042061    
    237600   35.042839    
    237888   35.043522    
    238176   35.044250    
    238464   35.044968    
    238752   35.045612    
    239040   35.046173    
    239328   35.046665    
    239616   35.047054    
    239904   35.047371    
    240192   35.047623    
    240480   35.047855    
    240768   35.048073    
    241056   35.048225    
    241344   35.048313    
    241632   35.048328    
    241920   35.048275    
    242208   35.048122    
    242496   35.047859    
    242784   35.047558    
    243072   35.047230    
    243360   35.046791    
    243648   35.046238    
    243936   35.045589    
    244224   35.044762    
    244512   35.043785    
    244800   35.042660    
    245088   35.041512    
    245376   35.040298    
    245664   35.038853    
    245952   35.037201    
    246240   35.035305    
    246528   35.033123    
    246816   35.030674    
    247104   35.027901    
    247392   35.025051    
    247680   35.022003    
    247968   35.018555    
    248256   35.014637    
    248544   35.010193    
    248832   35.005268    
    249120   34.999779    
    249408   34.993687    
    249696   34.987301    
    249984   34.980431    
    250272   34.972771    
    250560   34.964199    
    250848   34.954567    
    251136   34.943882    
    251424   34.932056    
    251712   34.918919    
    252000   34.905064    
    252288   34.890141    
    252576   34.873566    
    252864   34.855137    
    253152   34.834671    
    253440   34.811909    
    253728   34.786648    
    254016   34.758621    
    254304   34.728806    
    254592   34.696533    
    254880   34.660759    
    255168   34.621014    
    255456   34.576962    
    255744   34.528194    
    256032   34.474285    
    256320   34.414730    
    256608   34.348961    
    256896   34.276325    
    257184   34.196163    
    257472   34.110878    
    257760   34.018707    
    258048   33.917080    
    258336   33.804939    
    258624   33.681393    
    258912   33.545593    
    259200   33.396553    
    259488   33.233238    
    259776   33.054539    
    260064   32.859203    
    260352   32.646023    
    260640   32.413914    
    260928   32.162056    
    261216   31.889183    
    261504   31.593992    
    261792   31.275253    
    262080   30.931946    
    262368   30.563196    
    262656   30.168402    
    262944   29.747274    
    263232   29.299850    
    263520   28.826645    
    263808   28.328657    
    264096   27.807526    
    264384   27.265900    
    264672   26.707899    
    264960   26.137112    
    265248   25.557770    
    265536   24.969379    
    265824   24.359081    
    266112   23.733559    
    266400   23.105471    
    266688   22.483715    
    266976   21.874607    
    267264   21.283401    
    267552   20.714300    
    267840   20.167618    
    268128   19.643467    
    268416   19.142992    
    268704   18.667311    
    268992   18.217314    
    269280   17.793480    
    269568   17.396553    
    269856   17.026949    
    270144   16.683514    
    270432   16.366459    
    270720   16.073507    
    271008   15.802168    
    271296   15.551226    
    271584   15.319941    
    271872   15.107719    
    272160   14.914586    
    272448   14.742385    
    272736   14.588624    
    273024   14.450260    
    273312   14.325910    
    273600   14.214887    
    273888   14.116790    
    274176   14.033436    
    274464   13.963999    
    274752   13.906504    
    275040   13.859201    
    275328   13.821430    
    275616   13.792953    
    275904   13.775731    
    276192   13.768709    
    276480   13.769581    
    276768   13.778030    
    277056   13.794518    
    277344   13.820368    
    277632   13.854598    
    277920   13.895033    
    278208   13.940982    
    278496   13.994264    
    278784   14.054320    
    279072   14.119272    
    279360   14.189149    
    279648   14.266582    
    279936   14.350584    
    280224   14.439080    
    280512   14.531500    
    280800   14.628015    
    281088   14.730427    
    281376   14.838545    
    281664   14.950891    
    281952   15.067645    
    282240   15.190898    
    282528   15.319974    
    282816   15.452929    
    283104   15.589170    
    283392   15.728884    
    283680   15.873413    
    283968   16.022837    
    284256   16.176111    
    284544   16.333084    
    284832   16.495066    
    285120   16.662983    
    285408   16.835442    
    285696   17.012495    
    285984   17.194103    
    286272   17.379307    
    286560   17.567970    
    286848   17.760633    
    287136   17.957649    
    287424   18.158941    
    287712   18.365257    
    288000   18.576271    
    288288   18.792063    
    288576   19.012087    
    288864   19.236242    
    289152   19.464235    
    289440   19.696552    
    289728   19.933046    
    290016   20.174263    
    290304   20.420349    
    290592   20.671396    
    290880   20.927225    
    291168   21.187746    
    291456   21.451672    
    291744   21.719641    
    292032   21.992027    
    292320   22.269426    
    292608   22.552877    
    292896   22.839849    
    293184   23.130817    
    293472   23.426537    
    293760   23.727264    
    294048   24.030355    
    294336   24.337149    
    294624   24.649929    
    294912   24.968573    
    295200   25.292793    
    295488   25.618792    
    295776   25.947390    
    296064   26.280350    
    296352   26.618456    
    296640   26.962418    
    296928   27.307230    
    297216   27.653467    
    297504   28.003218    
    297792   28.356764    
    298080   28.713945    
    298368   29.074804    
    298656   29.432964    
    298944   29.788774    
    299232   30.144831    
    299520   30.501465    
    299808   30.858303    
    300096   31.215139    
    300384   31.570557    
    300672   31.917692    
    300960   32.257130    
    301248   32.592381    
    301536   32.924541    
    301824   33.254044    
    302112   33.579826    
    302400   33.900852    
    302688   34.216042    
    302976   34.524582    
    303264   34.825867    
    303552   35.114914    
    303840   35.392746    
    304128   35.663273    
    304416   35.927784    
    304704   36.186588    
    304992   36.439800    
    305280   36.686840    
    305568   36.927204    
    305856   37.160427    
    306144   37.386234    
    306432   37.604504    
    306720   37.815529    
    307008   38.019196    
    307296   38.215427    
    307584   38.404289    
    307872   38.585854    
    308160   38.760193    
    308448   38.927586    
    308736   39.088425    
    309024   39.242870    
    309312   39.391064    
    309600   39.533119    
    309888   39.669281    
    310176   39.799702    
    310464   39.924644    
    310752   40.044487    
    311040   40.159367    
    311328   40.269482    
    311616   40.374992    
    311904   40.476063    
    312192   40.574005    
    312480   40.668522    
    312768   40.758617    
    313056   40.843979    
    313344   40.924740    
    313632   41.001247    
    313920   41.073799    
    314208   41.142673    
    314496   41.208099    
    314784   41.270378    
    315072   41.330334    
