       288   26.252701    
       576   26.220291    
       864   26.187881    
      1152   26.155802    
      1440   26.123941    
      1728   26.092081    
      2016   26.060221    
      2304   26.028856    
      2592   25.997545    
      2880   25.966234    
      3168   25.934923    
      3456   25.904053    
      3744   25.873291    
      4032   25.842529    
      4320   25.811768    
      4608   25.781023    
      4896   25.750811    
      5184   25.720598    
      5472   25.690386    
      5760   25.660173    
      6048   25.629961    
      6336   25.599749    
      6624   25.569958    
      6912   25.540295    
      7200   25.510632    
      7488   25.480968    
      7776   25.451305    
      8064   25.421642    
      8352   25.391979    
      8640   25.362316    
      8928   25.332653    
      9216   25.302990    
      9504   25.273327    
      9792   25.243664    
     10080   25.214001    
     10368   25.184338    
     10656   25.154675    
     10944   25.125011    
     11232   25.095348    
     11520   25.065685    
     11808   25.036022    
     12096   25.006359    
     12384   24.976696    
     12672   24.947033    
     12960   24.917370    
     13248   24.887707    
     13536   24.858044    
     13824   24.828381    
     14112   24.798717    
     14400   24.769054    
     14688   24.739391    
     14976   24.709538    
     15264   24.679325    
     15552   24.649113    
     15840   24.618900    
     16128   24.588688    
     16416   24.558475    
     16704   24.528189    
     16992   24.497427    
     17280   24.466665    
     17568   24.435904    
     17856   24.405142    
     18144   24.374174    
     18432   24.342863    
     18720   24.311552    
     19008   24.280241    
     19296   24.248734    
     19584   24.216873    
     19872   24.185013    
     20160   24.153152    
     20448   24.120836    
     20736   24.088427    
     21024   24.056017    
     21312   24.023262    
     21600   23.990303    
     21888   23.957344    
     22176   23.923992    
     22464   23.890484    
     22752   23.856976    
     23040   23.822920    
     23328   23.788862    
     23616   23.754553    
     23904   23.719946    
     24192   23.685308    
     24480   23.650152    
     24768   23.614996    
     25056   23.579390    
     25344   23.543684    
     25632   23.507624    
     25920   23.471369    
     26208   23.434807    
     26496   23.398003    
     26784   23.360884    
     27072   23.323530    
     27360   23.285807    
     27648   23.247904    
     27936   23.209536    
     28224   23.171076    
     28512   23.132074    
     28800   23.092943    
     29088   23.053392    
     29376   23.013527    
     29664   22.973427    
     29952   22.932831    
     30240   22.892094    
     30528   22.850895    
     30816   22.809393    
     31104   22.767645    
     31392   22.725388    
     31680   22.682949    
     31968   22.640102    
     32256   22.596855    
     32544   22.553411    
     32832   22.509466    
     33120   22.465221    
     33408   22.420727    
     33696   22.375692    
     33984   22.330418    
     34272   22.284824    
     34560   22.238726    
     34848   22.192394    
     35136   22.145702    
     35424   22.098528    
     35712   22.051128    
     36000   22.003338    
     36288   21.955078    
     36576   21.906601    
     36864   21.857712    
     37152   21.808361    
     37440   21.758808    
     37728   21.708820    
     38016   21.658394    
     38304   21.607769    
     38592   21.556683    
     38880   21.505196    
     39168   21.453505    
     39456   21.401320    
     39744   21.348804    
     40032   21.296070    
     40320   21.242788    
     40608   21.189299    
     40896   21.135466    
     41184   21.081161    
     41472   21.026720    
     41760   20.971788    
     42048   20.916594    
     42336   20.861113    
     42624   20.805162    
     42912   20.749123    
     43200   20.692543    
     43488   20.635881    
     43776   20.578753    
     44064   20.521446    
     44352   20.463768    
     44640   20.405853    
     44928   20.347626    
     45216   20.289173    
     45504   20.230396    
     45792   20.171511    
     46080   20.112185    
     46368   20.052826    
     46656   19.992950    
     46944   19.933075    
     47232   19.872715    
     47520   19.812290    
     47808   19.751856    
     48096   19.690882    
     48384   19.629908    
     48672   19.568932    
     48960   19.507408    
     49248   19.445885    
     49536   19.384361    
     49824   19.322721    
     50112   19.260649    
     50400   19.198576    
     50688   19.136503    
     50976   19.074430    
     51264   19.012121    
     51552   18.949499    
     51840   18.886877    
     52128   18.824255    
     52416   18.761633    
     52704   18.699011    
     52992   18.636389    
     53280   18.573767    
     53568   18.511145    
     53856   18.448523    
     54144   18.385900    
     54432   18.323278    
     54720   18.260656    
     55008   18.198034    
     55296   18.135555    
     55584   18.073219    
     55872   18.011072    
     56160   17.948999    
     56448   17.886927    
     56736   17.825026    
     57024   17.763285    
     57312   17.701761    
     57600   17.640238    
     57888   17.578972    
     58176   17.517967    
     58464   17.456993    
     58752   17.396296    
     59040   17.335871    
     59328   17.275640    
     59616   17.215622    
     59904   17.155888    
     60192   17.096357    
     60480   17.037117    
     60768   16.978115    
     61056   16.919451    
     61344   16.861013    
     61632   16.802971    
     61920   16.745155    
     62208   16.687719    
     62496   16.630590    
     62784   16.573765    
     63072   16.517372    
     63360   16.461208    
     63648   16.405464    
     63936   16.350168    
     64224   16.295095    
     64512   16.240454    
     64800   16.186279    
     65088   16.132448    
     65376   16.078951    
     65664   16.025934    
     65952   15.973371    
     66240   15.921175    
     66528   15.869401    
     66816   15.818047    
     67104   15.767151    
     67392   15.716634    
     67680   15.666603    
     67968   15.616991    
     68256   15.567823    
     68544   15.519093    
     68832   15.470779    
     69120   15.422950    
     69408   15.375556    
     69696   15.328593    
     69984   15.282095    
     70272   15.236047    
     70560   15.190465    
     70848   15.145358    
     71136   15.100698    
     71424   15.056501    
     71712   15.012771    
     72000   14.969501    
     72288   14.926661    
     72576   14.884284    
     72864   14.842364    
     73152   14.800929    
     73440   14.759942    
     73728   14.719402    
     74016   14.679331    
     74304   14.639710    
     74592   14.600552    
     74880   14.561829    
     75168   14.523561    
     75456   14.485729    
     75744   14.448321    
     76032   14.411348    
     76320   14.374821    
     76608   14.338726    
     76896   14.303054    
     77184   14.267805    
     77472   14.232997    
     77760   14.198612    
     78048   14.164631    
     78336   14.131071    
     78624   14.097938    
     78912   14.065226    
     79200   14.032902    
     79488   14.000990    
     79776   13.969489    
     80064   13.938395    
     80352   13.907674    
     80640   13.877351    
     80928   13.847423    
     81216   13.817884    
     81504   13.788726    
     81792   13.759926    
     82080   13.731521    
     82368   13.703508    
     82656   13.675866    
     82944   13.648591    
     83232   13.621680    
     83520   13.595136    
     83808   13.568956    
     84096   13.543128    
     84384   13.517609    
     84672   13.492456    
     84960   13.467675    
     85248   13.443233    
     85536   13.419089    
     85824   13.395289    
     86112   13.371838    
     86400   13.348744    
     86688   13.325956    
     86976   13.303461    
     87264   13.281269    
     87552   13.259421    
     87840   13.237911    
     88128   13.216740    
     88416   13.195868    
     88704   13.175284    
     88992   13.154992    
     89280   13.134998    
     89568   13.115332    
     89856   13.095993    
     90144   13.076995    
     90432   13.058285    
     90720   13.039858    
     91008   13.021716    
     91296   13.003862    
     91584   12.986297    
     91872   12.969021    
     92160   12.952038    
     92448   12.935350    
     92736   12.918993    
     93024   12.902955    
     93312   12.887221    
     93600   12.871757    
     93888   12.856552    
     94176   12.841608    
     94464   12.826930    
     94752   12.812516    
     95040   12.798369    
     95328   12.784489    
     95616   12.770876    
     95904   12.757530    
     96192   12.744452    
     96480   12.731638    
     96768   12.719087    
     97056   12.706800    
     97344   12.694783    
     97632   12.683035    
     97920   12.671556    
     98208   12.660346    
     98496   12.649403    
     98784   12.638726    
     99072   12.628315    
     99360   12.618168    
     99648   12.608278    
     99936   12.598648    
    100224   12.589273    
    100512   12.580153    
    100800   12.571259    
    101088   12.562588    
    101376   12.554132    
    101664   12.545912    
    101952   12.537940    
    102240   12.530234    
    102528   12.522789    
    102816   12.515597    
    103104   12.508628    
    103392   12.501874    
    103680   12.495329    
    103968   12.489002    
    104256   12.482888    
    104544   12.476926    
    104832   12.471182    
    105120   12.465662    
    105408   12.460363    
    105696   12.455218    
    105984   12.450267    
    106272   12.445495    
    106560   12.440858    
    106848   12.436401    
    107136   12.432097    
    107424   12.427972    
    107712   12.424001    
    108000   12.420159    
    108288   12.416448    
    108576   12.412865    
    108864   12.409431    
    109152   12.406122    
    109440   12.402942    
    109728   12.399843    
    110016   12.396852    
    110304   12.393965    
    110592   12.391183    
    110880   12.388520    
    111168   12.385918    
    111456   12.383389    
    111744   12.380948    
    112032   12.378600    
    112320   12.376291    
    112608   12.374081    
    112896   12.371970    
    113184   12.369897    
    113472   12.367853    
    113760   12.365891    
    114048   12.364021    
    114336   12.362203    
    114624   12.360413    
    114912   12.358645    
    115200   12.356912    
    115488   12.355252    
    115776   12.353663    
    116064   12.352104    
    116352   12.350570    
    116640   12.349054    
    116928   12.347562    
    117216   12.346111    
    117504   12.344695    
    117792   12.343311    
    118080   12.341955    
    118368   12.340641    
    118656   12.339359    
    118944   12.338104    
    119232   12.336866    
    119520   12.335643    
    119808   12.334435    
    120096   12.333238    
    120384   12.332055    
    120672   12.330902    
    120960   12.329772    
    121248   12.328662    
    121536   12.327563    
    121824   12.326465    
    122112   12.325366    
    122400   12.324285    
    122688   12.323216    
    122976   12.322156    
    123264   12.321099    
    123552   12.320044    
    123840   12.318985    
    124128   12.317947    
    124416   12.316923    
    124704   12.315907    
    124992   12.314892    
    125280   12.313875    
    125568   12.312854    
    125856   12.311824    
    126144   12.310806    
    126432   12.309797    
    126720   12.308789    
    127008   12.307777    
    127296   12.306757    
    127584   12.305726    
    127872   12.304681    
    128160   12.303620    
    128448   12.302567    
    128736   12.301514    
    129024   12.300453    
    129312   12.299381    
    129600   12.298285    
    129888   12.297187    
    130176   12.296058    
    130464   12.294905    
    130752   12.293728    
    131040   12.292542    
    131328   12.291338    
    131616   12.290109    
    131904   12.288847    
    132192   12.287557    
    132480   12.286234    
    132768   12.284842    
    133056   12.283397    
    133344   12.281932    
    133632   12.280437    
    133920   12.278902    
    134208   12.277313    
    134496   12.275643    
    134784   12.273890    
    135072   12.272075    
    135360   12.270181    
    135648   12.268224    
    135936   12.266176    
    136224   12.264030    
    136512   12.261787    
    136800   12.259391    
    137088   12.256884    
    137376   12.254193    
    137664   12.251396    
    137952   12.248446    
    138240   12.245338    
    138528   12.242042    
    138816   12.238533    
    139104   12.234788    
    139392   12.230782    
    139680   12.226493    
    139968   12.221930    
    140256   12.217091    
    140544   12.211933    
    140832   12.206423    
    141120   12.200518    
    141408   12.194169    
    141696   12.187329    
    141984   12.179971    
    142272   12.172112    
    142560   12.163734    
    142848   12.154776    
    143136   12.145173    
    143424   12.134863    
    143712   12.123788    
    144000   12.111906    
    144288   12.099170    
    144576   12.085600    
    144864   12.071200    
    145152   12.055916    
    145440   12.039688    
    145728   12.022494    
    146016   12.004310    
    146304   11.985116    
    146592   11.964931    
    146880   11.943893    
    147168   11.922120    
    147456   11.899708    
    147744   11.876719    
    148032   11.853202    
    148320   11.829196    
    148608   11.804748    
    148896   11.779887    
    149184   11.754683    
    149472   11.729176    
    149760   11.703373    
    150048   11.677289    
    150336   11.650946    
    150624   11.624351    
    150912   11.597509    
    151200   11.570432    
    151488   11.543129    
    151776   11.515611    
    152064   11.487876    
    152352   11.459980    
    152640   11.431947    
    152928   11.403790    
    153216   11.375523    
    153504   11.347123    
    153792   11.318628    
    154080   11.290004    
    154368   11.261292    
    154656   11.232494    
    154944   11.203600    
    155232   11.174625    
    155520   11.145596    
    155808   11.116491    
    156096   11.087336    
    156384   11.058136    
    156672   11.028893    
    156960   10.999629    
    157248   10.970340    
    157536   10.941039    
    157824   10.911738    
    158112   10.882463    
    158400   10.853214    
    158688   10.823998    
    158976   10.794833    
    159264   10.765709    
    159552   10.736654    
    159840   10.707667    
    160128   10.678755    
    160416   10.649961    
    160704   10.621256    
    160992   10.592669    
    161280   10.564212    
    161568   10.535883    
    161856   10.507706    
    162144   10.479680    
    162432   10.451837    
    162720   10.424103    
    163008   10.396452    
    163296   10.368923    
    163584   10.341501    
    163872   10.314242    
    164160   10.287139    
    164448   10.260212    
    164736   10.233479    
    165024   10.206968    
    165312   10.180639    
    165600   10.154431    
    165888   10.128396    
    166176   10.102519    
    166464   10.076843    
    166752   10.051400    
    167040   10.026197    
    167328   10.001194    
    167616   9.9763498    
    167904   9.9516869    
    168192   9.9272356    
    168480   9.9030294    
    168768   9.8790855    
    169056   9.8553610    
    169344   9.8317890    
    169632   9.8084249    
    169920   9.7853041    
    170208   9.7624426    
    170496   9.7398710    
    170784   9.7175331    
    171072   9.6953859    
    171360   9.6734638    
    171648   9.6518030    
    171936   9.6304312    
    172224   9.6092834    
    172512   9.5883074    
    172800   9.5675602    
    173088   9.5470762    
    173376   9.5268040    
    173664   9.5066824    
    173952   9.4867754    
    174240   9.4671249    
    174528   9.4476805    
    174816   9.4283848    
    175104   9.4093056    
    175392   9.3904819    
    175680   9.3719587    
    175968   9.3536663    
    176256   9.3355713    
    176544   9.3177032    
    176832   9.3001118    
    177120   9.2827034    
    177408   9.2654381    
    177696   9.2483540    
    177984   9.2315063    
    178272   9.2149496    
    178560   9.1986065    
    178848   9.1824484    
    179136   9.1665277    
    179424   9.1508694    
    179712   9.1354113    
    180000   9.1201258    
    180288   9.1050682    
    180576   9.0901756    
    180864   9.0754156    
    181152   9.0608482    
    181440   9.0465298    
    181728   9.0324011    
    182016   9.0184050    
    182304   9.0046253    
    182592   8.9911041    
    182880   8.9777670    
    183168   8.9645767    
    183456   8.9516020    
    183744   8.9388828    
    184032   8.9263401    
    184320   8.9139452    
    184608   8.9017620    
    184896   8.8898277    
    185184   8.8780642    
    185472   8.8664436    
    185760   8.8550243    
    186048   8.8438396    
    186336   8.8328257    
    186624   8.8219557    
    186912   8.8112793    
    187200   8.8008251    
    187488   8.7906313    
    187776   8.7806196    
    188064   8.7707691    
    188352   8.7611017    
    188640   8.7516613    
    188928   8.7423868    
    189216   8.7332411    
    189504   8.7242756    
    189792   8.7155256    
    190080   8.7070217    
    190368   8.6986752    
    190656   8.6904497    
    190944   8.6824198    
    191232   8.6745844    
    191520   8.6669779    
    191808   8.6595306    
    192096   8.6521978    
    192384   8.6450424    
    192672   8.6380930    
    192960   8.6313543    
    193248   8.6248379    
    193536   8.6184883    
    193824   8.6122742    
    194112   8.6062126    
    194400   8.6003380    
    194688   8.5946789    
    194976   8.5892286    
    195264   8.5840082    
    195552   8.5789394    
    195840   8.5739870    
    196128   8.5691891    
    196416   8.5645695    
    196704   8.5601234    
    196992   8.5558796    
    197280   8.5518389    
    197568   8.5479927    
    197856   8.5443449    
    198144   8.5408936    
    198432   8.5375671    
    198720   8.5343323    
    199008   8.5312290    
    199296   8.5282478    
    199584   8.5254116    
    199872   8.5227146    
    200160   8.5201445    
    200448   8.5177250    
    200736   8.5154257    
    201024   8.5132618    
    201312   8.5112133    
    201600   8.5092621    
    201888   8.5074339    
    202176   8.5056982    
    202464   8.5040560    
    202752   8.5025024    
    203040   8.5010366    
    203328   8.4996471    
    203616   8.4983196    
    203904   8.4970531    
    204192   8.4958735    
    204480   8.4947462    
    204768   8.4936752    
    205056   8.4926605    
    205344   8.4917002    
    205632   8.4907579    
    205920   8.4898586    
    206208   8.4890118    
    206496   8.4882174    
    206784   8.4874773    
    207072   8.4867821    
    207360   8.4861155    
    207648   8.4854851    
    207936   8.4848862    
    208224   8.4843264    
    208512   8.4838066    
    208800   8.4833040    
    209088   8.4828196    
    209376   8.4823532    
    209664   8.4819059    
    209952   8.4814959    
    210240   8.4811153    
    210528   8.4807692    
    210816   8.4804535    
    211104   8.4801683    
    211392   8.4798937    
    211680   8.4796190    
    211968   8.4793444    
    212256   8.4790697    
    212544   8.4787951    
    212832   8.4785204    
    213120   8.4782457    
    213408   8.4779711    
    213696   8.4776964    
    213984   8.4774218    
    214272   8.4771471    
    214560   8.4768963    
    214848   8.4766569    
    215136   8.4764280    
    215424   8.4762392    
    215712   8.4760809    
    216000   8.4759445    
    216288   8.4758234    
    216576   8.4757204    
    216864   8.4756365    
    217152   8.4755745    
    217440   8.4755554    
    217728   8.4755554    
    218016   8.4755554    
    218304   8.4755554    
    218592   8.4755554    
    218880   8.4755554    
    219168   8.4755554    
    219456   8.4755554    
    219744   8.4755554    
    220032   8.4755554    
    220320   8.4755554    
    220608   8.4755554    
    220896   8.4755554    
    221184   8.4755554    
    221472   8.4755554    
    221760   8.4755554    
    222048   8.4755554    
    222336   8.4755554    
    222624   8.4755554    
    222912   8.4755554    
    223200   8.4755554    
    223488   8.4755554    
    223776   8.4755554    
    224064   8.4755554    
    224352   8.4755554    
    224640   8.4755554    
    224928   8.4755554    
    225216   8.4755554    
    225504   8.4755554    
    225792   8.4755554    
    226080   8.4755554    
    226368   8.4755554    
    226656   8.4755554    
    226944   8.4755554    
    227232   8.4755554    
    227520   8.4755554    
    227808   8.4755554    
    228096   8.4755554    
    228384   8.4755554    
    228672   8.4755554    
    228960   8.4755554    
    229248   8.4755554    
    229536   8.4755554    
    229824   8.4755554    
    230112   8.4755554    
    230400   8.4755554    
    230688   8.4755554    
    230976   8.4755554    
    231264   8.4755554    
    231552   8.4755554    
    231840   8.4755554    
    232128   8.4755554    
    232416   8.4755554    
    232704   8.4755554    
    232992   8.4755554    
    233280   8.4755554    
    233568   8.4755554    
    233856   8.4755554    
    234144   8.4755554    
    234432   8.4755554    
    234720   8.4755554    
    235008   8.4755554    
    235296   8.4755554    
    235584   8.4755554    
    235872   8.4755554    
    236160   8.4755554    
    236448   8.4755554    
    236736   8.4755554    
    237024   8.4755554    
    237312   8.4755554    
    237600   8.4755554    
    237888   8.4755554    
    238176   8.4755554    
    238464   8.4755554    
    238752   8.4755554    
    239040   8.4755554    
    239328   8.4755554    
    239616   8.4755554    
    239904   8.4755554    
    240192   8.4755554    
    240480   8.4755554    
    240768   8.4755554    
    241056   8.4755554    
    241344   8.4755554    
    241632   8.4755554    
    241920   8.4755554    
    242208   8.4755554    
    242496   8.4755554    
    242784   8.4755554    
    243072   8.4755554    
    243360   8.4755554    
    243648   8.4755554    
    243936   8.4755554    
    244224   8.4755554    
    244512   8.4755554    
    244800   8.4755554    
    245088   8.4755554    
    245376   8.4755554    
    245664   8.4755554    
    245952   8.4755554    
    246240   8.4755554    
    246528   8.4755554    
    246816   8.4755554    
    247104   8.4755554    
    247392   8.4755554    
    247680   8.4755554    
    247968   8.4755554    
    248256   8.4755554    
    248544   8.4755554    
    248832   8.4755554    
    249120   8.4755554    
    249408   8.4755392    
    249696   8.4754896    
    249984   8.4754181    
    250272   8.4753199    
    250560   8.4751816    
    250848   8.4750175    
    251136   8.4748268    
    251424   8.4746122    
    251712   8.4743738    
    252000   8.4741297    
    252288   8.4738665    
    252576   8.4735918    
    252864   8.4733171    
    253152   8.4730425    
    253440   8.4727678    
    253728   8.4724684    
    254016   8.4721327    
    254304   8.4717646    
    254592   8.4713631    
    254880   8.4709320    
    255168   8.4704752    
    255456   8.4699774    
    255744   8.4694176    
    256032   8.4687986    
    256320   8.4681139    
    256608   8.4673719    
    256896   8.4665642    
    257184   8.4656897    
    257472   8.4647322    
    257760   8.4637041    
    258048   8.4625683    
    258336   8.4613285    
    258624   8.4599771    
    258912   8.4584885    
    259200   8.4568529    
    259488   8.4550581    
    259776   8.4530811    
    260064   8.4509287    
    260352   8.4485598    
    260640   8.4459505    
    260928   8.4430828    
    261216   8.4399319    
    261504   8.4364758    
    261792   8.4326735    
    262080   8.4285154    
    262368   8.4239492    
    262656   8.4189463    
    262944   8.4134579    
    263232   8.4074554    
    263520   8.4008932    
    263808   8.3937159    
    264096   8.3858948    
    264384   8.3773556    
    264672   8.3680792    
    264960   8.3580160    
    265248   8.3471251    
    265536   8.3353748    
    265824   8.3228531    
    266112   8.3097305    
    266400   8.2961407    
    266688   8.2821856    
    266976   8.2679443    
    267264   8.2534704    
    267552   8.2388239    
    267840   8.2239408    
    268128   8.2088165    
    268416   8.1935205    
    268704   8.1781149    
    268992   8.1626310    
    269280   8.1471186    
    269568   8.1316109    
    269856   8.1161432    
    270144   8.1007404    
    270432   8.0853100    
    270720   8.0698137    
    271008   8.0543137    
    271296   8.0388479    
    271584   8.0234680    
    271872   8.0081825    
    272160   7.9930243    
    272448   7.9779062    
    272736   7.9627891    
    273024   7.9477367    
    273312   7.9327831    
    273600   7.9179626    
    273888   7.9033055    
    274176   7.8887143    
    274464   7.8741579    
    274752   7.8596988    
    275040   7.8453774    
    275328   7.8312263    
    275616   7.8172765    
    275904   7.8034263    
    276192   7.7896414    
    276480   7.7759762    
    276768   7.7624788    
    277056   7.7491875    
    277344   7.7360001    
    277632   7.7228847    
    277920   7.7099066    
    278208   7.6971083    
    278496   7.6844015    
    278784   7.6717591    
    279072   7.6592522    
    279360   7.6469212    
    279648   7.6346908    
    279936   7.6225319    
    280224   7.6105146    
    280512   7.5986919    
    280800   7.5870948    
    281088   7.5756254    
    281376   7.5642557    
    281664   7.5530510    
    281952   7.5420523    
    282240   7.5311370    
    282528   7.5202723    
    282816   7.5095410    
    283104   7.4989891    
    283392   7.4886603    
    283680   7.4784560    
    283968   7.4683528    
    284256   7.4584184    
    284544   7.4486933    
    284832   7.4390826    
    285120   7.4295692    
    285408   7.4202218    
    285696   7.4109573    
    285984   7.4017692    
    286272   7.3927264    
    286560   7.3838811    
    286848   7.3751378    
    287136   7.3664832    
    287424   7.3579841    
    287712   7.3496861    
    288000   7.3414974    
    288288   7.3333979    
    288576   7.3254566    
    288864   7.3177156    
    289152   7.3100805    
    289440   7.3025351    
    289728   7.2951403    
    290016   7.2879381    
    290304   7.2808380    
    290592   7.2738214    
    290880   7.2669573    
    291168   7.2602792    
    291456   7.2537022    
    291744   7.2472019    
    292032   7.2408428    
    292320   7.2346601    
    292608   7.2286882    
    292896   7.2228217    
    293184   7.2170405    
    293472   7.2114024    
    293760   7.2059398    
    294048   7.2005630    
    294336   7.1952577    
    294624   7.1900830    
    294912   7.1850791    
    295200   7.1802568    
    295488   7.1755261    
    295776   7.1708736    
    296064   7.1663518    
    296352   7.1619835    
    296640   7.1577902    
    296928   7.1536870    
    297216   7.1496592    
    297504   7.1457539    
    297792   7.1419988    
    298080   7.1384077    
    298368   7.1349859    
    298656   7.1316590    
    298944   7.1284013    
    299232   7.1252604    
    299520   7.1222582    
    299808   7.1194081    
    300096   7.1167150    
    300384   7.1141782    
    300672   7.1117234    
    300960   7.1093369    
    301248   7.1070461    
    301536   7.1048760    
    301824   7.1028304    
    302112   7.1009097    
    302400   7.0991073    
    302688   7.0974197    
    302976   7.0958438    
    303264   7.0943699    
    303552   7.0929446    
    303840   7.0915580    
    304128   7.0902376    
    304416   7.0889802    
    304704   7.0878024    
    304992   7.0866952    
    305280   7.0856581    
    305568   7.0846872    
    305856   7.0837712    
    306144   7.0829186    
    306432   7.0821157    
    306720   7.0813656    
    307008   7.0806499    
    307296   7.0799928    
    307584   7.0793719    
    307872   7.0787849    
    308160   7.0782347    
    308448   7.0777087    
    308736   7.0772181    
    309024   7.0767632    
    309312   7.0763316    
    309600   7.0759220    
    309888   7.0755353    
    310176   7.0751734    
    310464   7.0748320    
    310752   7.0744982    
    311040   7.0741758    
    311328   7.0738716    
    311616   7.0735898    
    311904   7.0733309    
    312192   7.0731025    
    312480   7.0728917    
    312768   7.0726919    
    313056   7.0725021    
    313344   7.0723233    
    313632   7.0721564    
    313920   7.0720010    
    314208   7.0718603    
    314496   7.0717230    
    314784   7.0715857    
    315072   7.0714483    
