       288   122.86893    
       576   122.71732    
       864   122.56571    
      1152   122.41573    
      1440   122.26631    
      1728   122.11690    
      2016   121.96886    
      2304   121.82165    
      2592   121.67443    
      2880   121.52787    
      3168   121.38285    
      3456   121.23783    
      3744   121.09281    
      4032   120.94881    
      4320   120.80598    
      4608   120.66316    
      4896   120.52034    
      5184   120.37752    
      5472   120.23665    
      5760   120.09602    
      6048   119.95540    
      6336   119.81477    
      6624   119.67415    
      6912   119.53352    
      7200   119.39503    
      7488   119.25661    
      7776   119.11818    
      8064   118.97975    
      8352   118.84132    
      8640   118.70290    
      8928   118.56447    
      9216   118.42604    
      9504   118.28761    
      9792   118.14919    
     10080   118.01076    
     10368   117.87233    
     10656   117.73390    
     10944   117.59547    
     11232   117.45705    
     11520   117.31862    
     11808   117.18019    
     12096   117.04176    
     12384   116.90334    
     12672   116.76491    
     12960   116.62648    
     13248   116.48805    
     13536   116.34962    
     13824   116.21120    
     14112   116.07277    
     14400   115.93393    
     14688   115.79330    
     14976   115.65268    
     15264   115.51205    
     15552   115.37143    
     15840   115.23080    
     16128   115.08966    
     16416   114.94684    
     16704   114.80402    
     16992   114.66119    
     17280   114.51837    
     17568   114.37385    
     17856   114.22883    
     18144   114.08381    
     18432   113.93879    
     18720   113.79160    
     19008   113.64438    
     19296   113.49716    
     19584   113.34843    
     19872   113.19902    
     20160   113.04961    
     20448   112.89868    
     20736   112.74707    
     21024   112.59546    
     21312   112.44176    
     21600   112.28796    
     21888   112.13326    
     22176   111.97725    
     22464   111.82116    
     22752   111.66296    
     23040   111.50475    
     23328   111.34471    
     23616   111.18431    
     23904   111.02235    
     24192   110.85975    
     24480   110.69563    
     24768   110.53084    
     25056   110.36436    
     25344   110.19736    
     25632   110.02837    
     25920   109.85900    
     26208   109.68761    
     26496   109.51543    
     26784   109.34184    
     27072   109.16663    
     27360   108.99068    
     27648   108.81270    
     27936   108.63353    
     28224   108.45334    
     28512   108.27097    
     28800   108.08744    
     29088   107.90279    
     29376   107.71602    
     29664   107.52789    
     29952   107.33864    
     30240   107.14748    
     30528   106.95460    
     30816   106.76058    
     31104   106.56503    
     31392   106.36739    
     31680   106.16842    
     31968   105.96815    
     32256   105.76601    
     32544   105.56196    
     32832   105.35658    
     33120   105.14982    
     33408   104.94108    
     33696   104.73048    
     33984   104.51850    
     34272   104.30508    
     34560   104.08974    
     34848   103.87244    
     35136   103.65367    
     35424   103.43350    
     35712   103.21158    
     36000   102.98753    
     36288   102.76189    
     36576   102.53481    
     36864   102.30616    
     37152   102.07545    
     37440   101.84290    
     37728   101.60895    
     38016   101.37356    
     38304   101.13625    
     38592   100.89696    
     38880   100.65619    
     39168   100.41409    
     39456   100.17019    
     39744   99.924232    
     40032   99.676857    
     40320   99.428246    
     40608   99.177757    
     40896   98.925316    
     41184   98.671646    
     41472   98.416672    
     41760   98.159592    
     42048   97.901016    
     42336   97.641502    
     42624   97.380028    
     42912   97.116829    
     43200   96.852921    
     43488   96.587051    
     43776   96.319626    
     44064   96.051521    
     44352   95.781258    
     44640   95.510429    
     44928   95.237968    
     45216   94.963760    
     45504   94.689102    
     45792   94.412392    
     46080   94.135529    
     46368   93.856476    
     46656   93.577377    
     46944   93.296127    
     47232   93.014877    
     47520   92.731522    
     47808   92.448074    
     48096   92.162857    
     48384   91.877213    
     48672   91.591568    
     48960   91.303787    
     49248   91.015945    
     49536   90.728104    
     49824   90.438148    
     50112   90.148109    
     50400   89.858070    
     50688   89.568031    
     50976   89.275810    
     51264   88.983574    
     51552   88.691338    
     51840   88.399101    
     52128   88.106865    
     52416   87.814629    
     52704   87.522026    
     52992   87.229012    
     53280   86.935799    
     53568   86.642548    
     53856   86.349403    
     54144   86.056496    
     54432   85.763931    
     54720   85.471695    
     55008   85.179459    
     55296   84.887222    
     55584   84.594986    
     55872   84.303635    
     56160   84.012878    
     56448   83.722839    
     56736   83.432800    
     57024   83.143806    
     57312   82.855759    
     57600   82.567917    
     57888   82.281158    
     58176   81.995514    
     58464   81.710587    
     58752   81.426376    
     59040   81.143372    
     59328   80.861244    
     59616   80.580513    
     59904   80.300636    
     60192   80.022316    
     60480   79.744812    
     60768   79.468872    
     61056   79.194061    
     61344   78.920609    
     61632   78.648949    
     61920   78.378258    
     62208   78.109215    
     62496   77.842003    
     62784   77.576218    
     63072   77.311691    
     63360   77.049103    
     63648   76.788498    
     63936   76.529602    
     64224   76.271759    
     64512   76.015907    
     64800   75.762077    
     65088   75.510307    
     65376   75.260628    
     65664   75.012634    
     65952   74.766228    
     66240   74.521584    
     66528   74.278954    
     66816   74.038452    
     67104   73.800079    
     67392   73.563820    
     67680   73.329697    
     67968   73.097733    
     68256   72.867912    
     68544   72.639923    
     68832   72.413963    
     69120   72.190102    
     69408   71.968330    
     69696   71.748535    
     69984   71.530823    
     70272   71.315285    
     70560   71.101959    
     70848   70.890762    
     71136   70.681686    
     71424   70.474785    
     71712   70.270111    
     72000   70.067520    
     72288   69.866982    
     72576   69.668549    
     72864   69.472290    
     73152   69.278267    
     73440   69.086327    
     73728   68.896370    
     74016   68.708588    
     74304   68.522995    
     74592   68.339584    
     74880   68.158325    
     75168   67.979233    
     75456   67.802292    
     75744   67.627304    
     76032   67.454308    
     76320   67.283371    
     76608   67.114487    
     76896   66.947487    
     77184   66.782463    
     77472   66.619492    
     77760   66.458450    
     78048   66.299248    
     78336   66.142159    
     78624   65.987198    
     78912   65.834221    
     79200   65.683022    
     79488   65.533646    
     79776   65.386162    
     80064   65.240463    
     80352   65.096603    
     80640   64.954811    
     80928   64.814865    
     81216   64.676674    
     81504   64.540047    
     81792   64.405060    
     82080   64.272125    
     82368   64.141258    
     82656   64.012009    
     82944   63.884212    
     83232   63.758255    
     83520   63.633961    
     83808   63.511395    
     84096   63.390392    
     84384   63.271034    
     84672   63.153294    
     84960   63.037262    
     85248   62.922817    
     85536   62.809914    
     85824   62.698544    
     86112   62.588772    
     86400   62.480579    
     86688   62.373981    
     86976   62.268757    
     87264   62.165001    
     87552   62.062813    
     87840   61.962082    
     88128   61.862904    
     88416   61.765175    
     88704   61.668842    
     88992   61.573936    
     89280   61.480526    
     89568   61.388481    
     89856   61.297943    
     90144   61.208946    
     90432   61.121265    
     90720   61.034966    
     91008   60.950035    
     91296   60.866508    
     91584   60.784218    
     91872   60.703396    
     92160   60.624012    
     92448   60.546036    
     92736   60.469475    
     93024   60.394379    
     93312   60.320690    
     93600   60.248199    
     93888   60.176884    
     94176   60.106861    
     94464   60.038116    
     94752   59.970646    
     95040   59.904465    
     95328   59.839573    
     95616   59.775879    
     95904   59.713364    
     96192   59.652172    
     96480   59.592255    
     96768   59.533607    
     97056   59.476238    
     97344   59.420151    
     97632   59.365253    
     97920   59.311588    
     98208   59.259193    
     98496   59.208042    
     98784   59.158131    
     99072   59.109444    
     99360   59.061981    
     99648   59.015762    
     99936   58.970692    
    100224   58.926758    
    100512   58.883945    
    100800   58.842243    
    101088   58.801640    
    101376   58.762123    
    101664   58.723660    
    101952   58.686325    
    102240   58.650242    
    102528   58.615345    
    102816   58.581600    
    103104   58.548954    
    103392   58.517365    
    103680   58.486759    
    103968   58.457130    
    104256   58.428471    
    104544   58.400658    
    104832   58.373783    
    105120   58.347931    
    105408   58.323025    
    105696   58.298977    
    105984   58.275822    
    106272   58.253422    
    106560   58.231667    
    106848   58.210762    
    107136   58.190731    
    107424   58.171406    
    107712   58.152779    
    108000   58.134861    
    108288   58.117439    
    108576   58.100727    
    108864   58.084568    
    109152   58.069099    
    109440   58.054111    
    109728   58.039665    
    110016   58.025646    
    110304   58.012138    
    110592   57.999146    
    110880   57.986607    
    111168   57.974476    
    111456   57.962738    
    111744   57.951229    
    112032   57.940132    
    112320   57.929501    
    112608   57.919102    
    112896   57.909042    
    113184   57.899296    
    113472   57.889912    
    113760   57.880672    
    114048   57.871819    
    114336   57.863281    
    114624   57.854961    
    114912   57.846725    
    115200   57.838612    
    115488   57.830841    
    115776   57.823383    
    116064   57.816101    
    116352   57.808918    
    116640   57.801792    
    116928   57.794777    
    117216   57.787930    
    117504   57.781353    
    117792   57.774986    
    118080   57.768692    
    118368   57.762550    
    118656   57.756512    
    118944   57.750576    
    119232   57.744736    
    119520   57.738972    
    119808   57.733273    
    120096   57.727627    
    120384   57.722054    
    120672   57.716705    
    120960   57.711426    
    121248   57.706196    
    121536   57.700996    
    121824   57.695820    
    122112   57.690742    
    122400   57.685749    
    122688   57.680805    
    122976   57.675896    
    123264   57.671013    
    123552   57.666142    
    123840   57.661270    
    124128   57.656414    
    124416   57.651630    
    124704   57.646889    
    124992   57.642166    
    125280   57.637444    
    125568   57.632710    
    125856   57.627953    
    126144   57.623180    
    126432   57.618454    
    126720   57.613739    
    127008   57.609016    
    127296   57.604271    
    127584   57.599487    
    127872   57.594650    
    128160   57.589748    
    128448   57.584816    
    128736   57.579887    
    129024   57.574928    
    129312   57.569920    
    129600   57.564846    
    129888   57.559696    
    130176   57.554462    
    130464   57.549133    
    130752   57.543659    
    131040   57.538101    
    131328   57.532368    
    131616   57.526550    
    131904   57.520626    
    132192   57.514545    
    132480   57.508327    
    132768   57.501877    
    133056   57.495224    
    133344   57.488415    
    133632   57.481392    
    133920   57.474190    
    134208   57.466709    
    134496   57.458908    
    134784   57.450718    
    135072   57.442162    
    135360   57.433315    
    135648   57.424206    
    135936   57.414570    
    136224   57.404587    
    136512   57.394009    
    136800   57.382927    
    137088   57.371101    
    137376   57.358597    
    137664   57.345497    
    137952   57.331715    
    138240   57.317120    
    138528   57.301685    
    138816   57.285252    
    139104   57.267708    
    139392   57.248936    
    139680   57.228848    
    139968   57.207493    
    140256   57.184879    
    140544   57.160751    
    140832   57.134968    
    141120   57.107269    
    141408   57.077549    
    141696   57.045570    
    141984   57.011105    
    142272   56.974350    
    142560   56.935104    
    142848   56.893185    
    143136   56.848202    
    143424   56.799938    
    143712   56.748158    
    144000   56.692596    
    144288   56.633011    
    144576   56.569492    
    144864   56.502151    
    145152   56.430599    
    145440   56.354652    
    145728   56.274124    
    146016   56.188984    
    146304   56.099140    
    146592   56.004665    
    146880   55.906147    
    147168   55.804241    
    147456   55.699326    
    147744   55.591702    
    148032   55.481590    
    148320   55.369194    
    148608   55.254726    
    148896   55.138424    
    149184   55.020390    
    149472   54.901012    
    149760   54.780266    
    150048   54.658188    
    150336   54.534828    
    150624   54.410301    
    150912   54.284637    
    151200   54.157864    
    151488   54.030033    
    151776   53.901173    
    152064   53.771362    
    152352   53.640789    
    152640   53.509563    
    152928   53.377769    
    153216   53.245392    
    153504   53.112484    
    153792   52.979034    
    154080   52.845100    
    154368   52.710743    
    154656   52.575874    
    154944   52.440647    
    155232   52.305103    
    155520   52.169117    
    155808   52.032879    
    156096   51.896442    
    156384   51.759785    
    156672   51.622925    
    156960   51.485950    
    157248   51.348896    
    157536   51.211815    
    157824   51.074757    
    158112   50.937759    
    158400   50.800858    
    158688   50.664078    
    158976   50.527462    
    159264   50.391144    
    159552   50.255142    
    159840   50.119453    
    160128   49.984184    
    160416   49.849319    
    160704   49.714996    
    160992   49.581146    
    161280   49.447952    
    161568   49.315369    
    161856   49.183453    
    162144   49.052250    
    162432   48.921879    
    162720   48.792049    
    163008   48.662704    
    163296   48.533779    
    163584   48.405529    
    163872   48.277893    
    164160   48.151031    
    164448   48.024975    
    164736   47.899845    
    165024   47.775742    
    165312   47.652477    
    165600   47.529827    
    165888   47.407879    
    166176   47.286812    
    166464   47.166649    
    166752   47.047523    
    167040   46.929535    
    167328   46.812485    
    167616   46.696236    
    167904   46.580822    
    168192   46.466393    
    168480   46.353085    
    168768   46.241009    
    169056   46.129917    
    169344   46.019623    
    169632   45.910301    
    169920   45.802097    
    170208   45.695137    
    170496   45.589504    
    170784   45.484947    
    171072   45.381302    
    171360   45.278694    
    171648   45.177261    
    171936   45.077217    
    172224   44.978199    
    172512   44.880081    
    172800   44.782990    
    173088   44.687099    
    173376   44.592216    
    173664   44.498085    
    173952   44.404961    
    174240   44.313000    
    174528   44.221947    
    174816   44.131676    
    175104   44.042404    
    175392   43.954334    
    175680   43.867676    
    175968   43.782032    
    176256   43.697296    
    176544   43.613686    
    176832   43.531376    
    177120   43.449905    
    177408   43.369068    
    177696   43.289120    
    177984   43.210308    
    178272   43.132805    
    178560   43.056324    
    178848   42.980671    
    179136   42.906101    
    179424   42.832806    
    179712   42.760426    
    180000   42.688877    
    180288   42.618389    
    180576   42.548679    
    180864   42.479576    
    181152   42.411400    
    181440   42.344360    
    181728   42.278175    
    182016   42.212696    
    182304   42.148174    
    182592   42.084846    
    182880   42.022415    
    183168   41.960678    
    183456   41.899933    
    183744   41.840363    
    184032   41.781624    
    184320   41.723637    
    184608   41.666626    
    184896   41.610737    
    185184   41.555656    
    185472   41.501266    
    185760   41.447815    
    186048   41.395477    
    186336   41.343903    
    186624   41.293053    
    186912   41.243046    
    187200   41.194096    
    187488   41.146358    
    187776   41.099495    
    188064   41.053345    
    188352   41.008137    
    188640   40.964008    
    188928   40.920609    
    189216   40.877789    
    189504   40.835823    
    189792   40.794872    
    190080   40.755043    
    190368   40.715954    
    190656   40.677490    
    190944   40.639851    
    191232   40.603176    
    191520   40.567585    
    191808   40.532734    
    192096   40.498425    
    192384   40.464924    
    192672   40.432362    
    192960   40.400837    
    193248   40.370407    
    193536   40.340687    
    193824   40.311562    
    194112   40.283188    
    194400   40.255699    
    194688   40.229202    
    194976   40.203720    
    195264   40.179291    
    195552   40.155544    
    195840   40.132378    
    196128   40.109940    
    196416   40.088264    
    196704   40.067482    
    196992   40.047619    
    197280   40.028694    
    197568   40.010670    
    197856   39.993610    
    198144   39.977489    
    198432   39.961910    
    198720   39.946789    
    199008   39.932240    
    199296   39.918293    
    199584   39.905029    
    199872   39.892406    
    200160   39.880413    
    200448   39.869110    
    200736   39.858364    
    201024   39.848217    
    201312   39.838623    
    201600   39.829491    
    201888   39.820938    
    202176   39.812809    
    202464   39.805119    
    202752   39.797878    
    203040   39.790981    
    203328   39.784443    
    203616   39.778267    
    203904   39.772423    
    204192   39.766880    
    204480   39.761566    
    204768   39.756489    
    205056   39.751751    
    205344   39.747219    
    205632   39.742897    
    205920   39.738792    
    206208   39.734924    
    206496   39.731136    
    206784   39.727444    
    207072   39.724098    
    207360   39.721100    
    207648   39.718304    
    207936   39.715595    
    208224   39.712975    
    208512   39.710457    
    208800   39.708042    
    209088   39.705734    
    209376   39.703537    
    209664   39.701431    
    209952   39.699509    
    210240   39.697727    
    210528   39.696056    
    210816   39.694458    
    211104   39.692947    
    211392   39.691528    
    211680   39.690201    
    211968   39.688972    
    212256   39.687874    
    212544   39.686775    
    212832   39.685677    
    213120   39.684578    
    213408   39.683479    
    213696   39.682381    
    213984   39.681282    
    214272   39.680183    
    214560   39.679085    
    214848   39.677986    
    215136   39.676888    
    215424   39.675854    
    215712   39.674931    
    216000   39.674088    
    216288   39.673306    
    216576   39.672581    
    216864   39.671913    
    217152   39.671368    
    217440   39.670929    
    217728   39.670605    
    218016   39.670376    
    218304   39.670231    
    218592   39.670166    
    218880   39.670166    
    219168   39.670166    
    219456   39.670166    
    219744   39.670166    
    220032   39.670166    
    220320   39.670166    
    220608   39.670166    
    220896   39.670166    
    221184   39.670166    
    221472   39.670166    
    221760   39.670166    
    222048   39.670166    
    222336   39.670166    
    222624   39.670166    
    222912   39.670166    
    223200   39.670166    
    223488   39.670166    
    223776   39.670166    
    224064   39.670166    
    224352   39.670166    
    224640   39.670166    
    224928   39.670166    
    225216   39.670166    
    225504   39.670166    
    225792   39.670166    
    226080   39.670166    
    226368   39.670166    
    226656   39.670166    
    226944   39.670166    
    227232   39.670166    
    227520   39.670166    
    227808   39.670166    
    228096   39.670166    
    228384   39.670166    
    228672   39.670166    
    228960   39.670166    
    229248   39.670166    
    229536   39.670166    
    229824   39.670166    
    230112   39.670166    
    230400   39.670166    
    230688   39.670166    
    230976   39.670166    
    231264   39.670166    
    231552   39.670166    
    231840   39.670166    
    232128   39.670166    
    232416   39.670166    
    232704   39.670166    
    232992   39.670166    
    233280   39.670166    
    233568   39.670166    
    233856   39.670166    
    234144   39.670166    
    234432   39.670166    
    234720   39.670166    
    235008   39.670166    
    235296   39.670166    
    235584   39.670166    
    235872   39.670166    
    236160   39.670166    
    236448   39.670166    
    236736   39.670166    
    237024   39.670166    
    237312   39.670166    
    237600   39.670166    
    237888   39.670166    
    238176   39.670166    
    238464   39.670166    
    238752   39.670166    
    239040   39.670166    
    239328   39.670166    
    239616   39.670166    
    239904   39.670166    
    240192   39.670166    
    240480   39.670166    
    240768   39.670166    
    241056   39.670166    
    241344   39.670166    
    241632   39.670166    
    241920   39.670166    
    242208   39.670166    
    242496   39.670166    
    242784   39.670166    
    243072   39.670166    
    243360   39.670166    
    243648   39.670166    
    243936   39.670166    
    244224   39.670166    
    244512   39.670166    
    244800   39.670166    
    245088   39.670166    
    245376   39.670166    
    245664   39.670166    
    245952   39.670166    
    246240   39.670166    
    246528   39.670166    
    246816   39.670166    
    247104   39.670166    
    247392   39.670166    
    247680   39.670166    
    247968   39.670166    
    248256   39.670166    
    248544   39.670166    
    248832   39.670059    
    249120   39.669827    
    249408   39.669472    
    249696   39.668999    
    249984   39.668430    
    250272   39.667767    
    250560   39.667004    
    250848   39.666145    
    251136   39.665199    
    251424   39.664154    
    251712   39.663055    
    252000   39.661957    
    252288   39.660858    
    252576   39.659760    
    252864   39.658661    
    253152   39.657486    
    253440   39.656166    
    253728   39.654709    
    254016   39.653069    
    254304   39.651348    
    254592   39.649544    
    254880   39.647644    
    255168   39.645462    
    255456   39.643051    
    255744   39.640358    
    256032   39.637470    
    256320   39.634315    
    256608   39.630913    
    256896   39.627121    
    257184   39.622940    
    257472   39.618446    
    257760   39.613586    
    258048   39.608337    
    258336   39.602558    
    258624   39.596184    
    258912   39.589226    
    259200   39.581600    
    259488   39.573231    
    259776   39.564007    
    260064   39.553902    
    260352   39.542793    
    260640   39.530552    
    260928   39.517143    
    261216   39.502419    
    261504   39.486252    
    261792   39.468494    
    262080   39.448994    
    262368   39.427601    
    262656   39.404163    
    262944   39.378502    
    263232   39.350388    
    263520   39.319672    
    263808   39.286087    
    264096   39.249443    
    264384   39.209518    
    264672   39.166122    
    264960   39.119019    
    265248   39.068027    
    265536   39.013008    
    265824   38.954376    
    266112   38.892914    
    266400   38.829311    
    266688   38.763992    
    266976   38.697311    
    267264   38.629559    
    267552   38.561012    
    267840   38.491379    
    268128   38.420597    
    268416   38.348995    
    268704   38.276859    
    268992   38.204433    
    269280   38.131878    
    269568   38.059345    
    269856   37.986980    
    270144   37.914864    
    270432   37.842644    
    270720   37.770138    
    271008   37.697617    
    271296   37.625263    
    271584   37.553230    
    271872   37.481716    
    272160   37.410774    
    272448   37.340012    
    272736   37.269257    
    273024   37.198830    
    273312   37.128838    
    273600   37.059475    
    273888   36.990875    
    274176   36.922619    
    274464   36.854530    
    274752   36.786831    
    275040   36.719807    
    275328   36.653572    
    275616   36.588280    
    275904   36.523476    
    276192   36.458946    
    276480   36.394985    
    276768   36.331821    
    277056   36.269611    
    277344   36.207901    
    277632   36.146530    
    277920   36.085789    
    278208   36.025902    
    278496   35.966457    
    278784   35.907288    
    279072   35.848740    
    279360   35.791046    
    279648   35.733799    
    279936   35.676888    
    280224   35.620678    
    280512   35.565315    
    280800   35.511040    
    281088   35.457352    
    281376   35.404121    
    281664   35.351658    
    281952   35.300175    
    282240   35.249123    
    282528   35.198277    
    282816   35.148014    
    283104   35.098648    
    283392   35.050327    
    283680   35.002594    
    283968   34.955284    
    284256   34.908794    
    284544   34.863289    
    284832   34.818306    
    285120   34.773800    
    285408   34.730019    
    285696   34.686649    
    285984   34.643650    
    286272   34.601307    
    286560   34.559906    
    286848   34.518993    
    287136   34.478500    
    287424   34.438698    
    287712   34.399841    
    288000   34.361485    
    288288   34.323586    
    288576   34.286427    
    288864   34.250214    
    289152   34.214512    
    289440   34.179188    
    289728   34.144588    
    290016   34.110874    
    290304   34.077637    
    290592   34.044815    
    290880   34.012699    
    291168   33.981468    
    291456   33.950710    
    291744   33.920296    
    292032   33.890533    
    292320   33.861595    
    292608   33.833595    
    292896   33.806114    
    293184   33.779049    
    293472   33.752659    
    293760   33.727070    
    294048   33.701878    
    294336   33.677040    
    294624   33.652817    
    294912   33.629406    
    295200   33.606834    
    295488   33.584694    
    295776   33.562901    
    296064   33.541721    
    296352   33.521278    
    296640   33.501648    
    296928   33.482433    
    297216   33.463562    
    297504   33.445282    
    297792   33.427708    
    298080   33.410885    
    298368   33.394878    
    298656   33.379322    
    298944   33.364056    
    299232   33.349400    
    299520   33.335335    
    299808   33.322021    
    300096   33.309422    
    300384   33.297546    
    300672   33.286068    
    300960   33.274876    
    301248   33.264183    
    301536   33.254028    
    301824   33.244450    
    302112   33.235497    
    302400   33.227020    
    302688   33.219162    
    302976   33.211758    
    303264   33.204884    
    303552   33.198204    
    303840   33.191727    
    304128   33.185562    
    304416   33.179688    
    304704   33.174141    
    304992   33.168964    
    305280   33.164124    
    305568   33.159611    
    305856   33.155315    
    306144   33.151245    
    306432   33.147518    
    306720   33.144012    
    307008   33.140701    
    307296   33.137600    
    307584   33.134712    
    307872   33.131992    
    308160   33.129337    
    308448   33.126804    
    308736   33.124470    
    309024   33.122318    
    309312   33.120392    
    309600   33.118542    
    309888   33.116776    
    310176   33.115093    
    310464   33.113491    
    310752   33.111958    
    311040   33.110519    
    311328   33.109184    
    311616   33.107960    
    311904   33.106861    
    312192   33.105762    
    312480   33.104664    
    312768   33.103565    
    313056   33.102467    
    313344   33.101368    
    313632   33.100330    
    313920   33.099342    
    314208   33.098408    
    314496   33.097523    
    314784   33.096695    
    315072   33.096039    
