       288   2.6707685    
       576   4.5725374    
       864   6.1840744    
      1152   7.6037607    
      1440   8.8688450    
      1728   9.9920063    
      2016   10.980474    
      2304   11.844211    
      2592   12.591448    
      2880   13.229379    
      3168   13.764316    
      3456   14.199026    
      3744   14.537019    
      4032   14.784963    
      4320   14.948590    
      4608   15.033791    
      4896   15.047161    
      5184   14.996316    
      5472   14.889743    
      5760   14.736379    
      6048   14.544735    
      6336   14.322637    
      6624   14.077077    
      6912   13.815393    
      7200   13.542762    
      7488   13.262752    
      7776   12.978581    
      8064   12.692501    
      8352   12.407505    
      8640   12.124966    
      8928   11.845357    
      9216   11.569237    
      9504   11.297172    
      9792   11.029700    
     10080   10.768166    
     10368   10.513014    
     10656   10.263944    
     10944   10.020894    
     11232   9.7838669    
     11520   9.5529871    
     11808   9.3288641    
     12096   9.1114178    
     12384   8.9005527    
     12672   8.6960754    
     12960   8.4979143    
     13248   8.3063507    
     13536   8.1210680    
     13824   7.9418283    
     14112   7.7686725    
     14400   7.6015043    
     14688   7.4403019    
     14976   7.2850943    
     15264   7.1361475    
     15552   6.9933052    
     15840   6.8562903    
     16128   6.7249737    
     16416   6.5993085    
     16704   6.4793720    
     16992   6.3654313    
     17280   6.2570291    
     17568   6.1539617    
     17856   6.0561471    
     18144   5.9636502    
     18432   5.8766589    
     18720   5.7952242    
     19008   5.7193756    
     19296   5.6487532    
     19584   5.5833893    
     19872   5.5270004    
     20160   5.5218754    
     20448   5.5493503    
     20736   5.6012359    
     21024   5.6728153    
     21312   5.7607975    
     21600   5.8643799    
     21888   5.9835410    
     22176   6.1185608    
     22464   6.2700772    
     22752   6.4390588    
     23040   6.6267691    
     23328   6.8325911    
     23616   7.0555940    
     23904   7.2972775    
     24192   7.5594745    
     24480   7.8441277    
     24768   8.1534510    
     25056   8.4900303    
     25344   8.8568707    
     25632   9.2543945    
     25920   9.6826639    
     26208   10.145194    
     26496   10.646134    
     26784   11.189888    
     27072   11.781506    
     27360   12.426704    
     27648   13.132029    
     27936   13.899529    
     28224   14.726798    
     28512   15.567652    
     28800   16.374128    
     29088   17.134346    
     29376   17.842337    
     29664   18.495617    
     29952   19.094242    
     30240   19.633896    
     30528   20.114021    
     30816   20.541048    
     31104   20.920210    
     31392   21.256039    
     31680   21.552406    
     31968   21.812195    
     32256   22.038137    
     32544   22.226862    
     32832   22.378515    
     33120   22.499088    
     33408   22.592930    
     33696   22.663260    
     33984   22.712763    
     34272   22.743570    
     34560   22.757013    
     34848   22.748285    
     35136   22.716507    
     35424   22.667202    
     35712   22.604147    
     36000   22.529827    
     36288   22.445498    
     36576   22.352238    
     36864   22.250883    
     37152   22.136072    
     37440   22.006809    
     37728   21.868256    
     38016   21.723021    
     38304   21.572832    
     38592   21.418753    
     38880   21.261520    
     39168   21.101662    
     39456   20.933594    
     39744   20.756416    
     40032   20.575073    
     40320   20.391979    
     40608   20.208624    
     40896   20.025911    
     41184   19.844433    
     41472   19.664621    
     41760   19.480967    
     42048   19.292595    
     42336   19.104244    
     42624   18.918396    
     42912   18.736294    
     43200   18.558729    
     43488   18.385956    
     43776   18.217648    
     44064   18.048079    
     44352   17.876318    
     44640   17.706768    
     44928   17.541435    
     45216   17.381237    
     45504   17.226406    
     45792   17.076857    
     46080   16.932377    
     46368   16.792694    
     46656   16.657562    
     46944   16.526674    
     47232   16.394264    
     47520   16.259521    
     47808   16.126732    
     48096   15.997773    
     48384   15.873342    
     48672   15.753566    
     48960   15.638325    
     49248   15.527384    
     49536   15.420485    
     49824   15.317387    
     50112   15.217842    
     50400   15.121479    
     50688   15.028152    
     50976   14.937984    
     51264   14.850893    
     51552   14.766714    
     51840   14.685297    
     52128   14.606524    
     52416   14.530305    
     52704   14.456568    
     52992   14.385238    
     53280   14.316281    
     53568   14.249640    
     53856   14.185290    
     54144   14.123030    
     54432   14.062879    
     54720   14.005082    
     55008   13.949644    
     55296   13.896488    
     55584   13.845569    
     55872   13.796831    
     56160   13.750230    
     56448   13.705745    
     56736   13.663353    
     57024   13.622889    
     57312   13.584340    
     57600   13.553649    
     57888   13.531038    
     58176   13.511710    
     58464   13.493661    
     58752   13.476135    
     59040   13.458988    
     59328   13.442137    
     59616   13.425762    
     59904   13.410344    
     60192   13.401896    
     60480   13.400749    
     60768   13.402144    
     61056   13.404153    
     61344   13.406101    
     61632   13.407939    
     61920   13.409675    
     62208   13.417374    
     62496   13.431868    
     62784   13.448491    
     63072   13.465322    
     63360   13.481724    
     63648   13.497696    
     63936   13.519311    
     64224   13.547042    
     64512   13.576177    
     64800   13.605121    
     65088   13.633348    
     65376   13.660887    
     65664   13.693871    
     65952   13.733090    
     66240   13.773850    
     66528   13.814023    
     66816   13.852959    
     67104   13.896873    
     67392   13.946717    
     67680   13.997787    
     67968   14.048148    
     68256   14.103065    
     68544   14.163230    
     68832   14.223923    
     69120   14.283046    
     69408   14.345776    
     69696   14.413319    
     69984   14.481145    
     70272   14.547381    
     70560   14.611529    
     70848   14.679455    
     71136   14.752435    
     71424   14.826058    
     71712   14.898216    
     72000   14.975340    
     72288   15.058991    
     72576   15.143492    
     72864   15.226289    
     73152   15.306548    
     73440   15.389742    
     73728   15.477345    
     74016   15.565175    
     74304   15.651402    
     74592   15.740564    
     74880   15.833666    
     75168   15.926840    
     75456   16.023518    
     75744   16.124348    
     76032   16.224873    
     76320   16.323095    
     76608   16.423313    
     76896   16.526960    
     77184   16.629885    
     77472   16.729984    
     77760   16.831867    
     78048   16.937252    
     78336   17.042431    
     78624   17.145704    
     78912   17.250956    
     79200   17.359697    
     79488   17.468370    
     79776   17.574984    
     80064   17.682730    
     80352   17.793556    
     80640   17.904253    
     80928   18.013237    
     81216   18.123835    
     81504   18.237555    
     81792   18.351261    
     82080   18.463045    
     82368   18.571861    
     82656   18.681583    
     82944   18.794323    
     83232   18.907505    
     83520   19.019766    
     83808   19.133631    
     84096   19.250349    
     84384   19.366678    
     84672   19.481583    
     84960   19.594666    
     85248   19.708586    
     85536   19.825201    
     85824   19.942389    
     86112   20.058678    
     86400   20.172941    
     86688   20.287699    
     86976   20.404902    
     87264   20.522797    
     87552   20.640413    
     87840   20.756992    
     88128   20.871813    
     88416   20.987053    
     88704   21.104683    
     88992   21.223463    
     89280   21.342606    
     89568   21.461401    
     89856   21.579044    
     90144   21.695862    
     90432   21.813322    
     90720   21.933153    
     91008   22.054464    
     91296   22.176331    
     91584   22.297701    
     91872   22.418524    
     92160   22.538769    
     92448   22.658438    
     92736   22.777494    
     93024   22.895693    
     93312   23.012943    
     93600   23.130646    
     93888   23.248487    
     94176   23.366003    
     94464   23.482544    
     94752   23.597170    
     95040   23.709641    
     95328   23.819647    
     95616   23.926853    
     95904   24.030865    
     96192   24.131073    
     96480   24.226587    
     96768   24.317244    
     97056   24.402893    
     97344   24.483440    
     97632   24.558895    
     97920   24.629339    
     98208   24.694761    
     98496   24.754971    
     98784   24.810322    
     99072   24.861195    
     99360   24.907927    
     99648   24.950848    
     99936   24.990257    
    100224   25.026306    
    100512   25.058895    
    100800   25.088345    
    101088   25.114935    
    101376   25.138908    
    101664   25.160402    
    101952   25.181644    
    102240   25.203695    
    102528   25.226139    
    102816   25.248636    
    103104   25.270777    
    103392   25.292053    
    103680   25.312252    
    103968   25.331249    
    104256   25.348850    
    104544   25.364906    
    104832   25.381786    
    105120   25.400774    
    105408   25.420959    
    105696   25.441553    
    105984   25.461872    
    106272   25.481358    
    106560   25.499464    
    106848   25.518503    
    107136   25.539682    
    107424   25.561794    
    107712   25.583864    
    108000   25.605110    
    108288   25.624851    
    108576   25.645279    
    108864   25.667475    
    109152   25.690168    
    109440   25.712339    
    109728   25.733200    
    110016   25.752131    
    110304   25.771223    
    110592   25.791557    
    110880   25.811893    
    111168   25.831289    
    111456   25.849047    
    111744   25.864641    
    112032   25.880095    
    112320   25.896410    
    112608   25.912506    
    112896   25.927694    
    113184   25.941301    
    113472   25.955050    
    113760   25.969770    
    114048   25.984324    
    114336   25.997904    
    114624   26.009920    
    114912   26.019974    
    115200   26.029846    
    115488   26.040510    
    115776   26.050930    
    116064   26.060415    
    116352   26.068476    
    116640   26.074764    
    116928   26.080898    
    117216   26.087717    
    117504   26.094431    
    117792   26.100372    
    118080   26.105108    
    118368   26.110016    
    118656   26.115774    
    118944   26.121519    
    119232   26.126717    
    119520   26.130919    
    119808   26.133839    
    120096   26.135288    
    120384   26.136713    
    120672   26.138865    
    120960   26.141006    
    121248   26.142580    
    121536   26.143263    
    121824   26.142843    
    122112   26.142679    
    122400   26.143316    
    122688   26.144016    
    122976   26.144299    
    123264   26.143833    
    123552   26.142462    
    123840   26.140015    
    124128   26.137726    
    124416   26.136211    
    124704   26.134815    
    124992   26.133074    
    125280   26.130640    
    125568   26.127319    
    125856   26.123026    
    126144   26.118950    
    126432   26.115623    
    126720   26.112396    
    127008   26.108839    
    127296   26.104603    
    127584   26.099457    
    127872   26.093252    
    128160   26.085928    
    128448   26.078726    
    128736   26.072193    
    129024   26.065638    
    129312   26.058611    
    129600   26.050743    
    129888   26.041754    
    130176   26.031475    
    130464   26.019796    
    130752   26.007895    
    131040   25.996220    
    131328   25.984053    
    131616   25.970907    
    131904   25.956348    
    132192   25.940065    
    132480   25.921793    
    132768   25.901321    
    133056   25.880312    
    133344   25.859304    
    133632   25.837221    
    133920   25.813326    
    134208   25.787062    
    134496   25.757904    
    134784   25.725426    
    135072   25.689289    
    135360   25.651600    
    135648   25.612907    
    135936   25.571716    
    136224   25.526960    
    136512   25.477856    
    136800   25.423784    
    137088   25.364063    
    137376   25.298088    
    137664   25.228865    
    137952   25.157213    
    138240   25.080923    
    138528   24.998484    
    138816   24.908697    
    139104   24.810764    
    139392   24.703970    
    139680   24.587456    
    139968   24.465471    
    140256   24.339138    
    140544   24.205587    
    140832   24.063044    
    141120   23.910275    
    141408   23.746159    
    141696   23.569996    
    141984   23.381350    
    142272   23.186680    
    142560   22.988169    
    142848   22.783159    
    143136   22.570030    
    143424   22.348410    
    143712   22.118780    
    144000   21.882393    
    144288   21.641176    
    144576   21.404736    
    144864   21.177513    
    145152   20.959642    
    145440   20.752367    
    145728   20.558487    
    146016   20.381702    
    146304   20.225008    
    146592   20.076477    
    146880   19.914688    
    147168   19.737257    
    147456   19.547836    
    147744   19.351147    
    148032   19.151699    
    148320   18.954103    
    148608   18.762054    
    148896   18.577164    
    149184   18.404394    
    149472   18.243822    
    149760   18.094961    
    150048   17.957909    
    150336   17.832556    
    150624   17.718567    
    150912   17.615288    
    151200   17.521952    
    151488   17.437670    
    151776   17.361549    
    152064   17.292734    
    152352   17.232098    
    152640   17.177570    
    152928   17.128603    
    153216   17.085129    
    153504   17.046904    
    153792   17.013432    
    154080   16.984123    
    154368   16.958328    
    154656   16.935410    
    154944   16.914806    
    155232   16.896063    
    155520   16.878208    
    155808   16.860657    
    156096   16.843983    
    156384   16.828287    
    156672   16.813522    
    156960   16.799637    
    157248   16.786598    
    157536   16.774412    
    157824   16.763121    
    158112   16.752739    
    158400   16.743364    
    158688   16.735092    
    158976   16.727961    
    159264   16.721603    
    159552   16.715811    
    159840   16.711466    
    160128   16.708855    
    160416   16.708132    
    160704   16.709389    
    160992   16.712732    
    161280   16.718256    
    161568   16.726074    
    161856   16.736303    
    162144   16.748587    
    162432   16.762825    
    162720   16.778557    
    163008   16.795918    
    163296   16.813843    
    163584   16.831764    
    163872   16.849792    
    164160   16.868460    
    164448   16.888027    
    164736   16.909077    
    165024   16.932993    
    165312   16.958452    
    165600   16.985353    
    165888   17.013268    
    166176   17.042185    
    166464   17.072668    
    166752   17.105595    
    167040   17.141441    
    167328   17.177795    
    167616   17.215080    
    167904   17.253674    
    168192   17.294147    
    168480   17.337425    
    168768   17.384632    
    169056   17.432867    
    169344   17.481285    
    169632   17.530405    
    169920   17.581917    
    170208   17.637272    
    170496   17.697826    
    170784   17.759865    
    171072   17.822752    
    171360   17.887764    
    171648   17.955767    
    171936   18.027937    
    172224   18.100506    
    172512   18.173025    
    172800   18.247471    
    173088   18.325733    
    173376   18.402990    
    173664   18.478758    
    173952   18.555740    
    174240   18.635832    
    174528   18.713673    
    174816   18.789583    
    175104   18.867064    
    175392   18.948914    
    175680   19.037504    
    175968   19.126890    
    176256   19.216179    
    176544   19.308735    
    176832   19.406750    
    177120   19.501530    
    177408   19.592081    
    177696   19.683113    
    177984   19.778193    
    178272   19.880245    
    178560   19.982250    
    178848   20.083284    
    179136   20.187706    
    179424   20.298826    
    179712   20.408655    
    180000   20.515800    
    180288   20.625841    
    180576   20.732031    
    180864   20.834106    
    181152   20.937824    
    181440   21.047359    
    181728   21.154808    
    182016   21.259470    
    182304   21.366545    
    182592   21.479729    
    182880   21.591106    
    183168   21.699968    
    183456   21.812330    
    183744   21.932407    
    184032   22.050997    
    184320   22.166893    
    184608   22.286230    
    184896   22.412825    
    185184   22.536453    
    185472   22.656448    
    185760   22.779608    
    186048   22.910570    
    186336   23.039169    
    186624   23.164003    
    186912   23.291807    
    187200   23.426762    
    187488   23.571634    
    187776   23.715414    
    188064   23.856133    
    188352   24.000566    
    188640   24.153301    
    188928   24.302904    
    189216   24.447094    
    189504   24.592583    
    189792   24.744961    
    190080   24.907909    
    190368   25.068874    
    190656   25.225330    
    190944   25.384558    
    191232   25.550961    
    191520   25.727169    
    191808   25.900595    
    192096   26.068703    
    192384   26.239067    
    192672   26.416599    
    192960   26.604082    
    193248   26.802937    
    193536   26.999521    
    193824   27.190516    
    194112   27.383190    
    194400   27.582109    
    194688   27.789721    
    194976   28.007048    
    195264   28.235260    
    195552   28.459848    
    195840   28.676638    
    196128   28.892237    
    196416   29.110359    
    196704   29.332729    
    196992   29.560783    
    197280   29.795040    
    197568   30.035370    
    197856   30.281239    
    198144   30.531694    
    198432   30.772539    
    198720   30.999746    
    199008   31.219280    
    199296   31.434736    
    199584   31.647846    
    199872   31.859194    
    200160   32.069256    
    200448   32.278046    
    200736   32.485207    
    201024   32.690243    
    201312   32.892429    
    201600   33.090916    
    201888   33.285351    
    202176   33.475388    
    202464   33.660576    
    202752   33.840618    
    203040   34.015156    
    203328   34.183857    
    203616   34.346336    
    203904   34.502522    
    204192   34.652359    
    204480   34.795883    
    204768   34.933113    
    205056   35.064045    
    205344   35.188652    
    205632   35.306805    
    205920   35.418751    
    206208   35.524658    
    206496   35.624687    
    206784   35.718979    
    207072   35.812607    
    207360   35.906830    
    207648   35.998886    
    207936   36.087219    
    208224   36.170990    
    208512   36.249683    
    208800   36.323254    
    209088   36.391773    
    209376   36.455429    
    209664   36.514408    
    209952   36.571983    
    210240   36.629185    
    210528   36.684288    
    210816   36.736427    
    211104   36.785164    
    211392   36.830353    
    211680   36.872017    
    211968   36.912445    
    212256   36.952343    
    212544   36.990540    
    212832   37.026390    
    213120   37.059639    
    213408   37.090202    
    213696   37.119778    
    213984   37.148888    
    214272   37.176613    
    214560   37.202538    
    214848   37.226448    
    215136   37.248283    
    215424   37.269375    
    215712   37.290089    
    216000   37.309769    
    216288   37.328091    
    216576   37.344940    
    216864   37.360260    
    217152   37.375031    
    217440   37.389549    
    217728   37.403343    
    218016   37.416183    
    218304   37.427952    
    218592   37.439369    
    218880   37.450649    
    219168   37.461365    
    219456   37.471298    
    219744   37.480392    
    220032   37.488636    
    220320   37.496601    
    220608   37.504501    
    220896   37.512016    
    221184   37.518993    
    221472   37.525406    
    221760   37.531155    
    222048   37.536758    
    222336   37.542355    
    222624   37.547707    
    222912   37.552689    
    223200   37.557236    
    223488   37.561703    
    223776   37.566189    
    224064   37.570465    
    224352   37.574478    
    224640   37.578148    
    224928   37.581478    
    225216   37.584492    
    225504   37.587425    
    225792   37.590439    
    226080   37.593342    
    226368   37.596016    
    226656   37.598431    
    226944   37.600670    
    227232   37.602909    
    227520   37.605198    
    227808   37.607426    
    228096   37.609535    
    228384   37.611488    
    228672   37.613262    
    228960   37.614796    
    229248   37.616364    
    229536   37.618008    
    229824   37.619576    
    230112   37.621071    
    230400   37.622456    
    230688   37.623718    
    230976   37.624855    
    231264   37.626022    
    231552   37.627258    
    231840   37.628468    
    232128   37.629608    
    232416   37.630650    
    232704   37.631580    
    232992   37.632389    
    233280   37.633087    
    233568   37.633862    
    233856   37.634697    
    234144   37.635513    
    234432   37.636269    
    234720   37.636913    
    235008   37.637501    
    235296   37.638035    
    235584   37.638523    
    235872   37.638985    
    236160   37.639523    
    236448   37.640015    
    236736   37.640438    
    237024   37.640789    
    237312   37.641052    
    237600   37.641224    
    237888   37.641304    
    238176   37.641418    
    238464   37.641575    
    238752   37.641705    
    239040   37.641769    
    239328   37.641754    
    239616   37.641655    
    239904   37.641464    
    240192   37.641163    
    240480   37.640850    
    240768   37.640591    
    241056   37.640263    
    241344   37.639812    
    241632   37.639240    
    241920   37.638538    
    242208   37.637703    
    242496   37.636711    
    242784   37.635738    
    243072   37.634804    
    243360   37.633774    
    243648   37.632587    
    243936   37.631229    
    244224   37.629662    
    244512   37.627872    
    244800   37.625854    
    245088   37.623936    
    245376   37.622013    
    245664   37.619915    
    245952   37.617584    
    246240   37.614998    
    246528   37.612091    
    246816   37.608852    
    247104   37.605244    
    247392   37.601723    
    247680   37.598137    
    247968   37.594280    
    248256   37.590004    
    248544   37.585281    
    248832   37.580040    
    249120   37.574219    
    249408   37.567795    
    249696   37.561340    
    249984   37.554768    
    250272   37.547626    
    250560   37.539722    
    250848   37.530975    
    251136   37.521317    
    251424   37.510635    
    251712   37.498802    
    252000   37.486786    
    252288   37.474384    
    252576   37.460865    
    252864   37.445908    
    253152   37.429344    
    253440   37.411011    
    253728   37.390724    
    254016   37.368225    
    254304   37.345222    
    254592   37.321266    
    254880   37.295029    
    255168   37.266033    
    255456   37.233910    
    255744   37.198322    
    256032   37.158901    
    256320   37.115250    
    256608   37.066944    
    256896   37.013485    
    257184   36.954315    
    257472   36.893612    
    257760   36.830090    
    258048   36.760704    
    258336   36.684196    
    258624   36.599728    
    258912   36.506554    
    259200   36.403809    
    259488   36.290695    
    259776   36.166222    
    260064   36.029415    
    260352   35.879162    
    260640   35.714169    
    260928   35.533371    
    261216   35.335674    
    261504   35.119823    
    261792   34.884472    
    262080   34.628307    
    262368   34.350082    
    262656   34.048580    
    262944   33.722691    
    263232   33.371578    
    263520   32.994583    
    263808   32.591442    
    264096   32.162216    
    264384   31.707109    
    264672   31.227575    
    264960   30.726084    
    265248   30.205231    
    265536   29.661327    
    265824   29.078833    
    266112   28.474335    
    266400   27.870329    
    266688   27.281494    
    266976   26.717258    
    267264   26.183170    
    267552   25.683081    
    267840   25.202574    
    268128   24.741241    
    268416   24.307957    
    268704   23.907185    
    268992   23.541000    
    269280   23.210039    
    269568   22.913521    
    269856   22.650707    
    270144   22.421236    
    270432   22.209198    
    270720   22.011086    
    271008   21.832008    
    271296   21.674442    
    271584   21.539551    
    271872   21.427715    
    272160   21.338337    
    272448   21.256630    
    272736   21.180561    
    273024   21.115978    
    273312   21.065990    
    273600   21.032377    
    273888   21.016121    
    274176   21.003099    
    274464   20.990578    
    274752   20.984854    
    275040   20.990469    
    275328   21.009949    
    275616   21.044781    
    275904   21.080370    
    276192   21.114710    
    276480   21.154835    
    276768   21.204422    
    277056   21.266064    
    277344   21.325943    
    277632   21.382746    
    277920   21.444551    
    278208   21.516111    
    278496   21.583485    
    278784   21.646078    
    279072   21.712896    
    279360   21.788841    
    279648   21.859575    
    279936   21.925417    
    280224   21.996126    
    280512   22.077454    
    280800   22.172905    
    281088   22.266230    
    281376   22.356077    
    281664   22.451881    
    281952   22.558641    
    282240   22.655954    
    282528   22.742895    
    282816   22.832190    
    283104   22.931232    
    283392   23.044502    
    283680   23.154760    
    283968   23.260811    
    284256   23.373165    
    284544   23.497950    
    284832   23.617672    
    285120   23.731377    
    285408   23.851049    
    285696   23.962299    
    285984   24.066111    
    286272   24.174948    
    286560   24.295986    
    286848   24.411922    
    287136   24.522224    
    287424   24.638311    
    287712   24.766748    
    288000   24.890186    
    288288   25.008093    
    288576   25.132622    
    288864   25.270683    
    289152   25.403570    
    289440   25.530418    
    289728   25.663481    
    290016   25.809280    
    290304   25.948484    
    290592   26.080791    
    290880   26.219103    
    291168   26.370535    
    291456   26.515745    
    291744   26.653727    
    292032   26.797228    
    292320   26.952894    
    292608   27.124226    
    292896   27.290377    
    293184   27.449459    
    293472   27.613930    
    293760   27.790545    
    294048   27.959274    
    294336   28.118502    
    294624   28.280796    
    294912   28.453918    
    295200   28.641935    
    295488   28.823214    
    295776   28.995562    
    296064   29.171469    
    296352   29.357283    
    296640   29.556038    
    296928   29.746836    
    297216   29.927633    
    297504   30.110832    
    297792   30.302921    
    298080   30.506674    
    298368   30.722958    
    298656   30.930662    
    298944   31.127111    
    299232   31.323786    
    299520   31.526497    
    299808   31.737576    
    300096   31.957462    
    300384   32.186371    
    300672   32.404892    
    300960   32.610291    
    301248   32.812500    
    301536   33.016129    
    301824   33.222946    
    302112   33.433735    
    302400   33.648289    
    302688   33.865749    
    302976   34.085087    
    303264   34.305023    
    303552   34.510914    
    303840   34.700825    
    304128   34.882278    
    304416   35.058998    
    304704   35.232437    
    304992   35.402866    
    305280   35.570431    
    305568   35.734879    
    305856   35.895882    
    306144   36.053005    
    306432   36.205780    
    306720   36.353703    
    307008   36.496693    
    307296   36.634556    
    307584   36.767223    
    307872   36.894588    
    308160   37.016579    
    308448   37.133099    
    308736   37.244049    
    309024   37.349598    
    309312   37.449833    
    309600   37.544872    
    309888   37.634823    
    310176   37.719841    
    310464   37.800014    
    310752   37.875370    
    311040   37.946198    
    311328   38.012653    
    311616   38.074890    
    311904   38.133133    
    312192   38.190693    
    312480   38.248123    
    312768   38.303539    
    313056   38.356052    
    313344   38.405247    
    313632   38.450981    
    313920   38.493347    
    314208   38.532524    
    314496   38.568653    
    314784   38.601940    
    315072   38.634315    
