       288   9.5589771    
       576   10.408616    
       864   10.149571    
      1152   9.6500320    
      1440   9.1086407    
      1728   8.5790281    
      2016   8.0744228    
      2304   7.6001968    
      2592   7.1552191    
      2880   6.7375574    
      3168   6.3454075    
      3456   5.9771042    
      3744   5.6310992    
      4032   5.3059444    
      4320   5.0002913    
      4608   4.7128906    
      4896   4.4425783    
      5184   4.1882763    
      5472   3.9489779    
      5760   3.7237396    
      6048   3.5116811    
      6336   3.3119845    
      6624   3.1238830    
      6912   2.9466648    
      7200   2.7796659    
      7488   2.6222591    
      7776   2.4738648    
      8064   2.3339360    
      8352   2.2019665    
      8640   2.0774817    
      8928   1.9600362    
      9216   1.8492123    
      9504   1.7446204    
      9792   1.6458950    
     10080   1.5526947    
     10368   1.4647003    
     10656   1.3816099    
     10944   1.3031424    
     11232   1.2290323    
     11520   1.1590325    
     11808   1.0929096    
     12096   1.0304456    
     12384  0.97143394    
     12672  0.91568172    
     12960  0.86300707    
     13248  0.81323892    
     13536  0.76621693    
     13824  0.72178972    
     14112  0.67981362    
     14400  0.64015466    
     14688  0.60268623    
     14976  0.56728870    
     15264  0.53384990    
     15552  0.50226372    
     15840  0.47242975    
     16128  0.44425341    
     16416  0.41764551    
     16704  0.39252138    
     16992  0.36880162    
     17280  0.34641111    
     17568  0.32527772    
     17856  0.30533552    
     18144  0.28652003    
     18432  0.26877105    
     18720  0.25203156    
     19008  0.23624758    
     19296  0.22136810    
     19584  0.20734462    
     19872  0.19413148    
     20160  0.18168563    
     20448  0.16996548    
     20736  0.15893179    
     21024  0.14854753    
     21312  0.13877741    
     21600  0.12958828    
     21888  0.12094849    
     22176  0.11282811    
     22464  0.10519873    
     22752  0.98033503E-01
     23040  0.91306888E-01
     23328  0.84994718E-01
     23616  0.79074167E-01
     23904  0.73523410E-01
     24192  0.68321750E-01
     24480  0.63449629E-01
     24768  0.58888249E-01
     25056  0.54620109E-01
     25344  0.50628431E-01
     25632  0.46897337E-01
     25920  0.43411843E-01
     26208  0.40157635E-01
     26496  0.37121151E-01
     26784  0.34289520E-01
     27072  0.31650551E-01
     27360  0.29208031E-01
     27648  0.27176527E-01
     27936  0.27334042E-01
     28224  0.17507133    
     28512   1.1838655    
     28800   2.4549592    
     29088   3.8266683    
     29376   5.2490506    
     29664   6.6881113    
     29952   8.1228933    
     30240   9.5073566    
     30528   10.806410    
     30816   12.042998    
     31104   13.233212    
     31392   14.388666    
     31680   15.518932    
     31968   16.626984    
     32256   17.714960    
     32544   18.742661    
     32832   19.684734    
     33120   20.571711    
     33408   21.422245    
     33696   22.247347    
     33984   23.053703    
     34272   23.846266    
     34560   24.623014    
     34848   25.335009    
     35136   25.952856    
     35424   26.513378    
     35712   27.038202    
     36000   27.540680    
     36288   28.022936    
     36576   28.485840    
     36864   28.929310    
     37152   29.302532    
     37440   29.578922    
     37728   29.801386    
     38016   29.988422    
     38304   30.150499    
     38592   30.293083    
     38880   30.418665    
     39168   30.527996    
     39456   30.570906    
     39744   30.524555    
     40032   30.434832    
     40320   30.321550    
     40608   30.196175    
     40896   30.065189    
     41184   29.932127    
     41472   29.798895    
     41760   29.617594    
     42048   29.368238    
     42336   29.095558    
     42624   28.822561    
     42912   28.560558    
     43200   28.315634    
     43488   28.091328    
     43776   27.884197    
     44064   27.644623    
     44352   27.353161    
     44640   27.052904    
     44928   26.764370    
     45216   26.496277    
     45504   26.251360    
     45792   26.029350    
     46080   25.828571    
     46368   25.646791    
     46656   25.481623    
     46944   25.330679    
     47232   25.144102    
     47520   24.903532    
     47808   24.652275    
     48096   24.409639    
     48384   24.183229    
     48672   23.974977    
     48960   23.784155    
     49248   23.608965    
     49536   23.447233    
     49824   23.296816    
     50112   23.155640    
     50400   23.020981    
     50688   22.889853    
     50976   22.764210    
     51264   22.643522    
     51552   22.526478    
     51840   22.411867    
     52128   22.298622    
     52416   22.185913    
     52704   22.073072    
     52992   21.959610    
     53280   21.845083    
     53568   21.729168    
     53856   21.611633    
     54144   21.491407    
     54432   21.366980    
     54720   21.241436    
     55008   21.115156    
     55296   20.987734    
     55584   20.858662    
     55872   20.727560    
     56160   20.594124    
     56448   20.458149    
     56736   20.319511    
     57024   20.177267    
     57312   20.029850    
     57600   19.929464    
     57888   19.891958    
     58176   19.868368    
     58464   19.837389    
     58752   19.790764    
     59040   19.726248    
     59328   19.643408    
     59616   19.542170    
     59904   19.427362    
     60192   19.350719    
     60480   19.329763    
     60768   19.316076    
     61056   19.288971    
     61344   19.240938    
     61632   19.170433    
     61920   19.077726    
     62208   19.013056    
     62496   18.998922    
     62784   18.988335    
     63072   18.960997    
     63360   18.909473    
     63648   18.832411    
     63936   18.780802    
     64224   18.774315    
     64512   18.764814    
     64800   18.735043    
     65088   18.678562    
     65376   18.594225    
     65664   18.532585    
     65952   18.515497    
     66240   18.496965    
     66528   18.456139    
     66816   18.383924    
     67104   18.330858    
     67392   18.319818    
     67680   18.305305    
     67968   18.266880    
     68256   18.245647    
     68544   18.261683    
     68832   18.269260    
     69120   18.247343    
     69408   18.235123    
     69696   18.256683    
     69984   18.268021    
     70272   18.248919    
     70560   18.191835    
     70848   18.142729    
     71136   18.126719    
     71424   18.102190    
     71712   18.048964    
     72000   18.015823    
     72288   18.033829    
     72576   18.050156    
     72864   18.038486    
     73152   17.987625    
     73440   17.939293    
     73728   17.919176    
     74016   17.888449    
     74304   17.827864    
     74592   17.772701    
     74880   17.744370    
     75168   17.706110    
     75456   17.682072    
     75744   17.689512    
     76032   17.686918    
     76320   17.652695    
     76608   17.618998    
     76896   17.608879    
     77184   17.585655    
     77472   17.528275    
     77760   17.470243    
     78048   17.435970    
     78336   17.391218    
     78624   17.317293    
     78912   17.243767    
     79200   17.193754    
     79488   17.134554    
     79776   17.047411    
     80064   16.958282    
     80352   16.891577    
     80640   16.816917    
     80928   16.716669    
     81216   16.616652    
     81504   16.538948    
     81792   16.454411    
     82080   16.345432    
     82368   16.201258    
     82656   16.051188    
     82944   15.920282    
     83232   15.784230    
     83520   15.627975    
     83808   15.472911    
     84096   15.339370    
     84384   15.201556    
     84672   15.044806    
     84960   14.860869    
     85248   14.672079    
     85536   14.500039    
     85824   14.324934    
     86112   14.133553    
     86400   13.917156    
     86688   13.695320    
     86976   13.488239    
     87264   13.279457    
     87552   13.057572    
     87840   12.815781    
     88128   12.549730    
     88416   12.276476    
     88704   12.014510    
     88992   11.752492    
     89280   11.482086    
     89568   11.198242    
     89856   10.897903    
     90144   10.580593    
     90432   10.258897    
     90720   9.9473257    
     91008   9.6399412    
     91296   9.3316774    
     91584   9.0191851    
     91872   8.7011194    
     92160   8.3773975    
     92448   8.0487833    
     92736   7.7166038    
     93024   7.3826027    
     93312   7.0528960    
     93600   6.7343431    
     93888   6.4264569    
     94176   6.1282077    
     94464   5.8389702    
     94752   5.5586410    
     95040   5.2875814    
     95328   5.0265236    
     95616   4.7765894    
     95904   4.5391617    
     96192   4.3151059    
     96480   4.1046910    
     96768   3.9077218    
     97056   3.7237248    
     97344   3.5519793    
     97632   3.3915868    
     97920   3.2417154    
     98208   3.1016021    
     98496   2.9705393    
     98784   2.8478746    
     99072   2.7330058    
     99360   2.6253719    
     99648   2.5244572    
     99936   2.4297822    
    100224   2.3409021    
    100512   2.2573998    
    100800   2.1788936    
    101088   2.1050282    
    101376   2.0354705    
    101664   1.9699167    
    101952   1.9082848    
    102240   1.8504803    
    102528   1.7962132    
    102816   1.7452151    
    103104   1.6972370    
    103392   1.6520467    
    103680   1.6094280    
    103968   1.5691830    
    104256   1.5311260    
    104544   1.4950866    
    104832   1.4610733    
    105120   1.4290662    
    105408   1.3988894    
    105696   1.3703833    
    105984   1.3434010    
    106272   1.3178102    
    106560   1.2934887    
    106848   1.2704655    
    107136   1.2487413    
    107424   1.2281866    
    107712   1.2086865    
    108000   1.1901369    
    108288   1.1724443    
    108576   1.1556461    
    108864   1.1397524    
    109152   1.1246617    
    109440   1.1102852    
    109728   1.0965455    
    110016   1.0833752    
    110304   1.0708147    
    110592   1.0588833    
    110880   1.0475019    
    111168   1.0366029    
    111456   1.0261294    
    111744   1.0160328    
    112032   1.0063574    
    112320  0.99712497    
    112608  0.98827416    
    112896  0.97975278    
    113184  0.97151804    
    113472  0.96360844    
    113760  0.95604348    
    114048  0.94876933    
    114336  0.94174415    
    114624  0.93493313    
    114912  0.92830747    
    115200  0.92190784    
    115488  0.91575545    
    115776  0.90980786    
    116064  0.90403253    
    116352  0.89840323    
    116640  0.89289808    
    116928  0.88755608    
    117216  0.88239861    
    117504  0.87739062    
    117792  0.87250507    
    118080  0.86772090    
    118368  0.86307144    
    118656  0.85857457    
    118944  0.85419893    
    119232  0.84992075    
    119520  0.84572095    
    119808  0.84158492    
    120096  0.83750087    
    120384  0.83350366    
    120672  0.82961154    
    120960  0.82579947    
    121248  0.82204902    
    121536  0.81834537    
    121824  0.81467807    
    122112  0.81107736    
    122400  0.80755991    
    122688  0.80410308    
    122976  0.80068970    
    123264  0.79730666    
    123552  0.79394352    
    123840  0.79059207    
    124128  0.78728300    
    124416  0.78403306    
    124704  0.78082114    
    124992  0.77763170    
    125280  0.77445287    
    125568  0.77127570    
    125856  0.76809227    
    126144  0.76493198    
    126432  0.76181096    
    126720  0.75870985    
    127008  0.75561303    
    127296  0.75250858    
    127584  0.74938792    
    127872  0.74624318    
    128160  0.74306822    
    128448  0.73989296    
    128736  0.73673302    
    129024  0.73356813    
    129312  0.73038244    
    129600  0.72716349    
    129888  0.72390199    
    130176  0.72058922    
    130464  0.71721643    
    130752  0.71381134    
    131040  0.71038568    
    131328  0.70691782    
    131616  0.70339036    
    131904  0.69978887    
    132192  0.69610131    
    132480  0.69231623    
    132768  0.68842322    
    133056  0.68445706    
    133344  0.68043113    
    133632  0.67631525    
    133920  0.67208594    
    134208  0.66772133    
    134496  0.66320300    
    134784  0.65851367    
    135072  0.65363604    
    135360  0.64861101    
    135648  0.64345074    
    135936  0.63811356    
    136224  0.63256639    
    136512  0.62678087    
    136800  0.62072897    
    137088  0.61438429    
    137376  0.60772187    
    137664  0.60079706    
    137952  0.59361941    
    138240  0.58613235    
    138528  0.57828951    
    138816  0.57005364    
    139104  0.56139135    
    139392  0.55226833    
    139680  0.54265237    
    139968  0.53261870    
    140256  0.52218723    
    140544  0.51129311    
    140832  0.49988827    
    141120  0.48793301    
    141408  0.47539818    
    141696  0.46226308    
    141984  0.44851524    
    142272  0.43426770    
    142560  0.41957530    
    142848  0.40439701    
    143136  0.38872245    
    143424  0.37256366    
    143712  0.35595158    
    144000  0.33893293    
    144288  0.32157043    
    144576  0.30403337    
    144864  0.28644544    
    145152  0.26894376    
    145440  0.25173825    
    145728  0.23524870    
    146016  0.22351108    
    146304  0.28992504    
    146592  0.95522749    
    146880   2.1118312    
    147168   3.3343580    
    147456   4.5708284    
    147744   5.8026214    
    148032   7.0170369    
    148320   8.2060413    
    148608   9.3668194    
    148896   10.495098    
    149184   11.567149    
    149472   12.564519    
    149760   13.501040    
    150048   14.388344    
    150336   15.235191    
    150624   16.047741    
    150912   16.830109    
    151200   17.584810    
    151488   18.313118    
    151776   19.015644    
    152064   19.692558    
    152352   20.318708    
    152640   20.874271    
    152928   21.377447    
    153216   21.842340    
    153504   22.278664    
    153792   22.692472    
    154080   23.087244    
    154368   23.464653    
    154656   23.825401    
    154944   24.169569    
    155232   24.496929    
    155520   24.806107    
    155808   25.094023    
    156096   25.363424    
    156384   25.615223    
    156672   25.849636    
    156960   26.066675    
    157248   26.266359    
    157536   26.448822    
    157824   26.614254    
    158112   26.762844    
    158400   26.894844    
    158688   27.010590    
    158976   27.110426    
    159264   27.193726    
    159552   27.258305    
    159840   27.307819    
    160128   27.343586    
    160416   27.366199    
    160704   27.375942    
    160992   27.373106    
    161280   27.357985    
    161568   27.330885    
    161856   27.292120    
    162144   27.241072    
    162432   27.175526    
    162720   27.127234    
    163008   27.118176    
    163296   27.123627    
    163584   27.126581    
    163872   27.117001    
    164160   27.089861    
    164448   27.042347    
    164736   26.971912    
    165024   26.882477    
    165312   26.803417    
    165600   26.756573    
    165888   26.718569    
    166176   26.673931    
    166464   26.614063    
    166752   26.535080    
    167040   26.435158    
    167328   26.338392    
    167616   26.268805    
    167904   26.204992    
    168192   26.132845    
    168480   26.044641    
    168768   25.937098    
    169056   25.834227    
    169344   25.755539    
    169632   25.677452    
    169920   25.588940    
    170208   25.483694    
    170496   25.359024    
    170784   25.237635    
    171072   25.139492    
    171360   25.044605    
    171648   24.939764    
    171936   24.815863    
    172224   24.694223    
    172512   24.594088    
    172800   24.496063    
    173088   24.387817    
    173376   24.283783    
    173664   24.199881    
    173952   24.116116    
    174240   24.019361    
    174528   23.921141    
    174816   23.839352    
    175104   23.755516    
    175392   23.657883    
    175680   23.540194    
    175968   23.418827    
    176256   23.311653    
    176544   23.202084    
    176832   23.079205    
    177120   22.958170    
    177408   22.860859    
    177696   22.766569    
    177984   22.661537    
    178272   22.537943    
    178560   22.408823    
    178848   22.290638    
    179136   22.168394    
    179424   22.032347    
    179712   21.892639    
    180000   21.762259    
    180288   21.627495    
    180576   21.494579    
    180864   21.375555    
    181152   21.254244    
    181440   21.119896    
    181728   20.980694    
    182016   20.850298    
    182304   20.714806    
    182592   20.563377    
    182880   20.405016    
    183168   20.253946    
    183456   20.098040    
    183744   19.928875    
    184032   19.753727    
    184320   19.585691    
    184608   19.413483    
    184896   19.229008    
    185184   19.037161    
    185472   18.850954    
    185760   18.660614    
    186048   18.458960    
    186336   18.251381    
    186624   18.049610    
    186912   17.844696    
    187200   17.629736    
    187488   17.399611    
    187776   17.160116    
    188064   16.923252    
    188352   16.682880    
    188640   16.433899    
    188928   16.179365    
    189216   15.928988    
    189504   15.676485    
    189792   15.417044    
    190080   15.147870    
    190368   14.871598    
    190656   14.597078    
    190944   14.321250    
    191232   14.040793    
    191520   13.753345    
    191808   13.460012    
    192096   13.167680    
    192384   12.875404    
    192672   12.581403    
    192960   12.284723    
    193248   11.985188    
    193536   11.682721    
    193824   11.381593    
    194112   11.083329    
    194400   10.788464    
    194688   10.497763    
    194976   10.212514    
    195264   9.9345026    
    195552   9.6627216    
    195840   9.3983822    
    196128   9.1445265    
    196416   8.9034109    
    196704   8.6764174    
    196992   8.4640532    
    197280   8.2662716    
    197568   8.0824690    
    197856   7.9118447    
    198144   7.7535834    
    198432   7.6040192    
    198720   7.4614673    
    199008   7.3267002    
    199296   7.1999421    
    199584   7.0811138    
    199872   6.9699631    
    200160   6.8661280    
    200448   6.7691832    
    200736   6.6786780    
    201024   6.5941591    
    201312   6.5151892    
    201600   6.4413762    
    201888   6.3723445    
    202176   6.3077350    
    202464   6.2472134    
    202752   6.1904545    
    203040   6.1371841    
    203328   6.0871248    
    203616   6.0400510    
    203904   5.9957380    
    204192   5.9539905    
    204480   5.9146090    
    204768   5.8774233    
    205056   5.8422704    
    205344   5.8090014    
    205632   5.7774878    
    205920   5.7476110    
    206208   5.7192564    
    206496   5.6923213    
    206784   5.6666999    
    207072   5.6429763    
    207360   5.6212425    
    207648   5.6010132    
    207936   5.5819745    
    208224   5.5639324    
    208512   5.5467606    
    208800   5.5303721    
    209088   5.5146942    
    209376   5.4996786    
    209664   5.4852781    
    209952   5.4718575    
    210240   5.4594812    
    210528   5.4478741    
    210816   5.4368577    
    211104   5.4263301    
    211392   5.4162245    
    211680   5.4064956    
    211968   5.3973904    
    212256   5.3889561    
    212544   5.3810029    
    212832   5.3734140    
    213120   5.3661237    
    213408   5.3590875    
    213696   5.3524866    
    213984   5.3463535    
    214272   5.3405437    
    214560   5.3349829    
    214848   5.3296146    
    215136   5.3244195    
    215424   5.3195305    
    215712   5.3149700    
    216000   5.3106360    
    216288   5.3064723    
    216576   5.3024454    
    216864   5.2985363    
    217152   5.2948418    
    217440   5.2913866    
    217728   5.2880979    
    218016   5.2849221    
    218304   5.2818403    
    218592   5.2789268    
    218880   5.2761960    
    219168   5.2735858    
    219456   5.2710633    
    219744   5.2686095    
    220032   5.2662158    
    220320   5.2639413    
    220608   5.2618008    
    220896   5.2597494    
    221184   5.2577610    
    221472   5.2558241    
    221760   5.2539253    
    222048   5.2521195    
    222336   5.2504139    
    222624   5.2487745    
    222912   5.2471848    
    223200   5.2456241    
    223488   5.2441406    
    223776   5.2427320    
    224064   5.2413754    
    224352   5.2400570    
    224640   5.2387652    
    224928   5.2374983    
    225216   5.2362485    
    225504   5.2350473    
    225792   5.2339087    
    226080   5.2328057    
    226368   5.2317281    
    226656   5.2306752    
    226944   5.2296343    
    227232   5.2286243    
    227520   5.2276664    
    227808   5.2267423    
    228096   5.2258329    
    228384   5.2249355    
    228672   5.2240472    
    228960   5.2231665    
    229248   5.2223115    
    229536   5.2214942    
    229824   5.2206974    
    230112   5.2199111    
    230400   5.2191324    
    230688   5.2183595    
    230976   5.2175908    
    231264   5.2168469    
    231552   5.2161312    
    231840   5.2154312    
    232128   5.2147360    
    232416   5.2140436    
    232704   5.2133517    
    232992   5.2126603    
    233280   5.2119679    
    233568   5.2112880    
    233856   5.2106228    
    234144   5.2099643    
    234432   5.2093062    
    234720   5.2086473    
    235008   5.2079859    
    235296   5.2073207    
    235584   5.2066517    
    235872   5.2059875    
    236160   5.2053304    
    236448   5.2046738    
    236736   5.2040124    
    237024   5.2033448    
    237312   5.2026701    
    237600   5.2019868    
    237888   5.2012944    
    238176   5.2006040    
    238464   5.1999173    
    238752   5.1992254    
    239040   5.1985192    
    239328   5.1977959    
    239616   5.1970506    
    239904   5.1962843    
    240192   5.1954970    
    240480   5.1947093    
    240768   5.1939173    
    241056   5.1931005    
    241344   5.1922550    
    241632   5.1913772    
    241920   5.1904731    
    242208   5.1895294    
    242496   5.1885486    
    242784   5.1875539    
    243072   5.1865349    
    243360   5.1854763    
    243648   5.1843748    
    243936   5.1832170    
    244224   5.1820087    
    244512   5.1807303    
    244800   5.1793890    
    245088   5.1780090    
    245376   5.1765852    
    245664   5.1750903    
    245952   5.1735153    
    246240   5.1718454    
    246528   5.1700759    
    246816   5.1681933    
    247104   5.1661963    
    247392   5.1641221    
    247680   5.1619554    
    247968   5.1596622    
    248256   5.1572151    
    248544   5.1545982    
    248832   5.1517954    
    249120   5.1487918    
    249408   5.1455679    
    249696   5.1421857    
    249984   5.1386213    
    250272   5.1348033    
    250560   5.1306934    
    250848   5.1262574    
    251136   5.1214705    
    251424   5.1162963    
    251712   5.1106949    
    252000   5.1047730    
    252288   5.0984712    
    252576   5.0916715    
    252864   5.0843077    
    253152   5.0763173    
    253440   5.0676341    
    253728   5.0581918    
    254016   5.0479059    
    254304   5.0369487    
    254592   5.0252151    
    254880   5.0124826    
    255168   4.9986248    
    255456   4.9835186    
    255744   4.9670520    
    256032   4.9490914    
    256320   4.9294901    
    256608   4.9080906    
    256896   4.8847189    
    257184   4.8591757    
    257472   4.8318720    
    257760   4.8025374    
    258048   4.7706714    
    258336   4.7359676    
    258624   4.6981778    
    258912   4.6570425    
    259200   4.6122985    
    259488   4.5636554    
    259776   4.5108061    
    260064   4.4534483    
    260352   4.3912582    
    260640   4.3239074    
    260928   4.2511234    
    261216   4.1726012    
    261504   4.0880299    
    261792   3.9971356    
    262080   3.8996675    
    262368   3.7954266    
    262656   3.6842759    
    262944   3.5661519    
    263232   3.4410849    
    263520   3.3092036    
    263808   3.1707742    
    264096   3.0262020    
    264384   2.8761940    
    264672   2.7217178    
    264960   2.5651112    
    265248   2.4350088    
    265536   2.7289634    
    265824   3.7656269    
    266112   4.9723120    
    266400   6.2344961    
    266688   7.5162125    
    266976   8.7900591    
    267264   10.034605    
    267552   11.232279    
    267840   12.389317    
    268128   13.516941    
    268416   14.600153    
    268704   15.627570    
    268992   16.591835    
    269280   17.489000    
    269568   18.317139    
    269856   19.074492    
    270144   19.764700    
    270432   20.404385    
    270720   21.014191    
    271008   21.585943    
    271296   22.113594    
    271584   22.593811    
    271872   23.025585    
    272160   23.408981    
    272448   23.755194    
    272736   24.085711    
    273024   24.392767    
    273312   24.670210    
    273600   24.914377    
    273888   25.123844    
    274176   25.308941    
    274464   25.487331    
    274752   25.648262    
    275040   25.786892    
    275328   25.899916    
    275616   25.985643    
    275904   26.052420    
    276192   26.117847    
    276480   26.173672    
    276768   26.212900    
    277056   26.229435    
    277344   26.230389    
    277632   26.232779    
    277920   26.228559    
    278208   26.211069    
    278496   26.182955    
    278784   26.158886    
    279072   26.129988    
    279360   26.088703    
    279648   26.034882    
    279936   25.984312    
    280224   25.928991    
    280512   25.862133    
    280800   25.779129    
    281088   25.682413    
    281376   25.587185    
    281664   25.486662    
    281952   25.374731    
    282240   25.251675    
    282528   25.136852    
    282816   25.022329    
    283104   24.900642    
    283392   24.766359    
    283680   24.619631    
    283968   24.474283    
    284256   24.324467    
    284544   24.164789    
    284832   23.994064    
    285120   23.823910    
    285408   23.649578    
    285696   23.468880    
    285984   23.293428    
    286272   23.117004    
    286560   22.933529    
    286848   22.740671    
    287136   22.550051    
    287424   22.356464    
    287712   22.153664    
    288000   21.939795    
    288288   21.726633    
    288576   21.510298    
    288864   21.286303    
    289152   21.052006    
    289440   20.818209    
    289728   20.581791    
    290016   20.338623    
    290304   20.084808    
    290592   19.830633    
    290880   19.574062    
    291168   19.311705    
    291456   19.040062    
    291744   18.768354    
    292032   18.495256    
    292320   18.217762    
    292608   17.933018    
    292896   17.637421    
    293184   17.339392    
    293472   17.039654    
    293760   16.736668    
    294048   16.426119    
    294336   16.114660    
    294624   15.803589    
    294912   15.491920    
    295200   15.178816    
    295488   14.859652    
    295776   14.539352    
    296064   14.221107    
    296352   13.905641    
    296640   13.593485    
    296928   13.279994    
    297216   12.968058    
    297504   12.662124    
    297792   12.364572    
    298080   12.077260    
    298368   11.802200    
    298656   11.535199    
    298944   11.277203    
    299232   11.032454    
    299520   10.802847    
    299808   10.588984    
    300096   10.390669    
    300384   10.207232    
    300672   10.032733    
    300960   9.8657265    
    301248   9.7083530    
    301536   9.5613222    
    301824   9.4246702    
    302112   9.2980385    
    302400   9.1808739    
    302688   9.0725260    
    302976   8.9723539    
    303264   8.8797207    
    303552   8.7910919    
    303840   8.7056332    
    304128   8.6247396    
    304416   8.5488739    
    304704   8.4780331    
    304992   8.4120598    
    305280   8.3506651    
    305568   8.2935247    
    305856   8.2403221    
    306144   8.1907330    
    306432   8.1444731    
    306720   8.1012964    
    307008   8.0609818    
    307296   8.0233030    
    307584   7.9880543    
    307872   7.9550462    
    308160   7.9241142    
    308448   7.8950958    
    308736   7.8678622    
    309024   7.8422847    
    309312   7.8182492    
    309600   7.7956433    
    309888   7.7743492    
    310176   7.7542892    
    310464   7.7353644    
    310752   7.7174978    
    311040   7.7006283    
    311328   7.6846848    
    311616   7.6696043    
    311904   7.6553264    
    312192   7.6423259    
    312480   7.6306124    
    312768   7.6197886    
    313056   7.6096320    
    313344   7.6000142    
    313632   7.5908728    
    313920   7.5821686    
    314208   7.5738678    
    314496   7.5659509    
    314784   7.5583882    
    315072   7.5514569    
