       288  0.27334141E-01
       576  0.38418241E-01
       864  0.47369745E-01
      1152  0.54915085E-01
      1440  0.61385889E-01
      1728  0.66948920E-01
      2016  0.71974277E-01
      2304  0.76551795E-01
      2592  0.80745295E-01
      2880  0.84613800E-01
      3168  0.88210754E-01
      3456  0.91518387E-01
      3744  0.94700687E-01
      4032  0.97781293E-01
      4320  0.10078786    
      4608  0.10375476    
      4896  0.10671770    
      5184  0.10965116    
      5472  0.11268993    
      5760  0.11584040    
      6048  0.11910325    
      6336  0.12247351    
      6624  0.12594119    
      6912  0.12943408    
      7200  0.13303272    
      7488  0.13668039    
      7776  0.14038472    
      8064  0.14412247    
      8352  0.14781925    
      8640  0.15154864    
      8928  0.15528789    
      9216  0.15901850    
      9504  0.16272536    
      9792  0.16639636    
     10080  0.16994981    
     10368  0.17348915    
     10656  0.17699988    
     10944  0.18047057    
     11232  0.18389221    
     11520  0.18725802    
     11808  0.19052009    
     12096  0.19373138    
     12384  0.19690624    
     12672  0.20003594    
     12960  0.20311366    
     13248  0.20609529    
     13536  0.20905238    
     13824  0.21195413    
     14112  0.21481638    
     14400  0.21763237    
     14688  0.22039719    
     14976  0.22310664    
     15264  0.22570071    
     15552  0.22827403    
     15840  0.23081677    
     16128  0.23332138    
     16416  0.23578188    
     16704  0.23817265    
     16992  0.24047807    
     17280  0.24276832    
     17568  0.24503306    
     17856  0.24726419    
     18144  0.24943356    
     18432  0.25156060    
     18720  0.25364026    
     19008  0.25563076    
     19296  0.25758332    
     19584  0.25951335    
     19872  0.26181304    
     20160  0.26420417    
     20448  0.26630864    
     20736  0.26818547    
     21024  0.26981941    
     21312  0.27130026    
     21600  0.27260572    
     21888  0.27376410    
     22176  0.27477318    
     22464  0.27562982    
     22752  0.27629927    
     23040  0.27680823    
     23328  0.27710155    
     23616  0.27727434    
     23904  0.27727115    
     24192  0.27711666    
     24480  0.27679095    
     24768  0.27627376    
     25056  0.27549544    
     25344  0.27448794    
     25632  0.27315471    
     25920  0.27162543    
     26208  0.26980102    
     26496  0.26771712    
     26784  0.26533738    
     27072  0.26262438    
     27360  0.25954068    
     27648  0.25595766    
     27936  0.25182024    
     28224  0.24742873    
     28512  0.24319376    
     28800  0.23923685    
     29088  0.23571227    
     29376  0.23260915    
     29664  0.22989987    
     29952  0.22744350    
     30240  0.22520761    
     30528  0.22344971    
     30816  0.22206201    
     31104  0.22096610    
     31392  0.21999902    
     31680  0.21925648    
     31968  0.21869865    
     32256  0.21829626    
     32544  0.21780914    
     32832  0.21766739    
     33120  0.21776125    
     33408  0.21802028    
     33696  0.21839975    
     33984  0.21876074    
     34272  0.21923678    
     34560  0.21980441    
     34848  0.22035031    
     35136  0.22117695    
     35424  0.22217464    
     35712  0.22316451    
     36000  0.22426984    
     36288  0.22545521    
     36576  0.22670026    
     36864  0.22799402    
     37152  0.22924036    
     37440  0.23064169    
     37728  0.23224823    
     38016  0.23397566    
     38304  0.23577689    
     38592  0.23762800    
     38880  0.23951757    
     39168  0.24144143    
     39456  0.24331112    
     39744  0.24533740    
     40032  0.24757178    
     40320  0.24992061    
     40608  0.25233343    
     40896  0.25478446    
     41184  0.25726122    
     41472  0.25975835    
     41760  0.26218605    
     42048  0.26490024    
     42336  0.26775026    
     42624  0.27065897    
     42912  0.27358744    
     43200  0.27637145    
     43488  0.27921760    
     43776  0.28209633    
     44064  0.28489885    
     44352  0.28799570    
     44640  0.29121754    
     44928  0.29447964    
     45216  0.29774183    
     45504  0.30098727    
     45792  0.30421156    
     46080  0.30741444    
     46368  0.31059965    
     46656  0.31377095    
     46944  0.31693351    
     47232  0.31998634    
     47520  0.32335180    
     47808  0.32684308    
     48096  0.33037013    
     48384  0.33389261    
     48672  0.33739445    
     48960  0.34087175    
     49248  0.34432632    
     49536  0.34776220    
     49824  0.35118413    
     50112  0.35459653    
     50400  0.35819402    
     50688  0.36169988    
     50976  0.36515704    
     51264  0.36859167    
     51552  0.37201890    
     51840  0.37544835    
     52128  0.37888551    
     52416  0.38233384    
     52704  0.38579547    
     52992  0.38927189    
     53280  0.39276379    
     53568  0.39627227    
     53856  0.39979717    
     54144  0.40354648    
     54432  0.40721306    
     54720  0.41084138    
     55008  0.41445720    
     55296  0.41807458    
     55584  0.42170131    
     55872  0.42534158    
     56160  0.42899698    
     56448  0.43266851    
     56736  0.43635640    
     57024  0.44027546    
     57312  0.44410813    
     57600  0.44804192    
     57888  0.45156360    
     58176  0.45494324    
     58464  0.45830572    
     58752  0.46170384    
     59040  0.46515766    
     59328  0.46888924    
     59616  0.47257274    
     59904  0.47624925    
     60192  0.48008546    
     60480  0.48353848    
     60768  0.48687446    
     61056  0.49021271    
     61344  0.49360245    
     61632  0.49705896    
     61920  0.50079924    
     62208  0.50464708    
     62496  0.50808281    
     62784  0.51139021    
     63072  0.51469743    
     63360  0.51805782    
     63648  0.52148849    
     63936  0.52513582    
     64224  0.52865469    
     64512  0.53198296    
     64800  0.53527844    
     65088  0.53861016    
     65376  0.54200310    
     65664  0.54561108    
     65952  0.54888064    
     66240  0.55205995    
     66528  0.55546391    
     66816  0.55883729    
     67104  0.56238180    
     67392  0.56557399    
     67680  0.56867003    
     67968  0.57178527    
     68256  0.57511193    
     68544  0.57812560    
     68832  0.58106923    
     69120  0.58424157    
     69408  0.58754927    
     69696  0.59051293    
     69984  0.59338784    
     70272  0.59628987    
     70560  0.59926540    
     70848  0.60246789    
     71136  0.60538286    
     71424  0.60822821    
     71712  0.61127895    
     72000  0.61445510    
     72288  0.61723256    
     72576  0.61989152    
     72864  0.62256342    
     73152  0.62530410    
     73440  0.62826890    
     73728  0.63097352    
     74016  0.63361472    
     74304  0.63628399    
     74592  0.63931543    
     74880  0.64202136    
     75168  0.64462298    
     75456  0.64736301    
     75744  0.64982963    
     76032  0.65222597    
     76320  0.65464944    
     76608  0.65727389    
     76896  0.65966856    
     77184  0.66215265    
     77472  0.66460609    
     77760  0.66722000    
     78048  0.66959161    
     78336  0.67189288    
     78624  0.67420870    
     78912  0.67670637    
     79200  0.67898715    
     79488  0.68120503    
     79776  0.68356782    
     80064  0.68605793    
     80352  0.68831003    
     80640  0.69048136    
     80928  0.69265246    
     81216  0.69498765    
     81504  0.69712108    
     81792  0.69918853    
     82080  0.70137846    
     82368  0.70356387    
     82656  0.70589954    
     82944  0.70803553    
     83232  0.71009457    
     83520  0.71214318    
     83808  0.71433622    
     84096  0.71645093    
     84384  0.71845490    
     84672  0.72042561    
     84960  0.72240520    
     85248  0.72453254    
     85536  0.72648978    
     85824  0.72837532    
     86112  0.73034078    
     86400  0.73228753    
     86688  0.73435783    
     86976  0.73626107    
     87264  0.73808527    
     87552  0.73988312    
     87840  0.74177247    
     88128  0.74365240    
     88416  0.74565369    
     88704  0.74750483    
     88992  0.74927843    
     89280  0.75101966    
     89568  0.75283360    
     89856  0.75463182    
     90144  0.75642914    
     90432  0.75834501    
     90720  0.76013297    
     91008  0.76184851    
     91296  0.76359963    
     91584  0.76531476    
     91872  0.76701391    
     92160  0.76870739    
     92448  0.77040303    
     92736  0.77210391    
     93024  0.77387440    
     93312  0.77573866    
     93600  0.77749193    
     93888  0.77917093    
     94176  0.78080177    
     94464  0.78245908    
     94752  0.78408229    
     95040  0.78568262    
     95328  0.78726810    
     95616  0.78884381    
     95904  0.79041290    
     96192  0.79202825    
     96480  0.79362905    
     96768  0.79521900    
     97056  0.79679859    
     97344  0.79836887    
     97632  0.79992819    
     97920  0.80147523    
     98208  0.80304891    
     98496  0.80459768    
     98784  0.80612159    
     99072  0.80761933    
     99360  0.80909073    
     99648  0.81053442    
     99936  0.81194925    
    100224  0.81336629    
    100512  0.81474495    
    100800  0.81608576    
    101088  0.81738889    
    101376  0.81865495    
    101664  0.81988430    
    101952  0.82101715    
    102240  0.82214433    
    102528  0.82325637    
    102816  0.82434624    
    103104  0.82543230    
    103392  0.82648361    
    103680  0.82749909    
    103968  0.82847840    
    104256  0.82942092    
    104544  0.83032763    
    104832  0.83115357    
    105120  0.83196205    
    105408  0.83274812    
    105696  0.83350980    
    105984  0.83424574    
    106272  0.83495492    
    106560  0.83563757    
    106848  0.83625609    
    107136  0.83685905    
    107424  0.83744401    
    107712  0.83801001    
    108000  0.83855635    
    108288  0.83908296    
    108576  0.83955801    
    108864  0.84002036    
    109152  0.84046912    
    109440  0.84090400    
    109728  0.84132427    
    110016  0.84173006    
    110304  0.84209490    
    110592  0.84245068    
    110880  0.84279656    
    111168  0.84313273    
    111456  0.84345919    
    111744  0.84377497    
    112032  0.84405905    
    112320  0.84433699    
    112608  0.84460020    
    112896  0.84485823    
    113184  0.84510946    
    113472  0.84533525    
    113760  0.84555775    
    114048  0.84577632    
    114336  0.84598929    
    114624  0.84619802    
    114912  0.84640276    
    115200  0.84657949    
    115488  0.84675401    
    115776  0.84692729    
    116064  0.84709746    
    116352  0.84726572    
    116640  0.84743261    
    116928  0.84758198    
    117216  0.84772325    
    117504  0.84786487    
    117792  0.84800357    
    118080  0.84814191    
    118368  0.84826541    
    118656  0.84838754    
    118944  0.84850389    
    119232  0.84862006    
    119520  0.84873748    
    119808  0.84885317    
    120096  0.84896767    
    120384  0.84906518    
    120672  0.84916395    
    120960  0.84926105    
    121248  0.84935760    
    121536  0.84945583    
    121824  0.84955102    
    122112  0.84963530    
    122400  0.84971762    
    122688  0.84979951    
    122976  0.84988326    
    123264  0.84996444    
    123552  0.85004610    
    123840  0.85012805    
    124128  0.85020083    
    124416  0.85026979    
    124704  0.85033894    
    124992  0.85040861    
    125280  0.85047925    
    125568  0.85054755    
    125856  0.85061699    
    126144  0.85067791    
    126432  0.85073876    
    126720  0.85079724    
    127008  0.85085714    
    127296  0.85091776    
    127584  0.85097915    
    127872  0.85103971    
    128160  0.85110080    
    128448  0.85115284    
    128736  0.85120553    
    129024  0.85125601    
    129312  0.85130852    
    129600  0.85136378    
    129888  0.85141891    
    130176  0.85147351    
    130464  0.85152936    
    130752  0.85157651    
    131040  0.85162681    
    131328  0.85167319    
    131616  0.85172367    
    131904  0.85177577    
    132192  0.85183227    
    132480  0.85189068    
    132768  0.85194588    
    133056  0.85199058    
    133344  0.85203975    
    133632  0.85209137    
    133920  0.85214126    
    134208  0.85219669    
    134496  0.85225534    
    134784  0.85231644    
    135072  0.85237747    
    135360  0.85242403    
    135648  0.85247469    
    135936  0.85253239    
    136224  0.85259384    
    136512  0.85265231    
    136800  0.85271454    
    137088  0.85278314    
    137376  0.85285431    
    137664  0.85289663    
    137952  0.85294336    
    138240  0.85299718    
    138528  0.85305434    
    138816  0.85311610    
    139104  0.85316795    
    139392  0.85322118    
    139680  0.85327500    
    139968  0.85329586    
    140256  0.85331953    
    140544  0.85334605    
    140832  0.85335410    
    141120  0.85336035    
    141408  0.85335964    
    141696  0.85334873    
    141984  0.85332137    
    142272  0.85322589    
    142560  0.85310072    
    142848  0.85296553    
    143136  0.85280871    
    143424  0.85261792    
    143712  0.85238200    
    144000  0.85208923    
    144288  0.85172623    
    144576  0.85121679    
    144864  0.85062331    
    145152  0.84996724    
    145440  0.84921885    
    145728  0.84835452    
    146016  0.84734970    
    146304  0.84620631    
    146592  0.84504300    
    146880  0.84390771    
    147168  0.84296978    
    147456  0.84216118    
    147744  0.84144455    
    148032  0.84079641    
    148320  0.84013337    
    148608  0.83954370    
    148896  0.83900672    
    149184  0.83843917    
    149472  0.83802295    
    149760  0.83768290    
    150048  0.83738619    
    150336  0.83711904    
    150624  0.83687735    
    150912  0.83666134    
    151200  0.83647394    
    151488  0.83631772    
    151776  0.83619565    
    152064  0.83610988    
    152352  0.83598977    
    152640  0.83605748    
    152928  0.83621800    
    153216  0.83643192    
    153504  0.83668429    
    153792  0.83697110    
    154080  0.83729190    
    154368  0.83764946    
    154656  0.83804482    
    154944  0.83848011    
    155232  0.83895713    
    155520  0.83957869    
    155808  0.84019393    
    156096  0.84083247    
    156384  0.84150594    
    156672  0.84222007    
    156960  0.84297627    
    157248  0.84377474    
    157536  0.84461480    
    157824  0.84549576    
    158112  0.84641773    
    158400  0.84737909    
    158688  0.84837902    
    158976  0.84941602    
    159264  0.85060066    
    159552  0.85176182    
    159840  0.85293329    
    160128  0.85412717    
    160416  0.85534781    
    160704  0.85659581    
    160992  0.85786986    
    161280  0.85916877    
    161568  0.86049104    
    161856  0.86183566    
    162144  0.86331326    
    162432  0.86475044    
    162720  0.86627394    
    163008  0.86761272    
    163296  0.86890900    
    163584  0.87021834    
    163872  0.87155712    
    164160  0.87292790    
    164448  0.87444133    
    164736  0.87592030    
    165024  0.87739581    
    165312  0.87897736    
    165600  0.88038248    
    165888  0.88174558    
    166176  0.88311625    
    166464  0.88451022    
    166752  0.88592827    
    167040  0.88747585    
    167328  0.88908488    
    167616  0.89050293    
    167904  0.89187074    
    168192  0.89324152    
    168480  0.89462829    
    168768  0.89603394    
    169056  0.89756107    
    169344  0.89903206    
    169632  0.90040737    
    169920  0.90176463    
    170208  0.90312833    
    170496  0.90450305    
    170784  0.90599877    
    171072  0.90733546    
    171360  0.90862787    
    171648  0.91002047    
    171936  0.91137147    
    172224  0.91282994    
    172512  0.91412884    
    172800  0.91538179    
    173088  0.91663212    
    173376  0.91801041    
    173664  0.91924769    
    173952  0.92044777    
    174240  0.92174691    
    174528  0.92313373    
    174816  0.92436564    
    175104  0.92555368    
    175392  0.92673987    
    175680  0.92793530    
    175968  0.92926508    
    176256  0.93046111    
    176544  0.93161553    
    176832  0.93285310    
    177120  0.93419284    
    177408  0.93536109    
    177696  0.93647414    
    177984  0.93757915    
    178272  0.93869144    
    178560  0.93994069    
    178848  0.94106996    
    179136  0.94215798    
    179424  0.94323689    
    179712  0.94453001    
    180000  0.94567072    
    180288  0.94675142    
    180576  0.94794476    
    180864  0.94902074    
    181152  0.95005637    
    181440  0.95108372    
    181728  0.95224392    
    182016  0.95330000    
    182304  0.95439476    
    182592  0.95544636    
    182880  0.95661110    
    183168  0.95766550    
    183456  0.95867443    
    183744  0.95966554    
    184032  0.96078098    
    184320  0.96179783    
    184608  0.96277183    
    184896  0.96379733    
    185184  0.96491772    
    185472  0.96592999    
    185760  0.96689105    
    186048  0.96782720    
    186336  0.96887940    
    186624  0.96984208    
    186912  0.97076046    
    187200  0.97171944    
    187488  0.97264028    
    187776  0.97366470    
    188064  0.97459906    
    188352  0.97548258    
    188640  0.97633523    
    188928  0.97729403    
    189216  0.97823155    
    189504  0.97910309    
    189792  0.97993362    
    190080  0.98073447    
    190368  0.98163778    
    190656  0.98246807    
    190944  0.98325115    
    191232  0.98405206    
    191520  0.98480976    
    191808  0.98565644    
    192096  0.98643214    
    192384  0.98715883    
    192672  0.98784852    
    192960  0.98855311    
    193248  0.98921573    
    193536  0.98996085    
    193824  0.99064577    
    194112  0.99128377    
    194400  0.99188393    
    194688  0.99249196    
    194976  0.99305981    
    195264  0.99359232    
    195552  0.99420404    
    195840  0.99477458    
    196128  0.99530911    
    196416  0.99584597    
    196704  0.99634618    
    196992  0.99681443    
    197280  0.99725461    
    197568  0.99766910    
    197856  0.99805987    
    198144  0.99845558    
    198432  0.99891412    
    198720  0.99935097    
    199008  0.99976265    
    199296   1.0001481    
    199584   1.0005336    
    199872   1.0008924    
    200160   1.0012269    
    200448   1.0015405    
    200736   1.0018357    
    201024   1.0021150    
    201312   1.0023978    
    201600   1.0026641    
    201888   1.0029161    
    202176   1.0031550    
    202464   1.0033828    
    202752   1.0036004    
    203040   1.0038091    
    203328   1.0040226    
    203616   1.0042260    
    203904   1.0044208    
    204192   1.0046067    
    204480   1.0047863    
    204768   1.0049583    
    205056   1.0051250    
    205344   1.0052952    
    205632   1.0054588    
    205920   1.0056161    
    206208   1.0057679    
    206496   1.0059147    
    206784   1.0060568    
    207072   1.0061656    
    207360   1.0062635    
    207648   1.0063559    
    207936   1.0064470    
    208224   1.0065434    
    208512   1.0066376    
    208800   1.0067312    
    209088   1.0068245    
    209376   1.0069164    
    209664   1.0070070    
    209952   1.0070778    
    210240   1.0071429    
    210528   1.0072049    
    210816   1.0072672    
    211104   1.0073280    
    211392   1.0073901    
    211680   1.0074514    
    211968   1.0075009    
    212256   1.0075454    
    212544   1.0075905    
    212832   1.0076340    
    213120   1.0076789    
    213408   1.0077235    
    213696   1.0077575    
    213984   1.0077926    
    214272   1.0078254    
    214560   1.0078572    
    214848   1.0078926    
    215136   1.0079268    
    215424   1.0079528    
    215712   1.0079775    
    216000   1.0080041    
    216288   1.0080292    
    216576   1.0080537    
    216864   1.0080770    
    217152   1.0080975    
    217440   1.0081183    
    217728   1.0081385    
    218016   1.0081577    
    218304   1.0081760    
    218592   1.0081896    
    218880   1.0082005    
    219168   1.0082142    
    219456   1.0082328    
    219744   1.0082523    
    220032   1.0082709    
    220320   1.0082837    
    220608   1.0082945    
    220896   1.0083032    
    221184   1.0083101    
    221472   1.0083158    
    221760   1.0083220    
    222048   1.0083281    
    222336   1.0083356    
    222624   1.0083473    
    222912   1.0083634    
    223200   1.0083809    
    223488   1.0083933    
    223776   1.0084035    
    224064   1.0084119    
    224352   1.0084189    
    224640   1.0084250    
    224928   1.0084300    
    225216   1.0084339    
    225504   1.0084348    
    225792   1.0084361    
    226080   1.0084378    
    226368   1.0084395    
    226656   1.0084416    
    226944   1.0084435    
    227232   1.0084451    
    227520   1.0084468    
    227808   1.0084485    
    228096   1.0084502    
    228384   1.0084516    
    228672   1.0084530    
    228960   1.0084544    
    229248   1.0084556    
    229536   1.0084566    
    229824   1.0084575    
    230112   1.0084585    
    230400   1.0084594    
    230688   1.0084602    
    230976   1.0084609    
    231264   1.0084614    
    231552   1.0084618    
    231840   1.0084621    
    232128   1.0084623    
    232416   1.0084625    
    232704   1.0084629    
    232992   1.0084639    
    233280   1.0084655    
    233568   1.0084676    
    233856   1.0084698    
    234144   1.0084724    
    234432   1.0084760    
    234720   1.0084803    
    235008   1.0084852    
    235296   1.0084902    
    235584   1.0084953    
    235872   1.0085003    
    236160   1.0085051    
    236448   1.0085098    
    236736   1.0085148    
    237024   1.0085200    
    237312   1.0085251    
    237600   1.0085300    
    237888   1.0085342    
    238176   1.0085377    
    238464   1.0085403    
    238752   1.0085427    
    239040   1.0085446    
    239328   1.0085462    
    239616   1.0085473    
    239904   1.0085477    
    240192   1.0085467    
    240480   1.0085444    
    240768   1.0085421    
    241056   1.0085397    
    241344   1.0085373    
    241632   1.0085347    
    241920   1.0085320    
    242208   1.0085294    
    242496   1.0085268    
    242784   1.0085237    
    243072   1.0085206    
    243360   1.0085175    
    243648   1.0085144    
    243936   1.0085112    
    244224   1.0085074    
    244512   1.0085044    
    244800   1.0085032    
    245088   1.0085020    
    245376   1.0085018    
    245664   1.0085031    
    245952   1.0085057    
    246240   1.0085102    
    246528   1.0085166    
    246816   1.0085217    
    247104   1.0085233    
    247392   1.0085220    
    247680   1.0085202    
    247968   1.0085175    
    248256   1.0085137    
    248544   1.0085106    
    248832   1.0085090    
    249120   1.0085090    
    249408   1.0085087    
    249696   1.0085053    
    249984   1.0085002    
    250272   1.0084950    
    250560   1.0084879    
    250848   1.0084813    
    251136   1.0084764    
    251424   1.0084714    
    251712   1.0084643    
    252000   1.0084521    
    252288   1.0084391    
    252576   1.0084243    
    252864   1.0084090    
    253152   1.0083948    
    253440   1.0083761    
    253728   1.0083572    
    254016   1.0083373    
    254304   1.0083058    
    254592   1.0082699    
    254880   1.0082343    
    255168   1.0081975    
    255456   1.0081577    
    255744   1.0081154    
    256032   1.0080698    
    256320   1.0080202    
    256608   1.0079653    
    256896   1.0079050    
    257184   1.0078382    
    257472   1.0077404    
    257760   1.0076346    
    258048   1.0075254    
    258336   1.0074121    
    258624   1.0072930    
    258912   1.0071648    
    259200   1.0070264    
    259488   1.0068773    
    259776   1.0067152    
    260064   1.0065392    
    260352   1.0063484    
    260640   1.0061611    
    260928   1.0059526    
    261216   1.0057242    
    261504   1.0054756    
    261792   1.0052075    
    262080   1.0049202    
    262368   1.0046127    
    262656   1.0042859    
    262944   1.0039377    
    263232   1.0035673    
    263520   1.0031741    
    263808   1.0027550    
    264096   1.0023078    
    264384   1.0018795    
    264672   1.0013975    
    264960   1.0008695    
    265248   1.0003097    
    265536  0.99978602    
    265824  0.99937761    
    266112  0.99900204    
    266400  0.99865216    
    266688  0.99833137    
    266976  0.99804270    
    267264  0.99786222    
    267552  0.99768430    
    267840  0.99764752    
    268128  0.99755818    
    268416  0.99747831    
    268704  0.99743325    
    268992  0.99743056    
    269280  0.99747109    
    269568  0.99763280    
    269856  0.99779284    
    270144  0.99797344    
    270432  0.99830383    
    270720  0.99856573    
    271008  0.99883091    
    271296  0.99912328    
    271584  0.99944973    
    271872  0.99980801    
    272160   1.0002776    
    272448   1.0008574    
    272736   1.0013406    
    273024   1.0018092    
    273312   1.0022929    
    273600   1.0027987    
    273888   1.0033237    
    274176   1.0039986    
    274464   1.0046704    
    274752   1.0052829    
    275040   1.0058860    
    275328   1.0064955    
    275616   1.0071141    
    275904   1.0078769    
    276192   1.0085477    
    276480   1.0091932    
    276768   1.0099192    
    277056   1.0106088    
    277344   1.0114280    
    277632   1.0121480    
    277920   1.0128347    
    278208   1.0135142    
    278496   1.0143384    
    278784   1.0150714    
    279072   1.0157739    
    279360   1.0165466    
    279648   1.0174267    
    279936   1.0181993    
    280224   1.0189325    
    280512   1.0196500    
    280800   1.0203599    
    281088   1.0212122    
    281376   1.0219741    
    281664   1.0226969    
    281952   1.0234752    
    282240   1.0243800    
    282528   1.0251690    
    282816   1.0259067    
    283104   1.0266218    
    283392   1.0273226    
    283680   1.0281644    
    283968   1.0289220    
    284256   1.0296367    
    284544   1.0303270    
    284832   1.0312214    
    285120   1.0320036    
    285408   1.0327252    
    285696   1.0335679    
    285984   1.0343263    
    286272   1.0350384    
    286560   1.0357231    
    286848   1.0365398    
    287136   1.0372819    
    287424   1.0380433    
    287712   1.0387486    
    288000   1.0395697    
    288288   1.0403121    
    288576   1.0410054    
    288864   1.0416635    
    289152   1.0424477    
    289440   1.0431627    
    289728   1.0438315    
    290016   1.0445217    
    290304   1.0453150    
    290592   1.0460316    
    290880   1.0466945    
    291168   1.0473189    
    291456   1.0480607    
    291744   1.0487418    
    292032   1.0493759    
    292320   1.0500238    
    292608   1.0506215    
    292896   1.0513289    
    293184   1.0519745    
    293472   1.0525709    
    293760   1.0531293    
    294048   1.0537970    
    294336   1.0544605    
    294624   1.0550635    
    294912   1.0556191    
    295200   1.0561357    
    295488   1.0567571    
    295776   1.0573341    
    296064   1.0578681    
    296352   1.0584025    
    296640   1.0588899    
    296928   1.0594698    
    297216   1.0600082    
    297504   1.0605038    
    297792   1.0609583    
    298080   1.0614098    
    298368   1.0618179    
    298656   1.0623113    
    298944   1.0627756    
    299232   1.0632021    
    299520   1.0635900    
    299808   1.0639708    
    300096   1.0643119    
    300384   1.0646168    
    300672   1.0649942    
    300960   1.0653543    
    301248   1.0656843    
    301536   1.0660049    
    301824   1.0662886    
    302112   1.0665414    
    302400   1.0667671    
    302688   1.0669696    
    302976   1.0671521    
    303264   1.0673363    
    303552   1.0675765    
    303840   1.0678133    
    304128   1.0680348    
    304416   1.0682371    
    304704   1.0684348    
    304992   1.0686131    
    305280   1.0687747    
    305568   1.0689232    
    305856   1.0690603    
    306144   1.0691878    
    306432   1.0693189    
    306720   1.0694399    
    307008   1.0695548    
    307296   1.0696629    
    307584   1.0697662    
    307872   1.0698646    
    308160   1.0699589    
    308448   1.0700572    
    308736   1.0701506    
    309024   1.0702395    
    309312   1.0703250    
    309600   1.0704070    
    309888   1.0704863    
    310176   1.0705630    
    310464   1.0706414    
    310752   1.0707169    
    311040   1.0707896    
    311328   1.0708592    
    311616   1.0709265    
    311904   1.0709919    
    312192   1.0710382    
    312480   1.0710779    
    312768   1.0711150    
    313056   1.0711523    
    313344   1.0711925    
    313632   1.0712328    
    313920   1.0712723    
    314208   1.0713129    
    314496   1.0713516    
    314784   1.0713905    
    315072   1.0714189    
