       288  0.30099865E-08
       576  0.25756610E-08
       864  0.22027475E-08
      1152  0.18838113E-08
      1440  0.16116783E-08
      1728  0.13935231E-08
      2016  0.12061662E-08
      2304  0.10455915E-08
      2592  0.90826596E-09
      2880  0.79108842E-09
      3168  0.69133060E-09
      3456  0.61269267E-09
      3744  0.54536820E-09
      4032  0.48837656E-09
      4320  0.44103451E-09
      4608  0.40224607E-09
      4896  0.37084014E-09
      5184  0.34912373E-09
      5472  0.33172623E-09
      5760  0.31793670E-09
      6048  0.30713085E-09
      6336  0.29876604E-09
      6624  0.29238056E-09
      6912  0.29045882E-09
      7200  0.28912914E-09
      7488  0.28856142E-09
      7776  0.28831337E-09
      8064  0.28831784E-09
      8352  0.29142133E-09
      8640  0.29401725E-09
      8928  0.29620531E-09
      9216  0.29806571E-09
      9504  0.29965797E-09
      9792  0.30102859E-09
     10080  0.30565225E-09
     10368  0.30935163E-09
     10656  0.31231523E-09
     10944  0.31469477E-09
     11232  0.31660924E-09
     11520  0.31815195E-09
     11808  0.32271338E-09
     12096  0.32666098E-09
     12384  0.32974320E-09
     12672  0.33214745E-09
     12960  0.33402076E-09
     13248  0.33898057E-09
     13536  0.34281686E-09
     13824  0.34618891E-09
     14112  0.34878608E-09
     14400  0.35078387E-09
     14688  0.35231881E-09
     14976  0.35349884E-09
     15264  0.35856890E-09
     15552  0.36245107E-09
     15840  0.36542222E-09
     16128  0.36769640E-09
     16416  0.36943992E-09
     16704  0.37126341E-09
     16992  0.37655806E-09
     17280  0.38061046E-09
     17568  0.38371750E-09
     17856  0.38610609E-09
     18144  0.38845321E-09
     18432  0.39026896E-09
     18720  0.39168641E-09
     19008  0.39691214E-09
     19296  0.40143119E-09
     19584  0.40489662E-09
     19872  0.48308524E-09
     20160  0.61211086E-09
     20448  0.71176592E-09
     20736  0.78748680E-09
     21024  0.85397805E-09
     21312  0.90471858E-09
     21600  0.94487584E-09
     21888  0.97515174E-09
     22176  0.99777209E-09
     22464  0.10144762E-08
     22752  0.10283511E-08
     23040  0.10382996E-08
     23328  0.10562631E-08
     23616  0.10692894E-08
     23904  0.10802601E-08
     24192  0.10878477E-08
     24480  0.10928222E-08
     24768  0.10957700E-08
     25056  0.10989676E-08
     25344  0.11004599E-08
     25632  0.11108436E-08
     25920  0.11175378E-08
     26208  0.11232056E-08
     26496  0.11261411E-08
     26784  0.11269187E-08
     27072  0.11259723E-08
     27360  0.11236259E-08
     27648  0.11220317E-08
     27936  0.11302353E-08
     28224  0.11340209E-08
     28512  0.11342193E-08
     28800  0.11333842E-08
     29088  0.11297266E-08
     29376  0.11239194E-08
     29664  0.11165079E-08
     29952  0.11098803E-08
     30240  0.11130650E-08
     30528  0.11119458E-08
     30816  0.11077780E-08
     31104  0.11015172E-08
     31392  0.10958067E-08
     31680  0.10885983E-08
     31968  0.10804627E-08
     32256  0.10718130E-08
     32544  0.10760813E-08
     32832  0.10761362E-08
     33120  0.10734507E-08
     33408  0.10690641E-08
     33696  0.10636833E-08
     33984  0.10598391E-08
     34272  0.10551252E-08
     34560  0.10499938E-08
     34848  0.10557887E-08
     35136  0.10579126E-08
     35424  0.10577786E-08
     35712  0.10583634E-08
     36000  0.10574721E-08
     36288  0.10557439E-08
     36576  0.10535910E-08
     36864  0.10512716E-08
     37152  0.10599752E-08
     37440  0.10669889E-08
     37728  0.10709201E-08
     38016  0.10729795E-08
     38304  0.10739331E-08
     38592  0.10742558E-08
     38880  0.10742435E-08
     39168  0.10740786E-08
     39456  0.10849593E-08
     39744  0.10940879E-08
     40032  0.11000186E-08
     40320  0.11040211E-08
     40608  0.11068735E-08
     40896  0.11090574E-08
     41184  0.11108653E-08
     41472  0.11124749E-08
     41760  0.11252558E-08
     42048  0.11339791E-08
     42336  0.11402742E-08
     42624  0.11451192E-08
     42912  0.11490959E-08
     43200  0.11548987E-08
     43488  0.11594649E-08
     43776  0.11632920E-08
     44064  0.11782043E-08
     44352  0.11887326E-08
     44640  0.11966398E-08
     44928  0.12029622E-08
     45216  0.12083091E-08
     45504  0.12130420E-08
     45792  0.12173753E-08
     46080  0.12214361E-08
     46368  0.12253035E-08
     46656  0.12290280E-08
     46944  0.12326395E-08
     47232  0.12482140E-08
     47520  0.12593910E-08
     47808  0.12679426E-08
     48096  0.12749050E-08
     48384  0.12808615E-08
     48672  0.12861640E-08
     48960  0.12910146E-08
     49248  0.12955375E-08
     49536  0.12998091E-08
     49824  0.13038797E-08
     50112  0.13077835E-08
     50400  0.13088863E-08
     50688  0.13109517E-08
     50976  0.13135280E-08
     51264  0.13163586E-08
     51552  0.13192993E-08
     51840  0.13222683E-08
     52128  0.13252212E-08
     52416  0.13281357E-08
     52704  0.13310001E-08
     52992  0.13338085E-08
     53280  0.13365620E-08
     53568  0.13392578E-08
     53856  0.13418980E-08
     54144  0.13417578E-08
     54432  0.13427066E-08
     54720  0.13442494E-08
     55008  0.13461061E-08
     55296  0.13481183E-08
     55584  0.13502004E-08
     55872  0.13523039E-08
     56160  0.13544051E-08
     56448  0.13564910E-08
     56736  0.13585574E-08
     57024  0.13579181E-08
     57312  0.13583793E-08
     57600  0.13456524E-08
     57888  0.13382073E-08
     58176  0.13337585E-08
     58464  0.13310597E-08
     58752  0.13294267E-08
     59040  0.13284776E-08
     59328  0.13253599E-08
     59616  0.13237097E-08
     59904  0.13229421E-08
     60192  0.13089295E-08
     60480  0.13001992E-08
     60768  0.12945078E-08
     61056  0.12906423E-08
     61344  0.12879358E-08
     61632  0.12860173E-08
     61920  0.12821577E-08
     62208  0.12661255E-08
     62496  0.12558992E-08
     62784  0.12490381E-08
     63072  0.12442238E-08
     63360  0.12407334E-08
     63648  0.12381618E-08
     63936  0.12228377E-08
     64224  0.12103271E-08
     64512  0.12019834E-08
     64800  0.11961611E-08
     65088  0.11919552E-08
     65376  0.11888687E-08
     65664  0.11734099E-08
     65952  0.11631586E-08
     66240  0.11560116E-08
     66528  0.11486195E-08
     66816  0.11435473E-08
     67104  0.11270505E-08
     67392  0.11160648E-08
     67680  0.11083846E-08
     67968  0.11028153E-08
     68256  0.10860938E-08
     68544  0.10747678E-08
     68832  0.10667258E-08
     69120  0.10588017E-08
     69408  0.10409562E-08
     69696  0.10289323E-08
     69984  0.10204467E-08
     70272  0.10142550E-08
     70560  0.10096617E-08
     70848  0.99438835E-09
     71136  0.98404906E-09
     71424  0.97676045E-09
     71712  0.96969233E-09
     72000  0.95081287E-09
     72288  0.93812746E-09
     72576  0.92921809E-09
     72864  0.92276292E-09
     73152  0.91802294E-09
     73440  0.90349223E-09
     73728  0.89362306E-09
     74016  0.88668489E-09
     74304  0.88171864E-09
     74592  0.86583163E-09
     74880  0.85523644E-09
     75168  0.84793134E-09
     75456  0.83237361E-09
     75744  0.82176316E-09
     76032  0.81427698E-09
     76320  0.80889140E-09
     76608  0.79501011E-09
     76896  0.78551937E-09
     77184  0.77741846E-09
     77472  0.77183709E-09
     77760  0.75831613E-09
     78048  0.74915041E-09
     78336  0.74277162E-09
     78624  0.73828116E-09
     78912  0.72586553E-09
     79200  0.71742590E-09
     79488  0.71156031E-09
     79776  0.70621325E-09
     80064  0.69368283E-09
     80352  0.68523748E-09
     80640  0.67942918E-09
     80928  0.67541306E-09
     81216  0.66408951E-09
     81504  0.65640088E-09
     81792  0.65109629E-09
     82080  0.64631561E-09
     82368  0.64318006E-09
     82656  0.63298028E-09
     82944  0.62615768E-09
     83232  0.62156569E-09
     83520  0.61852318E-09
     83808  0.60870431E-09
     84096  0.60105898E-09
     84384  0.59596583E-09
     84672  0.59262040E-09
     84960  0.59052924E-09
     85248  0.58184879E-09
     85536  0.57609822E-09
     85824  0.57234040E-09
     86112  0.56905775E-09
     86400  0.56716654E-09
     86688  0.55912602E-09
     86976  0.55390154E-09
     87264  0.55061516E-09
     87552  0.54871274E-09
     87840  0.54697497E-09
     88128  0.54633464E-09
     88416  0.53976351E-09
     88704  0.53565657E-09
     88992  0.53327109E-09
     89280  0.53212629E-09
     89568  0.53109261E-09
     89856  0.53102178E-09
     90144  0.53167609E-09
     90432  0.52656390E-09
     90720  0.52344029E-09
     91008  0.52171506E-09
     91296  0.52021698E-09
     91584  0.51966081E-09
     91872  0.51977772E-09
     92160  0.52037069E-09
     92448  0.52130078E-09
     92736  0.52245586E-09
     93024  0.52305954E-09
     93312  0.51810750E-09
     93600  0.51457472E-09
     93888  0.51202304E-09
     94176  0.51013954E-09
     94464  0.50801707E-09
     94752  0.50634519E-09
     95040  0.50495680E-09
     95328  0.50372606E-09
     95616  0.50256049E-09
     95904  0.50139143E-09
     96192  0.49953897E-09
     96480  0.49774462E-09
     96768  0.49594323E-09
     97056  0.49408522E-09
     97344  0.49213134E-09
     97632  0.49005322E-09
     97920  0.48782783E-09
     98208  0.48484999E-09
     98496  0.48182264E-09
     98784  0.47870591E-09
     99072  0.47547044E-09
     99360  0.47209470E-09
     99648  0.46856496E-09
     99936  0.46487331E-09
    100224  0.46046272E-09
    100512  0.45600382E-09
    100800  0.45147205E-09
    101088  0.44685375E-09
    101376  0.44214135E-09
    101664  0.43733286E-09
    101952  0.43694384E-09
    102240  0.43557258E-09
    102528  0.43338846E-09
    102816  0.43052806E-09
    103104  0.42662390E-09
    103392  0.42236128E-09
    103680  0.41780732E-09
    103968  0.41301546E-09
    104256  0.40803633E-09
    104544  0.40291398E-09
    104832  0.40185474E-09
    105120  0.39986167E-09
    105408  0.39711584E-09
    105696  0.39376974E-09
    105984  0.38995043E-09
    106272  0.38576670E-09
    106560  0.38130771E-09
    106848  0.38060755E-09
    107136  0.37893499E-09
    107424  0.37648842E-09
    107712  0.37343581E-09
    108000  0.36991840E-09
    108288  0.36605186E-09
    108576  0.36574918E-09
    108864  0.36444495E-09
    109152  0.36235692E-09
    109440  0.35965997E-09
    109728  0.35650086E-09
    110016  0.35300174E-09
    110304  0.35295944E-09
    110592  0.35193223E-09
    110880  0.35014078E-09
    111168  0.34776110E-09
    111456  0.34494366E-09
    111744  0.34180550E-09
    112032  0.34204548E-09
    112320  0.34131981E-09
    112608  0.34022446E-09
    112896  0.33847580E-09
    113184  0.33624040E-09
    113472  0.33719452E-09
    113760  0.33708089E-09
    114048  0.33614603E-09
    114336  0.33459069E-09
    114624  0.33257122E-09
    114912  0.33022016E-09
    115200  0.33149633E-09
    115488  0.33170672E-09
    115776  0.33110395E-09
    116064  0.32989050E-09
    116352  0.32822614E-09
    116640  0.32623984E-09
    116928  0.32748945E-09
    117216  0.32811762E-09
    117504  0.32791603E-09
    117792  0.32709291E-09
    118080  0.32581640E-09
    118368  0.32766717E-09
    118656  0.32845068E-09
    118944  0.32879088E-09
    119232  0.32844344E-09
    119520  0.32759012E-09
    119808  0.32637357E-09
    120096  0.32490602E-09
    120384  0.32706751E-09
    120672  0.32816663E-09
    120960  0.32847292E-09
    121248  0.32819578E-09
    121536  0.32749617E-09
    121824  0.32687766E-09
    122112  0.32938288E-09
    122400  0.33080694E-09
    122688  0.33142600E-09
    122976  0.33145345E-09
    123264  0.33143255E-09
    123552  0.33100828E-09
    123840  0.33030054E-09
    124128  0.33284894E-09
    124416  0.33475026E-09
    124704  0.33579017E-09
    124992  0.33620071E-09
    125280  0.33615455E-09
    125568  0.33617961E-09
    125856  0.33586794E-09
    126144  0.33879369E-09
    126432  0.34063652E-09
    126720  0.34207523E-09
    127008  0.34281850E-09
    127296  0.34305464E-09
    127584  0.34292755E-09
    127872  0.34295725E-09
    128160  0.34268369E-09
    128448  0.34570385E-09
    128736  0.34760814E-09
    129024  0.34910716E-09
    129312  0.34988207E-09
    129600  0.35012629E-09
    129888  0.34998074E-09
    130176  0.34998848E-09
    130464  0.34965794E-09
    130752  0.35226672E-09
    131040  0.35377318E-09
    131328  0.35490225E-09
    131616  0.35530057E-09
    131904  0.35516096E-09
    132192  0.35462180E-09
    132480  0.35378281E-09
    132768  0.35318135E-09
    133056  0.35588746E-09
    133344  0.35725173E-09
    133632  0.35764169E-09
    133920  0.35778766E-09
    134208  0.35727701E-09
    134496  0.35630207E-09
    134784  0.35499700E-09
    135072  0.35394257E-09
    135360  0.35626524E-09
    135648  0.35715078E-09
    135936  0.35705111E-09
    136224  0.35628744E-09
    136512  0.35556721E-09
    136800  0.35439840E-09
    137088  0.35295677E-09
    137376  0.35135844E-09
    137664  0.35392006E-09
    137952  0.35493025E-09
    138240  0.35494535E-09
    138528  0.35434031E-09
    138816  0.35336892E-09
    139104  0.35270431E-09
    139392  0.35174069E-09
    139680  0.35061729E-09
    139968  0.35314068E-09
    140256  0.35420553E-09
    140544  0.35436890E-09
    140832  0.35449596E-09
    141120  0.35408851E-09
    141408  0.35336867E-09
    141696  0.35246817E-09
    141984  0.35146300E-09
    142272  0.35401429E-09
    142560  0.35555026E-09
    142848  0.35592509E-09
    143136  0.35559652E-09
    143424  0.35483777E-09
    143712  0.35380560E-09
    144000  0.35258507E-09
    144288  0.35121825E-09
    144576  0.35313219E-09
    144864  0.35397063E-09
    145152  0.35361183E-09
    145440  0.35252529E-09
    145728  0.35096906E-09
    146016  0.34907380E-09
    146304  0.34691561E-09
    146592  0.34476086E-09
    146880  0.34617301E-09
    147168  0.34701264E-09
    147456  0.34790573E-09
    147744  0.34910067E-09
    148032  0.35066711E-09
    148320  0.35307826E-09
    148608  0.35553416E-09
    148896  0.35814673E-09
    149184  0.36406533E-09
    149472  0.36895198E-09
    149760  0.37340991E-09
    150048  0.37768041E-09
    150336  0.38185338E-09
    150624  0.38595716E-09
    150912  0.39000075E-09
    151200  0.39399362E-09
    151488  0.39793727E-09
    151776  0.40183357E-09
    152064  0.40568574E-09
    152352  0.41302264E-09
    152640  0.41901860E-09
    152928  0.42436887E-09
    153216  0.42935328E-09
    153504  0.43407700E-09
    153792  0.43858736E-09
    154080  0.44291551E-09
    154368  0.44707840E-09
    154656  0.45109091E-09
    154944  0.45496870E-09
    155232  0.45872930E-09
    155520  0.46167900E-09
    155808  0.46494392E-09
    156096  0.46827514E-09
    156384  0.47157683E-09
    156672  0.47481846E-09
    156960  0.47798754E-09
    157248  0.48108040E-09
    157536  0.48409660E-09
    157824  0.48703913E-09
    158112  0.48991017E-09
    158400  0.49270882E-09
    158688  0.49543292E-09
    158976  0.49808163E-09
    159264  0.49987026E-09
    159552  0.50204479E-09
    159840  0.50431437E-09
    160128  0.50656784E-09
    160416  0.50876536E-09
    160704  0.51089616E-09
    160992  0.51295496E-09
    161280  0.51494603E-09
    161568  0.51686938E-09
    161856  0.51872934E-09
    162144  0.51972449E-09
    162432  0.52112936E-09
    162720  0.51785554E-09
    163008  0.51638999E-09
    163296  0.51575849E-09
    163584  0.51558957E-09
    163872  0.51573423E-09
    164160  0.51612009E-09
    164448  0.51589921E-09
    164736  0.51631133E-09
    165024  0.51702409E-09
    165312  0.51300569E-09
    165600  0.51093885E-09
    165888  0.50984306E-09
    166176  0.50932486E-09
    166464  0.50921128E-09
    166752  0.50941090E-09
    167040  0.50907778E-09
    167328  0.50446303E-09
    167616  0.50206672E-09
    167904  0.50079341E-09
    168192  0.50018856E-09
    168480  0.50004606E-09
    168768  0.50025512E-09
    169056  0.49579968E-09
    169344  0.49266913E-09
    169632  0.49111970E-09
    169920  0.49043730E-09
    170208  0.49030519E-09
    170496  0.49056637E-09
    170784  0.48615356E-09
    171072  0.48387105E-09
    171360  0.48274035E-09
    171648  0.48158116E-09
    171936  0.48134013E-09
    172224  0.47664167E-09
    172512  0.47420129E-09
    172800  0.47299525E-09
    173088  0.47255122E-09
    173376  0.46766951E-09
    173664  0.46507589E-09
    173952  0.46376941E-09
    174240  0.46256360E-09
    174528  0.45736306E-09
    174816  0.45463430E-09
    175104  0.45327839E-09
    175392  0.45276405E-09
    175680  0.45281975E-09
    175968  0.44837242E-09
    176256  0.44610496E-09
    176544  0.44507564E-09
    176832  0.44415149E-09
    177120  0.43813145E-09
    177408  0.43490070E-09
    177696  0.43324133E-09
    177984  0.43253898E-09
    178272  0.43246681E-09
    178560  0.42800877E-09
    178848  0.42570647E-09
    179136  0.42465628E-09
    179424  0.42438636E-09
    179712  0.41921017E-09
    180000  0.41654369E-09
    180288  0.41530457E-09
    180576  0.41017684E-09
    180864  0.40739981E-09
    181152  0.40600662E-09
    181440  0.40547579E-09
    181728  0.40084150E-09
    182016  0.39835604E-09
    182304  0.39656350E-09
    182592  0.39587464E-09
    182880  0.39122586E-09
    183168  0.38873205E-09
    183456  0.38752199E-09
    183744  0.38710826E-09
    184032  0.38265804E-09
    184320  0.38024320E-09
    184608  0.37905939E-09
    184896  0.37810641E-09
    185184  0.37342443E-09
    185472  0.37086950E-09
    185760  0.36959705E-09
    186048  0.36912112E-09
    186336  0.36474901E-09
    186624  0.36232317E-09
    186912  0.36109593E-09
    187200  0.36012252E-09
    187488  0.35988609E-09
    187776  0.35576836E-09
    188064  0.35349515E-09
    188352  0.35237036E-09
    188640  0.35197362E-09
    188928  0.34781644E-09
    189216  0.34498801E-09
    189504  0.34352871E-09
    189792  0.34292899E-09
    190080  0.34287986E-09
    190368  0.33906600E-09
    190656  0.33692937E-09
    190944  0.33587244E-09
    191232  0.33507555E-09
    191520  0.33494055E-09
    191808  0.33122502E-09
    192096  0.32914987E-09
    192384  0.32814598E-09
    192672  0.32784789E-09
    192960  0.32760053E-09
    193248  0.32784692E-09
    193536  0.32457079E-09
    193824  0.32276126E-09
    194112  0.32192987E-09
    194400  0.32175254E-09
    194688  0.32161465E-09
    194976  0.32192396E-09
    195264  0.32253375E-09
    195552  0.31969263E-09
    195840  0.31809150E-09
    196128  0.31733952E-09
    196416  0.31678044E-09
    196704  0.31673997E-09
    196992  0.31704472E-09
    197280  0.31757411E-09
    197568  0.31824604E-09
    197856  0.31900493E-09
    198144  0.31945077E-09
    198432  0.31660241E-09
    198720  0.31474054E-09
    199008  0.31357300E-09
    199296  0.31288006E-09
    199584  0.31215081E-09
    199872  0.31171765E-09
    200160  0.31146893E-09
    200448  0.31132322E-09
    200736  0.31122277E-09
    201024  0.31112693E-09
    201312  0.31067715E-09
    201600  0.31027061E-09
    201888  0.30987041E-09
    202176  0.30944888E-09
    202464  0.30898689E-09
    202752  0.30847105E-09
    203040  0.30789110E-09
    203328  0.30692587E-09
    203616  0.30596259E-09
    203904  0.30497954E-09
    204192  0.30396097E-09
    204480  0.30289590E-09
    204768  0.30177627E-09
    205056  0.30059813E-09
    205344  0.29905467E-09
    205632  0.29751818E-09
    205920  0.29597158E-09
    206208  0.29440256E-09
    206496  0.29280417E-09
    206784  0.29117009E-09
    207072  0.29245975E-09
    207360  0.29304617E-09
    207648  0.29306246E-09
    207936  0.29261679E-09
    208224  0.29151706E-09
    208512  0.29018149E-09
    208800  0.28865457E-09
    209088  0.28697153E-09
    209376  0.28516289E-09
    209664  0.28325312E-09
    209952  0.28415453E-09
    210240  0.28433947E-09
    210528  0.28394931E-09
    210816  0.28310232E-09
    211104  0.28189304E-09
    211392  0.28040051E-09
    211680  0.27868599E-09
    211968  0.27965552E-09
    212256  0.27984706E-09
    212544  0.27942362E-09
    212832  0.27851485E-09
    213120  0.27722857E-09
    213408  0.27565189E-09
    213696  0.27668870E-09
    213984  0.27691058E-09
    214272  0.27648880E-09
    214560  0.27556901E-09
    214848  0.27426544E-09
    215136  0.27266930E-09
    215424  0.27367186E-09
    215712  0.27385774E-09
    216000  0.27340974E-09
    216288  0.27247207E-09
    216576  0.27116576E-09
    216864  0.26958147E-09
    217152  0.27059077E-09
    217440  0.27079114E-09
    217728  0.27062097E-09
    218016  0.26991800E-09
    218304  0.26881553E-09
    218592  0.27020225E-09
    218880  0.27070565E-09
    219168  0.27053099E-09
    219456  0.26984431E-09
    219744  0.26877775E-09
    220032  0.26743072E-09
    220320  0.26891506E-09
    220608  0.26952179E-09
    220896  0.26946106E-09
    221184  0.26890098E-09
    221472  0.26797056E-09
    221760  0.26677474E-09
    222048  0.26816488E-09
    222336  0.26898869E-09
    222624  0.26913322E-09
    222912  0.26877359E-09
    223200  0.26804459E-09
    223488  0.26983618E-09
    223776  0.27074079E-09
    224064  0.27123784E-09
    224352  0.27117997E-09
    224640  0.27071620E-09
    224928  0.26996200E-09
    225216  0.26900340E-09
    225504  0.27095248E-09
    225792  0.27202446E-09
    226080  0.27244679E-09
    226368  0.27239594E-09
    226656  0.27200298E-09
    226944  0.27164040E-09
    227232  0.27382988E-09
    227520  0.27512348E-09
    227808  0.27575947E-09
    228096  0.27591535E-09
    228384  0.27599872E-09
    228672  0.27576300E-09
    228960  0.27530564E-09
    229248  0.27751151E-09
    229536  0.27913882E-09
    229824  0.28006800E-09
    230112  0.28048794E-09
    230400  0.28054326E-09
    230688  0.28062994E-09
    230976  0.28045588E-09
    231264  0.28294220E-09
    231552  0.28453023E-09
    231840  0.28575142E-09
    232128  0.28641911E-09
    232416  0.28668534E-09
    232704  0.28666280E-09
    232992  0.28673941E-09
    233280  0.28658836E-09
    233568  0.28915562E-09
    233856  0.29080305E-09
    234144  0.29208316E-09
    234432  0.29278505E-09
    234720  0.29306738E-09
    235008  0.29304653E-09
    235296  0.29312658E-09
    235584  0.29294828E-09
    235872  0.29520264E-09
    236160  0.29655364E-09
    236448  0.29757211E-09
    236736  0.29801328E-09
    237024  0.29803146E-09
    237312  0.29773761E-09
    237600  0.29721506E-09
    237888  0.29686520E-09
    238176  0.29927591E-09
    238464  0.30058883E-09
    238752  0.30111233E-09
    239040  0.30141381E-09
    239328  0.30120226E-09
    239616  0.30062774E-09
    239904  0.29979660E-09
    240192  0.29915062E-09
    240480  0.30135450E-09
    240768  0.30237526E-09
    241056  0.30259198E-09
    241344  0.30226793E-09
    241632  0.30195901E-09
    241920  0.30130048E-09
    242208  0.30043140E-09
    242496  0.29944380E-09
    242784  0.30195663E-09
    243072  0.30319058E-09
    243360  0.30361061E-09
    243648  0.30352595E-09
    243936  0.30314767E-09
    244224  0.30301178E-09
    244512  0.30265901E-09
    244800  0.30219963E-09
    245088  0.30494099E-09
    245376  0.30646799E-09
    245664  0.30725408E-09
    245952  0.30801461E-09
    246240  0.30837280E-09
    246528  0.30850814E-09
    246816  0.30853436E-09
    247104  0.30851841E-09
    247392  0.31179154E-09
    247680  0.31422676E-09
    247968  0.31573638E-09
    248256  0.31669761E-09
    248544  0.31734249E-09
    248832  0.31781297E-09
    249120  0.31819475E-09
    249408  0.31853925E-09
    249696  0.32222322E-09
    249984  0.32504441E-09
    250272  0.32689473E-09
    250560  0.32816902E-09
    250848  0.32910669E-09
    251136  0.32985278E-09
    251424  0.33049449E-09
    251712  0.33108336E-09
    252000  0.33505945E-09
    252288  0.33766054E-09
    252576  0.33943756E-09
    252864  0.34072617E-09
    253152  0.34172867E-09
    253440  0.34308403E-09
    253728  0.34413788E-09
    254016  0.34501568E-09
    254304  0.34926306E-09
    254592  0.35204620E-09
    254880  0.35395023E-09
    255168  0.35532993E-09
    255456  0.35639755E-09
    255744  0.35727929E-09
    256032  0.35804820E-09
    256320  0.35874534E-09
    256608  0.35939388E-09
    256896  0.36000442E-09
    257184  0.36058281E-09
    257472  0.36467068E-09
    257760  0.36725095E-09
    258048  0.36892384E-09
    258336  0.37004652E-09
    258624  0.37083298E-09
    258912  0.37140485E-09
    259200  0.37182812E-09
    259488  0.37213771E-09
    259776  0.37235054E-09
    260064  0.37247383E-09
    260352  0.37250839E-09
    260640  0.37188744E-09
    260928  0.37143433E-09
    261216  0.37102732E-09
    261504  0.37059600E-09
    261792  0.37010028E-09
    262080  0.36951908E-09
    262368  0.36883874E-09
    262656  0.36805214E-09
    262944  0.36715631E-09
    263232  0.36615047E-09
    263520  0.36503647E-09
    263808  0.36381781E-09
    264096  0.36249856E-09
    264384  0.36058387E-09
    264672  0.35884748E-09
    264960  0.35712930E-09
    265248  0.35539804E-09
    265536  0.35394662E-09
    265824  0.35375747E-09
    266112  0.35491973E-09
    266400  0.35695952E-09
    266688  0.35954395E-09
    266976  0.36247458E-09
    267264  0.36514572E-09
    267552  0.36824296E-09
    267840  0.36832515E-09
    268128  0.36986672E-09
    268416  0.37209255E-09
    268704  0.37464590E-09
    268992  0.37735737E-09
    269280  0.38014011E-09
    269568  0.38242806E-09
    269856  0.38503506E-09
    270144  0.38771947E-09
    270432  0.38690123E-09
    270720  0.38753611E-09
    271008  0.38884845E-09
    271296  0.39049991E-09
    271584  0.39233070E-09
    271872  0.39425832E-09
    272160  0.39568987E-09
    272448  0.39380751E-09
    272736  0.39362050E-09
    273024  0.39424358E-09
    273312  0.39528633E-09
    273600  0.39656523E-09
    273888  0.39798534E-09
    274176  0.39572154E-09
    274464  0.39455689E-09
    274752  0.39458659E-09
    275040  0.39520459E-09
    275328  0.39613735E-09
    275616  0.39725434E-09
    275904  0.39461845E-09
    276192  0.39370993E-09
    276480  0.39369538E-09
    276768  0.39362985E-09
    277056  0.39419806E-09
    277344  0.39114614E-09
    277632  0.38994394E-09
    277920  0.38971307E-09
    278208  0.39002274E-09
    278496  0.38671238E-09
    278784  0.38529616E-09
    279072  0.38490233E-09
    279360  0.38455769E-09
    279648  0.38091341E-09
    279936  0.37931444E-09
    280224  0.37880740E-09
    280512  0.37891371E-09
    280800  0.37938994E-09
    281088  0.37612385E-09
    281376  0.37469530E-09
    281664  0.37427758E-09
    281952  0.37392925E-09
    282240  0.36934564E-09
    282528  0.36714834E-09
    282816  0.36625991E-09
    283104  0.36611358E-09
    283392  0.36640835E-09
    283680  0.36301567E-09
    283968  0.36146214E-09
    284256  0.36094661E-09
    284544  0.36103567E-09
    284832  0.35703701E-09
    285120  0.35518247E-09
    285408  0.35451586E-09
    285696  0.35058026E-09
    285984  0.34866840E-09
    286272  0.34791159E-09
    286560  0.34782888E-09
    286848  0.34424985E-09
    287136  0.34252129E-09
    287424  0.34140205E-09
    287712  0.34116079E-09
    288000  0.33753123E-09
    288288  0.33576703E-09
    288576  0.33508690E-09
    288864  0.33504055E-09
    289152  0.33153028E-09
    289440  0.32979666E-09
    289728  0.32911301E-09
    290016  0.32862629E-09
    290304  0.32491390E-09
    290592  0.32305802E-09
    290880  0.32229974E-09
    291168  0.32219025E-09
    291456  0.31870367E-09
    291744  0.31692943E-09
    292032  0.31619085E-09
    292320  0.31566774E-09
    292608  0.31572209E-09
    292896  0.31238556E-09
    293184  0.31067790E-09
    293472  0.30996111E-09
    293760  0.30983885E-09
    294048  0.30642208E-09
    294336  0.30421110E-09
    294624  0.30317179E-09
    294912  0.30283784E-09
    295200  0.30293312E-09
    295488  0.29970887E-09
    295776  0.29797140E-09
    296064  0.29717620E-09
    296352  0.29661010E-09
    296640  0.29657563E-09
    296928  0.29338049E-09
    297216  0.29164923E-09
    297504  0.29086064E-09
    297792  0.29067446E-09
    298080  0.29054004E-09
    298368  0.29080549E-09
    298656  0.28796429E-09
    298944  0.28645478E-09
    299232  0.28583477E-09
    299520  0.28580247E-09
    299808  0.28583383E-09
    300096  0.28624972E-09
    300384  0.28692221E-09
    300672  0.28454694E-09
    300960  0.28330621E-09
    301248  0.28284144E-09
    301536  0.28257832E-09
    301824  0.28275993E-09
    302112  0.28322975E-09
    302400  0.28388097E-09
    302688  0.28464059E-09
    302976  0.28546179E-09
    303264  0.28601491E-09
    303552  0.28360353E-09
    303840  0.28208333E-09
    304128  0.28118738E-09
    304416  0.28071317E-09
    304704  0.28022198E-09
    304992  0.27998157E-09
    305280  0.27989502E-09
    305568  0.27989286E-09
    305856  0.27992578E-09
    306144  0.27995928E-09
    306432  0.27969407E-09
    306720  0.27946020E-09
    307008  0.27922656E-09
    307296  0.27897037E-09
    307584  0.27867564E-09
    307872  0.27832997E-09
    308160  0.27792563E-09
    308448  0.27719393E-09
    308736  0.27645797E-09
    309024  0.27569974E-09
    309312  0.27490721E-09
    309600  0.27407090E-09
    309888  0.27318448E-09
    310176  0.27224337E-09
    310464  0.27098968E-09
    310752  0.26973740E-09
    311040  0.26847335E-09
    311328  0.26718680E-09
    311616  0.26587069E-09
    311904  0.26452049E-09
    312192  0.26580854E-09
    312480  0.26644900E-09
    312768  0.26656863E-09
    313056  0.26626937E-09
    313344  0.26539812E-09
    313632  0.26431066E-09
    313920  0.26304811E-09
    314208  0.26164682E-09
    314496  0.26013156E-09
    314784  0.25852312E-09
    315072  0.25946123E-09
