       288  0.19103559E-09
       576  0.16746993E-09
       864  0.14825059E-09
      1152  0.13259366E-09
      1440  0.11985178E-09
      1728  0.11058648E-09
      2016  0.10302641E-09
      2304  0.96878311E-10
      2592  0.91896372E-10
      2880  0.87874888E-10
      3168  0.84642189E-10
      3456  0.82898258E-10
      3744  0.81532454E-10
      4032  0.80558227E-10
      4320  0.80039600E-10
      4608  0.79981410E-10
      4896  0.80361391E-10
      5184  0.81960772E-10
      5472  0.83748425E-10
      5760  0.85693300E-10
      6048  0.87758689E-10
      6336  0.89902752E-10
      6624  0.92083306E-10
      6912  0.95210097E-10
      7200  0.98104060E-10
      7488  0.10089229E-09
      7776  0.10343700E-09
      8064  0.10575044E-09
      8352  0.10893465E-09
      8640  0.11168203E-09
      8928  0.11405172E-09
      9216  0.11609334E-09
      9504  0.11784931E-09
      9792  0.11935584E-09
     10080  0.12202420E-09
     10368  0.12420016E-09
     10656  0.12597171E-09
     10944  0.12741046E-09
     11232  0.12857500E-09
     11520  0.12951329E-09
     11808  0.13161847E-09
     12096  0.13341821E-09
     12384  0.13481499E-09
     12672  0.13589194E-09
     12960  0.13671474E-09
     13248  0.13876948E-09
     13536  0.14033646E-09
     13824  0.14168944E-09
     14112  0.14270510E-09
     14400  0.14345768E-09
     14688  0.14400617E-09
     14976  0.14439699E-09
     15264  0.14636382E-09
     15552  0.14783687E-09
     15840  0.14893010E-09
     16128  0.14973228E-09
     16416  0.15031253E-09
     16704  0.15091975E-09
     16992  0.15293246E-09
     17280  0.15443645E-09
     17568  0.15555347E-09
     17856  0.15637647E-09
     18144  0.15717902E-09
     18432  0.15776490E-09
     18720  0.15818846E-09
     19008  0.16014637E-09
     19296  0.16181784E-09
     19584  0.16306279E-09
     19872  0.15955820E-09
     20160  0.15108446E-09
     20448  0.14328126E-09
     20736  0.13653244E-09
     21024  0.13230037E-09
     21312  0.12872903E-09
     21600  0.12594224E-09
     21888  0.12364532E-09
     22176  0.12176445E-09
     22464  0.12022867E-09
     22752  0.11915927E-09
     23040  0.11826599E-09
     23328  0.11874608E-09
     23616  0.11902225E-09
     23904  0.11932780E-09
     24192  0.11945782E-09
     24480  0.11944393E-09
     24768  0.11930773E-09
     25056  0.11925871E-09
     25344  0.11905676E-09
     25632  0.11981693E-09
     25920  0.12016374E-09
     26208  0.12036826E-09
     26496  0.12023585E-09
     26784  0.11981914E-09
     27072  0.11915502E-09
     27360  0.11826781E-09
     27648  0.11736570E-09
     27936  0.11736764E-09
     28224  0.11678736E-09
     28512  0.11573641E-09
     28800  0.11451710E-09
     29088  0.11299885E-09
     29376  0.11129246E-09
     29664  0.10948342E-09
     29952  0.10781728E-09
     30240  0.10716580E-09
     30528  0.10618260E-09
     30816  0.10500864E-09
     31104  0.10374034E-09
     31392  0.10261884E-09
     31680  0.10144587E-09
     31968  0.10027113E-09
     32256  0.99126880E-10
     32544  0.99227723E-10
     32832  0.98996956E-10
     33120  0.98582149E-10
     33408  0.98078420E-10
     33696  0.97545014E-10
     33984  0.97201525E-10
     34272  0.96816423E-10
     34560  0.96429108E-10
     34848  0.97067007E-10
     35136  0.97404133E-10
     35424  0.97579916E-10
     35712  0.97863530E-10
     36000  0.98042373E-10
     36288  0.98174364E-10
     36576  0.98293769E-10
     36864  0.98420369E-10
     37152  0.99587887E-10
     37440  0.10062343E-09
     37728  0.10140094E-09
     38016  0.10203902E-09
     38304  0.10260608E-09
     38592  0.10314121E-09
     38880  0.10366657E-09
     39168  0.10419492E-09
     39456  0.10580072E-09
     39744  0.10726193E-09
     40032  0.10844201E-09
     40320  0.10946938E-09
     40608  0.11041614E-09
     40896  0.11132255E-09
     41184  0.11221109E-09
     41472  0.11309427E-09
     41760  0.11511532E-09
     42048  0.11674864E-09
     42336  0.11817164E-09
     42624  0.11947944E-09
     42912  0.12072324E-09
     43200  0.12217594E-09
     43488  0.12350033E-09
     43776  0.12475176E-09
     44064  0.12718931E-09
     44352  0.12918042E-09
     44640  0.13092356E-09
     44928  0.13252650E-09
     45216  0.13404554E-09
     45504  0.13551063E-09
     45792  0.13693789E-09
     46080  0.13833619E-09
     46368  0.13971112E-09
     46656  0.14106644E-09
     46944  0.14240467E-09
     47232  0.14511220E-09
     47520  0.14732716E-09
     47808  0.14926960E-09
     48096  0.15105432E-09
     48384  0.15274149E-09
     48672  0.15436250E-09
     48960  0.15593428E-09
     49248  0.15746671E-09
     49536  0.15896601E-09
     49824  0.16043657E-09
     50112  0.16188191E-09
     50400  0.16297756E-09
     50688  0.16419889E-09
     50976  0.16548025E-09
     51264  0.16678638E-09
     51552  0.16809916E-09
     51840  0.16940942E-09
     52128  0.17071293E-09
     52416  0.17200805E-09
     52704  0.17329431E-09
     52992  0.17457176E-09
     53280  0.17584109E-09
     53568  0.17710249E-09
     53856  0.17835620E-09
     54144  0.17924220E-09
     54432  0.18028409E-09
     54720  0.18140554E-09
     55008  0.18256524E-09
     55296  0.18374155E-09
     55584  0.18492324E-09
     55872  0.18610459E-09
     56160  0.18728315E-09
     56448  0.18845751E-09
     56736  0.18962741E-09
     57024  0.19041935E-09
     57312  0.19137546E-09
     57600  0.19048220E-09
     57888  0.19030863E-09
     58176  0.19051911E-09
     58464  0.19094427E-09
     58752  0.19149773E-09
     59040  0.19213527E-09
     59328  0.19245336E-09
     59616  0.19299147E-09
     59904  0.19365928E-09
     60192  0.19239541E-09
     60480  0.19188504E-09
     60768  0.19178877E-09
     61056  0.19193450E-09
     61344  0.19223373E-09
     61632  0.19263978E-09
     61920  0.19275138E-09
     62208  0.19105006E-09
     62496  0.19020682E-09
     62784  0.18984207E-09
     63072  0.18976191E-09
     63360  0.18986573E-09
     63648  0.19010048E-09
     63936  0.18838044E-09
     64224  0.18707637E-09
     64512  0.18639709E-09
     64800  0.18608767E-09
     65088  0.18601411E-09
     65376  0.18610498E-09
     65664  0.18426116E-09
     65952  0.18321797E-09
     66240  0.18263928E-09
     66528  0.18200229E-09
     66816  0.18172747E-09
     67104  0.17963603E-09
     67392  0.17840439E-09
     67680  0.17767639E-09
     67968  0.17726695E-09
     68256  0.17505701E-09
     68544  0.17369661E-09
     68832  0.17284339E-09
     69120  0.17199209E-09
     69408  0.16952771E-09
     69696  0.16799469E-09
     69984  0.16701750E-09
     70272  0.16639859E-09
     70560  0.16603191E-09
     70848  0.16390676E-09
     71136  0.16258281E-09
     71424  0.16174692E-09
     71712  0.16093535E-09
     72000  0.15816272E-09
     72288  0.15640456E-09
     72576  0.15525507E-09
     72864  0.15449841E-09
     73152  0.15401766E-09
     73440  0.15189133E-09
     73728  0.15053840E-09
     74016  0.14966602E-09
     74304  0.14911659E-09
     74592  0.14671575E-09
     74880  0.14520447E-09
     75168  0.14423962E-09
     75456  0.14186272E-09
     75744  0.14031518E-09
     76032  0.13928567E-09
     76320  0.13860327E-09
     76608  0.13646043E-09
     76896  0.13506161E-09
     77184  0.13389054E-09
     77472  0.13314660E-09
     77760  0.13103067E-09
     78048  0.12965924E-09
     78336  0.12876017E-09
     78624  0.12818088E-09
     78912  0.12622123E-09
     79200  0.12494579E-09
     79488  0.12410989E-09
     79776  0.12335653E-09
     80064  0.12134774E-09
     80352  0.12004750E-09
     80640  0.11920132E-09
     80928  0.11866257E-09
     81216  0.11683676E-09
     81504  0.11564422E-09
     81792  0.11486431E-09
     82080  0.11417026E-09
     82368  0.11376403E-09
     82656  0.11210749E-09
     82944  0.11104515E-09
     83232  0.11037289E-09
     83520  0.10997035E-09
     83808  0.10836065E-09
     84096  0.10713279E-09
     84384  0.10635515E-09
     84672  0.10588477E-09
     84960  0.10563474E-09
     85248  0.10420406E-09
     85536  0.10329458E-09
     85824  0.10273785E-09
     86112  0.10226187E-09
     86400  0.10203369E-09
     86688  0.10069822E-09
     86976  0.99867066E-10
     87264  0.99381517E-10
     87552  0.99142153E-10
     87840  0.98929281E-10
     88128  0.98913877E-10
     88416  0.97824013E-10
     88704  0.97178925E-10
     88992  0.96843457E-10
     89280  0.96730617E-10
     89568  0.96635262E-10
     89856  0.96714033E-10
     90144  0.96923546E-10
     90432  0.96082295E-10
     90720  0.95602727E-10
     91008  0.95376630E-10
     91296  0.95189523E-10
     91584  0.95173494E-10
     91872  0.95279555E-10
     92160  0.95471825E-10
     92448  0.95725212E-10
     92736  0.96019651E-10
     93024  0.96210512E-10
     93312  0.95381099E-10
     93600  0.94812568E-10
     93888  0.94423518E-10
     94176  0.94156100E-10
     94464  0.93842378E-10
     94752  0.93610703E-10
     95040  0.93430076E-10
     95328  0.93277309E-10
     95616  0.93135451E-10
     95904  0.92991836E-10
     96192  0.92719922E-10
     96480  0.92458173E-10
     96768  0.92194335E-10
     97056  0.91919070E-10
     97344  0.91625173E-10
     97632  0.91307198E-10
     97920  0.90960850E-10
     98208  0.90472650E-10
     98496  0.89974361E-10
     98784  0.89458357E-10
     99072  0.88919053E-10
     99360  0.88352076E-10
     99648  0.87754796E-10
     99936  0.87125342E-10
    100224  0.86359080E-10
    100512  0.85582090E-10
    100800  0.84789641E-10
    101088  0.83979115E-10
    101376  0.83148863E-10
    101664  0.82298383E-10
    101952  0.82277650E-10
    102240  0.82069955E-10
    102528  0.81707703E-10
    102816  0.81216013E-10
    103104  0.80525274E-10
    103392  0.79765139E-10
    103680  0.78948216E-10
    103968  0.78084511E-10
    104256  0.77183510E-10
    104544  0.76253483E-10
    104832  0.76090870E-10
    105120  0.75749899E-10
    105408  0.75264309E-10
    105696  0.74663192E-10
    105984  0.73970809E-10
    106272  0.73207655E-10
    106560  0.72390705E-10
    106848  0.72286302E-10
    107136  0.71995361E-10
    107424  0.71556018E-10
    107712  0.71000268E-10
    108000  0.70354833E-10
    108288  0.69641737E-10
    108576  0.69605800E-10
    108864  0.69377851E-10
    109152  0.68999681E-10
    109440  0.68504612E-10
    109728  0.67920572E-10
    110016  0.67270793E-10
    110304  0.67278273E-10
    110592  0.67098126E-10
    110880  0.66771352E-10
    111168  0.66331496E-10
    111456  0.65807484E-10
    111744  0.65221578E-10
    112032  0.65280337E-10
    112320  0.65153237E-10
    112608  0.64955326E-10
    112896  0.64632057E-10
    113184  0.64215348E-10
    113472  0.64407139E-10
    113760  0.64394441E-10
    114048  0.64224612E-10
    114336  0.63935877E-10
    114624  0.63558082E-10
    114912  0.63116526E-10
    115200  0.63368047E-10
    115488  0.63415329E-10
    115776  0.63306915E-10
    116064  0.63081401E-10
    116352  0.62769415E-10
    116640  0.62395561E-10
    116928  0.62640178E-10
    117216  0.62765862E-10
    117504  0.62732576E-10
    117792  0.62580323E-10
    118080  0.62341105E-10
    118368  0.62699949E-10
    118656  0.62854610E-10
    118944  0.62924180E-10
    119232  0.62861959E-10
    119520  0.62702780E-10
    119808  0.62473915E-10
    120096  0.62196949E-10
    120384  0.62613963E-10
    120672  0.62828215E-10
    120960  0.62890450E-10
    121248  0.62840899E-10
    121536  0.62710309E-10
    121824  0.62595144E-10
    122112  0.63077508E-10
    122400  0.63353357E-10
    122688  0.63474934E-10
    122976  0.63483101E-10
    123264  0.63481970E-10
    123552  0.63403491E-10
    123840  0.63270646E-10
    124128  0.63762017E-10
    124416  0.64129015E-10
    124704  0.64330548E-10
    124992  0.64411518E-10
    125280  0.64404912E-10
    125568  0.64412010E-10
    125856  0.64354508E-10
    126144  0.64917516E-10
    126432  0.65272496E-10
    126720  0.65550308E-10
    127008  0.65694741E-10
    127296  0.65741912E-10
    127584  0.65719534E-10
    127872  0.65727208E-10
    128160  0.65676721E-10
    128448  0.66257853E-10
    128736  0.66624511E-10
    129024  0.66913371E-10
    129312  0.67063806E-10
    129600  0.67112392E-10
    129888  0.67086239E-10
    130176  0.67089473E-10
    130464  0.67027849E-10
    130752  0.67529995E-10
    131040  0.67820534E-10
    131328  0.68038540E-10
    131616  0.68116492E-10
    131904  0.68091296E-10
    132192  0.67989496E-10
    132480  0.67830241E-10
    132768  0.67716596E-10
    133056  0.68237083E-10
    133344  0.68499949E-10
    133632  0.68576457E-10
    133920  0.68605656E-10
    134208  0.68509531E-10
    134496  0.68324311E-10
    134784  0.68075871E-10
    135072  0.67875462E-10
    135360  0.68322632E-10
    135648  0.68494405E-10
    135936  0.68477134E-10
    136224  0.68331833E-10
    136512  0.68195664E-10
    136800  0.67973453E-10
    137088  0.67698888E-10
    137376  0.67394215E-10
    137664  0.67887584E-10
    137952  0.68083462E-10
    138240  0.68088243E-10
    138528  0.67973786E-10
    138816  0.67789142E-10
    139104  0.67663375E-10
    139392  0.67480306E-10
    139680  0.67266540E-10
    139968  0.67751797E-10
    140256  0.67957973E-10
    140544  0.67990336E-10
    140832  0.68015774E-10
    141120  0.67938488E-10
    141408  0.67801084E-10
    141696  0.67628923E-10
    141984  0.67436355E-10
    142272  0.67925304E-10
    142560  0.68218861E-10
    142848  0.68288979E-10
    143136  0.68223593E-10
    143424  0.68074976E-10
    143712  0.67873103E-10
    144000  0.67634051E-10
    144288  0.67365662E-10
    144576  0.67724867E-10
    144864  0.67875094E-10
    145152  0.67793826E-10
    145440  0.67570921E-10
    145728  0.67255694E-10
    146016  0.66872931E-10
    146304  0.66436856E-10
    146592  0.65998693E-10
    146880  0.66240680E-10
    147168  0.66372213E-10
    147456  0.66514967E-10
    147744  0.66716466E-10
    148032  0.66990406E-10
    148320  0.67426786E-10
    148608  0.67872728E-10
    148896  0.68349729E-10
    149184  0.69457731E-10
    149472  0.70370564E-10
    149760  0.71202752E-10
    150048  0.72001162E-10
    150336  0.72782474E-10
    150624  0.73551998E-10
    150912  0.74311210E-10
    151200  0.75061894E-10
    151488  0.75804238E-10
    151776  0.76538741E-10
    152064  0.77265840E-10
    152352  0.78656630E-10
    152640  0.79793457E-10
    152928  0.80810574E-10
    153216  0.81760716E-10
    153504  0.82663446E-10
    153792  0.83527844E-10
    154080  0.84359575E-10
    154368  0.85161662E-10
    154656  0.85937098E-10
    154944  0.86688677E-10
    155232  0.87419801E-10
    155520  0.87998789E-10
    155808  0.88640539E-10
    156096  0.89296924E-10
    156384  0.89949735E-10
    156672  0.90593040E-10
    156960  0.91224382E-10
    157248  0.91843318E-10
    157536  0.92449638E-10
    157824  0.93043941E-10
    158112  0.93626704E-10
    158400  0.94197559E-10
    158688  0.94756196E-10
    158976  0.95302426E-10
    159264  0.95686563E-10
    159552  0.96147243E-10
    159840  0.96628150E-10
    160128  0.97107669E-10
    160416  0.97578008E-10
    160704  0.98037002E-10
    160992  0.98483784E-10
    161280  0.98918949E-10
    161568  0.99342694E-10
    161856  0.99755273E-10
    162144  0.10000354E-09
    162432  0.10033204E-09
    162720  0.99762913E-10
    163008  0.99541556E-10
    163296  0.99479223E-10
    163584  0.99504648E-10
    163872  0.99589982E-10
    164160  0.99721766E-10
    164448  0.99736962E-10
    164736  0.99875788E-10
    165024  0.10007398E-09
    165312  0.99358112E-10
    165600  0.99019480E-10
    165888  0.98867164E-10
    166176  0.98825337E-10
    166464  0.98861197E-10
    166752  0.98957752E-10
    167040  0.98951243E-10
    167328  0.98114468E-10
    167616  0.97708383E-10
    167904  0.97518965E-10
    168192  0.97458076E-10
    168480  0.97486338E-10
    168768  0.97582747E-10
    169056  0.96770356E-10
    169344  0.96215799E-10
    169632  0.95968913E-10
    169920  0.95890101E-10
    170208  0.95918072E-10
    170496  0.96021878E-10
    170784  0.95212026E-10
    171072  0.94818493E-10
    171360  0.94648858E-10
    171648  0.94472548E-10
    171936  0.94475115E-10
    172224  0.93604215E-10
    172512  0.93175676E-10
    172800  0.92987770E-10
    173088  0.92947705E-10
    173376  0.92035587E-10
    173664  0.91572479E-10
    173952  0.91361037E-10
    174240  0.91168066E-10
    174528  0.90188676E-10
    174816  0.89695688E-10
    175104  0.89472020E-10
    175392  0.89413109E-10
    175680  0.89465477E-10
    175968  0.88629173E-10
    176256  0.88222957E-10
    176544  0.88060371E-10
    176832  0.87917694E-10
    177120  0.86766899E-10
    177408  0.86167622E-10
    177696  0.85878069E-10
    177984  0.85776726E-10
    178272  0.85799756E-10
    178560  0.84952587E-10
    178848  0.84532624E-10
    179136  0.84360255E-10
    179424  0.84341333E-10
    179712  0.83348169E-10
    180000  0.82853682E-10
    180288  0.82642164E-10
    180576  0.81656584E-10
    180864  0.81138048E-10
    181152  0.80893840E-10
    181440  0.80820385E-10
    181728  0.79928911E-10
    182016  0.79465205E-10
    182304  0.79138807E-10
    182592  0.79032149E-10
    182880  0.78135026E-10
    183168  0.77667713E-10
    183456  0.77455979E-10
    183744  0.77402848E-10
    184032  0.76542134E-10
    184320  0.76087983E-10
    184608  0.75879192E-10
    184896  0.75715788E-10
    185184  0.74805953E-10
    185472  0.74321674E-10
    185760  0.74093690E-10
    186048  0.74024432E-10
    186336  0.73173703E-10
    186624  0.72712850E-10
    186912  0.72491721E-10
    187200  0.72320830E-10
    187488  0.72297036E-10
    187776  0.71494012E-10
    188064  0.71061226E-10
    188352  0.70858652E-10
    188640  0.70801455E-10
    188928  0.69987800E-10
    189216  0.69440974E-10
    189504  0.69169233E-10
    189792  0.69070062E-10
    190080  0.69081144E-10
    190368  0.68333270E-10
    190656  0.67923001E-10
    190944  0.67729808E-10
    191232  0.67588324E-10
    191520  0.67579997E-10
    191808  0.66848832E-10
    192096  0.66448395E-10
    192384  0.66263703E-10
    192672  0.66220897E-10
    192960  0.66187694E-10
    193248  0.66253919E-10
    193536  0.65607894E-10
    193824  0.65258000E-10
    194112  0.65105442E-10
    194400  0.65084528E-10
    194688  0.65071039E-10
    194976  0.65147582E-10
    195264  0.65284396E-10
    195552  0.64722547E-10
    195840  0.64411462E-10
    196128  0.64272011E-10
    196416  0.64171064E-10
    196704  0.64174908E-10
    196992  0.64248239E-10
    197280  0.64366804E-10
    197568  0.64513804E-10
    197856  0.64677833E-10
    198144  0.64779009E-10
    198432  0.64211005E-10
    198720  0.63842896E-10
    199008  0.63615384E-10
    199296  0.63483968E-10
    199584  0.63344843E-10
    199872  0.63265559E-10
    200160  0.63223433E-10
    200448  0.63201971E-10
    200736  0.63189391E-10
    201024  0.63177442E-10
    201312  0.63093218E-10
    201600  0.63017536E-10
    201888  0.62942825E-10
    202176  0.62863624E-10
    202464  0.62775951E-10
    202752  0.62676919E-10
    203040  0.62564752E-10
    203328  0.62374168E-10
    203616  0.62183744E-10
    203904  0.61989039E-10
    204192  0.61786937E-10
    204480  0.61575148E-10
    204768  0.61352069E-10
    205056  0.61116973E-10
    205344  0.60807408E-10
    205632  0.60499064E-10
    205920  0.60188535E-10
    206208  0.59873238E-10
    206496  0.59551891E-10
    206784  0.59223147E-10
    207072  0.59489219E-10
    207360  0.59611489E-10
    207648  0.59617623E-10
    207936  0.59529728E-10
    208224  0.59308662E-10
    208512  0.59039544E-10
    208800  0.58731360E-10
    209088  0.58391313E-10
    209376  0.58025643E-10
    209664  0.57639313E-10
    209952  0.57824998E-10
    210240  0.57864564E-10
    210528  0.57787136E-10
    210816  0.57616613E-10
    211104  0.57372270E-10
    211392  0.57070182E-10
    211680  0.56722845E-10
    211968  0.56921908E-10
    212256  0.56962487E-10
    212544  0.56877631E-10
    212832  0.56693990E-10
    213120  0.56433389E-10
    213408  0.56113603E-10
    213696  0.56325670E-10
    213984  0.56371522E-10
    214272  0.56286763E-10
    214560  0.56100551E-10
    214848  0.55836114E-10
    215136  0.55512130E-10
    215424  0.55717063E-10
    215712  0.55756046E-10
    216000  0.55665583E-10
    216288  0.55475419E-10
    216576  0.55210139E-10
    216864  0.54888254E-10
    217152  0.55094335E-10
    217440  0.55135670E-10
    217728  0.55101621E-10
    218016  0.54959100E-10
    218304  0.54735157E-10
    218592  0.55017806E-10
    218880  0.55120693E-10
    219168  0.55085658E-10
    219456  0.54946315E-10
    219744  0.54729596E-10
    220032  0.54455773E-10
    220320  0.54758899E-10
    220608  0.54882758E-10
    220896  0.54870761E-10
    221184  0.54757022E-10
    221472  0.54567864E-10
    221760  0.54324559E-10
    222048  0.54608335E-10
    222336  0.54776246E-10
    222624  0.54805882E-10
    222912  0.54732850E-10
    223200  0.54584611E-10
    223488  0.54949420E-10
    223776  0.55133967E-10
    224064  0.55235476E-10
    224352  0.55223926E-10
    224640  0.55129654E-10
    224928  0.54976228E-10
    225216  0.54781200E-10
    225504  0.55178025E-10
    225792  0.55396413E-10
    226080  0.55482521E-10
    226368  0.55472328E-10
    226656  0.55392444E-10
    226944  0.55318701E-10
    227232  0.55764324E-10
    227520  0.56027859E-10
    227808  0.56157533E-10
    228096  0.56189428E-10
    228384  0.56206529E-10
    228672  0.56158599E-10
    228960  0.56065513E-10
    229248  0.56515126E-10
    229536  0.56846784E-10
    229824  0.57036032E-10
    230112  0.57121530E-10
    230400  0.57132788E-10
    230688  0.57150496E-10
    230976  0.57115052E-10
    231264  0.57621425E-10
    231552  0.57944944E-10
    231840  0.58193762E-10
    232128  0.58329612E-10
    232416  0.58383819E-10
    232704  0.58379190E-10
    232992  0.58394754E-10
    233280  0.58363966E-10
    233568  0.58886514E-10
    233856  0.59222176E-10
    234144  0.59482426E-10
    234432  0.59625568E-10
    234720  0.59683015E-10
    235008  0.59678928E-10
    235296  0.59695318E-10
    235584  0.59659146E-10
    235872  0.60118084E-10
    236160  0.60393558E-10
    236448  0.60601198E-10
    236736  0.60691119E-10
    237024  0.60694900E-10
    237312  0.60635136E-10
    237600  0.60528818E-10
    237888  0.60457667E-10
    238176  0.60949100E-10
    238464  0.61216504E-10
    238752  0.61322850E-10
    239040  0.61384606E-10
    239328  0.61341543E-10
    239616  0.61224692E-10
    239904  0.61055432E-10
    240192  0.60923912E-10
    240480  0.61372754E-10
    240768  0.61580574E-10
    241056  0.61624553E-10
    241344  0.61558689E-10
    241632  0.61495906E-10
    241920  0.61361784E-10
    242208  0.61184738E-10
    242496  0.60983496E-10
    242784  0.61495316E-10
    243072  0.61746760E-10
    243360  0.61831609E-10
    243648  0.61814324E-10
    243936  0.61737240E-10
    244224  0.61709554E-10
    244512  0.61637653E-10
    244800  0.61544075E-10
    245088  0.62102434E-10
    245376  0.62413089E-10
    245664  0.62573273E-10
    245952  0.62728107E-10
    246240  0.62801146E-10
    246528  0.62828798E-10
    246816  0.62834217E-10
    247104  0.62831088E-10
    247392  0.63497103E-10
    247680  0.63993477E-10
    247968  0.64300974E-10
    248256  0.64496755E-10
    248544  0.64628136E-10
    248832  0.64723921E-10
    249120  0.64801671E-10
    249408  0.64871851E-10
    249696  0.65621730E-10
    249984  0.66196215E-10
    250272  0.66573157E-10
    250560  0.66832616E-10
    250848  0.67023533E-10
    251136  0.67175446E-10
    251424  0.67306029E-10
    251712  0.67425794E-10
    252000  0.68235653E-10
    252288  0.68765181E-10
    252576  0.69126843E-10
    252864  0.69388960E-10
    253152  0.69592790E-10
    253440  0.69868521E-10
    253728  0.70082697E-10
    254016  0.70261116E-10
    254304  0.71125265E-10
    254592  0.71691743E-10
    254880  0.72078850E-10
    255168  0.72359126E-10
    255456  0.72575869E-10
    255744  0.72754629E-10
    256032  0.72910282E-10
    256320  0.73051357E-10
    256608  0.73182356E-10
    256896  0.73305646E-10
    257184  0.73422150E-10
    257472  0.74253437E-10
    257760  0.74776810E-10
    258048  0.75115164E-10
    258336  0.75341781E-10
    258624  0.75499398E-10
    258912  0.75613148E-10
    259200  0.75696407E-10
    259488  0.75756415E-10
    259776  0.75796473E-10
    260064  0.75818032E-10
    260352  0.75821238E-10
    260640  0.75690752E-10
    260928  0.75594260E-10
    261216  0.75506774E-10
    261504  0.75414099E-10
    261792  0.75307899E-10
    262080  0.75183811E-10
    262368  0.75039190E-10
    262656  0.74872601E-10
    262944  0.74683267E-10
    263232  0.74471138E-10
    263520  0.74236638E-10
    263808  0.73980308E-10
    264096  0.73703092E-10
    264384  0.73304460E-10
    264672  0.72941771E-10
    264960  0.72582239E-10
    265248  0.72219425E-10
    265536  0.71913031E-10
    265824  0.71863245E-10
    266112  0.72088287E-10
    266400  0.72491978E-10
    266688  0.73006934E-10
    266976  0.73592361E-10
    267264  0.74126337E-10
    267552  0.74748117E-10
    267840  0.74758678E-10
    268128  0.75066661E-10
    268416  0.75514220E-10
    268704  0.76028850E-10
    268992  0.76576356E-10
    269280  0.77139135E-10
    269568  0.77602647E-10
    269856  0.78132278E-10
    270144  0.78678827E-10
    270432  0.78516339E-10
    270720  0.78649830E-10
    271008  0.78921494E-10
    271296  0.79262666E-10
    271584  0.79640849E-10
    271872  0.80039420E-10
    272160  0.80338160E-10
    272448  0.79966429E-10
    272736  0.79939846E-10
    273024  0.80078139E-10
    273312  0.80301946E-10
    273600  0.80574089E-10
    273888  0.80875653E-10
    274176  0.80429705E-10
    274464  0.80207958E-10
    274752  0.80229448E-10
    275040  0.80370682E-10
    275328  0.80576032E-10
    275616  0.80819261E-10
    275904  0.80299906E-10
    276192  0.80132463E-10
    276480  0.80146889E-10
    276768  0.80150907E-10
    277056  0.80284002E-10
    277344  0.79680942E-10
    277632  0.79454929E-10
    277920  0.79426563E-10
    278208  0.79508067E-10
    278496  0.78852126E-10
    278784  0.78582495E-10
    279072  0.78520940E-10
    279360  0.78468974E-10
    279648  0.77744852E-10
    279936  0.77438195E-10
    280224  0.77354102E-10
    280512  0.77394882E-10
    280800  0.77510914E-10
    281088  0.76862544E-10
    281376  0.76589658E-10
    281664  0.76523080E-10
    281952  0.76470281E-10
    282240  0.75552058E-10
    282528  0.75121943E-10
    282816  0.74959157E-10
    283104  0.74947618E-10
    283392  0.75026325E-10
    283680  0.74349749E-10
    283968  0.74049739E-10
    284256  0.73961968E-10
    284544  0.73997669E-10
    284832  0.73195679E-10
    285120  0.72833420E-10
    285408  0.72714355E-10
    285696  0.71924924E-10
    285984  0.71550488E-10
    286272  0.71412563E-10
    286560  0.71412307E-10
    286848  0.70694388E-10
    287136  0.70356297E-10
    287424  0.70142878E-10
    287712  0.70109966E-10
    288000  0.69380404E-10
    288288  0.69034098E-10
    288576  0.68910322E-10
    288864  0.68916296E-10
    289152  0.68209771E-10
    289440  0.67868600E-10
    289728  0.67743165E-10
    290016  0.67657914E-10
    290304  0.66908409E-10
    290592  0.66541210E-10
    290880  0.66399608E-10
    291168  0.66391025E-10
    291456  0.65686685E-10
    291744  0.65335154E-10
    292032  0.65196681E-10
    292320  0.65102215E-10
    292608  0.65126134E-10
    292896  0.64450972E-10
    293184  0.64111674E-10
    293472  0.63976539E-10
    293760  0.63963723E-10
    294048  0.63270549E-10
    294336  0.62826126E-10
    294624  0.62623545E-10
    294912  0.62566230E-10
    295200  0.62597406E-10
    295488  0.61942257E-10
    295776  0.61594188E-10
    296064  0.61440644E-10
    296352  0.61333987E-10
    296640  0.61337165E-10
    296928  0.60686331E-10
    297216  0.60338186E-10
    297504  0.60184836E-10
    297792  0.60155873E-10
    298080  0.60137069E-10
    298368  0.60200990E-10
    298656  0.59621315E-10
    298944  0.59317239E-10
    299232  0.59197154E-10
    299520  0.59198563E-10
    299808  0.59212815E-10
    300096  0.59306421E-10
    300384  0.59453213E-10
    300672  0.58967699E-10
    300960  0.58717274E-10
    301248  0.58627471E-10
    301536  0.58579197E-10
    301824  0.58622905E-10
    302112  0.58726135E-10
    302400  0.58866703E-10
    302688  0.59029420E-10
    302976  0.59204384E-10
    303264  0.59323872E-10
    303552  0.58828054E-10
    303840  0.58517080E-10
    304128  0.58335503E-10
    304416  0.58241308E-10
    304704  0.58143365E-10
    304992  0.58097326E-10
    305280  0.58083077E-10
    305568  0.58086133E-10
    305856  0.58096365E-10
    306144  0.58106471E-10
    306432  0.58054426E-10
    306720  0.58008740E-10
    307008  0.57963079E-10
    307296  0.57912602E-10
    307584  0.57853829E-10
    307872  0.57784496E-10
    308160  0.57702860E-10
    308448  0.57553094E-10
    308736  0.57402385E-10
    309024  0.57247044E-10
    309312  0.57084459E-10
    309600  0.56912690E-10
    309888  0.56730416E-10
    310176  0.56536723E-10
    310464  0.56278045E-10
    310752  0.56019574E-10
    311040  0.55758596E-10
    311328  0.55492933E-10
    311616  0.55221036E-10
    311904  0.54941999E-10
    312192  0.55210832E-10
    312480  0.55344933E-10
    312768  0.55370784E-10
    313056  0.55309927E-10
    313344  0.55130012E-10
    313632  0.54905139E-10
    313920  0.54643887E-10
    314208  0.54353706E-10
    314496  0.54039835E-10
    314784  0.53706567E-10
    315072  0.53901980E-10
