       288  0.33590257E+16
       576  0.34032389E+16
       864  0.34293403E+16
      1152  0.34506940E+16
      1440  0.34707741E+16
      1728  0.34926054E+16
      2016  0.35144968E+16
      2304  0.35366669E+16
      2592  0.35591454E+16
      2880  0.35819276E+16
      3168  0.36050087E+16
      3456  0.36302516E+16
      3744  0.36557752E+16
      4032  0.36817670E+16
      4320  0.37085687E+16
      4608  0.37363950E+16
      4896  0.37653723E+16
      5184  0.37972877E+16
      5472  0.38302883E+16
      5760  0.38643305E+16
      6048  0.38993552E+16
      6336  0.39352885E+16
      6624  0.39720515E+16
      6912  0.40110850E+16
      7200  0.40506255E+16
      7488  0.40906479E+16
      7776  0.41311269E+16
      8064  0.41720507E+16
      8352  0.42147698E+16
      8640  0.42577581E+16
      8928  0.43010506E+16
      9216  0.43446716E+16
      9504  0.43886368E+16
      9792  0.44329595E+16
     10080  0.44788636E+16
     10368  0.45249918E+16
     10656  0.45713769E+16
     10944  0.46180444E+16
     11232  0.46650050E+16
     11520  0.47122679E+16
     11808  0.47609793E+16
     12096  0.48098845E+16
     12384  0.48589910E+16
     12672  0.49083149E+16
     12960  0.49578595E+16
     13248  0.50087366E+16
     13536  0.50597367E+16
     13824  0.51108715E+16
     14112  0.51621352E+16
     14400  0.52135320E+16
     14688  0.52650522E+16
     14976  0.53166804E+16
     15264  0.53695117E+16
     15552  0.54223393E+16
     15840  0.54751593E+16
     16128  0.55279729E+16
     16416  0.55807645E+16
     16704  0.56335185E+16
     16992  0.56873377E+16
     17280  0.57410049E+16
     17568  0.57945181E+16
     17856  0.58478627E+16
     18144  0.59010241E+16
     18432  0.59539709E+16
     18720  0.60066760E+16
     19008  0.60603175E+16
     19296  0.61136095E+16
     19584  0.61665331E+16
     19872  0.62184974E+16
     20160  0.62683888E+16
     20448  0.63166900E+16
     20736  0.63637698E+16
     21024  0.64111841E+16
     21312  0.64575773E+16
     21600  0.65029295E+16
     21888  0.65471789E+16
     22176  0.65902671E+16
     22464  0.66321086E+16
     22752  0.66726182E+16
     23040  0.67116810E+16
     23328  0.67512000E+16
     23616  0.67892003E+16
     23904  0.68255749E+16
     24192  0.68601821E+16
     24480  0.68928932E+16
     24768  0.69235490E+16
     25056  0.69519983E+16
     25344  0.69780307E+16
     25632  0.70040281E+16
     25920  0.70274260E+16
     26208  0.70480145E+16
     26496  0.70655428E+16
     26784  0.70797425E+16
     27072  0.70903242E+16
     27360  0.70969546E+16
     27648  0.70993104E+16
     27936  0.71015153E+16
     28224  0.71031742E+16
     28512  0.71243092E+16
     28800  0.71512483E+16
     29088  0.71804267E+16
     29376  0.72108668E+16
     29664  0.72418603E+16
     29952  0.72729747E+16
     30240  0.73084409E+16
     30528  0.73420845E+16
     30816  0.73742656E+16
     31104  0.74052462E+16
     31392  0.74352235E+16
     31680  0.74643708E+16
     31968  0.74927390E+16
     32256  0.75203739E+16
     32544  0.75522227E+16
     32832  0.75818145E+16
     33120  0.76097431E+16
     33408  0.76363987E+16
     33696  0.76620370E+16
     33984  0.76868748E+16
     34272  0.77110544E+16
     34560  0.77345988E+16
     34848  0.77626375E+16
     35136  0.77882210E+16
     35424  0.78121214E+16
     35712  0.78348176E+16
     36000  0.78566559E+16
     36288  0.78777372E+16
     36576  0.78981485E+16
     36864  0.79179478E+16
     37152  0.79423641E+16
     37440  0.79642765E+16
     37728  0.79845906E+16
     38016  0.80037204E+16
     38304  0.80219182E+16
     38592  0.80393627E+16
     38880  0.80561614E+16
     39168  0.80723690E+16
     39456  0.80931266E+16
     39744  0.81113244E+16
     40032  0.81279239E+16
     40320  0.81433439E+16
     40608  0.81578507E+16
     40896  0.81716048E+16
     41184  0.81847114E+16
     41472  0.81972291E+16
     41760  0.82141346E+16
     42048  0.82284481E+16
     42336  0.82411231E+16
     42624  0.82526819E+16
     42912  0.82634124E+16
     43200  0.82735394E+16
     43488  0.82831945E+16
     43776  0.82923535E+16
     44064  0.83057871E+16
     44352  0.83167049E+16
     44640  0.83260808E+16
     44928  0.83344388E+16
     45216  0.83420656E+16
     45504  0.83491174E+16
     45792  0.83556801E+16
     46080  0.83617994E+16
     46368  0.83675041E+16
     46656  0.83728197E+16
     46944  0.83777450E+16
     47232  0.83869174E+16
     47520  0.83936449E+16
     47808  0.83989299E+16
     48096  0.84032807E+16
     48384  0.84069518E+16
     48672  0.84100828E+16
     48960  0.84127463E+16
     49248  0.84149770E+16
     49536  0.84167862E+16
     49824  0.84181944E+16
     50112  0.84192037E+16
     50400  0.84197744E+16
     50688  0.84198576E+16
     50976  0.84195495E+16
     51264  0.84188687E+16
     51552  0.84178100E+16
     51840  0.84163717E+16
     52128  0.84145378E+16
     52416  0.84123092E+16
     52704  0.84096737E+16
     52992  0.84066275E+16
     53280  0.84031798E+16
     53568  0.83993019E+16
     53856  0.83950048E+16
     54144  0.83902363E+16
     54432  0.83849589E+16
     54720  0.83792455E+16
     55008  0.83731198E+16
     55296  0.83665780E+16
     55584  0.83595987E+16
     55872  0.83521716E+16
     56160  0.83442974E+16
     56448  0.83359619E+16
     56736  0.83271567E+16
     57024  0.83178516E+16
     57312  0.83079791E+16
     57600  0.82929140E+16
     57888  0.82795421E+16
     58176  0.82667716E+16
     58464  0.82540671E+16
     58752  0.82411494E+16
     59040  0.82278866E+16
     59328  0.82141647E+16
     59616  0.81999043E+16
     59904  0.81851608E+16
     60192  0.81650920E+16
     60480  0.81467273E+16
     60768  0.81289622E+16
     61056  0.81112465E+16
     61344  0.80932957E+16
     61632  0.80749739E+16
     61920  0.80561679E+16
     62208  0.80318396E+16
     62496  0.80092099E+16
     62784  0.79872047E+16
     63072  0.79652643E+16
     63360  0.79431039E+16
     63648  0.79205672E+16
     63936  0.78925554E+16
     64224  0.78661982E+16
     64512  0.78404134E+16
     64800  0.78147064E+16
     65088  0.77888013E+16
     65376  0.77625456E+16
     65664  0.77307403E+16
     65952  0.77006509E+16
     66240  0.76712223E+16
     66528  0.76418780E+16
     66816  0.76122846E+16
     67104  0.75771534E+16
     67392  0.75437960E+16
     67680  0.75111779E+16
     67968  0.74787385E+16
     68256  0.74409364E+16
     68544  0.74050020E+16
     68832  0.73698869E+16
     69120  0.73349962E+16
     69408  0.72946745E+16
     69696  0.72562571E+16
     69984  0.72187308E+16
     70272  0.71815273E+16
     70560  0.71443232E+16
     70848  0.71016549E+16
     71136  0.70607985E+16
     71424  0.70208166E+16
     71712  0.69811741E+16
     72000  0.69348926E+16
     72288  0.68910345E+16
     72576  0.68484741E+16
     72864  0.68065487E+16
     73152  0.67648645E+16
     73440  0.67179403E+16
     73728  0.66728829E+16
     74016  0.66288531E+16
     74304  0.65853359E+16
     74592  0.65367792E+16
     74880  0.64901439E+16
     75168  0.64446253E+16
     75456  0.63944944E+16
     75744  0.63465604E+16
     76032  0.62999423E+16
     76320  0.62540978E+16
     76608  0.62035267E+16
     76896  0.61549947E+16
     77184  0.61077221E+16
     77472  0.60612076E+16
     77760  0.60100567E+16
     78048  0.59609486E+16
     78336  0.59131714E+16
     78624  0.58662639E+16
     78912  0.58149224E+16
     79200  0.57656232E+16
     79488  0.57177031E+16
     79776  0.56707221E+16
     80064  0.56194498E+16
     80352  0.55702225E+16
     80640  0.55224308E+16
     80928  0.54756619E+16
     81216  0.54248535E+16
     81504  0.53761013E+16
     81792  0.53288341E+16
     82080  0.52826589E+16
     82368  0.52372982E+16
     82656  0.51879812E+16
     82944  0.51405803E+16
     83232  0.50946290E+16
     83520  0.50497965E+16
     83808  0.50014073E+16
     84096  0.49550120E+16
     84384  0.49101585E+16
     84672  0.48665228E+16
     84960  0.48238861E+16
     85248  0.47778612E+16
     85536  0.47337234E+16
     85824  0.46911018E+16
     86112  0.46497182E+16
     86400  0.46093734E+16
     86688  0.45659513E+16
     86976  0.45243572E+16
     87264  0.44842844E+16
     87552  0.44454946E+16
     87840  0.44078125E+16
     88128  0.43711200E+16
     88416  0.43316850E+16
     88704  0.42939309E+16
     88992  0.42576244E+16
     89280  0.42225872E+16
     89568  0.41886856E+16
     89856  0.41558165E+16
     90144  0.41239106E+16
     90432  0.40897116E+16
     90720  0.40569993E+16
     91008  0.40256398E+16
     91296  0.39954975E+16
     91584  0.39664809E+16
     91872  0.39385194E+16
     92160  0.39115574E+16
     92448  0.38855600E+16
     92736  0.38604999E+16
     93024  0.38363697E+16
     93312  0.38105218E+16
     93600  0.37858870E+16
     93888  0.37624252E+16
     94176  0.37400905E+16
     94464  0.37188347E+16
     94752  0.36986379E+16
     95040  0.36794797E+16
     95328  0.36613463E+16
     95616  0.36442328E+16
     95904  0.36281468E+16
     96192  0.36130819E+16
     96480  0.35990320E+16
     96768  0.35859852E+16
     97056  0.35739228E+16
     97344  0.35628273E+16
     97632  0.35526762E+16
     97920  0.35434506E+16
     98208  0.35351296E+16
     98496  0.35277025E+16
     98784  0.35211565E+16
     99072  0.35154758E+16
     99360  0.35106523E+16
     99648  0.35066768E+16
     99936  0.35035428E+16
    100224  0.35012377E+16
    100512  0.34997662E+16
    100800  0.34991227E+16
    101088  0.34993037E+16
    101376  0.35003068E+16
    101664  0.35021287E+16
    101952  0.35062553E+16
    102240  0.35111100E+16
    102528  0.35167002E+16
    102816  0.35230334E+16
    103104  0.35301214E+16
    103392  0.35379758E+16
    103680  0.35465972E+16
    103968  0.35559954E+16
    104256  0.35661787E+16
    104544  0.35771481E+16
    104832  0.35901422E+16
    105120  0.36038461E+16
    105408  0.36182737E+16
    105696  0.36334409E+16
    105984  0.36493583E+16
    106272  0.36660351E+16
    106560  0.36834815E+16
    106848  0.37027925E+16
    107136  0.37227966E+16
    107424  0.37435166E+16
    107712  0.37649643E+16
    108000  0.37871502E+16
    108288  0.38100883E+16
    108576  0.38347691E+16
    108864  0.38601287E+16
    109152  0.38861852E+16
    109440  0.39129522E+16
    109728  0.39404430E+16
    110016  0.39686631E+16
    110304  0.39985203E+16
    110592  0.40290353E+16
    110880  0.40602240E+16
    111168  0.40920999E+16
    111456  0.41246692E+16
    111744  0.41579361E+16
    112032  0.41927412E+16
    112320  0.42281671E+16
    112608  0.42642288E+16
    112896  0.43009311E+16
    113184  0.43382783E+16
    113472  0.43770565E+16
    113760  0.44164070E+16
    114048  0.44563402E+16
    114336  0.44968683E+16
    114624  0.45379884E+16
    114912  0.45797032E+16
    115200  0.46227415E+16
    115488  0.46662887E+16
    115776  0.47103432E+16
    116064  0.47549196E+16
    116352  0.48000136E+16
    116640  0.48456175E+16
    116928  0.48924230E+16
    117216  0.49396505E+16
    117504  0.49872978E+16
    117792  0.50353665E+16
    118080  0.50838513E+16
    118368  0.51334147E+16
    118656  0.51833067E+16
    118944  0.52335256E+16
    119232  0.52840693E+16
    119520  0.53349254E+16
    119808  0.53860892E+16
    120096  0.54375413E+16
    120384  0.54899147E+16
    120672  0.55424733E+16
    120960  0.55952171E+16
    121248  0.56481370E+16
    121536  0.57012212E+16
    121824  0.57544568E+16
    122112  0.58084510E+16
    122400  0.58624881E+16
    122688  0.59165666E+16
    122976  0.59706772E+16
    123264  0.60248046E+16
    123552  0.60789260E+16
    123840  0.61330232E+16
    124128  0.61877105E+16
    124416  0.62422657E+16
    124704  0.62966814E+16
    124992  0.63509440E+16
    125280  0.64050450E+16
    125568  0.64589651E+16
    125856  0.65126726E+16
    126144  0.65667929E+16
    126432  0.66205960E+16
    126720  0.66740796E+16
    127008  0.67272314E+16
    127296  0.67800327E+16
    127584  0.68324667E+16
    127872  0.68845115E+16
    128160  0.69361440E+16
    128448  0.69880025E+16
    128736  0.70393413E+16
    129024  0.70901567E+16
    129312  0.71404266E+16
    129600  0.71901430E+16
    129888  0.72392823E+16
    130176  0.72878294E+16
    130464  0.73357510E+16
    130752  0.73836737E+16
    131040  0.74308749E+16
    131328  0.74773453E+16
    131616  0.75230626E+16
    131904  0.75680244E+16
    132192  0.76122025E+16
    132480  0.76555795E+16
    132768  0.76981211E+16
    133056  0.77406580E+16
    133344  0.77822391E+16
    133632  0.78228679E+16
    133920  0.78625314E+16
    134208  0.79011990E+16
    134496  0.79388557E+16
    134784  0.79754724E+16
    135072  0.80110208E+16
    135360  0.80465316E+16
    135648  0.80808274E+16
    135936  0.81139185E+16
    136224  0.81457904E+16
    136512  0.81764146E+16
    136800  0.82057471E+16
    137088  0.82337637E+16
    137376  0.82604204E+16
    137664  0.82871270E+16
    137952  0.83122762E+16
    138240  0.83358846E+16
    138528  0.83579398E+16
    138816  0.83784160E+16
    139104  0.83972618E+16
    139392  0.84143977E+16
    139680  0.84297715E+16
    139968  0.84453719E+16
    140256  0.84589633E+16
    140544  0.84705715E+16
    140832  0.84801289E+16
    141120  0.84875802E+16
    141408  0.84928597E+16
    141696  0.84958839E+16
    141984  0.84965674E+16
    142272  0.84977925E+16
    142560  0.84962769E+16
    142848  0.84920195E+16
    143136  0.84850000E+16
    143424  0.84751478E+16
    143712  0.84623751E+16
    144000  0.84465573E+16
    144288  0.84275644E+16
    144576  0.84096694E+16
    144864  0.83881023E+16
    145152  0.83629064E+16
    145440  0.83341183E+16
    145728  0.83017224E+16
    146016  0.82657848E+16
    146304  0.82284567E+16
    146592  0.82055162E+16
    146880  0.82021833E+16
    147168  0.82012454E+16
    147456  0.82017028E+16
    147744  0.82032061E+16
    148032  0.82054620E+16
    148320  0.82081737E+16
    148608  0.82111818E+16
    148896  0.82143891E+16
    149184  0.82234622E+16
    149472  0.82309628E+16
    149760  0.82373135E+16
    150048  0.82428008E+16
    150336  0.82476262E+16
    150624  0.82519282E+16
    150912  0.82558194E+16
    151200  0.82593864E+16
    151488  0.82626742E+16
    151776  0.82657193E+16
    152064  0.82685400E+16
    152352  0.82770221E+16
    152640  0.82836218E+16
    152928  0.82888273E+16
    153216  0.82929789E+16
    153504  0.82963172E+16
    153792  0.82990091E+16
    154080  0.83011888E+16
    154368  0.83029239E+16
    154656  0.83042640E+16
    154944  0.83052395E+16
    155232  0.83058805E+16
    155520  0.83062096E+16
    155808  0.83061768E+16
    156096  0.83058112E+16
    156384  0.83051187E+16
    156672  0.83041034E+16
    156960  0.83027623E+16
    157248  0.83010835E+16
    157536  0.82990628E+16
    157824  0.82967005E+16
    158112  0.82939904E+16
    158400  0.82909319E+16
    158688  0.82875077E+16
    158976  0.82837115E+16
    159264  0.82795395E+16
    159552  0.82749492E+16
    159840  0.82699574E+16
    160128  0.82645833E+16
    160416  0.82588076E+16
    160704  0.82526288E+16
    160992  0.82460452E+16
    161280  0.82390470E+16
    161568  0.82316210E+16
    161856  0.82237693E+16
    162144  0.82154983E+16
    162432  0.82067339E+16
    162720  0.81914808E+16
    163008  0.81776140E+16
    163296  0.81645836E+16
    163584  0.81519800E+16
    163872  0.81395117E+16
    164160  0.81269795E+16
    164448  0.81142616E+16
    164736  0.81012178E+16
    165024  0.80878105E+16
    165312  0.80678958E+16
    165600  0.80494232E+16
    165888  0.80318133E+16
    166176  0.80146286E+16
    166464  0.79975663E+16
    166752  0.79804213E+16
    167040  0.79630583E+16
    167328  0.79391611E+16
    167616  0.79167527E+16
    167904  0.78952317E+16
    168192  0.78741482E+16
    168480  0.78531813E+16
    168768  0.78321112E+16
    169056  0.78046353E+16
    169344  0.77786926E+16
    169632  0.77536438E+16
    169920  0.77290336E+16
    170208  0.77045534E+16
    170496  0.76799733E+16
    170784  0.76489840E+16
    171072  0.76195340E+16
    171360  0.75909805E+16
    171648  0.75628919E+16
    171936  0.75349022E+16
    172224  0.75006547E+16
    172512  0.74680322E+16
    172800  0.74363896E+16
    173088  0.74052479E+16
    173376  0.73681485E+16
    173664  0.73328610E+16
    173952  0.72986741E+16
    174240  0.72651219E+16
    174528  0.72256721E+16
    174816  0.71880793E+16
    175104  0.71516424E+16
    175392  0.71158497E+16
    175680  0.70803534E+16
    175968  0.70388861E+16
    176256  0.69991098E+16
    176544  0.69603816E+16
    176832  0.69222879E+16
    177120  0.68769986E+16
    177408  0.68339743E+16
    177696  0.67924333E+16
    177984  0.67518137E+16
    178272  0.67117159E+16
    178560  0.66660384E+16
    178848  0.66221368E+16
    179136  0.65793970E+16
    179424  0.65373719E+16
    179712  0.64900564E+16
    180000  0.64446199E+16
    180288  0.64004247E+16
    180576  0.63513568E+16
    180864  0.63044182E+16
    181152  0.62589324E+16
    181440  0.62144172E+16
    181728  0.61650132E+16
    182016  0.61175828E+16
    182304  0.60715483E+16
    182592  0.60264678E+16
    182880  0.59766188E+16
    183168  0.59287181E+16
    183456  0.58821918E+16
    183744  0.58366361E+16
    184032  0.57865391E+16
    184320  0.57383850E+16
    184608  0.56916316E+16
    184896  0.56459187E+16
    185184  0.55959134E+16
    185472  0.55478554E+16
    185760  0.55012298E+16
    186048  0.54556731E+16
    186336  0.54060592E+16
    186624  0.53583813E+16
    186912  0.53121686E+16
    187200  0.52671031E+16
    187488  0.52229406E+16
    187776  0.51748864E+16
    188064  0.51286226E+16
    188352  0.50837584E+16
    188640  0.50399943E+16
    188928  0.49927508E+16
    189216  0.49473889E+16
    189504  0.49035427E+16
    189792  0.48609076E+16
    190080  0.48192722E+16
    190368  0.47744064E+16
    190656  0.47312909E+16
    190944  0.46896163E+16
    191232  0.46491673E+16
    191520  0.46097889E+16
    191808  0.45675678E+16
    192096  0.45270464E+16
    192384  0.44879662E+16
    192672  0.44501233E+16
    192960  0.44133989E+16
    193248  0.43777157E+16
    193536  0.43396291E+16
    193824  0.43031267E+16
    194112  0.42680174E+16
    194400  0.42341602E+16
    194688  0.42014702E+16
    194976  0.41698992E+16
    195264  0.41393977E+16
    195552  0.41071046E+16
    195840  0.40763030E+16
    196128  0.40468688E+16
    196416  0.40187137E+16
    196704  0.39917821E+16
    196992  0.39659972E+16
    197280  0.39412998E+16
    197568  0.39176297E+16
    197856  0.38949402E+16
    198144  0.38731951E+16
    198432  0.38502983E+16
    198720  0.38285918E+16
    199008  0.38079749E+16
    199296  0.37883646E+16
    199584  0.37697054E+16
    199872  0.37519608E+16
    200160  0.37350925E+16
    200448  0.37190712E+16
    200736  0.37038724E+16
    201024  0.36894843E+16
    201312  0.36758945E+16
    201600  0.36631014E+16
    201888  0.36510934E+16
    202176  0.36398653E+16
    202464  0.36294149E+16
    202752  0.36197386E+16
    203040  0.36108381E+16
    203328  0.36027147E+16
    203616  0.35953743E+16
    203904  0.35888234E+16
    204192  0.35830596E+16
    204480  0.35780846E+16
    204768  0.35739059E+16
    205056  0.35705271E+16
    205344  0.35679550E+16
    205632  0.35661989E+16
    205920  0.35652655E+16
    206208  0.35651538E+16
    206496  0.35658711E+16
    206784  0.35674227E+16
    207072  0.35705314E+16
    207360  0.35743663E+16
    207648  0.35789595E+16
    207936  0.35843400E+16
    208224  0.35905266E+16
    208512  0.35975374E+16
    208800  0.36053813E+16
    209088  0.36140711E+16
    209376  0.36236145E+16
    209664  0.36340134E+16
    209952  0.36457902E+16
    210240  0.36583536E+16
    210528  0.36717219E+16
    210816  0.36859203E+16
    211104  0.37009610E+16
    211392  0.37168510E+16
    211680  0.37335995E+16
    211968  0.37516223E+16
    212256  0.37704471E+16
    212544  0.37900909E+16
    212832  0.38105710E+16
    213120  0.38318914E+16
    213408  0.38540650E+16
    213696  0.38774345E+16
    213984  0.39016014E+16
    214272  0.39265853E+16
    214560  0.39523937E+16
    214848  0.39790316E+16
    215136  0.40065047E+16
    215424  0.40350979E+16
    215712  0.40644787E+16
    216000  0.40946540E+16
    216288  0.41256275E+16
    216576  0.41574041E+16
    216864  0.41899817E+16
    217152  0.42236037E+16
    217440  0.42579785E+16
    217728  0.42931052E+16
    218016  0.43289928E+16
    218304  0.43656311E+16
    218592  0.44032364E+16
    218880  0.44415467E+16
    219168  0.44805657E+16
    219456  0.45202877E+16
    219744  0.45607136E+16
    220032  0.46018277E+16
    220320  0.46438142E+16
    220608  0.46864358E+16
    220896  0.47296926E+16
    221184  0.47735754E+16
    221472  0.48180771E+16
    221760  0.48631845E+16
    222048  0.49090472E+16
    222336  0.49554619E+16
    222624  0.50024161E+16
    222912  0.50498958E+16
    223200  0.50978926E+16
    223488  0.51465380E+16
    223776  0.51956423E+16
    224064  0.52451918E+16
    224352  0.52951723E+16
    224640  0.53455684E+16
    224928  0.53963628E+16
    225216  0.54475341E+16
    225504  0.54991951E+16
    225792  0.55511738E+16
    226080  0.56034463E+16
    226368  0.56560043E+16
    226656  0.57088222E+16
    226944  0.57618790E+16
    227232  0.58152757E+16
    227520  0.58688441E+16
    227808  0.59225731E+16
    228096  0.59764411E+16
    228384  0.60304208E+16
    228672  0.60844955E+16
    228960  0.61386427E+16
    229248  0.61929488E+16
    229536  0.62472565E+16
    229824  0.63015502E+16
    230112  0.63558064E+16
    230400  0.64100084E+16
    230688  0.64641309E+16
    230976  0.65181481E+16
    231264  0.65721402E+16
    231552  0.66259636E+16
    231840  0.66796051E+16
    232128  0.67330366E+16
    232416  0.67862443E+16
    232704  0.68391996E+16
    232992  0.68918887E+16
    233280  0.69442851E+16
    233568  0.69964604E+16
    233856  0.70482840E+16
    234144  0.70997463E+16
    234432  0.71508194E+16
    234720  0.72014898E+16
    235008  0.72517355E+16
    235296  0.73015432E+16
    235584  0.73508881E+16
    235872  0.73998426E+16
    236160  0.74482893E+16
    236448  0.74962158E+16
    236736  0.75436075E+16
    237024  0.75904479E+16
    237312  0.76367267E+16
    237600  0.76824300E+16
    237888  0.77275395E+16
    238176  0.77721422E+16
    238464  0.78161130E+16
    238752  0.78594444E+16
    239040  0.79021299E+16
    239328  0.79441583E+16
    239616  0.79855205E+16
    239904  0.80262019E+16
    240192  0.80662020E+16
    240480  0.81056185E+16
    240768  0.81443242E+16
    241056  0.81823116E+16
    241344  0.82195785E+16
    241632  0.82561233E+16
    241920  0.82919401E+16
    242208  0.83270284E+16
    242496  0.83613758E+16
    242784  0.83951208E+16
    243072  0.84281013E+16
    243360  0.84603329E+16
    243648  0.84918069E+16
    243936  0.85225380E+16
    244224  0.85525142E+16
    244512  0.85817355E+16
    244800  0.86102074E+16
    245088  0.86380887E+16
    245376  0.86651937E+16
    245664  0.86915455E+16
    245952  0.87171376E+16
    246240  0.87419748E+16
    246528  0.87660669E+16
    246816  0.87894068E+16
    247104  0.88120010E+16
    247392  0.88340503E+16
    247680  0.88553330E+16
    247968  0.88758592E+16
    248256  0.88956348E+16
    248544  0.89146663E+16
    248832  0.89329575E+16
    249120  0.89505089E+16
    249408  0.89673194E+16
    249696  0.89836564E+16
    249984  0.89992235E+16
    250272  0.90140283E+16
    250560  0.90280792E+16
    250848  0.90413786E+16
    251136  0.90539296E+16
    251424  0.90657214E+16
    251712  0.90767509E+16
    252000  0.90873938E+16
    252288  0.90972239E+16
    252576  0.91062595E+16
    252864  0.91144972E+16
    253152  0.91219350E+16
    253440  0.91285557E+16
    253728  0.91343367E+16
    254016  0.91392631E+16
    254304  0.91438834E+16
    254592  0.91475749E+16
    254880  0.91503441E+16
    255168  0.91521866E+16
    255456  0.91530896E+16
    255744  0.91530177E+16
    256032  0.91519461E+16
    256320  0.91498383E+16
    256608  0.91466558E+16
    256896  0.91423468E+16
    257184  0.91368675E+16
    257472  0.91312175E+16
    257760  0.91242479E+16
    258048  0.91159607E+16
    258336  0.91063378E+16
    258624  0.90953374E+16
    258912  0.90829109E+16
    259200  0.90689942E+16
    259488  0.90535291E+16
    259776  0.90364426E+16
    260064  0.90176682E+16
    260352  0.89971292E+16
    260640  0.89747733E+16
    260928  0.89505400E+16
    261216  0.89243509E+16
    261504  0.88961072E+16
    261792  0.88657493E+16
    262080  0.88331860E+16
    262368  0.87983608E+16
    262656  0.87612034E+16
    262944  0.87216634E+16
    263232  0.86796865E+16
    263520  0.86352384E+16
    263808  0.85882767E+16
    264096  0.85387907E+16
    264384  0.84868430E+16
    264672  0.84324902E+16
    264960  0.83757762E+16
    265248  0.83175655E+16
    265536  0.82697485E+16
    265824  0.82429576E+16
    266112  0.82224438E+16
    266400  0.82052354E+16
    266688  0.81904420E+16
    266976  0.81774067E+16
    267264  0.81656772E+16
    267552  0.81547723E+16
    267840  0.81385641E+16
    268128  0.81243065E+16
    268416  0.81113088E+16
    268704  0.80990832E+16
    268992  0.80872640E+16
    269280  0.80755870E+16
    269568  0.80639219E+16
    269856  0.80520683E+16
    270144  0.80399098E+16
    270432  0.80213351E+16
    270720  0.80041193E+16
    271008  0.79877002E+16
    271296  0.79716757E+16
    271584  0.79557580E+16
    271872  0.79397415E+16
    272160  0.79235194E+16
    272448  0.79007915E+16
    272736  0.78794611E+16
    273024  0.78589403E+16
    273312  0.78388173E+16
    273600  0.78187947E+16
    273888  0.77986588E+16
    274176  0.77720998E+16
    274464  0.77470199E+16
    274752  0.77228151E+16
    275040  0.76990333E+16
    275328  0.76753707E+16
    275616  0.76516029E+16
    275904  0.76214039E+16
    276192  0.75926899E+16
    276480  0.75648445E+16
    276768  0.75374813E+16
    277056  0.75102496E+16
    277344  0.74767403E+16
    277632  0.74448238E+16
    277920  0.74138598E+16
    278208  0.73833886E+16
    278496  0.73469453E+16
    278784  0.73122828E+16
    279072  0.72787122E+16
    279360  0.72457875E+16
    279648  0.72069916E+16
    279936  0.71700334E+16
    280224  0.71342086E+16
    280512  0.70990242E+16
    280800  0.70641362E+16
    281088  0.70232975E+16
    281376  0.69841322E+16
    281664  0.69459983E+16
    281952  0.69085000E+16
    282240  0.68638479E+16
    282528  0.68214265E+16
    282816  0.67804466E+16
    283104  0.67403611E+16
    283392  0.67007846E+16
    283680  0.66556800E+16
    283968  0.66123255E+16
    284256  0.65701054E+16
    284544  0.65285785E+16
    284832  0.64818353E+16
    285120  0.64369566E+16
    285408  0.63932789E+16
    285696  0.63447818E+16
    285984  0.62983612E+16
    286272  0.62533392E+16
    286560  0.62092450E+16
    286848  0.61603419E+16
    287136  0.61133716E+16
    287424  0.60677585E+16
    287712  0.60230775E+16
    288000  0.59737412E+16
    288288  0.59263075E+16
    288576  0.58801946E+16
    288864  0.58350003E+16
    289152  0.57853945E+16
    289440  0.57376720E+16
    289728  0.56912966E+16
    290016  0.56459305E+16
    290304  0.55964251E+16
    290592  0.55488143E+16
    290880  0.55025763E+16
    291168  0.54573503E+16
    291456  0.54082346E+16
    291744  0.53609878E+16
    292032  0.53151428E+16
    292320  0.52704011E+16
    292608  0.52265419E+16
    292896  0.51790031E+16
    293184  0.51332075E+16
    293472  0.50887632E+16
    293760  0.50453904E+16
    294048  0.49987594E+16
    294336  0.49539490E+16
    294624  0.49106084E+16
    294912  0.48684469E+16
    295200  0.48272872E+16
    295488  0.47831746E+16
    295776  0.47407672E+16
    296064  0.46997712E+16
    296352  0.46599928E+16
    296640  0.46213107E+16
    296928  0.45801316E+16
    297216  0.45406378E+16
    297504  0.45025675E+16
    297792  0.44657561E+16
    298080  0.44301235E+16
    298368  0.43956177E+16
    298656  0.43591604E+16
    298944  0.43243387E+16
    299232  0.42909335E+16
    299520  0.42587927E+16
    299808  0.42278214E+16
    300096  0.41979408E+16
    300384  0.41690678E+16
    300672  0.41387266E+16
    300960  0.41097431E+16
    301248  0.40819313E+16
    301536  0.40551726E+16
    301824  0.40293872E+16
    302112  0.40045027E+16
    302400  0.39804640E+16
    302688  0.39572248E+16
    302976  0.39347618E+16
    303264  0.39130585E+16
    303552  0.38904877E+16
    303840  0.38689551E+16
    304128  0.38483562E+16
    304416  0.38286206E+16
    304704  0.38097061E+16
    304992  0.37915880E+16
    305280  0.37742471E+16
    305568  0.37576631E+16
    305856  0.37418273E+16
    306144  0.37267378E+16
    306432  0.37123926E+16
    306720  0.36987987E+16
    307008  0.36859535E+16
    307296  0.36738584E+16
    307584  0.36625197E+16
    307872  0.36519404E+16
    308160  0.36421258E+16
    308448  0.36330806E+16
    308736  0.36248230E+16
    309024  0.36173503E+16
    309312  0.36106730E+16
    309600  0.36047950E+16
    309888  0.35997251E+16
    310176  0.35954701E+16
    310464  0.35920387E+16
    310752  0.35894370E+16
    311040  0.35876764E+16
    311328  0.35867597E+16
    311616  0.35866944E+16
    311904  0.35874823E+16
    312192  0.35895949E+16
    312480  0.35924859E+16
    312768  0.35961801E+16
    313056  0.36007049E+16
    313344  0.36060747E+16
    313632  0.36123040E+16
    313920  0.36194009E+16
    314208  0.36273766E+16
    314496  0.36362334E+16
    314784  0.36459787E+16
    315072  0.36569279E+16
