       288   7.3435159    
       576   7.4266424    
       864   7.5097871    
      1152   7.5901260    
      1440   7.6669912    
      1728   7.7412920    
      2016   7.8143115    
      2304   7.8856344    
      2592   7.9547496    
      2880   8.0214033    
      3168   8.0855141    
      3456   8.1471844    
      3744   8.2065477    
      4032   8.2637081    
      4320   8.3188181    
      4608   8.3720522    
      4896   8.4235735    
      5184   8.4735975    
      5472   8.5222979    
      5760   8.5697956    
      6048   8.6161947    
      6336   8.6615829    
      6624   8.7060537    
      6912   8.7497015    
      7200   8.7926378    
      7488   8.8348789    
      7776   8.8765011    
      8064   8.9175119    
      8352   8.9579983    
      8640   8.9979696    
      8928   9.0374498    
      9216   9.0765076    
      9504   9.1150990    
      9792   9.1532230    
     10080   9.1909952    
     10368   9.2284527    
     10656   9.2655621    
     10944   9.3022957    
     11232   9.3387232    
     11520   9.3748512    
     11808   9.4107103    
     12096   9.4463263    
     12384   9.4817524    
     12672   9.5169086    
     12960   9.5518131    
     13248   9.5865622    
     13536   9.6211691    
     13824   9.6555319    
     14112   9.6898642    
     14400   9.7239285    
     14688   9.7578974    
     14976   9.7916803    
     15264   9.8254633    
     15552   9.8591013    
     15840   9.8926096    
     16128   9.9261179    
     16416   9.9596262    
     16704   9.9929743    
     16992   10.026247    
     17280   10.059524    
     17568   10.092797    
     17856   10.126066    
     18144   10.159343    
     18432   10.192685    
     18720   10.226108    
     19008   10.259595    
     19296   10.293103    
     19584   10.326658    
     19872   10.360450    
     20160   10.396039    
     20448   10.433270    
     20736   10.471709    
     21024   10.511236    
     21312   10.551760    
     21600   10.593059    
     21888   10.635044    
     22176   10.677643    
     22464   10.720841    
     22752   10.764636    
     23040   10.809033    
     23328   10.854103    
     23616   10.899948    
     23904   10.946588    
     24192   10.994046    
     24480   11.042338    
     24768   11.091496    
     25056   11.141612    
     25344   11.192770    
     25632   11.245127    
     25920   11.298835    
     26208   11.353948    
     26496   11.410574    
     26784   11.468792    
     27072   11.528692    
     27360   11.590388    
     27648   11.654017    
     27936   11.719950    
     28224   11.788586    
     28512   11.861071    
     28800   11.938280    
     29088   12.020400    
     29376   12.107437    
     29664   12.199286    
     29952   12.295824    
     30240   12.397305    
     30528   12.503593    
     30816   12.614283    
     31104   12.729034    
     31392   12.847626    
     31680   12.969910    
     31968   13.095703    
     32256   13.224835    
     32544   13.357708    
     32832   13.494413    
     33120   13.634480    
     33408   13.777586    
     33696   13.923503    
     33984   14.072121    
     34272   14.223469    
     34560   14.377392    
     34848   14.534451    
     35136   14.694639    
     35424   14.857469    
     35712   15.022697    
     36000   15.190293    
     36288   15.360053    
     36576   15.531864    
     36864   15.705646    
     37152   15.882124    
     37440   16.061380    
     37728   16.243093    
     38016   16.426886    
     38304   16.612520    
     38592   16.799919    
     38880   16.989014    
     39168   17.179770    
     39456   17.373091    
     39744   17.569075    
     40032   17.767374    
     40320   17.967649    
     40608   18.169682    
     40896   18.373367    
     41184   18.578663    
     41472   18.785566    
     41760   18.995031    
     42048   19.207008    
     42336   19.420971    
     42624   19.636633    
     42912   19.853844    
     43200   20.072630    
     43488   20.293140    
     43776   20.515257    
     44064   20.739904    
     44352   20.966967    
     44640   21.195841    
     44928   21.426189    
     45216   21.657848    
     45504   21.890736    
     45792   22.124786    
     46080   22.359987    
     46368   22.596338    
     46656   22.833826    
     46944   23.072441    
     47232   23.313234    
     47520   23.556055    
     47808   23.800272    
     48096   24.045551    
     48384   24.291718    
     48672   24.538677    
     48960   24.786360    
     49248   25.034731    
     49536   25.283781    
     49824   25.533489    
     50112   25.783813    
     50400   26.034611    
     50688   26.285664    
     50976   26.537058    
     51264   26.788864    
     51552   27.041079    
     51840   27.293694    
     52128   27.546677    
     52416   27.799978    
     52704   28.053556    
     52992   28.307356    
     53280   28.561361    
     53568   28.815466    
     53856   29.069639    
     54144   29.323704    
     54432   29.577343    
     54720   29.830704    
     55008   30.083767    
     55296   30.336559    
     55584   30.588991    
     55872   30.841030    
     56160   31.092630    
     56448   31.343739    
     56736   31.594288    
     57024   31.844090    
     57312   32.092873    
     57600   32.339615    
     57888   32.584656    
     58176   32.828522    
     58464   33.071499    
     58752   33.313698    
     59040   33.555069    
     59328   33.795425    
     59616   34.034569    
     59904   34.272530    
     60192   34.508259    
     60480   34.741905    
     60768   34.974068    
     61056   35.204956    
     61344   35.434643    
     61632   35.663139    
     61920   35.890244    
     62208   36.114704    
     62496   36.336761    
     62784   36.557034    
     63072   36.775757    
     63360   36.992996    
     63648   37.208694    
     63936   37.421890    
     64224   37.632679    
     64512   37.841309    
     64800   38.048134    
     65088   38.253166    
     65376   38.456558    
     65664   38.657246    
     65952   38.855461    
     66240   39.051662    
     66528   39.245945    
     66816   39.438160    
     67104   39.627590    
     67392   39.814400    
     67680   39.999088    
     67968   40.181927    
     68256   40.362125    
     68544   40.539814    
     68832   40.715458    
     69120   40.889191    
     69408   41.060047    
     69696   41.228352    
     69984   41.394562    
     70272   41.558907    
     70560   41.721424    
     70848   41.881355    
     71136   42.038853    
     71424   42.194324    
     71712   42.347866    
     72000   42.498508    
     72288   42.646584    
     72576   42.792610    
     72864   42.936756    
     73152   43.079140    
     73440   43.219074    
     73728   43.356766    
     74016   43.492519    
     74304   43.626488    
     74592   43.758030    
     74880   43.887222    
     75168   44.014481    
     75456   44.139366    
     75744   44.262093    
     76032   44.382977    
     76320   44.502254    
     76608   44.619427    
     76896   44.734570    
     77184   44.847927    
     77472   44.959614    
     77760   45.069195    
     78048   45.176815    
     78336   45.282730    
     78624   45.387150    
     78912   45.489605    
     79200   45.590149    
     79488   45.689228    
     79776   45.786678    
     80064   45.882267    
     80352   45.976086    
     80640   46.068279    
     80928   46.159073    
     81216   46.248116    
     81504   46.335545    
     81792   46.421562    
     82080   46.506210    
     82368   46.589569    
     82656   46.671196    
     82944   46.751255    
     83232   46.829941    
     83520   46.907223    
     83808   46.983116    
     84096   47.057480    
     84384   47.130436    
     84672   47.202263    
     84960   47.272945    
     85248   47.342293    
     85536   47.410198    
     85824   47.476784    
     86112   47.542271    
     86400   47.606670    
     86688   47.669800    
     86976   47.731728    
     87264   47.792545    
     87552   47.852303    
     87840   47.911030    
     88128   47.968704    
     88416   48.025246    
     88704   48.080631    
     88992   48.134964    
     89280   48.188351    
     89568   48.240910    
     89856   48.292515    
     90144   48.343052    
     90432   48.392532    
     90720   48.440910    
     91008   48.488453    
     91296   48.535183    
     91584   48.581009    
     91872   48.625942    
     92160   48.669941    
     92448   48.713238    
     92736   48.755634    
     93024   48.797173    
     93312   48.837708    
     93600   48.877262    
     93888   48.916100    
     94176   48.953968    
     94464   48.990944    
     94752   49.027149    
     95040   49.062737    
     95328   49.097378    
     95616   49.131187    
     95904   49.164566    
     96192   49.197014    
     96480   49.228630    
     96768   49.259830    
     97056   49.290100    
     97344   49.319698    
     97632   49.348728    
     97920   49.376827    
     98208   49.404408    
     98496   49.431259    
     98784   49.457172    
     99072   49.482590    
     99360   49.507259    
     99648   49.531017    
     99936   49.554340    
    100224   49.576859    
    100512   49.598511    
    100800   49.619808    
    101088   49.640202    
    101376   49.660099    
    101664   49.679314    
    101952   49.697838    
    102240   49.715893    
    102528   49.733101    
    102816   49.750000    
    103104   49.766026    
    103392   49.781723    
    103680   49.796623    
    103968   49.811176    
    104256   49.824989    
    104544   49.838543    
    104832   49.851318    
    105120   49.863834    
    105408   49.875614    
    105696   49.887108    
    105984   49.898151    
    106272   49.908676    
    106560   49.918991    
    106848   49.928719    
    107136   49.938099    
    107424   49.947247    
    107712   49.955856    
    108000   49.964172    
    108288   49.972313    
    108576   49.980152    
    108864   49.987537    
    109152   49.994686    
    109440   50.001621    
    109728   50.008266    
    110016   50.014683    
    110304   50.020824    
    110592   50.026802    
    110880   50.032536    
    111168   50.038029    
    111456   50.043442    
    111744   50.048668    
    112032   50.053665    
    112320   50.058514    
    112608   50.063148    
    112896   50.067543    
    113184   50.071938    
    113472   50.076332    
    113760   50.080528    
    114048   50.084557    
    114336   50.088440    
    114624   50.092224    
    114912   50.095867    
    115200   50.099365    
    115488   50.102661    
    115776   50.105957    
    116064   50.109253    
    116352   50.112549    
    116640   50.115845    
    116928   50.119141    
    117216   50.122356    
    117504   50.125465    
    117792   50.128483    
    118080   50.131424    
    118368   50.134220    
    118656   50.136940    
    118944   50.139549    
    119232   50.142067    
    119520   50.144505    
    119808   50.146873    
    120096   50.149185    
    120384   50.151440    
    120672   50.153637    
    120960   50.155834    
    121248   50.158031    
    121536   50.160229    
    121824   50.162426    
    122112   50.164623    
    122400   50.166821    
    122688   50.169018    
    122976   50.171215    
    123264   50.173412    
    123552   50.175610    
    123840   50.177807    
    124128   50.180004    
    124416   50.182201    
    124704   50.184399    
    124992   50.186596    
    125280   50.188793    
    125568   50.190990    
    125856   50.193188    
    126144   50.195385    
    126432   50.197582    
    126720   50.199780    
    127008   50.201977    
    127296   50.204174    
    127584   50.206371    
    127872   50.208569    
    128160   50.210766    
    128448   50.212963    
    128736   50.215160    
    129024   50.217358    
    129312   50.219555    
    129600   50.221752    
    129888   50.223949    
    130176   50.226265    
    130464   50.228680    
    130752   50.231186    
    131040   50.233746    
    131328   50.236385    
    131616   50.239155    
    131904   50.242035    
    132192   50.245033    
    132480   50.248150    
    132768   50.251404    
    133056   50.254700    
    133344   50.257996    
    133632   50.261292    
    133920   50.264679    
    134208   50.268215    
    134496   50.271915    
    134784   50.275848    
    135072   50.279949    
    135360   50.284149    
    135648   50.288483    
    135936   50.293083    
    136224   50.297863    
    136512   50.302902    
    136800   50.308132    
    137088   50.313747    
    137376   50.319675    
    137664   50.325840    
    137952   50.332317    
    138240   50.339214    
    138528   50.346470    
    138816   50.354183    
    139104   50.362419    
    139392   50.371162    
    139680   50.380524    
    139968   50.390419    
    140256   50.400951    
    140544   50.412094    
    140832   50.424053    
    141120   50.436817    
    141408   50.450432    
    141696   50.464977    
    141984   50.480572    
    142272   50.497204    
    142560   50.514927    
    142848   50.533840    
    143136   50.554058    
    143424   50.575626    
    143712   50.598694    
    144000   50.623177    
    144288   50.649292    
    144576   50.676964    
    144864   50.706276    
    145152   50.737255    
    145440   50.770020    
    145728   50.804432    
    146016   50.840656    
    146304   50.878628    
    146592   50.918819    
    146880   50.961311    
    147168   51.005962    
    147456   51.052673    
    147744   51.101360    
    148032   51.151764    
    148320   51.204041    
    148608   51.258224    
    148896   51.314018    
    149184   51.371712    
    149472   51.431240    
    149760   51.492302    
    150048   51.555042    
    150336   51.619305    
    150624   51.684967    
    150912   51.752388    
    151200   51.821121    
    151488   51.891380    
    151776   51.963219    
    152064   52.036343    
    152352   52.111206    
    152640   52.187557    
    152928   52.265121    
    153216   52.344028    
    153504   52.424187    
    153792   52.505589    
    154080   52.588192    
    154368   52.671913    
    154656   52.756676    
    154944   52.842476    
    155232   52.929317    
    155520   53.017139    
    155808   53.105839    
    156096   53.195419    
    156384   53.285706    
    156672   53.376915    
    156960   53.468868    
    157248   53.561451    
    157536   53.654770    
    157824   53.748562    
    158112   53.843044    
    158400   53.937920    
    158688   54.033333    
    158976   54.129143    
    159264   54.225185    
    159552   54.321373    
    159840   54.417801    
    160128   54.514450    
    160416   54.611202    
    160704   54.707985    
    160992   54.804718    
    161280   54.901363    
    161568   54.997921    
    161856   55.094364    
    162144   55.190559    
    162432   55.286289    
    162720   55.381569    
    163008   55.476379    
    163296   55.570854    
    163584   55.665134    
    163872   55.759132    
    164160   55.852795    
    164448   55.946018    
    164736   56.038727    
    165024   56.130894    
    165312   56.222298    
    165600   56.313087    
    165888   56.403381    
    166176   56.493244    
    166464   56.582558    
    166752   56.671360    
    167040   56.759468    
    167328   56.846661    
    167616   56.933189    
    167904   57.019085    
    168192   57.104424    
    168480   57.189121    
    168768   57.273067    
    169056   57.356213    
    169344   57.438602    
    169632   57.520245    
    169920   57.601254    
    170208   57.681519    
    170496   57.760963    
    170784   57.839542    
    171072   57.917336    
    171360   57.994392    
    171648   58.070744    
    171936   58.146229    
    172224   58.220749    
    172512   58.294464    
    172800   58.367531    
    173088   58.439808    
    173376   58.511219    
    173664   58.581970    
    173952   58.652020    
    174240   58.721275    
    174528   58.789635    
    174816   58.857334    
    175104   58.924294    
    175392   58.990463    
    175680   59.055866    
    175968   59.120361    
    176256   59.184040    
    176544   59.246933    
    176832   59.309044    
    177120   59.370251    
    177408   59.430737    
    177696   59.490559    
    177984   59.549641    
    178272   59.607876    
    178560   59.665249    
    178848   59.721882    
    179136   59.777760    
    179424   59.832794    
    179712   59.887001    
    180000   59.940411    
    180288   59.993053    
    180576   60.044979    
    180864   60.096169    
    181152   60.146778    
    181440   60.196590    
    181728   60.245594    
    182016   60.294041    
    182304   60.341713    
    182592   60.388500    
    182880   60.434593    
    183168   60.479988    
    183456   60.524601    
    183744   60.568485    
    184032   60.611614    
    184320   60.654049    
    184608   60.695805    
    184896   60.736778    
    185184   60.776993    
    185472   60.816490    
    185760   60.855354    
    186048   60.893456    
    186336   60.930794    
    186624   60.967621    
    186912   61.003731    
    187200   61.039116    
    187488   61.073673    
    187776   61.107498    
    188064   61.140682    
    188352   61.173210    
    188640   61.204948    
    188928   61.236115    
    189216   61.266689    
    189504   61.296654    
    189792   61.325897    
    190080   61.354343    
    190368   61.382202    
    190656   61.409515    
    190944   61.436230    
    191232   61.462269    
    191520   61.487522    
    191808   61.512222    
    192096   61.536423    
    192384   61.560013    
    192672   61.582970    
    192960   61.605236    
    193248   61.626762    
    193536   61.647717    
    193824   61.668167    
    194112   61.688046    
    194400   61.707317    
    194688   61.725979    
    194976   61.743893    
    195264   61.761150    
    195552   61.777870    
    195840   61.794216    
    196128   61.809982    
    196416   61.825283    
    196704   61.839951    
    196992   61.854107    
    197280   61.867619    
    197568   61.880596    
    197856   61.892948    
    198144   61.904751    
    198432   61.916164    
    198720   61.927238    
    199008   61.937855    
    199296   61.948120    
    199584   61.957867    
    199872   61.967182    
    200160   61.976128    
    200448   61.984554    
    200736   61.992596    
    201024   62.000252    
    201312   62.007477    
    201600   62.014347    
    201888   62.020893    
    202176   62.027096    
    202464   62.032932    
    202752   62.038494    
    203040   62.043812    
    203328   62.048882    
    203616   62.053623    
    203904   62.058151    
    204192   62.062454    
    204480   62.066525    
    204768   62.070366    
    205056   62.074135    
    205344   62.077732    
    205632   62.081108    
    205920   62.084263    
    206208   62.087204    
    206496   62.090046    
    206784   62.092781    
    207072   62.095421    
    207360   62.097878    
    207648   62.100185    
    207936   62.102257    
    208224   62.104248    
    208512   62.106159    
    208800   62.107990    
    209088   62.109737    
    209376   62.111397    
    209664   62.112991    
    209952   62.114471    
    210240   62.115776    
    210528   62.116924    
    210816   62.118023    
    211104   62.119122    
    211392   62.120220    
    211680   62.121319    
    211968   62.122417    
    212256   62.123516    
    212544   62.124615    
    212832   62.125713    
    213120   62.126812    
    213408   62.127911    
    213696   62.129009    
    213984   62.129971    
    214272   62.130852    
    214560   62.131664    
    214848   62.132416    
    215136   62.133110    
    215424   62.133667    
    215712   62.134121    
    216000   62.134457    
    216288   62.134697    
    216576   62.134850    
    216864   62.134907    
    217152   62.134907    
    217440   62.134907    
    217728   62.134907    
    218016   62.134907    
    218304   62.134907    
    218592   62.134907    
    218880   62.134907    
    219168   62.134907    
    219456   62.134907    
    219744   62.134907    
    220032   62.134907    
    220320   62.134907    
    220608   62.134907    
    220896   62.134907    
    221184   62.134907    
    221472   62.134907    
    221760   62.134907    
    222048   62.134907    
    222336   62.134907    
    222624   62.134907    
    222912   62.134907    
    223200   62.134907    
    223488   62.134907    
    223776   62.134907    
    224064   62.134907    
    224352   62.134907    
    224640   62.134907    
    224928   62.134907    
    225216   62.134907    
    225504   62.134907    
    225792   62.134907    
    226080   62.134907    
    226368   62.134907    
    226656   62.134907    
    226944   62.134907    
    227232   62.134907    
    227520   62.134907    
    227808   62.134907    
    228096   62.134907    
    228384   62.134907    
    228672   62.134907    
    228960   62.134907    
    229248   62.134907    
    229536   62.134907    
    229824   62.134907    
    230112   62.134907    
    230400   62.134907    
    230688   62.134907    
    230976   62.134907    
    231264   62.134907    
    231552   62.134907    
    231840   62.134907    
    232128   62.134907    
    232416   62.134907    
    232704   62.134907    
    232992   62.134907    
    233280   62.134907    
    233568   62.134907    
    233856   62.134907    
    234144   62.134907    
    234432   62.134907    
    234720   62.134907    
    235008   62.134907    
    235296   62.134907    
    235584   62.134907    
    235872   62.134907    
    236160   62.134907    
    236448   62.134907    
    236736   62.134907    
    237024   62.134907    
    237312   62.134907    
    237600   62.134907    
    237888   62.134907    
    238176   62.134907    
    238464   62.134907    
    238752   62.134907    
    239040   62.134907    
    239328   62.134907    
    239616   62.134907    
    239904   62.134907    
    240192   62.134907    
    240480   62.134907    
    240768   62.134907    
    241056   62.134907    
    241344   62.134907    
    241632   62.134907    
    241920   62.134907    
    242208   62.134907    
    242496   62.134907    
    242784   62.134907    
    243072   62.134907    
    243360   62.134907    
    243648   62.134907    
    243936   62.134907    
    244224   62.134907    
    244512   62.134907    
    244800   62.134907    
    245088   62.134907    
    245376   62.134907    
    245664   62.134907    
    245952   62.134907    
    246240   62.134907    
    246528   62.134907    
    246816   62.134907    
    247104   62.134907    
    247392   62.134907    
    247680   62.134907    
    247968   62.134907    
    248256   62.134907    
    248544   62.134907    
    248832   62.134907    
    249120   62.134907    
    249408   62.134949    
    249696   62.135139    
    249984   62.135422    
    250272   62.135826    
    250560   62.136395    
    250848   62.137074    
    251136   62.137856    
    251424   62.138741    
    251712   62.139725    
    252000   62.140736    
    252288   62.141834    
    252576   62.142933    
    252864   62.144032    
    253152   62.145130    
    253440   62.146229    
    253728   62.147514    
    254016   62.148945    
    254304   62.150528    
    254592   62.152225    
    254880   62.154034    
    255168   62.155960    
    255456   62.158169    
    255744   62.160614    
    256032   62.163342    
    256320   62.166286    
    256608   62.169498    
    256896   62.172966    
    257184   62.176846    
    257472   62.180992    
    257760   62.185532    
    258048   62.190495    
    258336   62.195911    
    258624   62.201874    
    258912   62.208427    
    259200   62.215611    
    259488   62.223507    
    259776   62.232063    
    260064   62.241478    
    260352   62.251751    
    260640   62.263031    
    260928   62.275383    
    261216   62.288815    
    261504   62.303436    
    261792   62.319389    
    262080   62.336739    
    262368   62.355614    
    262656   62.376072    
    262944   62.398277    
    263232   62.422318    
    263520   62.448284    
    263808   62.476261    
    264096   62.506329    
    264384   62.538548    
    264672   62.572903    
    264960   62.609489    
    265248   62.648438    
    265536   62.690418    
    265824   62.735996    
    266112   62.783745    
    266400   62.833237    
    266688   62.884182    
    266976   62.936375    
    267264   62.989639    
    267552   63.043781    
    267840   63.098850    
    268128   63.154922    
    268416   63.211857    
    268704   63.269470    
    268992   63.327641    
    269280   63.386250    
    269568   63.445179    
    269856   63.504272    
    270144   63.563457    
    270432   63.622860    
    270720   63.682594    
    271008   63.742538    
    271296   63.802582    
    271584   63.862625    
    271872   63.922569    
    272160   63.982330    
    272448   64.041939    
    272736   64.101440    
    273024   64.160866    
    273312   64.220116    
    273600   64.279121    
    273888   64.337791    
    274176   64.396248    
    274464   64.454552    
    274752   64.512543    
    275040   64.570084    
    275328   64.627075    
    275616   64.683578    
    275904   64.739738    
    276192   64.795555    
    276480   64.850960    
    276768   64.905716    
    277056   64.959938    
    277344   65.013725    
    277632   65.067093    
    277920   65.119896    
    278208   65.172134    
    278496   65.224007    
    278784   65.275566    
    279072   65.326561    
    279360   65.376839    
    279648   65.426712    
    279936   65.476212    
    280224   65.525139    
    280512   65.573311    
    280800   65.620819    
    281088   65.667824    
    281376   65.714195    
    281664   65.759956    
    281952   65.805061    
    282240   65.849709    
    282528   65.893845    
    282816   65.937477    
    283104   65.980507    
    283392   66.022705    
    283680   66.064323    
    283968   66.105484    
    284256   66.146034    
    284544   66.185715    
    284832   66.224922    
    285120   66.263626    
    285408   66.301689    
    285696   66.339325    
    285984   66.376534    
    286272   66.413124    
    286560   66.448944    
    286848   66.484367    
    287136   66.519432    
    287424   66.553757    
    287712   66.587250    
    288000   66.620361    
    288288   66.653069    
    288576   66.684998    
    288864   66.716202    
    289152   66.747002    
    289440   66.777405    
    289728   66.806992    
    290016   66.835968    
    290304   66.864517    
    290592   66.892632    
    290880   66.920013    
    291168   66.946770    
    291456   66.973114    
    291744   66.999039    
    292032   67.024414    
    292320   67.049103    
    292608   67.073074    
    292896   67.096489    
    293184   67.119553    
    293472   67.141991    
    293760   67.163734    
    294048   67.184990    
    294336   67.205925    
    294624   67.226395    
    294912   67.246078    
    295200   67.265030    
    295488   67.283615    
    295776   67.301857    
    296064   67.319527    
    296352   67.336510    
    296640   67.352882    
    296928   67.368889    
    297216   67.384460    
    297504   67.399582    
    297792   67.414124    
    298080   67.428070    
    298368   67.441376    
    298656   67.454422    
    298944   67.467194    
    299232   67.479431    
    299520   67.491096    
    299808   67.502274    
    300096   67.513016    
    300384   67.523125    
    300672   67.532867    
    300960   67.542320    
    301248   67.551476    
    301536   67.560226    
    301824   67.568535    
    302112   67.576340    
    302400   67.583702    
    302688   67.590683    
    302976   67.597237    
    303264   67.603355    
    303552   67.609131    
    303840   67.614792    
    304128   67.620293    
    304416   67.625633    
    304704   67.630791    
    304992   67.635719    
    305280   67.640167    
    305568   67.644135    
    305856   67.647919    
    306144   67.651512    
    306432   67.654915    
    306720   67.658127    
    307008   67.661201    
    307296   67.664078    
    307584   67.666740    
    307872   67.669182    
    308160   67.671379    
    308448   67.673576    
    308736   67.675774    
    309024   67.677971    
    309312   67.680168    
    309600   67.682365    
    309888   67.684563    
    310176   67.686699    
    310464   67.688667    
    310752   67.690498    
    311040   67.692184    
    311328   67.693718    
    311616   67.695084    
    311904   67.696274    
    312192   67.697220    
    312480   67.697876    
    312768   67.698265    
    313056   67.698433    
    313344   67.698433    
    313632   67.698433    
    313920   67.698433    
    314208   67.698433    
    314496   67.698433    
    314784   67.698433    
    315072   67.698433    
