         1  0.13300000E+10
       288  0.28608512E+09
       576  0.10916815E+09
       864   85857960.    
      1152   78192696.    
      1440   74295432.    
      1728   71323960.    
      2016   69011208.    
      2304   67055064.    
      2592   65320092.    
      2880   63773272.    
      3168   62404728.    
      3456   60747804.    
      3744   59271176.    
      4032   57965180.    
      4320   56821340.    
      4608   55832388.    
      4896   54992160.    
      5184   53873996.    
      5472   52906820.    
      5760   52084224.    
      6048   51401000.    
      6336   50852712.    
      6624   50435960.    
      6912   49747952.    
      7200   49193204.    
      7488   48767036.    
      7776   48467436.    
      8064   48292452.    
      8352   47851668.    
      8640   47536644.    
      8928   47345176.    
      9216   47275872.    
      9504   47328244.    
      9792   47502620.    
     10080   47407712.    
     10368   47434916.    
     10656   47584344.    
     10944   47856724.    
     11232   48253696.    
     11520   48777868.    
     11808   49024788.    
     12096   49397564.    
     12384   49899008.    
     12672   50532232.    
     12960   51301164.    
     13248   51780340.    
     13536   52393872.    
     13824   53144628.    
     14112   54037896.    
     14400   55079168.    
     14688   56274960.    
     14976   57632844.    
     15264   58675260.    
     15552   59877152.    
     15840   61245836.    
     16128   62789604.    
     16416   64518116.    
     16704   66439324.    
     16992   68014456.    
     17280   69781208.    
     17568   71749792.    
     17856   73931520.    
     18144   76337464.    
     18432   78983632.    
     18720   81880272.    
     19008   84304704.    
     19296   86519264.    
     19584   88361120.    
     19872   90113880.    
     20160   91823656.    
     20448   93482936.    
     20736   95088656.    
     21024   95928168.    
     21312   96798024.    
     21600   97694944.    
     21888   98612800.    
     22176   99548272.    
     22464  0.10049821E+09
     22752  0.10145500E+09
     23040  0.10241605E+09
     23328  0.10263801E+09
     23616  0.10297180E+09
     23904  0.10340188E+09
     24192  0.10391092E+09
     24480  0.10448728E+09
     24768  0.10511938E+09
     25056  0.10579174E+09
     25344  0.10649312E+09
     25632  0.10654530E+09
     25920  0.10672298E+09
     26208  0.10700163E+09
     26496  0.10735598E+09
     26784  0.10776822E+09
     27072  0.10822025E+09
     27360  0.10869524E+09
     27648  0.10917146E+09
     27936  0.10885395E+09
     28224  0.10866610E+09
     28512  0.10857966E+09
     28800  0.10856730E+09
     29088  0.10860354E+09
     29376  0.10867714E+09
     29664  0.10878114E+09
     29952  0.10890646E+09
     30240  0.10826938E+09
     30528  0.10785029E+09
     30816  0.10762260E+09
     31104  0.10756061E+09
     31392  0.10763716E+09
     31680  0.10782406E+09
     31968  0.10810382E+09
     32256  0.10845914E+09
     32544  0.10807360E+09
     32832  0.10794098E+09
     33120  0.10800542E+09
     33408  0.10821731E+09
     33696  0.10853462E+09
     33984  0.10891734E+09
     34272  0.10933377E+09
     34560  0.10976797E+09
     34848  0.10939897E+09
     35136  0.10926863E+09
     35424  0.10931243E+09
     35712  0.10947354E+09
     36000  0.10970222E+09
     36288  0.10997290E+09
     36576  0.11026663E+09
     36864  0.11056967E+09
     37152  0.11007008E+09
     37440  0.10981938E+09
     37728  0.10973590E+09
     38016  0.10976938E+09
     38304  0.10988041E+09
     38592  0.11003952E+09
     38880  0.11022527E+09
     39168  0.11042290E+09
     39456  0.10984395E+09
     39744  0.10952320E+09
     40032  0.10937166E+09
     40320  0.10933629E+09
     40608  0.10937670E+09
     40896  0.10946347E+09
     41184  0.10957590E+09
     41472  0.10970041E+09
     41760  0.10907991E+09
     42048  0.10872444E+09
     42336  0.10855006E+09
     42624  0.10849320E+09
     42912  0.10850806E+09
     43200  0.10855654E+09
     43488  0.10861182E+09
     43776  0.10867020E+09
     44064  0.10801373E+09
     44352  0.10762282E+09
     44640  0.10741102E+09
     44928  0.10731366E+09
     45216  0.10728516E+09
     45504  0.10729494E+09
     45792  0.10732349E+09
     46080  0.10735909E+09
     46368  0.10739518E+09
     46656  0.10742813E+09
     46944  0.10745626E+09
     47232  0.10678876E+09
     47520  0.10638250E+09
     47808  0.10614663E+09
     48096  0.10601567E+09
     48384  0.10594554E+09
     48672  0.10590766E+09
     48960  0.10588461E+09
     49248  0.10586634E+09
     49536  0.10584752E+09
     49824  0.10582538E+09
     50112  0.10579870E+09
     50400  0.10577386E+09
     50688  0.10575705E+09
     50976  0.10573867E+09
     51264  0.10571382E+09
     51552  0.10568039E+09
     51840  0.10563813E+09
     52128  0.10558762E+09
     52416  0.10552954E+09
     52704  0.10546475E+09
     52992  0.10539400E+09
     53280  0.10531766E+09
     53568  0.10523603E+09
     53856  0.10514934E+09
     54144  0.10506459E+09
     54432  0.10498745E+09
     54720  0.10490838E+09
     55008  0.10482246E+09
     55296  0.10472759E+09
     55584  0.10462352E+09
     55872  0.10451063E+09
     56160  0.10438976E+09
     56448  0.10426149E+09
     56736  0.10412638E+09
     57024  0.10398866E+09
     57312  0.10385729E+09
     57600  0.10442718E+09
     57888  0.10471412E+09
     58176  0.10481386E+09
     58464  0.10479466E+09
     58752  0.10470238E+09
     59040  0.10456582E+09
     59328  0.10440745E+09
     59616  0.10424410E+09
     59904  0.10407214E+09
     60192  0.10462313E+09
     60480  0.10488186E+09
     60768  0.10494572E+09
     61056  0.10488443E+09
     61344  0.10474513E+09
     61632  0.10455781E+09
     61920  0.10434470E+09
     62208  0.10488610E+09
     62496  0.10513197E+09
     62784  0.10517679E+09
     63072  0.10508929E+09
     63360  0.10491665E+09
     63648  0.10468986E+09
     63936  0.10521296E+09
     64224  0.10543484E+09
     64512  0.10545706E+09
     64800  0.10534417E+09
     65088  0.10514135E+09
     65376  0.10487878E+09
     65664  0.10538883E+09
     65952  0.10558413E+09
     66240  0.10556211E+09
     66528  0.10539796E+09
     66816  0.10514815E+09
     67104  0.10567898E+09
     67392  0.10588013E+09
     67680  0.10584978E+09
     67968  0.10566138E+09
     68256  0.10622874E+09
     68544  0.10643921E+09
     68832  0.10639965E+09
     69120  0.10619278E+09
     69408  0.10677057E+09
     69696  0.10698840E+09
     69984  0.10694843E+09
     70272  0.10672844E+09
     70560  0.10638491E+09
     70848  0.10686463E+09
     71136  0.10700334E+09
     71424  0.10689454E+09
     71712  0.10661170E+09
     72000  0.10737981E+09
     72288  0.10771601E+09
     72576  0.10773300E+09
     72864  0.10752039E+09
     73152  0.10714568E+09
     73440  0.10761074E+09
     73728  0.10772122E+09
     74016  0.10756806E+09
     74304  0.10722318E+09
     74592  0.10771546E+09
     74880  0.10784586E+09
     75168  0.10770137E+09
     75456  0.10834603E+09
     75744  0.10857366E+09
     76032  0.10848472E+09
     76320  0.10816094E+09
     76608  0.10867460E+09
     76896  0.10880155E+09
     77184  0.10863628E+09
     77472  0.10825518E+09
     77760  0.10874053E+09
     78048  0.10884790E+09
     78336  0.10866104E+09
     78624  0.10824981E+09
     78912  0.10870771E+09
     79200  0.10878932E+09
     79488  0.10857575E+09
     79776  0.10813649E+09
     80064  0.10858277E+09
     80352  0.10865775E+09
     80640  0.10843699E+09
     80928  0.10798502E+09
     81216  0.10841246E+09
     81504  0.10846874E+09
     81792  0.10822728E+09
     82080  0.10775343E+09
     82368  0.10710180E+09
     82656  0.10737013E+09
     82944  0.10730622E+09
     83232  0.10697144E+09
     83520  0.10641982E+09
     83808  0.10675041E+09
     84096  0.10673760E+09
     84384  0.10644198E+09
     84672  0.10591650E+09
     84960  0.10520619E+09
     85248  0.10539019E+09
     85536  0.10525655E+09
     85824  0.10485849E+09
     86112  0.10424545E+09
     86400  0.10345886E+09
     86688  0.10354950E+09
     86976  0.10334162E+09
     87264  0.10288151E+09
     87552  0.10221129E+09
     87840  0.10136850E+09
     88128  0.10038426E+09
     88416  0.10024983E+09
     88704   99859456.    
     88992   99246072.    
     89280   98443192.    
     89568   97484968.    
     89856   96398624.    
     90144   95206896.    
     90432   94809904.    
     90720   94216880.    
     91008   93454520.    
     91296   92553840.    
     91584   91536744.    
     91872   90424088.    
     92160   89233592.    
     92448   87980560.    
     92736   86677728.    
     93024   85336304.    
     93312   84702672.    
     93600   83967416.    
     93888   83142944.    
     94176   82242976.    
     94464   81283032.    
     94752   80271528.    
     95040   79217416.    
     95328   78128096.    
     95616   77009560.    
     95904   75866584.    
     96192   74704520.    
     96480   73525152.    
     96768   72329720.    
     97056   71117432.    
     97344   69889280.    
     97632   68648464.    
     97920   67399080.    
     98208   66146812.    
     98496   64896056.    
     98784   63653240.    
     99072   62424148.    
     99360   61214180.    
     99648   60027996.    
     99936   58869852.    
    100224   57745572.    
    100512   56656972.    
    100800   55607020.    
    101088   54598448.    
    101376   53633544.    
    101664   52714484.    
    101952   51414112.    
    102240   50182296.    
    102528   49018912.    
    102816   47923708.    
    103104   46897568.    
    103392   45939292.    
    103680   45048340.    
    103968   44224384.    
    104256   43466984.    
    104544   42775716.    
    104832   41798296.    
