         1   23.956223    
       288   5.1530218    
       576   1.9663582    
       864   1.5464904    
      1152   1.4084222    
      1440   1.3382239    
      1728   1.2847011    
      2016   1.2430434    
      2304   1.2078090    
      2592   1.1765584    
      2880   1.1486968    
      3168   1.1240463    
      3456   1.0942014    
      3744   1.0676041    
      4032   1.0440803    
      4320   1.0234772    
      4608   1.0056640    
      4896  0.99052966    
      5184  0.97038901    
      5472  0.95296806    
      5760  0.93815130    
      6048  0.92584491    
      6336  0.91596907    
      6624  0.90846246    
      6912  0.89606988    
      7200  0.88607770    
      7488  0.87840152    
      7776  0.87300503    
      8064  0.86985320    
      8352  0.86191362    
      8640  0.85623944    
      8928  0.85279059    
      9216  0.85154235    
      9504  0.85248572    
      9792  0.85562652    
     10080  0.85391706    
     10368  0.85440701    
     10656  0.85709852    
     10944  0.86200476    
     11232  0.86915511    
     11520  0.87859654    
     11808  0.88304412    
     12096  0.88975871    
     12384  0.89879078    
     12672  0.91019654    
     12960  0.92404670    
     13248  0.93267769    
     13536  0.94372874    
     13824  0.95725149    
     14112  0.97334117    
     14400  0.99209684    
     14688   1.0136356    
     14976   1.0380942    
     15264   1.0568703    
     15552   1.0785191    
     15840   1.1031721    
     16128   1.1309787    
     16416   1.1621131    
     16704   1.1967182    
     16992   1.2250898    
     17280   1.2569129    
     17568   1.2923714    
     17856   1.3316691    
     18144   1.3750055    
     18432   1.4226688    
     18720   1.4748436    
     19008   1.5185130    
     19296   1.5584021    
     19584   1.5915779    
     19872   1.6231490    
     20160   1.6539458    
     20448   1.6838330    
     20736   1.7127557    
     21024   1.7278770    
     21312   1.7435452    
     21600   1.7597007    
     21888   1.7762332    
     22176   1.7930831    
     22464   1.8101935    
     22752   1.8274275    
     23040   1.8447381    
     23328   1.8487359    
     23616   1.8547484    
     23904   1.8624951    
     24192   1.8716640    
     24480   1.8820454    
     24768   1.8934309    
     25056   1.9055415    
     25344   1.9181750    
     25632   1.9191149    
     25920   1.9223155    
     26208   1.9273345    
     26496   1.9337169    
     26784   1.9411426    
     27072   1.9492844    
     27360   1.9578401    
     27648   1.9664180    
     27936   1.9606990    
     28224   1.9573152    
     28512   1.9557581    
     28800   1.9555355    
     29088   1.9561886    
     29376   1.9575140    
     29664   1.9593873    
     29952   1.9616446    
     30240   1.9501692    
     30528   1.9426208    
     30816   1.9385196    
     31104   1.9374030    
     31392   1.9387816    
     31680   1.9421482    
     31968   1.9471872    
     32256   1.9535874    
     32544   1.9466430    
     32832   1.9442542    
     33120   1.9454149    
     33408   1.9492315    
     33696   1.9549470    
     33984   1.9618405    
     34272   1.9693414    
     34560   1.9771622    
     34848   1.9705158    
     35136   1.9681680    
     35424   1.9689572    
     35712   1.9718590    
     36000   1.9759779    
     36288   1.9808536    
     36576   1.9861443    
     36864   1.9916027    
     37152   1.9826039    
     37440   1.9780884    
     37728   1.9765848    
     38016   1.9771878    
     38304   1.9791876    
     38592   1.9820536    
     38880   1.9853992    
     39168   1.9889590    
     39456   1.9785310    
     39744   1.9727534    
     40032   1.9700240    
     40320   1.9693867    
     40608   1.9701147    
     40896   1.9716775    
     41184   1.9737025    
     41472   1.9759454    
     41760   1.9647689    
     42048   1.9583660    
     42336   1.9552252    
     42624   1.9542010    
     42912   1.9544685    
     43200   1.9553417    
     43488   1.9563375    
     43776   1.9573890    
     44064   1.9455645    
     44352   1.9385234    
     44640   1.9347086    
     44928   1.9329549    
     45216   1.9324415    
     45504   1.9326175    
     45792   1.9331318    
     46080   1.9337732    
     46368   1.9344233    
     46656   1.9350165    
     46944   1.9355234    
     47232   1.9235002    
     47520   1.9161824    
     47808   1.9119341    
     48096   1.9095752    
     48384   1.9083117    
     48672   1.9076298    
     48960   1.9072144    
     49248   1.9068854    
     49536   1.9065464    
     49824   1.9061475    
     50112   1.9056672    
     50400   1.9052196    
     50688   1.9049169    
     50976   1.9045858    
     51264   1.9041382    
     51552   1.9035360    
     51840   1.9027748    
     52128   1.9018650    
     52416   1.9008187    
     52704   1.8996519    
     52992   1.8983774    
     53280   1.8970025    
     53568   1.8955321    
     53856   1.8939707    
     54144   1.8924443    
     54432   1.8910546    
     54720   1.8896306    
     55008   1.8880827    
     55296   1.8863740    
     55584   1.8844994    
     55872   1.8824660    
     56160   1.8802888    
     56448   1.8779784    
     56736   1.8755449    
     57024   1.8730643    
     57312   1.8706979    
     57600   1.8809631    
     57888   1.8861314    
     58176   1.8879280    
     58464   1.8875821    
     58752   1.8859199    
     59040   1.8834600    
     59328   1.8806076    
     59616   1.8776652    
     59904   1.8745680    
     60192   1.8844923    
     60480   1.8891528    
     60768   1.8903030    
     61056   1.8891991    
     61344   1.8866900    
     61632   1.8833158    
     61920   1.8794774    
     62208   1.8892292    
     62496   1.8936577    
     62784   1.8944651    
     63072   1.8928890    
     63360   1.8897793    
     63648   1.8856945    
     63936   1.8951166    
     64224   1.8991132    
     64512   1.8995132    
     64800   1.8974799    
     65088   1.8938268    
     65376   1.8890971    
     65664   1.8982844    
     65952   1.9018021    
     66240   1.9014057    
     66528   1.8984488    
     66816   1.8939493    
     67104   1.9035107    
     67392   1.9071337    
     67680   1.9065871    
     67968   1.9031937    
     68256   1.9134129    
     68544   1.9172039    
     68832   1.9164914    
     69120   1.9127653    
     69408   1.9231725    
     69696   1.9270962    
     69984   1.9263762    
     70272   1.9224137    
     70560   1.9162260    
     70848   1.9248668    
     71136   1.9273653    
     71424   1.9254056    
     71712   1.9203110    
     72000   1.9341462    
     72288   1.9402020    
     72576   1.9405080    
     72864   1.9366785    
     73152   1.9299290    
     73440   1.9383059    
     73728   1.9402958    
     74016   1.9375371    
     74304   1.9313251    
     74592   1.9401920    
     74880   1.9425409    
     75168   1.9399382    
     75456   1.9515501    
     75744   1.9556502    
     76032   1.9540480    
     76320   1.9482163    
     76608   1.9574683    
     76896   1.9597549    
     77184   1.9567780    
     77472   1.9499137    
     77760   1.9586557    
     78048   1.9605898    
     78336   1.9572241    
     78624   1.9498169    
     78912   1.9580648    
     79200   1.9595346    
     79488   1.9556879    
     79776   1.9477757    
     80064   1.9558141    
     80352   1.9571649    
     80640   1.9531884    
     80928   1.9450476    
     81216   1.9527466    
     81504   1.9537604    
     81792   1.9494110    
     82080   1.9408760    
     82368   1.9291387    
     82656   1.9339720    
     82944   1.9328207    
     83232   1.9267907    
     83520   1.9168547    
     83808   1.9228092    
     84096   1.9225787    
     84384   1.9172539    
     84672   1.9077889    
     84960   1.8949947    
     85248   1.8983089    
     85536   1.8959018    
     85824   1.8887317    
     86112   1.8776895    
     86400   1.8635213    
     86688   1.8651539    
     86976   1.8614097    
     87264   1.8531220    
     87552   1.8410498    
     87840   1.8258692    
     88128   1.8081409    
     88416   1.8057197    
     88704   1.7986881    
     88992   1.7876399    
     89280   1.7731782    
     89568   1.7559185    
     89856   1.7363511    
     90144   1.7148855    
     90432   1.7077347    
     90720   1.6970530    
     91008   1.6833214    
     91296   1.6670980    
     91584   1.6487780    
     91872   1.6287366    
     92160   1.6072931    
     92448   1.5847232    
     92736   1.5612564    
     93024   1.5370944    
     93312   1.5256813    
     93600   1.5124376    
     93888   1.4975872    
     94176   1.4813766    
     94464   1.4640861    
     94752   1.4458666    
     95040   1.4268796    
     95328   1.4072586    
     95616   1.3871114    
     95904   1.3665239    
     96192   1.3455925    
     96480   1.3243495    
     96768   1.3028171    
     97056   1.2809813    
     97344   1.2588595    
     97632   1.2365097    
     97920   1.2140055    
     98208   1.1914494    
     98496   1.1689205    
     98784   1.1465347    
     99072   1.1243961    
     99360   1.1026019    
     99648   1.0812361    
     99936   1.0603753    
    100224   1.0401247    
    100512   1.0205165    
    100800   1.0016046    
    101088  0.98343801    
    101376  0.96605796    
    101664  0.94950372    
    101952  0.92608106    
    102240  0.90389341    
    102528  0.88293827    
    102816  0.86321133    
    103104  0.84472817    
    103392  0.82746756    
    103680  0.81141961    
    103968  0.79657829    
    104256  0.78293586    
    104544  0.77048463    
    104832  0.75287920    
