         1   2000.0000    
       288   2029.4479    
       576   2063.0020    
       864   2096.1648    
      1152   2127.4690    
      1440   2156.8198    
      1728   2184.4275    
      2016   2210.2449    
      2304   2234.4446    
      2592   2257.1511    
      2880   2278.4685    
      3168   2298.4983    
      3456   2317.4568    
      3744   2335.2961    
      4032   2352.0869    
      4320   2367.8418    
      4608   2382.6487    
      4896   2396.5815    
      5184   2409.8093    
      5472   2422.2639    
      5760   2433.9905    
      6048   2445.0293    
      6336   2455.4138    
      6624   2465.1819    
      6912   2474.4792    
      7200   2483.2317    
      7488   2491.4639    
      7776   2499.2061    
      8064   2506.4819    
      8352   2513.4255    
      8640   2519.9565    
      8928   2526.0913    
      9216   2531.8223    
      9504   2537.1565    
      9792   2542.1487    
     10080   2546.9246    
     10368   2551.3987    
     10656   2555.5845    
     10944   2559.4900    
     11232   2563.1301    
     11520   2566.5110    
     11808   2569.7598    
     12096   2572.7817    
     12384   2575.5806    
     12672   2578.1638    
     12960   2580.5408    
     13248   2582.8354    
     13536   2584.9443    
     13824   2586.8711    
     14112   2588.6216    
     14400   2590.1948    
     14688   2591.5947    
     14976   2592.8306    
     15264   2594.0315    
     15552   2595.0784    
     15840   2595.9775    
     16128   2596.7222    
     16416   2597.3098    
     16704   2597.7454    
     16992   2598.1799    
     17280   2598.4792    
     17568   2598.6394    
     17856   2598.6521    
     18144   2598.5195    
     18432   2598.2341    
     18720   2597.7903    
     19008   2597.3752    
     19296   2596.8367    
     19584   2596.1970    
     19872   2595.4707    
     20160   2594.6660    
     20448   2593.7896    
     20736   2592.8474    
     21024   2592.0654    
     21312   2591.2505    
     21600   2590.4065    
     21888   2589.5391    
     22176   2588.6423    
     22464   2587.7239    
     22752   2586.7795    
     23040   2585.8120    
     23328   2585.0503    
     23616   2584.2961    
     23904   2583.5361    
     24192   2582.7693    
     24480   2581.9934    
     24768   2581.2002    
     25056   2580.3936    
     25344   2579.5703    
     25632   2578.9368    
     25920   2578.3035    
     26208   2577.6357    
     26496   2576.9182    
     26784   2576.1892    
     27072   2575.4395    
     27360   2574.6726    
     27648   2573.8884    
     27936   2573.3296    
     28224   2572.7783    
     28512   2572.2283    
     28800   2571.6726    
     29088   2571.1045    
     29376   2570.5234    
     29664   2569.9265    
     29952   2569.3159    
     30240   2568.9465    
     30528   2568.5830    
     30816   2568.2168    
     31104   2567.8337    
     31392   2567.4304    
     31680   2566.9944    
     31968   2566.5266    
     32256   2566.0227    
     32544   2565.7520    
     32832   2565.4727    
     33120   2565.1746    
     33408   2564.8459    
     33696   2564.4839    
     33984   2564.0906    
     34272   2563.6675    
     34560   2563.2141    
     34848   2563.0142    
     35136   2562.8252    
     35424   2562.6287    
     35712   2562.4204    
     36000   2562.1968    
     36288   2561.9595    
     36576   2561.7058    
     36864   2561.4402    
     37152   2561.4465    
     37440   2561.4736    
     37728   2561.5037    
     38016   2561.5264    
     38304   2561.5388    
     38592   2561.5393    
     38880   2561.5256    
     39168   2561.4993    
     39456   2561.7339    
     39744   2561.9875    
     40032   2562.2375    
     40320   2562.4736    
     40608   2562.6885    
     40896   2562.8833    
     41184   2563.0569    
     41472   2563.2117    
     41760   2563.6138    
     42048   2564.0225    
     42336   2564.4177    
     42624   2564.7874    
     42912   2565.1016    
     43200   2565.3655    
     43488   2565.5759    
     43776   2565.7617    
     44064   2566.1824    
     44352   2566.6028    
     44640   2567.0051    
     44928   2567.3748    
     45216   2567.7104    
     45504   2568.0139    
     45792   2568.2810    
     46080   2568.5186    
     46368   2568.7297    
     46656   2568.9187    
     46944   2569.0886    
     47232   2569.4937    
     47520   2569.9023    
     47808   2570.2954    
     48096   2570.6604    
     48384   2570.9937    
     48672   2571.2952    
     48960   2571.5652    
     49248   2571.8105    
     49536   2572.0322    
     49824   2572.2363    
     50112   2572.4250    
     50400   2572.5981    
     50688   2572.7605    
     50976   2572.9141    
     51264   2573.0571    
     51552   2573.1956    
     51840   2573.3315    
     52128   2573.4646    
     52416   2573.5959    
     52704   2573.7258    
     52992   2573.8574    
     53280   2573.9900    
     53568   2574.1243    
     53856   2574.2610    
     54144   2574.3982    
     54432   2574.5374    
     54720   2574.6782    
     55008   2574.8201    
     55296   2574.9651    
     55584   2575.1116    
     55872   2575.2605    
     56160   2575.4136    
     56448   2575.5710    
     56736   2575.7324    
     57024   2575.8987    
     57312   2576.0688    
     57600   2575.9866    
     57888   2575.8918    
     58176   2575.8132    
     58464   2575.7629    
     58752   2575.7454    
     59040   2575.7642    
     59328   2575.8130    
     59616   2575.8911    
     59904   2575.9937    
     60192   2575.8542    
     60480   2575.7168    
     60768   2575.6091    
     61056   2575.5427    
     61344   2575.5220    
     61632   2575.5422    
     61920   2575.6023    
     62208   2575.4265    
     62496   2575.2649    
     62784   2575.1414    
     63072   2575.0652    
     63360   2575.0427    
     63648   2575.0681    
     63936   2574.8618    
     64224   2574.6794    
     64512   2574.5437    
     64800   2574.4653    
     65088   2574.4407    
     65376   2574.4746    
     65664   2574.2751    
     65952   2574.1030    
     66240   2573.9829    
     66528   2573.9209    
     66816   2573.9211    
     67104   2573.6890    
     67392   2573.4902    
     67680   2573.3516    
     67968   2573.2815    
     68256   2572.9810    
     68544   2572.7278    
     68832   2572.5432    
     69120   2572.4351    
     69408   2572.1003    
     69696   2571.8201    
     69984   2571.6157    
     70272   2571.4937    
     70560   2571.4558    
     70848   2571.1875    
     71136   2570.9744    
     71424   2570.8330    
     71712   2570.7717    
     72000   2570.3965    
     72288   2570.0715    
     72576   2569.8254    
     72864   2569.6677    
     73152   2569.6023    
     73440   2569.3081    
     73728   2569.0769    
     74016   2568.9263    
     74304   2568.8645    
     74592   2568.5676    
     74880   2568.3354    
     75168   2568.1833    
     75456   2567.7939    
     75744   2567.4712    
     76032   2567.2368    
     76320   2567.1003    
     76608   2566.7305    
     76896   2566.4363    
     77184   2566.2346    
     77472   2566.1316    
     77760   2565.7937    
     78048   2565.5278    
     78336   2565.3530    
     78624   2565.2742    
     78912   2564.9836    
     79200   2564.8096    
     79488   2564.7241    
     79776   2564.7344    
     80064   2564.5039    
     80352   2564.3440    
     80640   2564.2710    
     80928   2564.2908    
     81216   2564.0671    
     81504   2563.9163    
     81792   2563.8511    
     82080   2563.8794    
     82368   2564.0032    
     82656   2563.8848    
     82944   2563.8342    
     83232   2563.8635    
     83520   2563.9792    
     83808   2563.8484    
     84096   2563.7832    
     84384   2563.7983    
     84672   2563.8972    
     84960   2564.0823    
     85248   2564.0305    
     85536   2564.0427    
     85824   2564.1306    
     86112   2564.2983    
     86400   2564.5503    
     86688   2564.5688    
     86976   2564.6501    
     87264   2564.8030    
     87552   2565.0308    
     87840   2565.3367    
     88128   2565.7205    
     88416   2565.8860    
     88704   2566.1077    
     88992   2566.3931    
     89280   2566.7444    
     89568   2567.1641    
     89856   2567.6516    
     90144   2568.2029    
     90432   2568.5488    
     90720   2568.9348    
     91008   2569.3682    
     91296   2569.8420    
     91584   2570.3660    
     91872   2570.9312    
     92160   2571.5364    
     92448   2572.1782    
     92736   2572.8525    
     93024   2573.5559    
     93312   2574.0635    
     93600   2574.5813    
     93888   2575.1118    
     94176   2575.6545    
     94464   2576.2048    
     94752   2576.7646    
     95040   2577.3345    
     95328   2577.9128    
     95616   2578.4978    
     95904   2579.1506    
     96192   2579.8079    
     96480   2580.4656    
     96768   2581.1235    
     97056   2581.7820    
     97344   2582.4426    
     97632   2583.0989    
     97920   2583.7493    
     98208   2584.3943    
     98496   2585.0322    
     98784   2585.6653    
     99072   2586.2939    
     99360   2586.9177    
     99648   2587.5320    
     99936   2588.1333    
    100224   2588.7222    
    100512   2589.3008    
    100800   2589.8647    
    101088   2590.4146    
    101376   2590.9485    
    101664   2591.4648    
    101952   2592.0864    
    102240   2592.6973    
    102528   2593.2925    
    102816   2593.8713    
    103104   2594.4333    
    103392   2594.9746    
    103680   2595.4956    
    103968   2595.9949    
    104256   2596.4761    
    104544   2596.9324    
    104832   2597.4644    
