         1   18.200001    
       288   19.904327    
       576   21.032669    
       864   21.471958    
      1152   21.494076    
      1440   21.264126    
      1728   20.891970    
      2016   20.462204    
      2304   20.036247    
      2592   19.651409    
      2880   19.325703    
      3168   19.053722    
      3456   18.832296    
      3744   18.671318    
      4032   18.565275    
      4320   18.505749    
      4608   18.483665    
      4896   18.490622    
      5184   18.518248    
      5472   18.562187    
      5760   18.618731    
      6048   18.684364    
      6336   18.756046    
      6624   18.831238    
      6912   18.907118    
      7200   18.983700    
      7488   19.059847    
      7776   19.135193    
      8064   19.208893    
      8352   19.279438    
      8640   19.347645    
      8928   19.413498    
      9216   19.476576    
      9504   19.536295    
      9792   19.592304    
     10080   19.643036    
     10368   19.690403    
     10656   19.734682    
     10944   19.775583    
     11232   19.812904    
     11520   19.846367    
     11808   19.875120    
     12096   19.900045    
     12384   19.921965    
     12672   19.940720    
     12960   19.956133    
     13248   19.967318    
     13536   19.975639    
     13824   19.980659    
     14112   19.982834    
     14400   19.981991    
     14688   19.977900    
     14976   19.970306    
     15264   19.957624    
     15552   19.942118    
     15840   19.923954    
     16128   19.902876    
     16416   19.878574    
     16704   19.850027    
     16992   19.816927    
     17280   19.780939    
     17568   19.742018    
     17856   19.699696    
     18144   19.652401    
     18432   19.600517    
     18720   19.543421    
     19008   19.478701    
     19296   19.407410    
     19584   19.337429    
     19872   19.270416    
     20160   19.203119    
     20448   19.132635    
     20736   19.059759    
     21024   18.982910    
     21312   18.904816    
     21600   18.824318    
     21888   18.742596    
     22176   18.659397    
     22464   18.574396    
     22752   18.486071    
     23040   18.395779    
     23328   18.301781    
     23616   18.207254    
     23904   18.110817    
     24192   18.013693    
     24480   17.915497    
     24768   17.815842    
     25056   17.712999    
     25344   17.608437    
     25632   17.500311    
     25920   17.391922    
     26208   17.281662    
     26496   17.170864    
     26784   17.059111    
     27072   16.946060    
     27360   16.831425    
     27648   16.713341    
     27936   16.591846    
     28224   16.470978    
     28512   16.350607    
     28800   16.228449    
     29088   16.105995    
     29376   15.982847    
     29664   15.858656    
     29952   15.731383    
     30240   15.601087    
     30528   15.472116    
     30816   15.343984    
     31104   15.215788    
     31392   15.085011    
     31680   14.953271    
     31968   14.820145    
     32256   14.685243    
     32544   14.544560    
     32832   14.405156    
     33120   14.266409    
     33408   14.127307    
     33696   13.987105    
     33984   13.843376    
     34272   13.698259    
     34560   13.551542    
     34848   13.401141    
     35136   13.252343    
     35424   13.104394    
     35712   12.954286    
     36000   12.803980    
     36288   12.653017    
     36576   12.501027    
     36864   12.347811    
     37152   12.191320    
     37440   12.035229    
     37728   11.881376    
     38016   11.728616    
     38304   11.576075    
     38592   11.423230    
     38880   11.269777    
     39168   11.115568    
     39456   10.958532    
     39744   10.802599    
     40032   10.649636    
     40320   10.498343    
     40608   10.347783    
     40896   10.197403    
     41184   10.046888    
     41472   9.8960848    
     41760   9.7428493    
     42048   9.5936966    
     42336   9.4472952    
     42624   9.3023748    
     42912   9.1581755    
     43200   9.0118008    
     43488   8.8663464    
     43776   8.7215614    
     44064   8.5750446    
     44352   8.4334440    
     44640   8.2951460    
     44928   8.1587753    
     45216   8.0235147    
     45504   7.8888984    
     45792   7.7547135    
     46080   7.6208820    
     46368   7.4874139    
     46656   7.3543615    
     46944   7.2218113    
     47232   7.0875692    
     47520   6.9587684    
     47808   6.8337235    
     48096   6.7110405    
     48384   6.5899072    
     48672   6.4698968    
     48960   6.3508010    
     49248   6.2325683    
     49536   6.1152091    
     49824   5.9987788    
     50112   5.8833504    
     50400   5.7716956    
     50688   5.6602006    
     50976   5.5492043    
     51264   5.4390416    
     51552   5.3299685    
     51840   5.2221675    
     52128   5.1157732    
     52416   5.0108914    
     52704   4.9076033    
     52992   4.8059731    
     53280   4.7060494    
     53568   4.6078691    
     53856   4.5114698    
     54144   4.4195776    
     54432   4.3284793    
     54720   4.2384605    
     55008   4.1498218    
     55296   4.0627689    
     55584   3.9774282    
     55872   3.8938885    
     56160   3.8122063    
     56448   3.7324145    
     56736   3.6545315    
     57024   3.5811872    
     57312   3.5087488    
     57600   3.4398458    
     57888   3.3675146    
     58176   3.2941084    
     58464   3.2213130    
     58752   3.1500690    
     59040   3.0808661    
     59328   3.0164766    
     59616   2.9534118    
     59904   2.8919339    
     60192   2.8345487    
     60480   2.7743270    
     60768   2.7134991    
     61056   2.6536267    
     61344   2.5955465    
     61632   2.5396502    
     61920   2.4885011    
     62208   2.4409325    
     62496   2.3903215    
     62784   2.3389981    
     63072   2.2885618    
     63360   2.2398558    
     63648   2.1932719    
     63936   2.1510446    
     64224   2.1088865    
     64512   2.0656064    
     64800   2.0228460    
     65088   1.9815526    
     65376   1.9421794    
     65664   1.9069097    
     65952   1.8694496    
     66240   1.8317457    
     66528   1.7972443    
     66816   1.7636527    
     67104   1.7334228    
     67392   1.7007638    
     67680   1.6676944    
     67968   1.6355889    
     68256   1.6069950    
     68544   1.5763341    
     68832   1.5455208    
     69120   1.5177654    
     69408   1.4928002    
     69696   1.4654133    
     69984   1.4376189    
     70272   1.4107741    
     70560   1.3855537    
     70848   1.3639247    
     71136   1.3405775    
     71424   1.3171015    
     71712   1.2963322    
     72000   1.2780442    
     72288   1.2567958    
     72576   1.2346785    
     72864   1.2131753    
     73152   1.1930472    
     73440   1.1761621    
     73728   1.1577642    
     74016   1.1392418    
     74304   1.1216059    
     74592   1.1083288    
     74880   1.0929133    
     75168   1.0768628    
     75456   1.0627569    
     75744   1.0467470    
     76032   1.0303534    
     76320   1.0146723    
     76608   1.0016128    
     76896  0.98719728    
     77184  0.97396678    
     77472  0.96100289    
     77760  0.95018637    
     78048  0.93785149    
     78336  0.92517507    
     78624  0.91307157    
     78912  0.90324873    
     79200  0.89215565    
     79488  0.88080001    
     79776  0.87116796    
     80064  0.86329383    
     80352  0.85390598    
     80640  0.84402746    
     80928  0.83450449    
     81216  0.82691932    
     81504  0.81815648    
     81792  0.80905432    
     82080  0.80138230    
     82368  0.79417014    
     82656  0.78874010    
     82944  0.78217143    
     83232  0.77516627    
     83520  0.76839471    
     83808  0.76324606    
     84096  0.75796378    
     84384  0.75195807    
     84672  0.74590898    
     84960  0.74027604    
     85248  0.73626333    
     85536  0.73134303    
     85824  0.72601181    
     86112  0.72165191    
     86400  0.71752602    
     86688  0.71474963    
     86976  0.71105754    
     87264  0.70688099    
     87552  0.70273745    
     87840  0.69971007    
     88128  0.69703513    
     88416  0.69567496    
     88704  0.69357675    
     88992  0.69103557    
     89280  0.68848407    
     89568  0.68689597    
     89856  0.68560141    
     90144  0.68471813    
     90432  0.68511397    
     90720  0.68498439    
     91008  0.68448269    
     91296  0.68454695    
     91584  0.68465316    
     91872  0.68495440    
     92160  0.68558162    
     92448  0.68661785    
     92736  0.68811119    
     93024  0.69062620    
     93312  0.69418198    
     93600  0.69726336    
     93888  0.69988984    
     94176  0.70228469    
     94464  0.70512331    
     94752  0.70792788    
     95040  0.71077424    
     95328  0.71373749    
     95616  0.71687138    
     95904  0.72021323    
     96192  0.72423393    
     96480  0.72842318    
     96768  0.73278755    
     97056  0.73735911    
     97344  0.74216437    
     97632  0.74723035    
     97920  0.75258285    
     98208  0.75860846    
     98496  0.76481968    
     98784  0.77115655    
     99072  0.77758271    
     99360  0.78406888    
     99648  0.79058611    
     99936  0.79710662    
    100224  0.80393445    
    100512  0.81065685    
    100800  0.81723827    
    101088  0.82366282    
    101376  0.82991529    
    101664  0.83598024    
    101952  0.84145766    
    102240  0.84711385    
    102528  0.85302651    
    102816  0.85911024    
    103104  0.86553490    
    103392  0.87191033    
    103680  0.87815690    
    103968  0.88422149    
    104256  0.89006108    
    104544  0.89563763    
    104832  0.90061665    
