         1   170.00000    
       288   149.87939    
       576   129.64191    
       864   113.53703    
      1152   101.87592    
      1440   93.917900    
      1728   88.819016    
      2016   86.120338    
      2304   85.318855    
      2592   86.016930    
      2880   87.905365    
      3168   90.742569    
      3456   94.214241    
      3744   98.288155    
      4032   102.83152    
      4320   107.73832    
      4608   112.92158    
      4896   118.30836    
      5184   123.72425    
      5472   129.23410    
      5760   134.78877    
      6048   140.34821    
      6336   145.87889    
      6624   151.35306    
      6912   156.64082    
      7200   161.83398    
      7488   166.91530    
      7776   171.87218    
      8064   176.69565    
      8352   181.27492    
      8640   185.71251    
      8928   190.00401    
      9216   194.14809    
      9504   198.14450    
      9792   201.99432    
     10080   205.59476    
     10368   209.05467    
     10656   212.37596    
     10944   215.56244    
     11232   218.61833    
     11520   221.54802    
     11808   224.24731    
     12096   226.83046    
     12384   229.30165    
     12672   231.66597    
     12960   233.92850    
     13248   235.98000    
     13536   237.94008    
     13824   239.81328    
     14112   241.60477    
     14400   243.31946    
     14688   244.96262    
     14976   246.53925    
     15264   247.92474    
     15552   249.25194    
     15840   250.52490    
     16128   251.74858    
     16416   252.92776    
     16704   254.06648    
     16992   255.02296    
     17280   255.94624    
     17568   256.84061    
     17856   257.71063    
     18144   258.56143    
     18432   259.39819    
     18720   260.22565    
     19008   260.86911    
     19296   261.49448    
     19584   262.06812    
     19872   262.57816    
     20160   263.03049    
     20448   263.42627    
     20736   263.76614    
     21024   263.84964    
     21312   263.88049    
     21600   263.86209    
     21888   263.79929    
     22176   263.69592    
     22464   263.55493    
     22752   263.37851    
     23040   263.16928    
     23328   262.71719    
     23616   262.24149    
     23904   261.74921    
     24192   261.24615    
     24480   260.73657    
     24768   260.22345    
     25056   259.70831    
     25344   259.19278    
     25632   258.48328    
     25920   257.77820    
     26208   257.08289    
     26496   256.40137    
     26784   255.73537    
     27072   255.08556    
     27360   254.45146    
     27648   253.83014    
     27936   252.99074    
     28224   252.16553    
     28512   251.35985    
     28800   250.57701    
     29088   249.81810    
     29376   249.08255    
     29664   248.36903    
     29952   247.67445    
     30240   246.76106    
     30528   245.87051    
     30816   245.01277    
     31104   244.19417    
     31392   243.41788    
     31680   242.68373    
     31968   241.98987    
     32256   241.33234    
     32544   240.45950    
     32832   239.62018    
     33120   238.82214    
     33408   238.06841    
     33696   237.35786    
     33984   236.68492    
     34272   236.04286    
     34560   235.42429    
     34848   234.56746    
     35136   233.72974    
     35424   232.92174    
     35712   232.14792    
     36000   231.40730    
     36288   230.69608    
     36576   230.00908    
     36864   229.34142    
     37152   228.43184    
     37440   227.54297    
     37728   226.68802    
     38016   225.87334    
     38304   225.10001    
     38592   224.36519    
     38880   223.66441    
     39168   222.99211    
     39456   222.09212    
     39744   221.22331    
     40032   220.39919    
     40320   219.62564    
     40608   218.90233    
     40896   218.22522    
     41184   217.58856    
     41472   216.98560    
     41760   216.16684    
     42048   215.38438    
     42336   214.65346    
     42624   213.97888    
     42912   213.35857    
     43200   212.78555    
     43488   212.25099    
     43776   211.74725    
     44064   211.03262    
     44352   210.35307    
     44640   209.72438    
     44928   209.15091    
     45216   208.63048    
     45504   208.15616    
     45792   207.71991    
     46080   207.31384    
     46368   206.93091    
     46656   206.56444    
     46944   206.20992    
     47232   205.63594    
     47520   205.08575    
     47808   204.57726    
     48096   204.11682    
     48384   203.70204    
     48672   203.32707    
     48960   202.98505    
     49248   202.66873    
     49536   202.37164    
     49824   202.08864    
     50112   201.81555    
     50400   201.55075    
     50688   201.29355    
     50976   201.04173    
     51264   200.79425    
     51552   200.54877    
     51840   200.30472    
     52128   200.06177    
     52416   199.81958    
     52704   199.57892    
     52992   199.34027    
     53280   199.10431    
     53568   198.87128    
     53856   198.64172    
     54144   198.41785    
     54432   198.20160    
     54720   197.99283    
     55008   197.79106    
     55296   197.59573    
     55584   197.40656    
     55872   197.22339    
     56160   197.04642    
     56448   196.87538    
     56736   196.71097    
     57024   196.55397    
     57312   196.40649    
     57600   196.49936    
     57888   196.57817    
     58176   196.62064    
     58464   196.62082    
     58752   196.58214    
     59040   196.51176    
     59328   196.41924    
     59616   196.31451    
     59904   196.20433    
     60192   196.33221    
     60480   196.43834    
     60768   196.50391    
     61056   196.52583    
     61344   196.50900    
     61632   196.46202    
     61920   196.39542    
     62208   196.56573    
     62496   196.70834    
     62784   196.80681    
     63072   196.85887    
     63360   196.87090    
     63648   196.85258    
     63936   197.06590    
     64224   197.24394    
     64512   197.37289    
     64800   197.45337    
     65088   197.49219    
     65376   197.49957    
     65664   197.74504    
     65952   197.95285    
     66240   198.10974    
     66528   198.21692    
     66816   198.28314    
     67104   198.58476    
     67392   198.83984    
     67680   199.03697    
     67968   199.17770    
     68256   199.54182    
     68544   199.84367    
     68832   200.07436    
     69120   200.23880    
     69408   200.62700    
     69696   200.94836    
     69984   201.19536    
     70272   201.37317    
     70560   201.49358    
     70848   201.85260    
     71136   202.15544    
     71424   202.39484    
     71712   202.57471    
     72000   203.06557    
     72288   203.48750    
     72576   203.82762    
     72864   204.08855    
     73152   204.28041    
     73440   204.70982    
     73728   205.07300    
     74016   205.36555    
     74304   205.59267    
     74592   206.06104    
     74880   206.46173    
     75168   206.79007    
     75456   207.35130    
     75744   207.82913    
     76032   208.21797    
     76320   208.52376    
     76608   209.06255    
     76896   209.51848    
     77184   209.89078    
     77472   210.18588    
     77760   210.72398    
     78048   211.18504    
     78336   211.56682    
     78624   211.87567    
     78912   212.43082    
     79200   212.91020    
     79488   213.31204    
     79776   213.64203    
     80064   214.22148    
     80352   214.72594    
     80640   215.15379    
     80928   215.50986    
     81216   216.11517    
     81504   216.64445    
     81792   217.09650    
     82080   217.47688    
     82368   217.79485    
     82656   218.37083    
     82944   218.88184    
     83232   219.32722    
     83520   219.71135    
     83808   220.34785    
     84096   220.91608    
     84384   221.41377    
     84672   221.84531    
     84960   222.21848    
     85248   222.84230    
     85536   223.40150    
     85824   223.89626    
     86112   224.33128    
     86400   224.71294    
     86688   225.34081    
     86976   225.90811    
     87264   226.41553    
     87552   226.86658    
     87840   227.26804    
     88128   227.62688    
     88416   228.22504    
     88704   228.77325    
     88992   229.27206    
     89280   229.72455    
     89568   230.13699    
     89856   230.51598    
     90144   230.86874    
     90432   231.44847    
     90720   231.99471    
     91008   232.50922    
     91296   232.99611    
     91584   233.45901    
     91872   233.90263    
     92160   234.33244    
     92448   234.75342    
     92736   235.17027    
     93024   235.58704    
     93312   236.20923    
     93600   236.82004    
     93888   237.42024    
     94176   238.01062    
     94464   238.59337    
     94752   239.16953    
     95040   239.74095    
     95328   240.30894    
     95616   240.87503    
     95904   241.44035    
     96192   242.00639    
     96480   242.57339    
     96768   243.14204    
     97056   243.71260    
     97344   244.28476    
     97632   244.85864    
     97920   245.43414    
     98208   246.01144    
     98496   246.59001    
     98784   247.17030    
     99072   247.75214    
     99360   248.33591    
     99648   248.92145    
     99936   249.50883    
    100224   250.09871    
    100512   250.69060    
    100800   251.28453    
    101088   251.88029    
    101376   252.47757    
    101664   253.07649    
    101952   253.56241    
    102240   254.05820    
    102528   254.56322    
    102816   255.07669    
    103104   255.59811    
    103392   256.12637    
    103680   256.66110    
    103968   257.20117    
    104256   257.74600    
    104544   258.29462    
    104832   258.75293    
