         1   243.00000    
       288   246.47481    
       576   235.37404    
       864   223.32022    
      1152   211.75604    
      1440   200.83386    
      1728   190.55202    
      2016   180.87686    
      2304   171.76939    
      2592   163.18985    
      2880   155.10161    
      3168   147.47244    
      3456   140.27568    
      3744   133.47997    
      4032   127.06133    
      4320   120.99821    
      4608   115.27093    
      4896   109.86127    
      5184   104.74859    
      5472   99.913292    
      5760   95.341232    
      6048   91.019257    
      6336   86.934937    
      6624   83.076752    
      6912   79.430031    
      7200   75.980576    
      7488   72.719238    
      7776   69.637428    
      8064   66.726860    
      8352   63.976353    
      8640   61.374912    
      8928   58.916019    
      9216   56.593731    
      9504   54.402428    
      9792   52.336895    
     10080   50.388748    
     10368   48.549694    
     10656   46.815674    
     10944   45.182976    
     11232   43.648174    
     11520   42.208183    
     11808   40.856506    
     12096   39.586395    
     12384   38.395828    
     12672   37.282703    
     12960   36.245270    
     13248   35.278088    
     13536   34.375397    
     13824   33.536179    
     14112   32.759621    
     14400   32.044937    
     14688   31.391676    
     14976   30.799484    
     15264   30.263962    
     15552   29.780367    
     15840   29.348770    
     16128   28.969458    
     16416   28.642929    
     16704   28.369984    
     16992   28.146788    
     17280   27.968685    
     17568   27.836674    
     17856   27.751978    
     18144   27.716158    
     18432   27.731123    
     18720   27.798687    
     19008   27.914276    
     19296   28.067553    
     19584   28.246861    
     19872   28.444691    
     20160   28.657621    
     20448   28.882818    
     20736   29.117704    
     21024   29.352947    
     21312   29.580200    
     21600   29.799557    
     21888   30.011211    
     22176   30.215076    
     22464   30.411076    
     22752   30.599291    
     23040   30.779869    
     23328   30.945629    
     23616   31.090704    
     23904   31.217833    
     24192   31.329464    
     24480   31.427389    
     24768   31.513090    
     25056   31.587933    
     25344   31.653067    
     25632   31.702654    
     25920   31.732140    
     26208   31.744629    
     26496   31.742722    
     26784   31.728111    
     27072   31.702106    
     27360   31.665600    
     27648   31.619249    
     27936   31.555849    
     28224   31.469782    
     28512   31.364338    
     28800   31.242376    
     29088   31.106186    
     29376   30.957239    
     29664   30.796854    
     29952   30.626394    
     30240   30.439491    
     30528   30.232380    
     30816   30.010555    
     31104   29.778793    
     31392   29.541241    
     31680   29.301300    
     31968   29.061277    
     32256   28.822996    
     32544   28.580194    
     32832   28.329548    
     33120   28.076113    
     33408   27.823645    
     33696   27.574720    
     33984   27.331100    
     34272   27.093731    
     34560   26.862577    
     34848   26.629490    
     35136   26.389948    
     35424   26.148670    
     35712   25.909090    
     36000   25.673311    
     36288   25.442142    
     36576   25.215900    
     36864   24.994616    
     37152   24.770130    
     37440   24.538574    
     37728   24.305119    
     38016   24.072845    
     38304   23.843699    
     38592   23.618872    
     38880   23.398899    
     39168   23.183943    
     39456   22.966043    
     39744   22.741758    
     40032   22.516411    
     40320   22.293079    
     40608   22.073685    
     40896   21.859289    
     41184   21.650314    
     41472   21.446846    
     41760   21.241056    
     42048   21.029699    
     42336   20.818136    
     42624   20.609732    
     42912   20.406357    
     43200   20.209021    
     43488   20.017891    
     43776   19.832502    
     44064   19.644941    
     44352   19.452291    
     44640   19.259924    
     44928   19.071133    
     45216   18.887672    
     45504   18.710295    
     45792   18.539146    
     46080   18.374044    
     46368   18.214653    
     46656   18.060564    
     46944   17.911396    
     47232   17.759420    
     47520   17.602074    
     47808   17.444813    
     48096   17.290773    
     48384   17.141550    
     48672   16.997789    
     48960   16.859575    
     49248   16.726685    
     49536   16.598787    
     49824   16.475506    
     50112   16.356495    
     50400   16.241337    
     50688   16.129854    
     50976   16.022110    
     51264   15.917956    
     51552   15.817141    
     51840   15.719424    
     52128   15.624576    
     52416   15.532418    
     52704   15.442802    
     52992   15.355615    
     53280   15.270772    
     53568   15.188202    
     53856   15.107870    
     54144   15.029590    
     54432   14.953444    
     54720   14.879683    
     55008   14.808316    
     55296   14.739233    
     55584   14.672293    
     55872   14.607379    
     56160   14.544390    
     56448   14.483249    
     56736   14.423912    
     57024   14.366194    
     57312   14.310154    
     57600   14.263595    
     57888   14.228516    
     58176   14.198792    
     58464   14.170939    
     58752   14.143178    
     59040   14.114764    
     59328   14.085421    
     59616   14.055331    
     59904   14.025037    
     60192   14.002601    
     60480   13.990367    
     60768   13.982251    
     61056   13.974827    
     61344   13.966415    
     61632   13.956368    
     61920   13.944485    
     62208   13.938961    
     62496   13.942775    
     62784   13.949999    
     63072   13.957273    
     63360   13.962903    
     63648   13.966245    
     63936   13.975314    
     64224   13.992755    
     64512   14.012608    
     64800   14.031789    
     65088   14.048754    
     65376   14.062878    
     65664   14.082372    
     65952   14.110211    
     66240   14.140343    
     66528   14.169184    
     66816   14.195004    
     67104   14.225873    
     67392   14.264853    
     67680   14.305791    
     67968   14.345092    
     68256   14.389455    
     68544   14.441346    
     68832   14.494300    
     69120   14.544451    
     69408   14.598534    
     69696   14.659634    
     69984   14.721451    
     70272   14.780286    
     70560   14.834213    
     70848   14.891180    
     71136   14.954770    
     71424   15.019007    
     71712   15.080135    
     72000   15.147191    
     72288   15.224512    
     72576   15.304242    
     72864   15.381474    
     73152   15.453424    
     73440   15.527515    
     73728   15.607471    
     74016   15.687377    
     74304   15.763577    
     74592   15.842590    
     74880   15.927615    
     75168   16.012878    
     75456   16.103367    
     75744   16.201332    
     76032   16.299858    
     76320   16.394447    
     76608   16.491148    
     76896   16.593254    
     77184   16.694502    
     77472   16.790707    
     77760   16.888481    
     78048   16.991631    
     78336   17.094418    
     78624   17.192953    
     78912   17.293282    
     79200   17.399073    
     79488   17.504601    
     79776   17.605713    
     80064   17.707952    
     80352   17.815422    
     80640   17.922760    
     80928   18.026152    
     81216   18.131187    
     81504   18.241573    
     81792   18.351919    
     82080   18.458138    
     82368   18.557291    
     82656   18.655977    
     82944   18.758854    
     83232   18.861475    
     83520   18.960505    
     83808   19.061113    
     84096   19.166895    
     84384   19.272642    
     84672   19.375059    
     84960   19.471792    
     85248   19.568308    
     85536   19.668871    
     85824   19.769415    
     86112   19.866531    
     86400   19.957392    
     86688   20.047428    
     86976   20.141066    
     87264   20.234671    
     87552   20.325308    
     87840   20.410509    
     88128   20.488169    
     88416   20.563534    
     88704   20.641251    
     88992   20.718409    
     89280   20.792490    
     89568   20.861271    
     89856   20.922754    
     90144   20.976118    
     90432   21.026272    
     90720   21.077765    
     91008   21.128357    
     91296   21.175961    
     91584   21.218594    
     91872   21.255188    
     92160   21.284964    
     92448   21.307295    
     92736   21.321712    
     93024   21.327761    
     93312   21.329523    
     93600   21.331673    
     93888   21.333061    
     94176   21.332561    
     94464   21.329062    
     94752   21.321335    
     95040   21.308832    
     95328   21.291059    
     95616   21.267591    
     95904   21.238043    
     96192   21.201948    
     96480   21.158745    
     96768   21.108286    
     97056   21.050465    
     97344   20.985069    
     97632   20.911926    
     97920   20.830929    
     98208   20.741911    
     98496   20.644665    
     98784   20.539473    
     99072   20.426712    
     99360   20.306810    
     99648   20.180267    
     99936   20.047598    
    100224   19.909311    
    100512   19.765810    
    100800   19.617777    
    101088   19.466000    
    101376   19.311131    
    101664   19.153858    
    101952   18.992178    
    102240   18.823675    
    102528   18.649294    
    102816   18.469999    
    103104   18.286707    
    103392   18.100210    
    103680   17.911570    
    103968   17.721794    
    104256   17.531862    
    104544   17.342674    
    104832   17.152969    
