         1   106.00000    
       288   230.20259    
       576   225.57185    
       864   216.35393    
      1152   204.43286    
      1440   192.03275    
      1728   179.13155    
      2016   167.63835    
      2304   157.97037    
      2592   149.95500    
      2880   143.36176    
      3168   138.23595    
      3456   134.61082    
      3744   131.54935    
      4032   129.13406    
      4320   127.27947    
      4608   125.90701    
      4896   124.95058    
      5184   123.35538    
      5472   122.04847    
      5760   121.18387    
      6048   120.69850    
      6336   120.53615    
      6624   120.65032    
      6912   119.95742    
      7200   119.49046    
      7488   119.27024    
      7776   119.30280    
      8064   119.59913    
      8352   119.03288    
      8640   118.72622    
      8928   118.74593    
      9216   119.03707    
      9504   119.55412    
      9792   120.25948    
     10080   119.85822    
     10368   119.69494    
     10656   119.83264    
     10944   120.21622    
     11232   120.80081    
     11520   121.54889    
     11808   121.23756    
     12096   121.07109    
     12384   121.16927    
     12672   121.50312    
     12960   122.02554    
     13248   121.49300    
     13536   121.28340    
     13824   121.20512    
     14112   121.35984    
     14400   121.71258    
     14688   122.22020    
     14976   122.84742    
     15264   122.19381    
     15552   121.86188    
     15840   121.79790    
     16128   121.94186    
     16416   122.24587    
     16704   122.50227    
     16992   121.68840    
     17280   121.21447    
     17568   121.00442    
     17856   120.99708    
     18144   120.97595    
     18432   121.10191    
     18720   121.33954    
     19008   120.50175    
     19296   119.80854    
     19584   119.39308    
     19872   119.19493    
     20160   119.16422    
     20448   119.09007    
     20736   119.14956    
     21024   118.20013    
     21312   117.58062    
     21600   117.04760    
     21888   116.74428    
     22176   116.61617    
     22464   116.62100    
     22752   116.55361    
     23040   116.60056    
     23328   115.65833    
     23616   115.04147    
     23904   114.50523    
     24192   114.19740    
     24480   114.06530    
     24768   114.06821    
     25056   114.00211    
     25344   114.05953    
     25632   113.26704    
     25920   112.79108    
     26208   112.38520    
     26496   112.20828    
     26784   112.20922    
     27072   112.34956    
     27360   112.60108    
     27648   112.76178    
     27936   111.98824    
     28224   111.59183    
     28512   111.47934    
     28800   111.40365    
     29088   111.54057    
     29376   111.83918    
     29664   112.26131    
     29952   112.58641    
     30240   111.95091    
     30528   111.71445    
     30816   111.76144    
     31104   112.00922    
     31392   112.20496    
     31680   112.54991    
     31968   112.99392    
     32256   113.49886    
     32544   112.70999    
     32832   112.34534    
     33120   112.26003    
     33408   112.35291    
     33696   112.55460    
     33984   112.60722    
     34272   112.75227    
     34560   112.94544    
     34848   112.02811    
     35136   111.49099    
     35424   111.19072    
     35712   110.82483    
     36000   110.61153    
     36288   110.48672    
     36576   110.40854    
     36864   110.34991    
     37152   109.19742    
     37440   108.22363    
     37728   107.56212    
     38016   107.09330    
     38304   106.74109    
     38592   106.45737    
     38880   106.21169    
     39168   105.98506    
     39456   104.72831    
     39744   103.65385    
     40032   102.89226    
     40320   102.32421    
     40608   101.87585    
     40896   101.50089    
     41184   101.17056    
     41472   100.86693    
     41760   99.607948    
     42048   98.723213    
     42336   98.069305    
     42624   97.559052    
     42912   97.138489    
     43200   96.580376    
     43488   96.130096    
     43776   95.748055    
     44064   94.504578    
     44352   93.632133    
     44640   92.987976    
     44928   92.486427    
     45216   92.074844    
     45504   91.720688    
     45792   91.403793    
     46080   91.111870    
     46368   90.837288    
     46656   90.575233    
     46944   90.322937    
     47232   89.231964    
     47520   88.467140    
     47808   87.904053    
     48096   87.467033    
     48384   87.109489    
     48672   86.804031    
     48960   86.532936    
     49248   86.285591    
     49536   86.055565    
     49824   85.838623    
     50112   85.632103    
     50400   85.606094    
     50688   85.523621    
     50976   85.408035    
     51264   85.273949    
     51552   85.130615    
     51840   84.983902    
     52128   84.837326    
     52416   84.693176    
     52704   84.552635    
     52992   84.416626    
     53280   84.285561    
     53568   84.159744    
     53856   84.039078    
     54144   84.092651    
     54432   84.087807    
     54720   84.048302    
     55008   83.989349    
     55296   83.920219    
     55584   83.846619    
     55872   83.771889    
     56160   83.698166    
     56448   83.626427    
     56736   83.557190    
     57024   83.654213    
     57312   83.691948    
     57600   84.530769    
     57888   85.054932    
     58176   85.384407    
     58464   85.593994    
     58752   85.729828    
     59040   85.819489    
     59328   86.048782    
     59616   86.194466    
     59904   86.287918    
     60192   87.231575    
     60480   87.848106    
     60768   88.261307    
     61056   88.547768    
     61344   88.753906    
     61632   88.907494    
     61920   89.197510    
     62208   90.331154    
     62496   91.088196    
     62784   91.609032    
     63072   91.980316    
     63360   92.254707    
     63648   92.463913    
     63936   93.607307    
     64224   94.573799    
     64512   95.241554    
     64800   95.718079    
     65088   96.069077    
     65376   96.333778    
     65664   97.578064    
     65952   98.433617    
     66240   99.041878    
     66528   99.675705    
     66816   100.12670    
     67104   101.55523    
     67392   102.54031    
     67680   103.24094    
     67968   103.75376    
     68256   105.28677    
     68544   106.35864    
     68832   107.13250    
     69120   107.90585    
     69408   109.67573    
     69696   110.91248    
     69984   111.80283    
     70272   112.46087    
     70560   112.95525    
     70848   114.60033    
     71136   115.75238    
     71424   116.58091    
     71712   117.39668    
     72000   119.59879    
     72288   121.13844    
     72576   122.24561    
     72864   123.06062    
     73152   123.66814    
     73440   125.52947    
     73728   126.83883    
     74016   127.78017    
     74304   128.46489    
     74592   130.66110    
     74880   132.18739    
     75168   133.26674    
     75456   135.57541    
     75744   137.20801    
     76032   138.38795    
     76320   139.25218    
     76608   141.48454    
     76896   143.06839    
     77184   144.45760    
     77472   145.44370    
     77760   147.81725    
     78048   149.48753    
     78336   150.67981    
     78624   151.53258    
     78912   153.87279    
     79200   155.51973    
     79488   156.69148    
     79776   157.77588    
     80064   160.32581    
     80352   162.10651    
     80640   163.35855    
     80928   164.23289    
     81216   166.69395    
     81504   168.41589    
     81792   169.62462    
     82080   170.72679    
     82368   171.45222    
     82656   173.82899    
     82944   175.45303    
     83232   176.54797    
     83520   177.25757    
     83808   179.65027    
     84096   181.55815    
     84384   182.83441    
     84672   183.65198    
     84960   184.12300    
     85248   186.34282    
     85536   187.81047    
     85824   188.73618    
     86112   189.52818    
     86400   189.91707    
     86688   192.03395    
     86976   193.37793    
     87264   194.15732    
     87552   194.51160    
     87840   194.79817    
     88128   194.73024    
     88416   196.40259    
     88704   197.35048    
     88992   197.75702    
     89280   197.74796    
     89568   197.67180    
     89856   197.26143    
     90144   196.58534    
     90432   197.64372    
     90720   198.09233    
     91008   198.08640    
     91296   197.98885    
     91584   197.56816    
     91872   196.90292    
     92160   196.05237    
     92448   195.06201    
     92736   193.96619    
     93024   193.01746    
     93312   193.75906    
     93600   194.06848    
     93888   194.06190    
     94176   193.82809    
     94464   193.65732    
     94752   193.32874    
     95040   192.89130    
     95328   192.38371    
     95616   191.83551    
     95904   191.26953    
     96192   190.91164    
     96480   190.52625    
     96768   190.13164    
     97056   189.74352    
     97344   189.37383    
     97632   189.03191    
     97920   188.72462    
     98208   188.65550    
     98496   188.59703    
     98784   188.55833    
     99072   188.55020    
     99360   188.58136    
     99648   188.65958    
     99936   188.79131    
    100224   189.17810    
    100512   189.60004    
    100800   190.06267    
    101088   190.57489    
    101376   191.14400    
    101664   191.77605    
    101952   190.79839    
    102240   190.15315    
    102528   189.79866    
    102816   189.69580    
    103104   190.00397    
    103392   190.48654    
    103680   191.12257    
    103968   191.90112    
    104256   192.81322    
    104544   193.85155    
    104832   193.30365    
