         1   16.000000    
       288   14.771479    
       576   13.250794    
       864   11.553996    
      1152   9.9560623    
      1440   8.5809069    
      1728   7.4477673    
      2016   6.5449281    
      2304   5.8279643    
      2592   5.2569036    
      2880   4.7994771    
      3168   4.4622645    
      3456   4.3735471    
      3744   4.3022366    
      4032   4.2338314    
      4320   4.1683264    
      4608   4.1061039    
      4896   4.0473495    
      5184   3.9948082    
      5472   3.9463828    
      5760   3.9011409    
      6048   3.8588090    
      6336   3.8191864    
      6624   3.7820868    
      6912   3.7504127    
      7200   3.7212164    
      7488   3.6939321    
      7776   3.6683393    
      8064   3.6441920    
      8352   3.6246870    
      8640   3.6064174    
      8928   3.5889215    
      9216   3.5721204    
      9504   3.5559757    
      9792   3.5404634    
     10080   3.5294631    
     10368   3.5188863    
     10656   3.5083747    
     10944   3.4979672    
     11232   3.4877002    
     11520   3.4776111    
     11808   3.4715767    
     12096   3.4656806    
     12384   3.4595189    
     12672   3.4531126    
     12960   3.4465542    
     13248   3.4438155    
     13536   3.4404929    
     13824   3.4370632    
     14112   3.4332209    
     14400   3.4290388    
     14688   3.4246223    
     14976   3.4200699    
     15264   3.4199240    
     15552   3.4189816    
     15840   3.4174118    
     16128   3.4153666    
     16416   3.4129887    
     16704   3.4109409    
     16992   3.4125624    
     17280   3.4132898    
     17568   3.4133141    
     17856   3.4128342    
     18144   3.4125500    
     18432   3.4119403    
     18720   3.4111207    
     19008   3.4139683    
     19296   3.4164529    
     19584   3.4181960    
     19872   3.4193377    
     20160   3.4200306    
     20448   3.4209559    
     20736   3.4215419    
     21024   3.4254892    
     21312   3.4284165    
     21600   3.4311502    
     21888   3.4331846    
     22176   3.4346855    
     22464   3.4357893    
     22752   3.4371562    
     23040   3.4381807    
     23328   3.4424355    
     23616   3.4456079    
     23904   3.4485652    
     24192   3.4507790    
     24480   3.4524150    
     24768   3.4536037    
     25056   3.4550085    
     25344   3.4560189    
     25632   3.4597380    
     25920   3.4624407    
     26208   3.4649007    
     26496   3.4666176    
     26784   3.4677343    
     27072   3.4683836    
     27360   3.4686522    
     27648   3.4691954    
     27936   3.4727106    
     28224   3.4750130    
     28512   3.4763656    
     28800   3.4775455    
     29088   3.4780269    
     29376   3.4779396    
     29664   3.4774172    
     29952   3.4771681    
     30240   3.4799542    
     30528   3.4814632    
     30816   3.4820020    
     31104   3.4818151    
     31392   3.4817626    
     31680   3.4812047    
     31968   3.4803047    
     32256   3.4791992    
     32544   3.4822381    
     32832   3.4839296    
     33120   3.4847307    
     33408   3.4848928    
     33696   3.4846959    
     33984   3.4849644    
     34272   3.4849596    
     34560   3.4848182    
     34848   3.4882438    
     35136   3.4904547    
     35424   3.4918675    
     35712   3.4934545    
     36000   3.4945395    
     36288   3.4953256    
     36576   3.4959464    
     36864   3.4964957    
     37152   3.5005007    
     37440   3.5039394    
     37728   3.5063264    
     38016   3.5080464    
     38304   3.5093379    
     38592   3.5103652    
     38880   3.5112371    
     39168   3.5120304    
     39456   3.5160599    
     39744   3.5194652    
     40032   3.5218496    
     40320   3.5235584    
     40608   3.5248353    
     40896   3.5258348    
     41184   3.5266697    
     41472   3.5274079    
     41760   3.5310974    
     42048   3.5336125    
     42336   3.5353432    
     42624   3.5365634    
     42912   3.5374579    
     43200   3.5387487    
     43488   3.5397298    
     43776   3.5405123    
     44064   3.5439339    
     44352   3.5462110    
     44640   3.5477228    
     44928   3.5487373    
     45216   3.5494335    
     45504   3.5499318    
     45792   3.5503097    
     46080   3.5506217    
     46368   3.5509028    
     46656   3.5511706    
     46944   3.5514379    
     47232   3.5542946    
     47520   3.5561051    
     47808   3.5572793    
     48096   3.5580349    
     48384   3.5584886    
     48672   3.5587759    
     48960   3.5589561    
     49248   3.5590599    
     49536   3.5591428    
     49824   3.5592053    
     50112   3.5592546    
     50400   3.5587778    
     50688   3.5584605    
     50976   3.5582557    
     51264   3.5581253    
     51552   3.5580451    
     51840   3.5579925    
     52128   3.5579505    
     52416   3.5579166    
     52704   3.5578723    
     52992   3.5578220    
     53280   3.5577555    
     53568   3.5576735    
     53856   3.5575671    
     54144   3.5569291    
     54432   3.5564339    
     54720   3.5560246    
     55008   3.5556741    
     55296   3.5553548    
     55584   3.5550530    
     55872   3.5547547    
     56160   3.5544512    
     56448   3.5541341    
     56736   3.5537777    
     57024   3.5529654    
     57312   3.5522530    
     57600   3.5491426    
     57888   3.5469835    
     58176   3.5454702    
     58464   3.5443757    
     58752   3.5435507    
     59040   3.5428827    
     59328   3.5418015    
     59616   3.5409217    
     59904   3.5401847    
     60192   3.5368571    
     60480   3.5345013    
     60768   3.5327981    
     61056   3.5315259    
     61344   3.5305204    
     61632   3.5296779    
     61920   3.5284135    
     62208   3.5245256    
     62496   3.5217576    
     62784   3.5197361    
     63072   3.5182002    
     63360   3.5169749    
     63648   3.5159583    
     63936   3.5120649    
     64224   3.5086887    
     64512   3.5062237    
     64800   3.5043602    
     65088   3.5028894    
     65376   3.5016601    
     65664   3.4974234    
     65952   3.4943609    
     66240   3.4920790    
     66528   3.4897258    
     66816   3.4879158    
     67104   3.4830661    
     67392   3.4795699    
     67680   3.4769819    
     67968   3.4749939    
     68256   3.4698191    
     68544   3.4660790    
     68832   3.4632952    
     69120   3.4605310    
     69408   3.4545774    
     69696   3.4502914    
     69984   3.4471180    
     70272   3.4446976    
     70560   3.4428167    
     70848   3.4372077    
     71136   3.4331484    
     71424   3.4301333    
     71712   3.4271791    
     72000   3.4196703    
     72288   3.4142804    
     72576   3.4103215    
     72864   3.4073336    
     73152   3.4050364    
     73440   3.3985870    
     73728   3.3939269    
     74016   3.3904843    
     74304   3.3879128    
     74592   3.3802395    
     74880   3.3747618    
     75168   3.3707781    
     75456   3.3626130    
     75744   3.3567202    
     76032   3.3523803    
     76320   3.3491445    
     76608   3.3411536    
     76896   3.3353670    
     77184   3.3302457    
     77472   3.3265352    
     77760   3.3178825    
     78048   3.3116648    
     78336   3.3071375    
     78624   3.3037863    
     78912   3.2951071    
     79200   3.2888710    
     79488   3.2843421    
     79776   3.2800992    
     80064   3.2704661    
     80352   3.2635915    
     80640   3.2586558    
     80928   3.2551150    
     81216   3.2456043    
     81504   3.2388127    
     81792   3.2339480    
     82080   3.2294755    
     82368   3.2264345    
     82656   3.2169943    
     82944   3.2103946    
     83232   3.2058334    
     83520   3.2027812    
     83808   3.1930664    
     84096   3.1851919    
     84384   3.1797986    
     84672   3.1762302    
     84960   3.1740444    
     85248   3.1647775    
     85536   3.1585026    
     85824   3.1544263    
     86112   3.1508939    
     86400   3.1490197    
     86688   3.1399519    
     86976   3.1340418    
     87264   3.1304808    
     87552   3.1287065    
     87840   3.1272211    
     88128   3.1272197    
     88416   3.1198506    
     88704   3.1155145    
     88992   3.1134787    
     89280   3.1132190    
     89568   3.1132514    
     89856   3.1147025    
     90144   3.1172862    
     90432   3.1124644    
     90720   3.1102231    
     91008   3.1099236    
     91296   3.1100197    
     91584   3.1114957    
     91872   3.1140103    
     92160   3.1173000    
     92448   3.1211722    
     92736   3.1254585    
     93024   3.1291344    
     93312   3.1256695    
     93600   3.1240063    
     93888   3.1236627    
     94176   3.1242771    
     94464   3.1246302    
     94752   3.1256452    
     95040   3.1271150    
     95328   3.1288762    
     95616   3.1308033    
     95904   3.1328003    
     96192   3.1339304    
     96480   3.1351697    
     96768   3.1364412    
     97056   3.1376815    
     97344   3.1388376    
     97632   3.1398754    
     97920   3.1407688    
     98208   3.1406820    
     98496   3.1405442    
     98784   3.1403148    
     99072   3.1399617    
     99360   3.1394405    
     99648   3.1387260    
     99936   3.1377912    
    100224   3.1357985    
    100512   3.1336563    
    100800   3.1313412    
    101088   3.1288140    
    101376   3.1260467    
    101664   3.1230137    
    101952   3.1267321    
    102240   3.1290147    
    102528   3.1301029    
    102816   3.1301510    
    103104   3.1285000    
    103392   3.1261215    
    103680   3.1230972    
    103968   3.1194677    
    104256   3.1152658    
    104544   3.1105163    
    104832   3.1124873    
