       288  0.28875923    
       576  0.18890135    
       864  0.14660408    
      1152  0.12439016    
      1440  0.10996820    
      1728  0.99393152E-01
      2016  0.91787376E-01
      2304  0.85375257E-01
      2592  0.79586454E-01
      2880  0.74305780E-01
      3168  0.69525674E-01
      3456  0.65080225E-01
      3744  0.61326623E-01
      4032  0.58057364E-01
      4320  0.55209048E-01
      4608  0.52745774E-01
      4896  0.50633028E-01
      5184  0.48771545E-01
      5472  0.47311284E-01
      5760  0.46109773E-01
      6048  0.45099672E-01
      6336  0.44241168E-01
      6624  0.43506160E-01
      6912  0.42838592E-01
      7200  0.42340573E-01
      7488  0.41925564E-01
      7776  0.41562770E-01
      8064  0.41232448E-01
      8352  0.40902086E-01
      8640  0.40663444E-01
      8928  0.40451732E-01
      9216  0.40246092E-01
      9504  0.40040977E-01
      9792  0.39836045E-01
     10080  0.39616514E-01
     10368  0.39468132E-01
     10656  0.39332896E-01
     10944  0.39193332E-01
     11232  0.39046153E-01
     11520  0.38892809E-01
     11808  0.38721222E-01
     12096  0.38607188E-01
     12384  0.38507104E-01
     12672  0.38402449E-01
     12960  0.38289640E-01
     13248  0.38156740E-01
     13536  0.38072631E-01
     13824  0.37996180E-01
     14112  0.37917979E-01
     14400  0.37832025E-01
     14688  0.37738968E-01
     14976  0.37641384E-01
     15264  0.37531119E-01
     15552  0.37475020E-01
     15840  0.37428472E-01
     16128  0.37377834E-01
     16416  0.37320804E-01
     16704  0.37260916E-01
     16992  0.37190836E-01
     17280  0.37168130E-01
     17568  0.37152860E-01
     17856  0.37133317E-01
     18144  0.37110064E-01
     18432  0.37087753E-01
     18720  0.37064515E-01
     19008  0.37026428E-01
     19296  0.37038278E-01
     19584  0.37064001E-01
     19872  0.37088089E-01
     20160  0.37107781E-01
     20448  0.37126679E-01
     20736  0.37150133E-01
     21024  0.37158567E-01
     21312  0.37217073E-01
     21600  0.37288319E-01
     21888  0.37363298E-01
     22176  0.37436046E-01
     22464  0.37507359E-01
     22752  0.37772689E-01
     23040  0.39972924E-01
     23328  0.42605966E-01
     23616  0.45162294E-01
     23904  0.47452349E-01
     24192  0.49486060E-01
     24480  0.51305749E-01
     24768  0.52972801E-01
     25056  0.54557133E-01
     25344  0.56121115E-01
     25632  0.57595327E-01
     25920  0.59255280E-01
     26208  0.61003927E-01
     26496  0.62838860E-01
     26784  0.64752392E-01
     27072  0.66762328E-01
     27360  0.68893082E-01
     27648  0.71189716E-01
     27936  0.73504582E-01
     28224  0.76307461E-01
     28512  0.79327717E-01
     28800  0.82539730E-01
     29088  0.85968651E-01
     29376  0.89575745E-01
     29664  0.93393624E-01
     29952  0.97552262E-01
     30240  0.10269096    
     30528  0.10716117    
     30816  0.11055835    
     31104  0.11324590    
     31392  0.11545876    
     31680  0.11733970    
     31968  0.11888376    
     32256  0.12014858    
     32544  0.12116163    
     32832  0.12262271    
     33120  0.12385938    
     33408  0.12483457    
     33696  0.12559848    
     33984  0.12627062    
     34272  0.12689848    
     34560  0.12739335    
     34848  0.12785420    
     35136  0.12870400    
     35424  0.12937014    
     35712  0.12993170    
     36000  0.13043369    
     36288  0.13079390    
     36576  0.13104670    
     36864  0.13122565    
     37152  0.13154554    
     37440  0.13232915    
     37728  0.13300964    
     38016  0.13348107    
     38304  0.13380805    
     38592  0.13404649    
     38880  0.13423418    
     39168  0.13439573    
     39456  0.13481767    
     39744  0.13569807    
     40032  0.13648504    
     40320  0.13708048    
     40608  0.13755518    
     40896  0.13796483    
     41184  0.13834484    
     41472  0.13871673    
     41760  0.13941902    
     42048  0.14046417    
     42336  0.14133780    
     42624  0.14208032    
     42912  0.14274661    
     43200  0.14347391    
     43488  0.14426351    
     43776  0.14498253    
     44064  0.14602086    
     44352  0.14735520    
     44640  0.14848587    
     44928  0.14946333    
     45216  0.15034683    
     45504  0.15117520    
     45792  0.15197238    
     46080  0.15275264    
     46368  0.15352513    
     46656  0.15429509    
     46944  0.15506600    
     47232  0.15623483    
     47520  0.15774043    
     47808  0.15904579    
     48096  0.16019584    
     48384  0.16125001    
     48672  0.16224581    
     48960  0.16320813    
     49248  0.16415209    
     49536  0.16508667    
     49824  0.16601846    
     50112  0.16695105    
     50400  0.16779414    
     50688  0.16853100    
     50976  0.16934893    
     51264  0.17022721    
     51552  0.17114438    
     51840  0.17208797    
     52128  0.17305157    
     52416  0.17403141    
     52704  0.17502561    
     52992  0.17603351    
     53280  0.17705466    
     53568  0.17808941    
     53856  0.17913756    
     54144  0.18012500    
     54432  0.18098667    
     54720  0.18193701    
     55008  0.18295769    
     55296  0.18402509    
     55584  0.18512531    
     55872  0.18625122    
     56160  0.18739864    
     56448  0.18856539    
     56736  0.18975078    
     57024  0.19090407    
     57312  0.19191159    
     57600  0.19261290    
     57888  0.19280304    
     58176  0.19325596    
     58464  0.19394746    
     58752  0.19480404    
     59040  0.19577460    
     59328  0.19680138    
     59616  0.19770317    
     59904  0.19872171    
     60192  0.19946922    
     60480  0.19960594    
     60768  0.19999333    
     61056  0.20063525    
     61344  0.20146185    
     61632  0.20242143    
     61920  0.20348643    
     62208  0.20406651    
     62496  0.20399894    
     62784  0.20422135    
     63072  0.20474581    
     63360  0.20549347    
     63648  0.20640352    
     63936  0.20711043    
     64224  0.20711637    
     64512  0.20711403    
     64800  0.20744586    
     65088  0.20806144    
     65376  0.20888673    
     65664  0.20957564    
     65952  0.20947871    
     66240  0.20960338    
     66528  0.21009499    
     66816  0.21058387    
     67104  0.21103424    
     67392  0.21072017    
     67680  0.21066000    
     67968  0.21094267    
     68256  0.21126600    
     68544  0.21080591    
     68832  0.21059000    
     69120  0.21082446    
     69408  0.21088164    
     69696  0.21015592    
     69984  0.20971797    
     70272  0.20968559    
     70560  0.21000002    
     70848  0.21040210    
     71136  0.20995641    
     71424  0.20970085    
     71712  0.20991357    
     72000  0.20999588    
     72288  0.20899440    
     72576  0.20821196    
     72864  0.20786335    
     73152  0.20791636    
     73440  0.20817007    
     73728  0.20758171    
     74016  0.20715806    
     74304  0.20709337    
     74592  0.20741156    
     74880  0.20664133    
     75168  0.20600837    
     75456  0.20567811    
     75744  0.20460179    
     76032  0.20374280    
     76320  0.20330033    
     76608  0.20319508    
     76896  0.20231374    
     77184  0.20173723    
     77472  0.20129061    
     77760  0.20115113    
     78048  0.20024751    
     78336  0.19948998    
     78624  0.19910474    
     78912  0.19908330    
     79200  0.19829693    
     79488  0.19760837    
     79776  0.19740981    
     80064  0.19735859    
     80352  0.19650087    
     80640  0.19572297    
     80928  0.19528103    
     81216  0.19523531    
     81504  0.19445987    
     81792  0.19373927    
     82080  0.19347402    
     82368  0.19335598    
     82656  0.19357371    
     82944  0.19304331    
     83232  0.19251150    
     83520  0.19223228    
     83808  0.19233988    
     84096  0.19189478    
     84384  0.19124536    
     84672  0.19077544    
     84960  0.19060685    
     85248  0.19085549    
     85536  0.19042444    
     85824  0.18994157    
     86112  0.18980311    
     86400  0.18977186    
     86688  0.19009365    
     86976  0.18974304    
     87264  0.18930964    
     87552  0.18903799    
     87840  0.18916520    
     88128  0.18941715    
     88416  0.19003148    
     88704  0.19001052    
     88992  0.18986711    
     89280  0.18983157    
     89568  0.19014591    
     89856  0.19056700    
     90144  0.19117022    
     90432  0.19216964    
     90720  0.19259723    
     91008  0.19286966    
     91296  0.19333144    
     91584  0.19382097    
     91872  0.19443598    
     92160  0.19521904    
     92448  0.19618264    
     92736  0.19732399    
     93024  0.19877014    
     93312  0.20050828    
     93600  0.20165946    
     93888  0.20255250    
     94176  0.20336400    
     94464  0.20432495    
     94752  0.20526528    
     95040  0.20624414    
     95328  0.20729336    
     95616  0.20842829    
     95904  0.20965730    
     96192  0.21111432    
     96480  0.21260445    
     96768  0.21414870    
     97056  0.21575229    
     97344  0.21741058    
     97632  0.21911567    
     97920  0.22085790    
     98208  0.22274278    
     98496  0.22458726    
     98784  0.22639897    
     99072  0.22817969    
     99360  0.22992736    
     99648  0.23163755    
     99936  0.23330417    
    100224  0.23502423    
    100512  0.23664190    
    100800  0.23816350    
    101088  0.23959203    
    101376  0.24092825    
    101664  0.24217111    
    101952  0.24313337    
    102240  0.24432643    
    102528  0.24565245    
    102816  0.24703857    
    103104  0.24851605    
    103392  0.24992856    
    103680  0.25125587    
    103968  0.25248316    
    104256  0.25359964    
    104544  0.25459847    
    104832  0.25532067    
    105120  0.25614709    
    105408  0.25701344    
    105696  0.25787270    
    105984  0.25869080    
    106272  0.25944349    
    106560  0.26011476    
    106848  0.26055837    
    107136  0.26107383    
    107424  0.26161095    
    107712  0.26213303    
    108000  0.26261425    
    108288  0.26303706    
    108576  0.26326948    
    108864  0.26355675    
    109152  0.26385942    
    109440  0.26414865    
    109728  0.26440442    
    110016  0.26461363    
    110304  0.26466167    
    110592  0.26475194    
    110880  0.26485419    
    111168  0.26494744    
    111456  0.26501682    
    111744  0.26505265    
    112032  0.26495504    
    112320  0.26489386    
    112608  0.26480824    
    112896  0.26472828    
    113184  0.26464084    
    113472  0.26445261    
    113760  0.26430577    
    114048  0.26418030    
    114336  0.26406085    
    114624  0.26393649    
    114912  0.26380017    
    115200  0.26354152    
    115488  0.26332048    
    115776  0.26312187    
    116064  0.26293299    
    116352  0.26274467    
    116640  0.26255080    
    116928  0.26228094    
    117216  0.26201361    
    117504  0.26176947    
    117792  0.26153782    
    118080  0.26131079    
    118368  0.26102191    
    118656  0.26076359    
    118944  0.26050192    
    119232  0.26025572    
    119520  0.26001737    
    119808  0.25978121    
    120096  0.25954318    
    120384  0.25922385    
    120672  0.25893110    
    120960  0.25865749    
    121248  0.25839525    
    121536  0.25813830    
    121824  0.25786152    
    122112  0.25753567    
    122400  0.25723436    
    122688  0.25695086    
    122976  0.25667810    
    123264  0.25639111    
    123552  0.25610873    
    123840  0.25582740    
    124128  0.25549594    
    124416  0.25516459    
    124704  0.25485075    
    124992  0.25454822    
    125280  0.25425133    
    125568  0.25393716    
    125856  0.25362420    
    126144  0.25326359    
    126432  0.25292110    
    126720  0.25257292    
    127008  0.25223583    
    127296  0.25190482    
    127584  0.25157529    
    127872  0.25122413    
    128160  0.25087130    
    128448  0.25046679    
    128736  0.25007775    
    129024  0.24967977    
    129312  0.24929062    
    129600  0.24890523    
    129888  0.24851891    
    130176  0.24810614    
    130464  0.24768867    
    130752  0.24721599    
    131040  0.24675457    
    131328  0.24627727    
    131616  0.24580425    
    131904  0.24532945    
    132192  0.24484733    
    132480  0.24435295    
    132768  0.24381660    
    133056  0.24320623    
    133344  0.24260737    
    133632  0.24201271    
    133920  0.24138434    
    134208  0.24074692    
    134496  0.24009199    
    134784  0.23941171    
    135072  0.23866563    
    135360  0.23781508    
    135648  0.23696978    
    135936  0.23611510    
    136224  0.23523507    
    136512  0.23427649    
    136800  0.23327398    
    137088  0.23221415    
    137376  0.23108394    
    137664  0.22973333    
    137952  0.22837718    
    138240  0.22698541    
    138528  0.22552998    
    138816  0.22398719    
    139104  0.22227520    
    139392  0.22045051    
    139680  0.21849047    
    139968  0.21625935    
    140256  0.21399580    
    140544  0.21164437    
    140832  0.20907673    
    141120  0.20636374    
    141408  0.20346747    
    141696  0.20035584    
    141984  0.19700180    
    142272  0.19324709    
    142560  0.18936062    
    142848  0.18539146    
    143136  0.18125311    
    143424  0.17688830    
    143712  0.17226079    
    144000  0.16735086    
    144288  0.16215242    
    144576  0.15654294    
    144864  0.15096597    
    145152  0.14546946    
    145440  0.13993020    
    145728  0.13428722    
    146016  0.12857828    
    146304  0.12332232    
    146592  0.11928429    
    146880  0.11587326    
    147168  0.11359151    
    147456  0.11198145    
    147744  0.11082089    
    148032  0.10999239    
    148320  0.10925488    
    148608  0.10886023    
    148896  0.10867377    
    149184  0.10860874    
    149472  0.10919278    
    149760  0.10995016    
    150048  0.11073430    
    150336  0.11150743    
    150624  0.11226555    
    150912  0.11301162    
    151200  0.11375013    
    151488  0.11448591    
    151776  0.11522379    
    152064  0.11596713    
    152352  0.11674665    
    152640  0.11812389    
    152928  0.11956684    
    153216  0.12095173    
    153504  0.12226366    
    153792  0.12351059    
    154080  0.12470306    
    154368  0.12585172    
    154656  0.12696466    
    154944  0.12804881    
    155232  0.12910955    
    155520  0.13036475    
    155808  0.13140586    
    156096  0.13240555    
    156384  0.13339986    
    156672  0.13439369    
    156960  0.13538636    
    157248  0.13637680    
    157536  0.13736452    
    157824  0.13834919    
    158112  0.13933182    
    158400  0.14031221    
    158688  0.14128980    
    158976  0.14226425    
    159264  0.14348195    
    159552  0.14446023    
    159840  0.14539655    
    160128  0.14633057    
    160416  0.14726593    
    160704  0.14819989    
    160992  0.14913087    
    161280  0.15005855    
    161568  0.15098287    
    161856  0.15190399    
    162144  0.15309869    
    162432  0.15403859    
    162720  0.15488148    
    163008  0.15487671    
    163296  0.15480679    
    163584  0.15485732    
    163872  0.15505528    
    164160  0.15538961    
    164448  0.15613894    
    164736  0.15672760    
    165024  0.15734866    
    165312  0.15801369    
    165600  0.15786406    
    165888  0.15768506    
    166176  0.15766983    
    166464  0.15784386    
    166752  0.15818989    
    167040  0.15899380    
    167328  0.15966135    
    167616  0.15947373    
    167904  0.15926464    
    168192  0.15924388    
    168480  0.15943719    
    168768  0.15982303    
    169056  0.16039878    
    169344  0.16053353    
    169632  0.16040154    
    169920  0.16040169    
    170208  0.16061495    
    170496  0.16103001    
    170784  0.16167675    
    171072  0.16156232    
    171360  0.16143252    
    171648  0.16181798    
    171936  0.16217285    
    172224  0.16274564    
    172512  0.16256879    
    172800  0.16238374    
    173088  0.16240141    
    173376  0.16275991    
    173664  0.16244081    
    173952  0.16214971    
    174240  0.16241160    
    174528  0.16281731    
    174816  0.16249409    
    175104  0.16218397    
    175392  0.16210592    
    175680  0.16229121    
    175968  0.16286024    
    176256  0.16276169    
    176544  0.16264699    
    176832  0.16303337    
    177120  0.16358368    
    177408  0.16324027    
    177696  0.16283149    
    177984  0.16263306    
    178272  0.16270390    
    178560  0.16321480    
    178848  0.16311295    
    179136  0.16298978    
    179424  0.16304417    
    179712  0.16382623    
    180000  0.16381492    
    180288  0.16369964    
    180576  0.16394287    
    180864  0.16360208    
    181152  0.16325916    
    181440  0.16311854    
    181728  0.16345042    
    182016  0.16324903    
    182304  0.16331659    
    182592  0.16338484    
    182880  0.16384020    
    183168  0.16373308    
    183456  0.16357563    
    183744  0.16356145    
    184032  0.16399695    
    184320  0.16391544    
    184608  0.16378033    
    184896  0.16403431    
    185184  0.16458970    
    185472  0.16457669    
    185760  0.16446662    
    186048  0.16445197    
    186336  0.16487406    
    186624  0.16481659    
    186912  0.16468334    
    187200  0.16488564    
    187488  0.16510783    
    187776  0.16571723    
    188064  0.16583581    
    188352  0.16583070    
    188640  0.16586249    
    188928  0.16630001    
    189216  0.16652350    
    189504  0.16652694    
    189792  0.16650939    
    190080  0.16655377    
    190368  0.16700916    
    190656  0.16705242    
    190944  0.16696934    
    191232  0.16709700    
    191520  0.16718936    
    191808  0.16763702    
    192096  0.16767825    
    192384  0.16757087    
    192672  0.16743656    
    192960  0.16751766    
    193248  0.16756536    
    193536  0.16796149    
    193824  0.16799632    
    194112  0.16787361    
    194400  0.16769907    
    194688  0.16769433    
    194976  0.16765021    
    195264  0.16759817    
    195552  0.16791455    
    195840  0.16798566    
    196128  0.16793889    
    196416  0.16800526    
    196704  0.16803184    
    196992  0.16805629    
    197280  0.16809589    
    197568  0.16815723    
    197856  0.16824064    
    198144  0.16846707    
    198432  0.16900335    
    198720  0.16940345    
    199008  0.16971226    
    199296  0.16996160    
    199584  0.17027855    
    199872  0.17054282    
    200160  0.17077181    
    200448  0.17097718    
    200736  0.17116725    
    201024  0.17134710    
    201312  0.17160380    
    201600  0.17183614    
    201888  0.17205074    
    202176  0.17225285    
    202464  0.17244613    
    202752  0.17263339    
    203040  0.17281634    
    203328  0.17305635    
    203616  0.17328021    
    203904  0.17349106    
    204192  0.17369196    
    204480  0.17388502    
    204768  0.17407127    
    205056  0.17425194    
    205344  0.17447108    
    205632  0.17467670    
    205920  0.17487058    
    206208  0.17505442    
    206496  0.17522977    
    206784  0.17539752    
    207072  0.17544015    
    207360  0.17547746    
    207648  0.17552345    
    207936  0.17558217    
    208224  0.17567989    
    208512  0.17578398    
    208800  0.17589287    
    209088  0.17600465    
    209376  0.17611784    
    209664  0.17623119    
    209952  0.17626980    
    210240  0.17630385    
    210528  0.17634320    
    210816  0.17639074    
    211104  0.17644674    
    211392  0.17650978    
    211680  0.17657824    
    211968  0.17659810    
    212256  0.17661680    
    212544  0.17664124    
    212832  0.17667326    
    213120  0.17671262    
    213408  0.17675801    
    213696  0.17676930    
    213984  0.17678067    
    214272  0.17679700    
    214560  0.17681971    
    214848  0.17684838    
    215136  0.17688198    
    215424  0.17689082    
    215712  0.17689957    
    216000  0.17691185    
    216288  0.17692882    
    216576  0.17695017    
    216864  0.17697534    
    217152  0.17698203    
    217440  0.17698847    
    217728  0.17699267    
    218016  0.17700100    
    218304  0.17701335    
    218592  0.17701240    
    218880  0.17701229    
    219168  0.17701507    
    219456  0.17702122    
    219744  0.17703053    
    220032  0.17704257    
    220320  0.17704099    
    220608  0.17704000    
    220896  0.17704107    
    221184  0.17704464    
    221472  0.17705069    
    221760  0.17705874    
    222048  0.17705867    
    222336  0.17705637    
    222624  0.17705573    
    222912  0.17705713    
    223200  0.17706032    
    223488  0.17705722    
    223776  0.17705458    
    224064  0.17705151    
    224352  0.17705028    
    224640  0.17705083    
    224928  0.17705296    
    225216  0.17705636    
    225504  0.17705321    
    225792  0.17705020    
    226080  0.17704813    
    226368  0.17704727    
    226656  0.17704751    
    226944  0.17704746    
    227232  0.17704347    
    227520  0.17703979    
    227808  0.17703679    
    228096  0.17703494    
    228384  0.17703281    
    228672  0.17703179    
    228960  0.17703153    
    229248  0.17702796    
    229536  0.17702341    
    229824  0.17701954    
    230112  0.17701645    
    230400  0.17701422    
    230688  0.17701173    
    230976  0.17700997    
    231264  0.17700540    
    231552  0.17700088    
    231840  0.17699602    
    232128  0.17699192    
    232416  0.17698851    
    232704  0.17698584    
    232992  0.17698281    
    233280  0.17698026    
    233568  0.17697516    
    233856  0.17697009    
    234144  0.17696460    
    234432  0.17695971    
    234720  0.17695560    
    235008  0.17695202    
    235296  0.17694812    
    235584  0.17694469    
    235872  0.17693910    
    236160  0.17693351    
    236448  0.17692757    
    236736  0.17692220    
    237024  0.17691736    
    237312  0.17691305    
    237600  0.17690921    
    237888  0.17690487    
    238176  0.17689805    
    238464  0.17689124    
    238752  0.17688496    
    239040  0.17687835    
    239328  0.17687246    
    239616  0.17686701    
    239904  0.17686215    
    240192  0.17685652    
    240480  0.17684832    
    240768  0.17683996    
    241056  0.17683201    
    241344  0.17682466    
    241632  0.17681663    
    241920  0.17680912    
    242208  0.17680186    
    242496  0.17679460    
    242784  0.17678250    
    243072  0.17676990    
    243360  0.17675753    
    243648  0.17674550    
    243936  0.17673333    
    244224  0.17671981    
    244512  0.17670611    
    244800  0.17669189    
    245088  0.17667203    
    245376  0.17665091    
    245664  0.17662939    
    245952  0.17660579    
    246240  0.17658174    
    246528  0.17655693    
    246816  0.17653091    
    247104  0.17650345    
    247392  0.17646679    
    247680  0.17642531    
    247968  0.17638290    
    248256  0.17633949    
    248544  0.17629455    
    248832  0.17624758    
    249120  0.17619793    
    249408  0.17614497    
    249696  0.17607644    
    249984  0.17599940    
    250272  0.17592029    
    250560  0.17583877    
    250848  0.17575395    
    251136  0.17566468    
    251424  0.17556985    
    251712  0.17546828    
    252000  0.17533845    
    252288  0.17519951    
    252576  0.17505506    
    252864  0.17490469    
    253152  0.17474662    
    253440  0.17456937    
    253728  0.17438167    
    254016  0.17418090    
    254304  0.17392674    
    254592  0.17365561    
    254880  0.17337430    
    255168  0.17308144    
    255456  0.17277274    
    255744  0.17244367    
    256032  0.17208938    
    256320  0.17170559    
    256608  0.17128786    
    256896  0.17083196    
    257184  0.17033345    
    257472  0.16969459    
    257760  0.16901670    
    258048  0.16831671    
    258336  0.16758795    
    258624  0.16681860    
    258912  0.16599739    
    259200  0.16511469    
    259488  0.16416222    
    259776  0.16313291    
    260064  0.16202050    
    260352  0.16081890    
    260640  0.15959984    
    260928  0.15825853    
    261216  0.15679584    
    261504  0.15521429    
    261792  0.15351473    
    262080  0.15169710    
    262368  0.14976090    
    262656  0.14770587    
    262944  0.14553212    
    263232  0.14324081    
    263520  0.14083323    
    263808  0.13831161    
    264096  0.13567846    
    264384  0.13313393    
    264672  0.13039052    
    264960  0.12746960    
    265248  0.12438955    
    265536  0.12121771    
    265824  0.11805271    
    266112  0.11595556    
    266400  0.11570269    
    266688  0.11577158    
    266976  0.11602165    
    267264  0.11670961    
    267552  0.11736298    
    267840  0.11834378    
    268128  0.11886408    
    268416  0.11932852    
    268704  0.11985850    
    268992  0.12047293    
    269280  0.12115933    
    269568  0.12218924    
    269856  0.12305485    
    270144  0.12387380    
    270432  0.12492966    
    270720  0.12539582    
    271008  0.12576354    
    271296  0.12617715    
    271584  0.12666264    
    271872  0.12720974    
    272160  0.12810487    
    272448  0.12907979    
    272736  0.12938958    
    273024  0.12959051    
    273312  0.12984587    
    273600  0.13018446    
    273888  0.13059466    
    274176  0.13133276    
    274464  0.13180022    
    274752  0.13197775    
    275040  0.13215511    
    275328  0.13240366    
    275616  0.13272370    
    275904  0.13340202    
    276192  0.13349974    
    276480  0.13351655    
    276768  0.13391186    
    277056  0.13419475    
    277344  0.13481008    
    277632  0.13484238    
    277920  0.13479269    
    278208  0.13481370    
    278496  0.13526919    
    278784  0.13520090    
    279072  0.13507931    
    279360  0.13535067    
    279648  0.13588750    
    279936  0.13584080    
    280224  0.13571365    
    280512  0.13566542    
    280800  0.13572370    
    281088  0.13624434    
    281376  0.13625351    
    281664  0.13618024    
    281952  0.13645655    
    282240  0.13706870    
    282528  0.13700797    
    282816  0.13681863    
    283104  0.13669132    
    283392  0.13667054    
    283680  0.13714758    
    283968  0.13715868    
    284256  0.13708243    
    284544  0.13705175    
    284832  0.13778502    
    285120  0.13791224    
    285408  0.13787819    
    285696  0.13826606    
    285984  0.13820091    
    286272  0.13805073    
    286560  0.13795054    
    286848  0.13835308    
    287136  0.13834782    
    287424  0.13851108    
    287712  0.13857090    
    288000  0.13906138    
    288288  0.13912144    
    288576  0.13906576    
    288864  0.13902010    
    289152  0.13945843    
    289440  0.13951428    
    289728  0.13946132    
    290016  0.13964523    
    290304  0.14019692    
    290592  0.14032568    
    290880  0.14030905    
    291168  0.14026839    
    291456  0.14069195    
    291744  0.14076813    
    292032  0.14072086    
    292320  0.14084472    
    292608  0.14086841    
    292896  0.14130145    
    293184  0.14137734    
    293472  0.14129701    
    293760  0.14115635    
    294048  0.14144415    
    294336  0.14161567    
    294624  0.14156637    
    294912  0.14141503    
    295200  0.14121918    
    295488  0.14144859    
    295776  0.14140335    
    296064  0.14122026    
    296352  0.14114280    
    296640  0.14097129    
    296928  0.14118488    
    297216  0.14114939    
    297504  0.14097384    
    297792  0.14072718    
    298080  0.14059864    
    298368  0.14041038    
    298656  0.14061438    
    298944  0.14065942    
    299232  0.14060339    
    299520  0.14048821    
    299808  0.14046676    
    300096  0.14038759    
    300384  0.14027371    
    300672  0.14051566    
    300960  0.14066425    
    301248  0.14072929    
    301536  0.14083299    
    301824  0.14086029    
    302112  0.14083581    
    302400  0.14077833    
    302688  0.14070152    
    302976  0.14061573    
    303264  0.14060591    
    303552  0.14086349    
    303840  0.14109278    
    304128  0.14127262    
    304416  0.14140433    
    304704  0.14156052    
    304992  0.14167267    
    305280  0.14175393    
    305568  0.14181504    
    305856  0.14186466    
    306144  0.14190865    
    306432  0.14199758    
    306720  0.14207719    
    307008  0.14215140    
    307296  0.14222285    
    307584  0.14229402    
    307872  0.14236593    
    308160  0.14243981    
    308448  0.14254722    
    308736  0.14265013    
    309024  0.14274949    
    309312  0.14284620    
    309600  0.14294116    
    309888  0.14303483    
    310176  0.14312740    
    310464  0.14324015    
    310752  0.14334792    
    311040  0.14345080    
    311328  0.14354961    
    311616  0.14364472    
    311904  0.14373660    
    312192  0.14375952    
    312480  0.14377221    
    312768  0.14378873    
    313056  0.14381373    
    313344  0.14385940    
    313632  0.14391090    
    313920  0.14396681    
    314208  0.14402547    
    314496  0.14408594    
    314784  0.14414705    
    315072  0.14417134    
