       288   172.01509    
       576   172.21040    
       864   172.43268    
      1152   172.64111    
      1440   172.82610    
      1728   172.83781    
      2016   172.82115    
      2304   172.77974    
      2592   172.71864    
      2880   172.64365    
      3168   172.55952    
      3456   172.33653    
      3744   172.09207    
      4032   171.80385    
      4320   171.45816    
      4608   171.04721    
      4896   170.56738    
      5184   169.90880    
      5472   169.19499    
      5760   168.43445    
      6048   167.63657    
      6336   166.81053    
      6624   165.96498    
      6912   165.02246    
      7200   164.08434    
      7488   163.15434    
      7776   162.23602    
      8064   161.33157    
      8352   160.37489    
      8640   159.44237    
      8928   158.53305    
      9216   157.64673    
      9504   156.78322    
      9792   155.94237    
     10080   155.07010    
     10368   154.22534    
     10656   153.40646    
     10944   152.61241    
     11232   151.84238    
     11520   151.09578    
     11808   150.32687    
     12096   149.58356    
     12384   148.86462    
     12672   148.16916    
     12960   147.49615    
     13248   146.80511    
     13536   146.13737    
     13824   145.49181    
     14112   144.86789    
     14400   144.26480    
     14688   143.68224    
     14976   143.11971    
     15264   142.54108    
     15552   141.98297    
     15840   141.44441    
     16128   140.92488    
     16416   140.42381    
     16704   139.94096    
     16992   139.44279    
     17280   138.96298    
     17568   138.50079    
     17856   138.05574    
     18144   137.62775    
     18432   137.21695    
     18720   136.82312    
     19008   136.41315    
     19296   136.01990    
     19584   135.64326    
     19872   135.28305    
     20160   134.93932    
     20448   134.61208    
     20736   134.30199    
     21024   133.97455    
     21312   133.66364    
     21600   133.36948    
     21888   133.09235    
     22176   132.83267    
     22464   132.59073    
     22752   132.38594    
     23040   132.26241    
     23328   132.16237    
     23616   132.11148    
     23904   132.10777    
     24192   132.15298    
     24480   132.25021    
     24768   132.40375    
     25056   132.61861    
     25344   132.90120    
     25632   133.20084    
     25920   133.57141    
     26208   134.02040    
     26496   134.55701    
     26784   135.19159    
     27072   135.93619    
     27360   136.80458    
     27648   137.81248    
     27936   138.86462    
     28224   140.07019    
     28512   141.44962    
     28800   143.02689    
     29088   144.82996    
     29376   146.89075    
     29664   149.24557    
     29952   151.93048    
     30240   154.61453    
     30528   157.25497    
     30816   159.78450    
     31104   162.18135    
     31392   164.43610    
     31680   166.54695    
     31968   168.51610    
     32256   170.34837    
     32544   171.80945    
     32832   173.12683    
     33120   174.32002    
     33408   175.40331    
     33696   176.38669    
     33984   177.27696    
     34272   178.07965    
     34560   178.79776    
     34848   179.18422    
     35136   179.47392    
     35424   179.68611    
     35712   179.83264    
     36000   179.92039    
     36288   179.95271    
     36576   179.93199    
     36864   179.86011    
     37152   179.48480    
     37440   179.04375    
     37728   178.55524    
     38016   178.02940    
     38304   177.47227    
     38592   176.88672    
     38880   176.27400    
     39168   175.63452    
     39456   174.71918    
     39744   173.76219    
     40032   172.78177    
     40320   171.78755    
     40608   170.78458    
     40896   169.77509    
     41184   168.76012    
     41472   167.73926    
     41760   166.47250    
     42048   165.18704    
     42336   163.90273    
     42624   162.62936    
     42912   161.37071    
     43200   160.12740    
     43488   158.89786    
     43776   157.68013    
     44064   156.24266    
     44352   154.80431    
     44640   153.38390    
     44928   151.98921    
     45216   150.62248    
     45504   149.28262    
     45792   147.96736    
     46080   146.67361    
     46368   145.39842    
     46656   144.13876    
     46944   142.89204    
     47232   141.43195    
     47520   139.97163    
     47808   138.52975    
     48096   137.11346    
     48384   135.72371    
     48672   134.35922    
     48960   133.01689    
     49248   131.69403    
     49536   130.38762    
     49824   129.09471    
     50112   127.81310    
     50400   126.54137    
     50688   125.27853    
     50976   124.02339    
     51264   122.77409    
     51552   121.52901    
     51840   120.28673    
     52128   119.04622    
     52416   117.80685    
     52704   116.56805    
     52992   115.32943    
     53280   114.09078    
     53568   112.85188    
     53856   111.61258    
     54144   110.37360    
     54432   109.13576    
     54720   107.89933    
     55008   106.66388    
     55296   105.42889    
     55584   104.19405    
     55872   102.95913    
     56160   101.72435    
     56448   100.48969    
     56736   99.255264    
     57024   98.021133    
     57312   96.788918    
     57600   95.787407    
     57888   94.792725    
     58176   93.783226    
     58464   92.750786    
     58752   91.694046    
     59040   90.614685    
     59328   89.515564    
     59616   88.400543    
     59904   87.273117    
     60192   86.370934    
     60480   85.464203    
     60768   84.532936    
     61056   83.570747    
     61344   82.577637    
     61632   81.556366    
     61920   80.510849    
     62208   79.688370    
     62496   78.854378    
     62784   77.989822    
     63072   77.088722    
     63360   76.151939    
     63648   75.182732    
     63936   74.433022    
     64224   73.664742    
     64512   72.859550    
     64800   72.013367    
     65088   71.127403    
     65376   70.205376    
     65664   69.505692    
     65952   68.783134    
     66240   68.020470    
     66528   67.213074    
     66816   66.363007    
     67104   65.735336    
     67392   65.078812    
     67680   64.376556    
     67968   63.624329    
     68256   63.088646    
     68544   62.513912    
     68832   61.884075    
     69120   61.195843    
     69408   60.722828    
     69696   60.205261    
     69984   59.627701    
     70272   58.987114    
     70560   58.286545    
     70848   57.805481    
     71136   57.281307    
     71424   56.699795    
     71712   56.057472    
     72000   55.706043    
     72288   55.309452    
     72576   54.847744    
     72864   54.315201    
     73152   53.713825    
     73440   53.331001    
     73728   52.896584    
     74016   52.397694    
     74304   51.831993    
     74592   51.487480    
     74880   51.089005    
     75168   50.624378    
     75456   50.380573    
     75744   50.076061    
     76032   49.696922    
     76320   49.240108    
     76608   49.000153    
     76896   48.696690    
     77184   48.318546    
     77472   47.862900    
     77760   47.628223    
     78048   47.331207    
     78336   46.961044    
     78624   46.515594    
     78912   46.292667    
     79200   46.007690    
     79488   45.650394    
     79776   45.218208    
     80064   45.009972    
     80352   44.739693    
     80640   44.397831    
     80928   43.982315    
     81216   43.791332    
     81504   43.538364    
     81792   43.214245    
     82080   42.816650    
     82368   42.347034    
     82656   42.103977    
     82944   41.803967    
     83232   41.439556    
     83520   41.008957    
     83808   40.803860    
     84096   40.542152    
     84384   40.214375    
     84672   39.818882    
     84960   39.357372    
     85248   39.117878    
     85536   38.823334    
     85824   38.467548    
     86112   38.048897    
     86400   37.567753    
     86688   37.303684    
     86976   36.987175    
     87264   36.613201    
     87552   36.180550    
     87840   35.690216    
     88128   35.144440    
     88416   34.807125    
     88704   34.424259    
     88992   33.992622    
     89280   33.511787    
     89568   32.983337    
     89856   32.409374    
     90144   31.793886    
     90432   31.375690    
     90720   30.924744    
     91008   30.439831    
     91296   29.921803    
     91584   29.371456    
     91872   28.791447    
     92160   28.185083    
     92448   27.555691    
     92736   26.906672    
     93024   26.241249    
     93312   25.758890    
     93600   25.266855    
     93888   24.765251    
     94176   24.254559    
     94464   23.736153    
     94752   23.210361    
     95040   22.678549    
     95328   22.142086    
     95616   21.602198    
     95904   21.060087    
     96192   20.517021    
     96480   19.973520    
     96768   19.430595    
     97056   18.889231    
     97344   18.350458    
     97632   17.815388    
     97920   17.285181    
     98208   16.761333    
     98496   16.244732    
     98784   15.736556    
     99072   15.238001    
     99360   14.750171    
     99648   14.274104    
     99936   13.810715    
    100224   13.361183    
    100512   12.925776    
    100800   12.505094    
    101088   12.099690    
    101376   11.710002    
    101664   11.336331    
    101952   10.872469    
    102240   10.429621    
    102528   10.007917    
    102816   9.6073580    
    103104   9.2279873    
    103392   8.8692465    
    103680   8.5308809    
    103968   8.2125454    
    104256   7.9137249    
    104544   7.6338716    
    104832   7.2899323    
    105120   6.9700336    
    105408   6.6729951    
    105696   6.3977265    
    105984   6.1430912    
    106272   5.9079695    
    106560   5.6912336    
    106848   5.4234347    
    107136   5.1789083    
    107424   4.9558439    
    107712   4.7525511    
    108000   4.5674562    
    108288   4.3990641    
    108576   4.1880393    
    108864   3.9984238    
    109152   3.8280289    
    109440   3.6748571    
    109728   3.5371563    
    110016   3.4133642    
    110304   3.2528334    
    110592   3.1108630    
    110880   2.9850454    
    111168   2.8734009    
    111456   2.7741570    
    111744   2.6858544    
    112032   2.5652688    
    112320   2.4602206    
    112608   2.3684688    
    112896   2.2883220    
    113184   2.2180552    
    113472   2.1198320    
    113760   2.0356038    
    114048   1.9629958    
    114336   1.9001285    
    114624   1.8454112    
    114912   1.7976366    
    115200   1.7245328    
    115488   1.6629213    
    115776   1.6106349    
    116064   1.5659637    
    116352   1.5275677    
    116640   1.4944121    
    116928   1.4385167    
    117216   1.3921191    
    117504   1.3534497    
    117792   1.3209668    
    118080   1.2934945    
    118368   1.2459718    
    118656   1.2071022    
    118944   1.1751142    
    119232   1.1487114    
    119520   1.1267503    
    119808   1.1083701    
    120096   1.0929140    
    120384   1.0590037    
    120672   1.0321099    
    120960   1.0106043    
    121248  0.99328536    
    121536  0.97928107    
    121824  0.96798974    
    122112  0.94025546    
    122400  0.91886091    
    122688  0.90226996    
    122976  0.88938659    
    123264  0.87948984    
    123552  0.87212187    
    123840  0.86679649    
    124128  0.84595001    
    124416  0.83072329    
    124704  0.81983334    
    124992  0.81223541    
    125280  0.80721045    
    125568  0.80429953    
    125856  0.80329233    
    126144  0.78776497    
    126432  0.77744764    
    126720  0.77112800    
    127008  0.76799387    
    127296  0.76733631    
    127584  0.76867557    
    127872  0.77174675    
    128160  0.77652925    
    128448  0.76708412    
    128736  0.76276690    
    129024  0.76241881    
    129312  0.76529020    
    129600  0.77074152    
    129888  0.77835733    
    130176  0.78793377    
    130464  0.79953045    
    130752  0.79857951    
    131040  0.80288798    
    131328  0.81140637    
    131616  0.82351363    
    131904  0.83867896    
    132192  0.85660481    
    132480  0.87715435    
    132768  0.90039498    
    133056  0.90786046    
    133344  0.92264611    
    133632  0.94328350    
    133920  0.96904612    
    134208  0.99956667    
    134496   1.0345443    
    134784   1.0739255    
    135072   1.1179200    
    135360   1.1432365    
    135648   1.1791035    
    135936   1.2237210    
    136224   1.2761152    
    136512   1.3361435    
    136800   1.4039956    
    137088   1.4798198    
    137376   1.5640590    
    137664   1.6239263    
    137952   1.7010796    
    138240   1.7931461    
    138528   1.8990769    
    138816   2.0188093    
    139104   2.1533411    
    139392   2.3043332    
    139680   2.4730923    
    139968   2.6093249    
    140256   2.7757740    
    140544   2.9702926    
    140832   3.1935563    
    141120   3.4475651    
    141408   3.7345428    
    141696   4.0579324    
    141984   4.4222355    
    142272   4.7468014    
    142560   5.1336455    
    142848   5.5835872    
    143136   6.0994530    
    143424   6.6868958    
    143712   7.3537521    
    144000   8.1096926    
    144288   8.9659634    
    144576   9.7882719    
    144864   10.742996    
    145152   11.836514    
    145440   13.076846    
    145728   14.474901    
    146016   16.040842    
    146304   17.750528    
    146592   19.475706    
    146880   20.894169    
    147168   22.229149    
    147456   23.476040    
    147744   24.637194    
    148032   25.717960    
    148320   26.727230    
    148608   27.673061    
    148896   28.558392    
    149184   29.147335    
    149472   29.697680    
    149760   30.212887    
    150048   30.697445    
    150336   31.154697    
    150624   31.586855    
    150912   31.994802    
    151200   32.378071    
    151488   32.735634    
    151776   33.066574    
    152064   33.369877    
    152352   33.395321    
    152640   33.401318    
    152928   33.392010    
    153216   33.371384    
    153504   33.341713    
    153792   33.303474    
    154080   33.255516    
    154368   33.196564    
    154656   33.125156    
    154944   33.039780    
    155232   32.938786    
    155520   32.819172    
    155808   32.679214    
    156096   32.521095    
    156384   32.345181    
    156672   32.151360    
    156960   31.939745    
    157248   31.710548    
    157536   31.463942    
    157824   31.200014    
    158112   30.919231    
    158400   30.622271    
    158688   30.309767    
    158976   29.982433    
    159264   29.639484    
    159552   29.280706    
    159840   28.909178    
    160128   28.526136    
    160416   28.132336    
    160704   27.728354    
    160992   27.314644    
    161280   26.891853    
    161568   26.460646    
    161856   26.021667    
    162144   25.573641    
    162432   25.117163    
    162720   24.913158    
    163008   24.691942    
    163296   24.443197    
    163584   24.161541    
    163872   23.845875    
    164160   23.497875    
    164448   23.119194    
    164736   22.713203    
    165024   22.285940    
    165312   22.103851    
    165600   21.891092    
    165888   21.640486    
    166176   21.349686    
    166464   21.020176    
    166752   20.655745    
    167040   20.259604    
    167328   20.101730    
    167616   19.902769    
    167904   19.658939    
    168192   19.370325    
    168480   19.040306    
    168768   18.674046    
    169056   18.543459    
    169344   18.363691    
    169632   18.130747    
    169920   17.848658    
    170208   17.522974    
    170496   17.160189    
    170784   17.034515    
    171072   16.856857    
    171360   16.627205    
    171648   16.347132    
    171936   16.021627    
    172224   15.928902    
    172512   15.776262    
    172800   15.565942    
    173088   15.302958    
    173376   15.264797    
    173664   15.155611    
    173952   14.979612    
    174240   14.741872    
    174528   14.723684    
    174816   14.627219    
    175104   14.459445    
    175392   14.228826    
    175680   13.944961    
    175968   13.889420    
    176256   13.761465    
    176544   13.568589    
    176832   13.317083    
    177120   13.357628    
    177408   13.310530    
    177696   13.184705    
    177984   12.990050    
    178272   12.737204    
    178560   12.708559    
    178848   12.600015    
    179136   12.422180    
    179424   12.185562    
    179712   12.169859    
    180000   12.068800    
    180288   11.896129    
    180576   11.936542    
    180864   11.883698    
    181152   11.751122    
    181440   11.551342    
    181728   11.567320    
    182016   11.492993    
    182304   11.341315    
    182592   11.123892    
    182880   11.124507    
    183168   11.036768    
    183456   10.876140    
    183744   10.655920    
    184032   10.654138    
    184320   10.565784    
    184608   10.406664    
    184896   10.188209    
    185184   10.184720    
    185472   10.093998    
    185760   9.9335251    
    186048   9.7173691    
    186336   9.7161741    
    186624   9.6298122    
    186912   9.4756155    
    187200   9.2656507    
    187488   9.0105600    
    187776   8.9729176    
    188064   8.8579845    
    188352   8.6833858    
    188640   8.4628000    
    188928   8.4503689    
    189216   8.3575773    
    189504   8.2008953    
    189792   7.9960775    
    190080   7.7552686    
    190368   7.7203169    
    190656   7.6123905    
    190944   7.4498687    
    191232   7.2449636    
    191520   7.0072250    
    191808   6.9655409    
    192096   6.8545036    
    192384   6.6929512    
    192672   6.4946804    
    192960   6.2687240    
    193248   6.0222774    
    193536   5.9604125    
    193824   5.8383107    
    194112   5.6740751    
    194400   5.4806681    
    194688   5.2665606    
    194976   5.0381451    
    195264   4.8015194    
    195552   4.7285056    
    195840   4.6059241    
    196128   4.4504919    
    196416   4.2734289    
    196704   4.0821948    
    196992   3.8835909    
    197280   3.6825140    
    197568   3.4825623    
    197856   3.2863054    
    198144   3.0949037    
    198432   3.0289865    
    198720   2.9294219    
    199008   2.8104784    
    199296   2.6817522    
    199584   2.5493498    
    199872   2.4168563    
    200160   2.2873986    
    200448   2.1627762    
    200736   2.0440242    
    201024   1.9316422    
    201312   1.8254879    
    201600   1.7252436    
    201888   1.6310683    
    202176   1.5428383    
    202464   1.4603426    
    202752   1.3832927    
    203040   1.3113633    
    203328   1.2440529    
    203616   1.1808218    
    203904   1.1216121    
    204192   1.0662627    
    204480   1.0145607    
    204768  0.96624988    
    205056  0.92110294    
    205344  0.87882805    
    205632  0.83898258    
    205920  0.80156171    
    206208  0.76645708    
    206496  0.73356241    
    206784  0.70275092    
    207072  0.64109379    
    207360  0.59581220    
    207648  0.56087279    
    207936  0.53253347    
    208224  0.50841951    
    208512  0.48703110    
    208800  0.46763232    
    209088  0.44973895    
    209376  0.43305650    
    209664  0.41740966    
    209952  0.38232750    
    210240  0.35736722    
    210528  0.33861411    
    210816  0.32369038    
    211104  0.31115565    
    211392  0.30015367    
    211680  0.29017833    
    211968  0.26649347    
    212256  0.25004399    
    212544  0.23793466    
    212832  0.22843041    
    213120  0.22049558    
    213408  0.21352492    
    213696  0.19643134    
    213984  0.18477224    
    214272  0.17632429    
    214560  0.16976185    
    214848  0.16430797    
    215136  0.15950871    
    215424  0.14709979    
    215712  0.13872297    
    216000  0.13270794    
    216288  0.12805358    
    216576  0.12418645    
    216864  0.12077837    
    217152  0.11163143    
    217440  0.10550307    
    217728  0.10114793    
    218016  0.97841404E-01
    218304  0.95120274E-01
    218592  0.88020891E-01
    218880  0.83348408E-01
    219168  0.80062151E-01
    219456  0.77549875E-01
    219744  0.75467296E-01
    220032  0.73621683E-01
    220320  0.68354495E-01
    220608  0.64905226E-01
    220896  0.62485218E-01
    221184  0.60638893E-01
    221472  0.59104633E-01
    221760  0.57735376E-01
    222048  0.53728670E-01
    222336  0.51111214E-01
    222624  0.49293458E-01
    222912  0.47915887E-01
    223200  0.46773363E-01
    223488  0.43565996E-01
    223776  0.41493319E-01
    224064  0.40065825E-01
    224352  0.39002467E-01
    224640  0.38129386E-01
    224928  0.37352197E-01
    225216  0.36624718E-01
    225504  0.34284830E-01
    225792  0.32789793E-01
    226080  0.31759385E-01
    226368  0.30980071E-01
    226656  0.30334609E-01
    226944  0.29764110E-01
    227232  0.27940793E-01
    227520  0.26794693E-01
    227808  0.26016748E-01
    228096  0.25435161E-01
    228384  0.24963325E-01
    228672  0.24557384E-01
    228960  0.24184426E-01
    229248  0.22798315E-01
    229536  0.21950845E-01
    229824  0.21399386E-01
    230112  0.21002166E-01
    230400  0.20683140E-01
    230688  0.20408748E-01
    230976  0.20168256E-01
    231264  0.19112701E-01
    231552  0.18491913E-01
    231840  0.18106870E-01
    232128  0.17849963E-01
    232416  0.17657578E-01
    232704  0.17498260E-01
    232992  0.17359748E-01
    233280  0.17243285E-01
    233568  0.16454527E-01
    233856  0.16031381E-01
    234144  0.15803615E-01
    234432  0.15681338E-01
    234720  0.15611702E-01
    235008  0.15570034E-01
    235296  0.15549521E-01
    235584  0.15552416E-01
    235872  0.15041290E-01
    236160  0.14822913E-01
    236448  0.14759216E-01
    236736  0.14780554E-01
    237024  0.14846693E-01
    237312  0.14939808E-01
    237600  0.15052457E-01
    237888  0.15188022E-01
    238176  0.14775942E-01
    238464  0.14695421E-01
    238752  0.14778893E-01
    239040  0.14952238E-01
    239328  0.15179875E-01
    239616  0.15441366E-01
    239904  0.15729886E-01
    240192  0.16048370E-01
    240480  0.15799545E-01
    240768  0.15914522E-01
    241056  0.16203281E-01
    241344  0.16580274E-01
    241632  0.17018288E-01
    241920  0.17505009E-01
    242208  0.18030982E-01
    242496  0.18596185E-01
    242784  0.18514130E-01
    243072  0.18884033E-01
    243360  0.19461501E-01
    243648  0.20144567E-01
    243936  0.20895077E-01
    244224  0.21714292E-01
    244512  0.22607706E-01
    244800  0.23570938E-01
    245088  0.23736442E-01
    245376  0.24485815E-01
    245664  0.25502829E-01
    245952  0.26683319E-01
    246240  0.27986567E-01
    246528  0.29394131E-01
    246816  0.30910285E-01
    247104  0.32547258E-01
    247392  0.33147313E-01
    247680  0.34609951E-01
    247968  0.36477465E-01
    248256  0.38577199E-01
    248544  0.40863458E-01
    248832  0.43338574E-01
    249120  0.46022031E-01
    249408  0.48940077E-01
    249696  0.50413590E-01
    249984  0.53218681E-01
    250272  0.56662470E-01
    250560  0.60506854E-01
    250848  0.64703509E-01
    251136  0.69271609E-01
    251424  0.74253939E-01
    251712  0.79702757E-01
    252000  0.82983434E-01
    252288  0.88405699E-01
    252576  0.94878726E-01
    252864  0.10209087    
    253152  0.11000130    
    253440  0.11873066    
    253728  0.12836424    
    254016  0.13894977    
    254304  0.14603099    
    254592  0.15688974    
    254880  0.16966169    
    255168  0.18386944    
    255456  0.19948925    
    255744  0.21664682    
    256032  0.23552234    
    256320  0.25632322    
    256608  0.27927801    
    256896  0.30463913    
    257184  0.33268678    
    257472  0.35300320    
    257760  0.38253841    
    258048  0.41698533    
    258336  0.45533815    
    258624  0.49763033    
    258912  0.54423690    
    259200  0.59565771    
    259488  0.65244818    
    259776  0.71524709    
    260064  0.78475612    
    260352  0.86175793    
    260640  0.94664973    
    260928   1.0404131    
    261216   1.1445141    
    261504   1.2602549    
    261792   1.3890240    
    262080   1.5323831    
    262368   1.6921171    
    262656   1.8702376    
    262944   2.0690880    
    263232   2.2913778    
    263520   2.5402102    
    263808   2.8191769    
    264096   3.1324089    
    264384   3.4832888    
    264672   3.8769181    
    264960   4.3205962    
    265248   4.8213620    
    265536   5.3865867    
    265824   6.0218120    
    266112   6.6912718    
    266400   7.2834911    
    266688   7.7657685    
    266976   8.1599922    
    267264   8.4796343    
    267552   8.7357702    
    267840   9.1488314    
    268128   9.4650946    
    268416   9.7062578    
    268704   9.8852863    
    268992   10.011131    
    269280   10.090646    
    269568   10.127552    
    269856   10.127364    
    270144   10.097350    
    270432   10.270756    
    270720   10.369972    
    271008   10.410810    
    271296   10.403506    
    271584   10.356063    
    271872   10.274799    
    272160   10.162917    
    272448   10.262010    
    272736   10.287628    
    273024   10.256577    
    273312   10.179921    
    273600   10.066208    
    273888   9.9223881    
    274176   9.9939518    
    274464   9.9883451    
    274752   9.9214678    
    275040   9.8082132    
    275328   9.6589890    
    275616   9.4817028    
    275904   9.5240774    
    276192   9.4898634    
    276480   9.3980532    
    276768   9.2593822    
    277056   9.0840235    
    277344   9.1253319    
    277632   9.0846004    
    277920   8.9834013    
    278208   8.8364716    
    278496   8.8991423    
    278784   8.8712635    
    279072   8.7768803    
    279360   8.6301250    
    279648   8.6900721    
    279936   8.6554241    
    280224   8.5526905    
    280512   8.3998117    
    280800   8.2100706    
    281088   8.2374315    
    281376   8.1764574    
    281664   8.0529890    
    281952   7.8818054    
    282240   7.9820323    
    282528   7.9715161    
    282816   7.8836379    
    283104   7.7401638    
    283392   7.5565939    
    283680   7.5862064    
    283968   7.5232577    
    284256   7.3966932    
    284544   7.2256632    
    284832   7.2609196    
    285120   7.1980548    
    285408   7.0700135    
    285696   7.1379981    
    285984   7.1011262    
    286272   6.9930820    
    286560   6.8357558    
    286848   6.8816361    
    287136   6.8286271    
    287424   6.7073464    
    287712   6.5382481    
    288000   6.5731788    
    288288   6.5111699    
    288576   6.3855362    
    288864   6.2176414    
    289152   6.2518253    
    289440   6.1906195    
    289728   6.0674791    
    290016   5.9014235    
    290304   5.9323158    
    290592   5.8679690    
    290880   5.7432628    
    291168   5.5799060    
    291456   5.6120811    
    291744   5.5514340    
    292032   5.4320874    
    292320   5.2732954    
    292608   5.0883965    
    292896   5.0992436    
    293184   5.0242796    
    293472   4.8968072    
    293760   4.7372499    
    294048   4.7603855    
    294336   4.6949301    
    294624   4.5738282    
    294912   4.4198790    
    295200   4.2469592    
    295488   4.2531738    
    295776   4.1793218    
    296064   4.0582342    
    296352   3.9079058    
    296640   3.7399583    
    296928   3.7381802    
    297216   3.6609640    
    297504   3.5405891    
    297792   3.3962090    
    298080   3.2377844    
    298368   3.0718670    
    298656   3.0552192    
    298944   2.9727359    
    299232   2.8543699    
    299520   2.7177329    
    299808   2.5722046    
    300096   2.4237044    
    300384   2.2768435    
    300672   2.2532341    
    300960   2.1782906    
    301248   2.0778146    
    301536   1.9660149    
    301824   1.8506845    
    302112   1.7371322    
    302400   1.6278923    
    302688   1.5242147    
    302976   1.4265121    
    303264   1.3341591    
    303552   1.3235364    
    303840   1.2791024    
    304128   1.2191325    
    304416   1.1535459    
    304704   1.0872927    
    304992   1.0226687    
    305280  0.96125454    
    305568  0.90362722    
    305856  0.84982687    
    306144  0.79973304    
    306432  0.75288421    
    306720  0.70893180    
    307008  0.66789973    
    307296  0.62965649    
    307584  0.59401643    
    307872  0.56080198    
    308160  0.52983093    
    308448  0.50079590    
    308736  0.47344768    
    309024  0.44782540    
    309312  0.42387637    
    309600  0.40150824    
    309888  0.38061571    
    310176  0.36108205    
    310464  0.34274346    
    310752  0.32539958    
    311040  0.30909812    
    311328  0.29382169    
    311616  0.27950957    
    311904  0.26610130    
    312192  0.23695707    
    312480  0.21772906    
    312768  0.20392592    
    313056  0.19311176    
    313344  0.18393207    
    313632  0.17565669    
    313920  0.16799776    
    314208  0.16080965    
    314496  0.15401582    
    314784  0.14756246    
    315072  0.13192907    
