       288   25.967703    
       576   25.935690    
       864   25.903830    
      1152   25.871969    
      1440   25.840202    
      1728   25.808891    
      2016   25.777580    
      2304   25.746269    
      2592   25.715126    
      2880   25.684364    
      3168   25.653603    
      3456   25.622841    
      3744   25.592079    
      4032   25.561768    
      4320   25.531555    
      4608   25.501343    
      4896   25.471130    
      5184   25.440918    
      5472   25.410963    
      5760   25.381300    
      6048   25.351637    
      6336   25.321974    
      6624   25.292311    
      6912   25.262648    
      7200   25.232985    
      7488   25.203321    
      7776   25.174063    
      8064   25.144949    
      8352   25.115835    
      8640   25.086721    
      8928   25.057608    
      9216   25.028494    
      9504   24.999380    
      9792   24.970266    
     10080   24.941153    
     10368   24.912039    
     10656   24.882925    
     10944   24.853811    
     11232   24.824697    
     11520   24.795584    
     11808   24.766470    
     12096   24.737356    
     12384   24.708242    
     12672   24.679129    
     12960   24.650015    
     13248   24.620901    
     13536   24.591787    
     13824   24.562191    
     14112   24.532528    
     14400   24.502865    
     14688   24.473202    
     14976   24.443539    
     15264   24.413876    
     15552   24.384212    
     15840   24.354521    
     16128   24.324308    
     16416   24.294096    
     16704   24.263884    
     16992   24.233671    
     17280   24.203459    
     17568   24.172863    
     17856   24.142101    
     18144   24.111340    
     18432   24.080578    
     18720   24.049643    
     19008   24.018332    
     19296   23.987020    
     19584   23.955709    
     19872   23.924097    
     20160   23.892237    
     20448   23.860376    
     20736   23.828428    
     21024   23.796019    
     21312   23.763609    
     21600   23.731155    
     21888   23.698196    
     22176   23.665237    
     22464   23.632158    
     22752   23.598650    
     23040   23.565142    
     23328   23.531332    
     23616   23.497274    
     23904   23.463203    
     24192   23.428596    
     24480   23.393990    
     24768   23.359022    
     25056   23.323866    
     25344   23.288500    
     25632   23.252794    
     25920   23.216976    
     26208   23.180721    
     26496   23.144394    
     26784   23.107590    
     27072   23.070711    
     27360   23.033358    
     27648   22.995890    
     27936   22.957987    
     28224   22.919888    
     28512   22.881435    
     28800   22.842665    
     29088   22.803663    
     29376   22.764191    
     29664   22.724579    
     29952   22.684479    
     30240   22.644106    
     30528   22.603456    
     30816   22.562311    
     31104   22.520985    
     31392   22.479237    
     31680   22.437099    
     31968   22.394756    
     32256   22.351910    
     32544   22.308765    
     32832   22.265369    
     33120   22.221437    
     33408   22.177271    
     33696   22.132776    
     33984   22.087788    
     34272   22.042570    
     34560   21.996977    
     34848   21.950916    
     35136   21.904640    
     35424   21.857948    
     35712   21.810814    
     36000   21.763464    
     36288   21.715673    
     36576   21.667458    
     36864   21.619022    
     37152   21.570133    
     37440   21.520842    
     37728   21.471333    
     38016   21.421345    
     38304   21.370991    
     38592   21.320410    
     38880   21.269323    
     39168   21.217918    
     39456   21.166281    
     39744   21.114096    
     40032   21.061684    
     40320   21.008949    
     40608   20.955730    
     40896   20.902355    
     41184   20.848522    
     41472   20.794344    
     41760   20.739962    
     42048   20.685055    
     42336   20.630033    
     42624   20.574553    
     42912   20.518797    
     43200   20.462767    
     43488   20.406292    
     43776   20.349712    
     44064   20.292620    
     44352   20.235491    
     44640   20.177818    
     44928   20.120138    
     45216   20.061911    
     45504   20.003683    
     45792   19.944925    
     46080   19.886148    
     46368   19.826893    
     46656   19.767567    
     46944   19.708010    
     47232   19.648134    
     47520   19.588259    
     47808   19.527863    
     48096   19.467438    
     48384   19.407007    
     48672   19.346033    
     48960   19.285059    
     49248   19.224085    
     49536   19.162617    
     49824   19.101093    
     50112   19.039570    
     50400   18.978046    
     50688   18.916162    
     50976   18.854090    
     51264   18.792017    
     51552   18.729944    
     51840   18.667871    
     52128   18.605799    
     52416   18.543726    
     52704   18.481543    
     52992   18.419193    
     53280   18.356754    
     53568   18.294302    
     53856   18.231884    
     54144   18.169521    
     54432   18.107233    
     54720   18.045067    
     55008   17.982994    
     55296   17.920921    
     55584   17.858849    
     55872   17.796776    
     56160   17.734703    
     56448   17.672895    
     56736   17.611361    
     57024   17.549837    
     57312   17.488314    
     57600   17.427059    
     57888   17.366085    
     58176   17.305111    
     58464   17.244360    
     58752   17.183895    
     59040   17.123470    
     59328   17.063341    
     59616   17.003466    
     59904   16.943817    
     60192   16.884491    
     60480   16.825344    
     60768   16.766453    
     61056   16.707851    
     61344   16.649508    
     61632   16.591486    
     61920   16.533808    
     62208   16.476387    
     62496   16.419258    
     62784   16.362448    
     63072   16.306042    
     63360   16.249901    
     63648   16.194147    
     63936   16.138821    
     64224   16.083725    
     64512   16.029060    
     64800   15.974802    
     65088   15.920930    
     65376   15.867408    
     65664   15.814334    
     65952   15.761616    
     66240   15.709351    
     66528   15.657454    
     66816   15.606037    
     67104   15.554977    
     67392   15.504396    
     67680   15.454172    
     67968   15.404437    
     68256   15.355108    
     68544   15.306217    
     68832   15.257782    
     69120   15.209744    
     69408   15.162203    
     69696   15.115063    
     69984   15.068373    
     70272   15.022171    
     70560   14.976389    
     70848   14.931073    
     71136   14.886237    
     71424   14.841813    
     71712   14.797870    
     72000   14.754405    
     72288   14.711318    
     72576   14.668733    
     72864   14.626596    
     73152   14.584900    
     73440   14.543691    
     73728   14.502920    
     74016   14.462570    
     74304   14.422729    
     74592   14.383323    
     74880   14.344337    
     75168   14.305833    
     75456   14.267732    
     75744   14.230089    
     76032   14.192860    
     76320   14.156065    
     76608   14.119723    
     76896   14.083766    
     77184   14.048282    
     77472   14.013191    
     77760   13.978564    
     78048   13.944308    
     78336   13.910508    
     78624   13.877101    
     78912   13.844130    
     79200   13.811524    
     79488   13.779367    
     79776   13.747577    
     80064   13.716232    
     80352   13.685223    
     80640   13.654632    
     80928   13.624428    
     81216   13.594603    
     81504   13.565182    
     81792   13.536093    
     82080   13.507407    
     82368   13.479114    
     82656   13.451156    
     82944   13.423599    
     83232   13.396402    
     83520   13.369532    
     83808   13.343052    
     84096   13.316921    
     84384   13.291113    
     84672   13.265629    
     84960   13.240534    
     85248   13.215777    
     85536   13.191336    
     85824   13.167202    
     86112   13.143391    
     86400   13.119964    
     86688   13.096845    
     86976   13.074029    
     87264   13.051516    
     87552   13.029304    
     87840   13.007404    
     88128   12.985833    
     88416   12.964586    
     88704   12.943632    
     88992   12.922973    
     89280   12.902608    
     89568   12.882544    
     89856   12.862777    
     90144   12.843308    
     90432   12.824138    
     90720   12.805243    
     91008   12.786626    
     91296   12.768290    
     91584   12.750235    
     91872   12.732463    
     92160   12.714975    
     92448   12.697775    
     92736   12.680870    
     93024   12.664254    
     93312   12.647912    
     93600   12.631838    
     93888   12.616008    
     94176   12.600430    
     94464   12.585104    
     94752   12.570032    
     95040   12.555208    
     95328   12.540636    
     95616   12.526317    
     95904   12.512248    
     96192   12.498427    
     96480   12.484842    
     96768   12.471522    
     97056   12.458458    
     97344   12.445632    
     97632   12.433051    
     97920   12.420716    
     98208   12.408621    
     98496   12.396769    
     98784   12.385159    
     99072   12.373785    
     99360   12.362659    
     99648   12.351761    
     99936   12.341096    
    100224   12.330659    
    100512   12.320447    
    100800   12.310458    
    101088   12.300702    
    101376   12.291150    
    101664   12.281802    
    101952   12.272687    
    102240   12.263816    
    102528   12.255177    
    102816   12.246760    
    103104   12.238573    
    103392   12.230604    
    103680   12.222849    
    103968   12.215297    
    104256   12.207945    
    104544   12.200776    
    104832   12.193824    
    105120   12.187073    
    105408   12.180535    
    105696   12.174193    
    105984   12.168040    
    106272   12.162069    
    106560   12.156259    
    106848   12.150630    
    107136   12.145199    
    107424   12.139943    
    107712   12.134860    
    108000   12.129935    
    108288   12.125137    
    108576   12.120520    
    108864   12.116055    
    109152   12.111762    
    109440   12.107593    
    109728   12.103582    
    110016   12.099650    
    110304   12.095880    
    110592   12.092215    
    110880   12.088705    
    111168   12.085280    
    111456   12.081967    
    111744   12.078780    
    112032   12.075638    
    112320   12.072638    
    112608   12.069743    
    112896   12.066893    
    113184   12.064147    
    113472   12.061516    
    113760   12.058925    
    114048   12.056431    
    114336   12.054045    
    114624   12.051700    
    114912   12.049384    
    115200   12.047114    
    115488   12.044972    
    115776   12.042885    
    116064   12.040827    
    116352   12.038804    
    116640   12.036817    
    116928   12.034890    
    117216   12.033040    
    117504   12.031228    
    117792   12.029442    
    118080   12.027681    
    118368   12.025952    
    118656   12.024269    
    118944   12.022652    
    119232   12.021062    
    119520   12.019494    
    119808   12.017944    
    120096   12.016410    
    120384   12.014899    
    120672   12.013416    
    120960   12.011961    
    121248   12.010528    
    121536   12.009112    
    121824   12.007710    
    122112   12.006319    
    122400   12.004946    
    122688   12.003598    
    122976   12.002263    
    123264   12.000936    
    123552   11.999612    
    123840   11.998288    
    124128   11.996987    
    124416   11.995703    
    124704   11.994429    
    124992   11.993159    
    125280   11.991890    
    125568   11.990618    
    125856   11.989339    
    126144   11.988072    
    126432   11.986814    
    126720   11.985559    
    127008   11.984303    
    127296   11.983038    
    127584   11.981763    
    127872   11.980474    
    128160   11.979170    
    128448   11.977870    
    128736   11.976569    
    129024   11.975262    
    129312   11.973943    
    129600   11.972608    
    129888   11.971252    
    130176   11.969858    
    130464   11.968437    
    130752   11.966991    
    131040   11.965534    
    131328   11.964059    
    131616   11.962556    
    131904   11.961019    
    132192   11.959450    
    132480   11.957833    
    132768   11.956131    
    133056   11.954392    
    133344   11.952632    
    133632   11.950830    
    133920   11.948993    
    134208   11.947066    
    134496   11.945048    
    134784   11.942965    
    135072   11.940784    
    135360   11.938525    
    135648   11.936185    
    135936   11.933747    
    136224   11.931211    
    136512   11.928526    
    136800   11.925724    
    137088   11.922741    
    137376   11.919599    
    137664   11.916301    
    137952   11.912841    
    138240   11.909202    
    138528   11.905354    
    138816   11.901269    
    139104   11.896929    
    139392   11.892303    
    139680   11.887347    
    139968   11.882096    
    140256   11.876546    
    140544   11.870645    
    140832   11.864356    
    141120   11.857652    
    141408   11.850469    
    141696   11.842771    
    141984   11.834517    
    142272   11.825726    
    142560   11.816390    
    142848   11.806460    
    143136   11.795856    
    143424   11.784548    
    143712   11.772470    
    144000   11.759584    
    144288   11.745859    
    144576   11.731318    
    144864   11.715965    
    145152   11.699764    
    145440   11.682683    
    145728   11.664694    
    146016   11.645807    
    146304   11.625994    
    146592   11.605321    
    146880   11.583917    
    147168   11.561894    
    147456   11.539317    
    147744   11.516224    
    148032   11.492652    
    148320   11.468677    
    148608   11.444281    
    148896   11.419518    
    149184   11.394447    
    149472   11.369087    
    149760   11.343467    
    150048   11.317583    
    150336   11.291445    
    150624   11.265059    
    150912   11.238429    
    151200   11.211565    
    151488   11.184502    
    151776   11.157248    
    152064   11.129778    
    152352   11.102139    
    152640   11.074378    
    152928   11.046477    
    153216   11.018456    
    153504   10.990318    
    153792   10.962052    
    154080   10.933699    
    154368   10.905237    
    154656   10.876678    
    154944   10.848036    
    155232   10.819313    
    155520   10.790523    
    155808   10.761653    
    156096   10.732729    
    156384   10.703763    
    156672   10.674758    
    156960   10.645730    
    157248   10.616686    
    157536   10.587633    
    157824   10.558565    
    158112   10.529502    
    158400   10.500454    
    158688   10.471438    
    158976   10.442448    
    159264   10.413499    
    159552   10.384605    
    159840   10.355768    
    160128   10.326997    
    160416   10.298330    
    160704   10.269746    
    160992   10.241263    
    161280   10.212893    
    161568   10.184649    
    161856   10.156528    
    162144   10.128567    
    162432   10.100733    
    162720   10.073041    
    163008   10.045428    
    163296   10.017904    
    163584   9.9905252    
    163872   9.9632635    
    164160   9.9361696    
    164448   9.9092369    
    164736   9.8824968    
    165024   9.8559456    
    165312   9.8295679    
    165600   9.8033247    
    165888   9.7772312    
    166176   9.7513227    
    166464   9.7255955    
    166752   9.7000742    
    167040   9.6747904    
    167328   9.6497116    
    167616   9.6247816    
    167904   9.6000347    
    168192   9.5754910    
    168480   9.5511780    
    168768   9.5271196    
    169056   9.5032759    
    169344   9.4795895    
    169632   9.4561090    
    169920   9.4328651    
    170208   9.4098768    
    170496   9.3871679    
    170784   9.3646975    
    171072   9.3424053    
    171360   9.3203354    
    171648   9.2985191    
    171936   9.2769880    
    172224   9.2556763    
    172512   9.2345533    
    172800   9.2136564    
    173088   9.1930170    
    173376   9.1725855    
    173664   9.1523266    
    173952   9.1322775    
    174240   9.1124773    
    174528   9.0928812    
    174816   9.0734587    
    175104   9.0542421    
    175392   9.0352783    
    175680   9.0165987    
    175968   8.9981508    
    176256   8.9799051    
    176544   8.9618874    
    176832   8.9441404    
    177120   8.9265852    
    177408   8.9091806    
    177696   8.8919754    
    177984   8.8749952    
    178272   8.8582850    
    178560   8.8417978    
    178848   8.8255033    
    179136   8.8094435    
    179424   8.7936525    
    179712   8.7780666    
    180000   8.7626495    
    180288   8.7474594    
    180576   8.7324448    
    180864   8.7175684    
    181152   8.7028856    
    181440   8.6884460    
    181728   8.6742020    
    182016   8.6600981    
    182304   8.6462088    
    182592   8.6325712    
    182880   8.6191244    
    183168   8.6058283    
    183456   8.5927486    
    183744   8.5799189    
    184032   8.5672674    
    184320   8.5547762    
    184608   8.5424919    
    184896   8.5304527    
    185184   8.5185938    
    185472   8.5068836    
    185760   8.4953756    
    186048   8.4840975    
    186336   8.4730005    
    186624   8.4620342    
    186912   8.4512739    
    187200   8.4407330    
    187488   8.4304438    
    187776   8.4203320    
    188064   8.4103956    
    188352   8.4006538    
    188640   8.3911362    
    188928   8.3817797    
    189216   8.3725643    
    189504   8.3635187    
    189792   8.3546915    
    190080   8.3461065    
    190368   8.3376856    
    190656   8.3293991    
    190944   8.3212891    
    191232   8.3133764    
    191520   8.3056946    
    191808   8.2981720    
    192096   8.2907877    
    192384   8.2835703    
    192672   8.2765532    
    192960   8.2697496    
    193248   8.2631769    
    193536   8.2567625    
    193824   8.2504940    
    194112   8.2443733    
    194400   8.2384529    
    194688   8.2327433    
    194976   8.2272415    
    195264   8.2219563    
    195552   8.2168407    
    195840   8.2118578    
    196128   8.2070236    
    196416   8.2023573    
    196704   8.1978846    
    196992   8.1936054    
    197280   8.1895161    
    197568   8.1856432    
    197856   8.1819668    
    198144   8.1784716    
    198432   8.1751223    
    198720   8.1718721    
    199008   8.1687412    
    199296   8.1657524    
    199584   8.1628981    
    199872   8.1601954    
    200160   8.1576223    
    200448   8.1552105    
    200736   8.1529093    
    201024   8.1507492    
    201312   8.1487007    
    201600   8.1467657    
    201888   8.1449375    
    202176   8.1432085    
    202464   8.1415701    
    202752   8.1400185    
    203040   8.1385679    
    203328   8.1371851    
    203616   8.1358681    
    203904   8.1346178    
    204192   8.1334391    
    204480   8.1323204    
    204768   8.1312628    
    205056   8.1302700    
    205344   8.1293144    
    205632   8.1283798    
    205920   8.1274910    
    206208   8.1266594    
    206496   8.1258860    
    206784   8.1251516    
    207072   8.1244631    
    207360   8.1238041    
    207648   8.1231842    
    207936   8.1225996    
    208224   8.1220608    
    208512   8.1215448    
    208800   8.1210470    
    209088   8.1205692    
    209376   8.1201124    
    209664   8.1196766    
    209952   8.1192741    
    210240   8.1189070    
    210528   8.1185770    
    210816   8.1182804    
    211104   8.1180058    
    211392   8.1177311    
    211680   8.1174564    
    211968   8.1171818    
    212256   8.1169071    
    212544   8.1166325    
    212832   8.1163578    
    213120   8.1160831    
    213408   8.1158085    
    213696   8.1155338    
    213984   8.1152592    
    214272   8.1150017    
    214560   8.1147614    
    214848   8.1145344    
    215136   8.1143198    
    215424   8.1141462    
    215712   8.1140051    
    216000   8.1138821    
    216288   8.1137829    
    216576   8.1137047    
    216864   8.1136475    
    217152   8.1136141    
    217440   8.1136141    
    217728   8.1136141    
    218016   8.1136141    
    218304   8.1136141    
    218592   8.1136141    
    218880   8.1136141    
    219168   8.1136141    
    219456   8.1136141    
    219744   8.1136141    
    220032   8.1136141    
    220320   8.1136141    
    220608   8.1136141    
    220896   8.1136141    
    221184   8.1136141    
    221472   8.1136141    
    221760   8.1136141    
    222048   8.1136141    
    222336   8.1136141    
    222624   8.1136141    
    222912   8.1136141    
    223200   8.1136141    
    223488   8.1136141    
    223776   8.1136141    
    224064   8.1136141    
    224352   8.1136141    
    224640   8.1136141    
    224928   8.1136141    
    225216   8.1136141    
    225504   8.1136141    
    225792   8.1136141    
    226080   8.1136141    
    226368   8.1136141    
    226656   8.1136141    
    226944   8.1136141    
    227232   8.1136141    
    227520   8.1136141    
    227808   8.1136141    
    228096   8.1136141    
    228384   8.1136141    
    228672   8.1136141    
    228960   8.1136141    
    229248   8.1136141    
    229536   8.1136141    
    229824   8.1136141    
    230112   8.1136141    
    230400   8.1136141    
    230688   8.1136141    
    230976   8.1136141    
    231264   8.1136141    
    231552   8.1136141    
    231840   8.1136141    
    232128   8.1136141    
    232416   8.1136141    
    232704   8.1136141    
    232992   8.1136141    
    233280   8.1136141    
    233568   8.1136141    
    233856   8.1136141    
    234144   8.1136141    
    234432   8.1136141    
    234720   8.1136141    
    235008   8.1136141    
    235296   8.1136141    
    235584   8.1136141    
    235872   8.1136141    
    236160   8.1136141    
    236448   8.1136141    
    236736   8.1136141    
    237024   8.1136141    
    237312   8.1136141    
    237600   8.1136141    
    237888   8.1136141    
    238176   8.1136141    
    238464   8.1136141    
    238752   8.1136141    
    239040   8.1136141    
    239328   8.1136141    
    239616   8.1136141    
    239904   8.1136141    
    240192   8.1136141    
    240480   8.1136141    
    240768   8.1136141    
    241056   8.1136141    
    241344   8.1136141    
    241632   8.1136141    
    241920   8.1136141    
    242208   8.1136141    
    242496   8.1136141    
    242784   8.1136141    
    243072   8.1136141    
    243360   8.1136141    
    243648   8.1136141    
    243936   8.1136141    
    244224   8.1136141    
    244512   8.1136141    
    244800   8.1136141    
    245088   8.1136141    
    245376   8.1136141    
    245664   8.1136141    
    245952   8.1136141    
    246240   8.1136141    
    246528   8.1136141    
    246816   8.1136141    
    247104   8.1136141    
    247392   8.1136141    
    247680   8.1136141    
    247968   8.1136141    
    248256   8.1136141    
    248544   8.1136141    
    248832   8.1136141    
    249120   8.1136141    
    249408   8.1136141    
    249696   8.1136141    
    249984   8.1136141    
    250272   8.1135759    
    250560   8.1135054    
    250848   8.1134033    
    251136   8.1132593    
    251424   8.1130867    
    251712   8.1128883    
    252000   8.1126785    
    252288   8.1124506    
    252576   8.1122017    
    252864   8.1119270    
    253152   8.1116524    
    253440   8.1113777    
    253728   8.1111031    
    254016   8.1108284    
    254304   8.1105242    
    254592   8.1101904    
    254880   8.1098251    
    255168   8.1094170    
    255456   8.1089792    
    255744   8.1085148    
    256032   8.1079998    
    256320   8.1074219    
    256608   8.1067734    
    256896   8.1060791    
    257184   8.1053209    
    257472   8.1045084    
    257760   8.1036453    
    258048   8.1026840    
    258336   8.1016321    
    258624   8.1004753    
    258912   8.0992155    
    259200   8.0978327    
    259488   8.0963125    
    259776   8.0946484    
    260064   8.0928154    
    260352   8.0908041    
    260640   8.0885973    
    260928   8.0861778    
    261216   8.0835133    
    261504   8.0805960    
    261792   8.0773973    
    262080   8.0738945    
    262368   8.0700464    
    262656   8.0658379    
    262944   8.0612183    
    263232   8.0561504    
    263520   8.0506144    
    263808   8.0445595    
    264096   8.0379562    
    264384   8.0307550    
    264672   8.0229139    
    264960   8.0144062    
    265248   8.0051756    
    265536   7.9951868    
    265824   7.9844112    
    266112   7.9728212    
    266400   7.9605026    
    266688   7.9476166    
    266976   7.9342871    
    267264   7.9206157    
    267552   7.9066772    
    267840   7.8924313    
    268128   7.8778811    
    268416   7.8631053    
    268704   7.8481679    
    268992   7.8331242    
    269280   7.8180118    
    269568   7.8028674    
    269856   7.7877264    
    270144   7.7726192    
    270432   7.7574682    
    270720   7.7422423    
    271008   7.7269964    
    271296   7.7117653    
    271584   7.6965909    
    271872   7.6814966    
    272160   7.6665139    
    272448   7.6515627    
    272736   7.6366091    
    273024   7.6217074    
    273312   7.6068921    
    273600   7.5921960    
    273888   7.5776482    
    274176   7.5631676    
    274464   7.5487204    
    274752   7.5343633    
    275040   7.5201330    
    275328   7.5060611    
    275616   7.4921794    
    275904   7.4783969    
    276192   7.4646811    
    276480   7.4510832    
    276768   7.4376431    
    277056   7.4243951    
    277344   7.4112592    
    277632   7.3981938    
    277920   7.3852639    
    278208   7.3725066    
    278496   7.3598413    
    278784   7.3472495    
    279072   7.3347840    
    279360   7.3224931    
    279648   7.3103013    
    279936   7.2981849    
    280224   7.2862067    
    280512   7.2744150    
    280800   7.2628431    
    281088   7.2514009    
    281376   7.2400608    
    281664   7.2288809    
    281952   7.2179022    
    282240   7.2070169    
    282528   7.1961875    
    282816   7.1854858    
    283104   7.1749635    
    283392   7.1646562    
    283680   7.1544805    
    283968   7.1444092    
    284256   7.1345048    
    284544   7.1248021    
    284832   7.1152225    
    285120   7.1057372    
    285408   7.0964179    
    285696   7.0871916    
    285984   7.0780396    
    286272   7.0690360    
    286560   7.0602193    
    286848   7.0515108    
    287136   7.0428934    
    287424   7.0344262    
    287712   7.0261593    
    288000   7.0180078    
    288288   7.0099497    
    288576   7.0020480    
    288864   6.9943428    
    289152   6.9867458    
    289440   6.9792404    
    289728   6.9718890    
    290016   6.9647226    
    290304   6.9576631    
    290592   6.9506950    
    290880   6.9438734    
    291168   6.9372396    
    291456   6.9307075    
    291744   6.9242549    
    292032   6.9179440    
    292320   6.9118090    
    292608   6.9058743    
    292896   6.9000525    
    293184   6.8943243    
    293472   6.8887339    
    293760   6.8833232    
    294048   6.8780017    
    294336   6.8727565    
    294624   6.8676405    
    294912   6.8626957    
    295200   6.8579316    
    295488   6.8532639    
    295776   6.8486795    
    296064   6.8442259    
    296352   6.8399267    
    296640   6.8357983    
    296928   6.8317637    
    297216   6.8278093    
    297504   6.8239813    
    297792   6.8203006    
    298080   6.8167815    
    298368   6.8134336    
    298656   6.8101807    
    298944   6.8070035    
    299232   6.8039422    
    299520   6.8010197    
    299808   6.7982464    
    300096   6.7956285    
    300384   6.7931709    
    300672   6.7907963    
    300960   6.7884855    
    301248   6.7862763    
    301536   6.7841787    
    301824   6.7822046    
    302112   6.7803526    
    302400   6.7786193    
    302688   6.7769942    
    302976   6.7754807    
    303264   6.7740731    
    303552   6.7727103    
    303840   6.7713876    
    304128   6.7701197    
    304416   6.7689242    
    304704   6.7677994    
    304992   6.7667375    
    305280   6.7657528    
    305568   6.7648244    
    305856   6.7639580    
    306144   6.7631459    
    306432   6.7623882    
    306720   6.7616687    
    307008   6.7610049    
    307296   6.7603793    
    307584   6.7597904    
    307872   6.7592387    
    308160   6.7587128    
    308448   6.7582216    
    308736   6.7577682    
    309024   6.7573361    
    309312   6.7569284    
    309600   6.7565451    
    309888   6.7561889    
    310176   6.7558494    
    310464   6.7555170    
    310752   6.7551975    
    311040   6.7548981    
    311328   6.7546225    
    311616   6.7543731    
    311904   6.7541337    
    312192   6.7539172    
    312480   6.7537165    
    312768   6.7535286    
    313056   6.7533545    
    313344   6.7531934    
    313632   6.7530451    
    313920   6.7529078    
    314208   6.7527704    
    314496   6.7526331    
    314784   6.7524958    
    315072   6.7523584    
