       288   122.84849    
       576   122.69688    
       864   122.54527    
      1152   122.39504    
      1440   122.24563    
      1728   122.09621    
      2016   121.94798    
      2304   121.80076    
      2592   121.65354    
      2880   121.50672    
      3168   121.36170    
      3456   121.21668    
      3744   121.07166    
      4032   120.92731    
      4320   120.78449    
      4608   120.64167    
      4896   120.49885    
      5184   120.35603    
      5472   120.21467    
      5760   120.07404    
      6048   119.93342    
      6336   119.79279    
      6624   119.65217    
      6912   119.51154    
      7200   119.37222    
      7488   119.23379    
      7776   119.09536    
      8064   118.95693    
      8352   118.81850    
      8640   118.68008    
      8928   118.54165    
      9216   118.40322    
      9504   118.26479    
      9792   118.12637    
     10080   117.98794    
     10368   117.84951    
     10656   117.71108    
     10944   117.57265    
     11232   117.43423    
     11520   117.29580    
     11808   117.15737    
     12096   117.01894    
     12384   116.88052    
     12672   116.74209    
     12960   116.60366    
     13248   116.46523    
     13536   116.32681    
     13824   116.18838    
     14112   116.04995    
     14400   115.90943    
     14688   115.76881    
     14976   115.62818    
     15264   115.48756    
     15552   115.34693    
     15840   115.20631    
     16128   115.06387    
     16416   114.92105    
     16704   114.77823    
     16992   114.63541    
     17280   114.49209    
     17568   114.34707    
     17856   114.20205    
     18144   114.05703    
     18432   113.91109    
     18720   113.76387    
     19008   113.61665    
     19296   113.46926    
     19584   113.31985    
     19872   113.17043    
     20160   113.02087    
     20448   112.86926    
     20736   112.71764    
     21024   112.56536    
     21312   112.41155    
     21600   112.25774    
     21888   112.10227    
     22176   111.94627    
     22464   111.78953    
     22752   111.63132    
     23040   111.47301    
     23328   111.31261    
     23616   111.15221    
     23904   110.98984    
     24192   110.82724    
     24480   110.66280    
     24768   110.49800    
     25056   110.33129    
     25344   110.16430    
     25632   109.99516    
     25920   109.82568    
     26208   109.65429    
     26496   109.48206    
     26784   109.30847    
     27072   109.13333    
     27360   108.95746    
     27648   108.77948    
     27936   108.60052    
     28224   108.42035    
     28512   108.23817    
     28800   108.05499    
     29088   107.87042    
     29376   107.68382    
     29664   107.49602    
     29952   107.30692    
     30240   107.11575    
     30528   106.92298    
     30816   106.72894    
     31104   106.53338    
     31392   106.33566    
     31680   106.13644    
     31968   105.93588    
     32256   105.73373    
     32544   105.52943    
     32832   105.32359    
     33120   105.11638    
     33408   104.90760    
     33696   104.69666    
     33984   104.48406    
     34272   104.27003    
     34560   104.05447    
     34848   103.83694    
     35136   103.61749    
     35424   103.39655    
     35712   103.17414    
     36000   102.95002    
     36288   102.72374    
     36576   102.49580    
     36864   102.26639    
     37152   102.03545    
     37440   101.80254    
     37728   101.56769    
     38016   101.33134    
     38304   101.09357    
     38592   100.85407    
     38880   100.61243    
     39168   100.36921    
     39456   100.12463    
     39744   99.878517    
     40032   99.630226    
     40320   99.380363    
     40608   99.129272    
     40896   98.876587    
     41184   98.621773    
     41472   98.365562    
     41760   98.108215    
     42048   97.848938    
     42336   97.587868    
     42624   97.325935    
     42912   97.062263    
     43200   96.796684    
     43488   96.530373    
     43776   96.262306    
     44064   95.992416    
     44352   95.721992    
     44640   95.449532    
     44928   95.176109    
     45216   94.901451    
     45504   94.624947    
     45792   94.348091    
     46080   94.069115    
     46368   93.789993    
     46656   93.508743    
     46944   93.227417    
     47232   92.943970    
     47520   92.660522    
     47808   92.375008    
     48096   92.089363    
     48384   91.802666    
     48672   91.514824    
     48960   91.226982    
     49248   90.937119    
     49536   90.647079    
     49824   90.357040    
     50112   90.065071    
     50400   89.772835    
     50688   89.480598    
     50976   89.188362    
     51264   88.895248    
     51552   88.600815    
     51840   88.306381    
     52128   88.011948    
     52416   87.717514    
     52704   87.423080    
     52992   87.128647    
     53280   86.834213    
     53568   86.539780    
     53856   86.245346    
     54144   85.950912    
     54432   85.656479    
     54720   85.362045    
     55008   85.067612    
     55296   84.773178    
     55584   84.479042    
     55872   84.185692    
     56160   83.893204    
     56448   83.600967    
     56736   83.308731    
     57024   83.017578    
     57312   82.727539    
     57600   82.437500    
     57888   82.148483    
     58176   81.860641    
     58464   81.573204    
     58752   81.286720    
     59040   81.001076    
     59328   80.716621    
     59616   80.433174    
     59904   80.150932    
     60192   79.869682    
     60480   79.589745    
     60768   79.311325    
     61056   79.033821    
     61344   78.757919    
     61632   78.483414    
     61920   78.210129    
     62208   77.938591    
     62496   77.668617    
     62784   77.399765    
     63072   77.132744    
     63360   76.867615    
     63648   76.603889    
     63936   76.341614    
     64224   76.081253    
     64512   75.822853    
     64800   75.566452    
     65088   75.311447    
     65376   75.058006    
     65664   74.806618    
     65952   74.557259    
     66240   74.309967    
     66528   74.064774    
     66816   73.821701    
     67104   73.580727    
     67392   73.341423    
     67680   73.103912    
     67968   72.868408    
     68256   72.634705    
     68544   72.403122    
     68832   72.173676    
     69120   71.946388    
     69408   71.721260    
     69696   71.498268    
     69984   71.277435    
     70272   71.058777    
     70560   70.842316    
     70848   70.628036    
     71136   70.415924    
     71424   70.206001    
     71712   69.998276    
     72000   69.792717    
     72288   69.589317    
     72576   69.388084    
     72864   69.189034    
     73152   68.992188    
     73440   68.797516    
     73728   68.604836    
     74016   68.414238    
     74304   68.225792    
     74592   68.039505    
     74880   67.855255    
     75168   67.673088    
     75456   67.492943    
     75744   67.314713    
     76032   67.138504    
     76320   66.964355    
     76608   66.792084    
     76896   66.621925    
     77184   66.453888    
     77472   66.287994    
     77760   66.124214    
     78048   65.962532    
     78336   65.802711    
     78624   65.644821    
     78912   65.488724    
     79200   65.334389    
     79488   65.181877    
     79776   65.031456    
     80064   64.883110    
     80352   64.736801    
     80640   64.592232    
     80928   64.449318    
     81216   64.307899    
     81504   64.168488    
     81792   64.031090    
     82080   63.895588    
     82368   63.761681    
     82656   63.629589    
     82944   63.499126    
     83232   63.370480    
     83520   63.243488    
     83808   63.118229    
     84096   62.994507    
     84384   62.872513    
     84672   62.752056    
     84960   62.633366    
     85248   62.516151    
     85536   62.400604    
     85824   62.286446    
     86112   62.173935    
     86400   62.063000    
     86688   61.953545    
     86976   61.845692    
     87264   61.739174    
     87552   61.634121    
     87840   61.530712    
     88128   61.428642    
     88416   61.328075    
     88704   61.229008    
     88992   61.131248    
     89280   61.034775    
     89568   60.939861    
     89856   60.846424    
     90144   60.754272    
     90432   60.663563    
     90720   60.574295    
     91008   60.486301    
     91296   60.399563    
     91584   60.314083    
     91872   60.230022    
     92160   60.147411    
     92448   60.066101    
     92736   59.986038    
     93024   59.907383    
     93312   59.830139    
     93600   59.754089    
     93888   59.679226    
     94176   59.605549    
     94464   59.533054    
     94752   59.461720    
     95040   59.391556    
     95328   59.322571    
     95616   59.254761    
     95904   59.188122    
     96192   59.122753    
     96480   59.058655    
     96768   58.995724    
     97056   58.933949    
     97344   58.873329    
     97632   58.813862    
     97920   58.755535    
     98208   58.698349    
     98496   58.642300    
     98784   58.587379    
     99072   58.533581    
     99360   58.480896    
     99648   58.429321    
     99936   58.378845    
    100224   58.329460    
    100512   58.281151    
    100800   58.233898    
    101088   58.187691    
    101376   58.142521    
    101664   58.098362    
    101952   58.055309    
    102240   58.013386    
    102528   57.972569    
    102816   57.932842    
    103104   57.894184    
    103392   57.856571    
    103680   57.819935    
    103968   57.784210    
    104256   57.749344    
    104544   57.715431    
    104832   57.682499    
    105120   57.650597    
    105408   57.619701    
    105696   57.589779    
    105984   57.560684    
    106272   57.532372    
    106560   57.504906    
    106848   57.478352    
    107136   57.452709    
    107424   57.427780    
    107712   57.403721    
    108000   57.380428    
    108288   57.357761    
    108576   57.335888    
    108864   57.314816    
    109152   57.294430    
    109440   57.274742    
    109728   57.255680    
    110016   57.237179    
    110304   57.219296    
    110592   57.202034    
    110880   57.185364    
    111168   57.169250    
    111456   57.153564    
    111744   57.138367    
    112032   57.123581    
    112320   57.109375    
    112608   57.095631    
    112896   57.082249    
    113184   57.069309    
    113472   57.056690    
    113760   57.044537    
    114048   57.032906    
    114336   57.021408    
    114624   57.010220    
    114912   56.999367    
    115200   56.988873    
    115488   56.978523    
    115776   56.968533    
    116064   56.958893    
    116352   56.949459    
    116640   56.940121    
    116928   56.930912    
    117216   56.922043    
    117504   56.913536    
    117792   56.905159    
    118080   56.896889    
    118368   56.888714    
    118656   56.880722    
    118944   56.873009    
    119232   56.865547    
    119520   56.858173    
    119808   56.850876    
    120096   56.843636    
    120384   56.836491    
    120672   56.829456    
    120960   56.822536    
    121248   56.815704    
    121536   56.808941    
    121824   56.802231    
    122112   56.795681    
    122400   56.789303    
    122688   56.782993    
    122976   56.776737    
    123264   56.770512    
    123552   56.764301    
    123840   56.758095    
    124128   56.751965    
    124416   56.745903    
    124704   56.739868    
    124992   56.733864    
    125280   56.727867    
    125568   56.721867    
    125856   56.715843    
    126144   56.709820    
    126432   56.703850    
    126720   56.697903    
    127008   56.691952    
    127296   56.685978    
    127584   56.679966    
    127872   56.673882    
    128160   56.667736    
    128448   56.661594    
    128736   56.655449    
    129024   56.649277    
    129312   56.643055    
    129600   56.636772    
    129888   56.630409    
    130176   56.623867    
    130464   56.617085    
    130752   56.610195    
    131040   56.603264    
    131328   56.596260    
    131616   56.589146    
    131904   56.581894    
    132192   56.574516    
    132480   56.566822    
    132768   56.558796    
    133056   56.550629    
    133344   56.542336    
    133632   56.533829    
    133920   56.525036    
    134208   56.515930    
    134496   56.506451    
    134784   56.496578    
    135072   56.486267    
    135360   56.475510    
    135648   56.464458    
    135936   56.452934    
    136224   56.440880    
    136512   56.428230    
    136800   56.414959    
    137088   56.400848    
    137376   56.385967    
    137664   56.370327    
    137952   56.354027    
    138240   56.336826    
    138528   56.318615    
    138816   56.299294    
    139104   56.278755    
    139392   56.256805    
    139680   56.233376    
    139968   56.208530    
    140256   56.182243    
    140544   56.154346    
    140832   56.124607    
    141120   56.092827    
    141408   56.058834    
    141696   56.022411    
    141984   55.983364    
    142272   55.941803    
    142560   55.897652    
    142848   55.850674    
    143136   55.800533    
    143424   55.747036    
    143712   55.689922    
    144000   55.628986    
    144288   55.564083    
    144576   55.495327    
    144864   55.422745    
    145152   55.346123    
    145440   55.265324    
    145728   55.180294    
    146016   55.090916    
    146304   54.997200    
    146592   54.899410    
    146880   54.798141    
    147168   54.693985    
    147456   54.587116    
    147744   54.477863    
    148032   54.366398    
    148320   54.252899    
    148608   54.137516    
    148896   54.020370    
    149184   53.901691    
    149472   53.781670    
    149760   53.660370    
    150048   53.537853    
    150336   53.414158    
    150624   53.289318    
    150912   53.163380    
    151200   53.036373    
    151488   52.908348    
    151776   52.779343    
    152064   52.649403    
    152352   52.518684    
    152640   52.387321    
    152928   52.255310    
    153216   52.122761    
    153504   51.989605    
    153792   51.855968    
    154080   51.721790    
    154368   51.587162    
    154656   51.452099    
    154944   51.316578    
    155232   51.180725    
    155520   51.044502    
    155808   50.907951    
    156096   50.771145    
    156384   50.634140    
    156672   50.496918    
    156960   50.359558    
    157248   50.222103    
    157536   50.084602    
    157824   49.947083    
    158112   49.809589    
    158400   49.672161    
    158688   49.534832    
    158976   49.397633    
    159264   49.260685    
    159552   49.123974    
    159840   48.987595    
    160128   48.851574    
    160416   48.715900    
    160704   48.580669    
    160992   48.445957    
    161280   48.311741    
    161568   48.178135    
    161856   48.045132    
    162144   47.912827    
    162432   47.781189    
    162720   47.650154    
    163008   47.519520    
    163296   47.389439    
    163584   47.259857    
    163872   47.130981    
    164160   47.002785    
    164448   46.875366    
    164736   46.748825    
    165024   46.623226    
    165312   46.498455    
    165600   46.374348    
    165888   46.250896    
    166176   46.128284    
    166464   46.006622    
    166752   45.885941    
    167040   45.766327    
    167328   45.647655    
    167616   45.529743    
    167904   45.412678    
    168192   45.296555    
    168480   45.181549    
    168768   45.067738    
    169056   44.954872    
    169344   44.842850    
    169632   44.731800    
    169920   44.621838    
    170208   44.513088    
    170496   44.405659    
    170784   44.299316    
    171072   44.193893    
    171360   44.089531    
    171648   43.986366    
    171936   43.884487    
    172224   43.783684    
    172512   43.683811    
    172800   43.584991    
    173088   43.487373    
    173376   43.390751    
    173664   43.294888    
    173952   43.200043    
    174240   43.106384    
    174528   43.013668    
    174816   42.921787    
    175104   42.830914    
    175392   42.741219    
    175680   42.652882    
    175968   42.565590    
    176256   42.479248    
    176544   42.394009    
    176832   42.310066    
    177120   42.227032    
    177408   42.144726    
    177696   42.063305    
    177984   41.983006    
    178272   41.904007    
    178560   41.826069    
    178848   41.748966    
    179136   41.672958    
    179424   41.598206    
    179712   41.524406    
    180000   41.451466    
    180288   41.379578    
    180576   41.308537    
    180864   41.238163    
    181152   41.168716    
    181440   41.100422    
    181728   41.033024    
    182016   40.966358    
    182304   40.900661    
    182592   40.836147    
    182880   40.772476    
    183168   40.709629    
    183456   40.647781    
    183744   40.587082    
    184032   40.527290    
    184320   40.468163    
    184608   40.410015    
    184896   40.352989    
    185184   40.296852    
    185472   40.241486    
    185760   40.187065    
    186048   40.133732    
    186336   40.081230    
    186624   40.029396    
    186912   39.978477    
    187200   39.928623    
    187488   39.879986    
    187776   39.832203    
    188064   39.785210    
    188352   39.739105    
    188640   39.694077    
    188928   39.649799    
    189216   39.606209    
    189504   39.563484    
    189792   39.521729    
    190080   39.481068    
    190368   39.441204    
    190656   39.402004    
    190944   39.363659    
    191232   39.326286    
    191520   39.289970    
    191808   39.254440    
    192096   39.219482    
    192384   39.185352    
    192672   39.152184    
    192960   39.120007    
    193248   39.088909    
    193536   39.058556    
    193824   39.028858    
    194112   38.999981    
    194400   38.971973    
    194688   38.944885    
    194976   38.918819    
    195264   38.893826    
    195552   38.869614    
    195840   38.846001    
    196128   38.823124    
    196416   38.801056    
    196704   38.779846    
    196992   38.759586    
    197280   38.740292    
    197568   38.721977    
    197856   38.704613    
    198144   38.688141    
    198432   38.672306    
    198720   38.656933    
    199008   38.642170    
    199296   38.628010    
    199584   38.614578    
    199872   38.601753    
    200160   38.589619    
    200448   38.578129    
    200736   38.567261    
    201024   38.556957    
    201312   38.547268    
    201600   38.538071    
    201888   38.529438    
    202176   38.521259    
    202464   38.513477    
    202752   38.506180    
    203040   38.499256    
    203328   38.492699    
    203616   38.486485    
    203904   38.480633    
    204192   38.475075    
    204480   38.469765    
    204768   38.464710    
    205056   38.459953    
    205344   38.455414    
    205632   38.451103    
    205920   38.447029    
    206208   38.443169    
    206496   38.439388    
    206784   38.435715    
    207072   38.432384    
    207360   38.429459    
    207648   38.426666    
    207936   38.423969    
    208224   38.421368    
    208512   38.418877    
    208800   38.416500    
    209088   38.414246    
    209376   38.412048    
    209664   38.409946    
    209952   38.408031    
    210240   38.406265    
    210528   38.404617    
    210816   38.403042    
    211104   38.401573    
    211392   38.400204    
    211680   38.398933    
    211968   38.397770    
    212256   38.396671    
    212544   38.395573    
    212832   38.394474    
    213120   38.393375    
    213408   38.392277    
    213696   38.391178    
    213984   38.390079    
    214272   38.388981    
    214560   38.387882    
    214848   38.386784    
    215136   38.385685    
    215424   38.384674    
    215712   38.383781    
    216000   38.382977    
    216288   38.382244    
    216576   38.381577    
    216864   38.380970    
    217152   38.380459    
    217440   38.380093    
    217728   38.379852    
    218016   38.379715    
    218304   38.379681    
    218592   38.379681    
    218880   38.379681    
    219168   38.379681    
    219456   38.379681    
    219744   38.379681    
    220032   38.379681    
    220320   38.379681    
    220608   38.379681    
    220896   38.379681    
    221184   38.379681    
    221472   38.379681    
    221760   38.379681    
    222048   38.379681    
    222336   38.379681    
    222624   38.379681    
    222912   38.379681    
    223200   38.379681    
    223488   38.379681    
    223776   38.379681    
    224064   38.379681    
    224352   38.379681    
    224640   38.379681    
    224928   38.379681    
    225216   38.379681    
    225504   38.379681    
    225792   38.379681    
    226080   38.379681    
    226368   38.379681    
    226656   38.379681    
    226944   38.379681    
    227232   38.379681    
    227520   38.379681    
    227808   38.379681    
    228096   38.379681    
    228384   38.379681    
    228672   38.379681    
    228960   38.379681    
    229248   38.379681    
    229536   38.379681    
    229824   38.379681    
    230112   38.379681    
    230400   38.379681    
    230688   38.379681    
    230976   38.379681    
    231264   38.379681    
    231552   38.379681    
    231840   38.379681    
    232128   38.379681    
    232416   38.379681    
    232704   38.379681    
    232992   38.379681    
    233280   38.379681    
    233568   38.379681    
    233856   38.379681    
    234144   38.379681    
    234432   38.379681    
    234720   38.379681    
    235008   38.379681    
    235296   38.379681    
    235584   38.379681    
    235872   38.379681    
    236160   38.379681    
    236448   38.379681    
    236736   38.379681    
    237024   38.379681    
    237312   38.379681    
    237600   38.379681    
    237888   38.379681    
    238176   38.379681    
    238464   38.379681    
    238752   38.379681    
    239040   38.379681    
    239328   38.379681    
    239616   38.379681    
    239904   38.379681    
    240192   38.379681    
    240480   38.379681    
    240768   38.379681    
    241056   38.379681    
    241344   38.379681    
    241632   38.379681    
    241920   38.379681    
    242208   38.379681    
    242496   38.379681    
    242784   38.379681    
    243072   38.379681    
    243360   38.379681    
    243648   38.379681    
    243936   38.379681    
    244224   38.379681    
    244512   38.379681    
    244800   38.379681    
    245088   38.379681    
    245376   38.379681    
    245664   38.379681    
    245952   38.379681    
    246240   38.379681    
    246528   38.379681    
    246816   38.379681    
    247104   38.379681    
    247392   38.379681    
    247680   38.379681    
    247968   38.379681    
    248256   38.379681    
    248544   38.379681    
    248832   38.379681    
    249120   38.379681    
    249408   38.379562    
    249696   38.379314    
    249984   38.378986    
    250272   38.378525    
    250560   38.377926    
    250848   38.377224    
    251136   38.376419    
    251424   38.375515    
    251712   38.374512    
    252000   38.373486    
    252288   38.372387    
    252576   38.371288    
    252864   38.370190    
    253152   38.369091    
    253440   38.367992    
    253728   38.366779    
    254016   38.365417    
    254304   38.363926    
    254592   38.362293    
    254880   38.360550    
    255168   38.358704    
    255456   38.356674    
    255744   38.354397    
    256032   38.351879    
    256320   38.349125    
    256608   38.346138    
    256896   38.342888    
    257184   38.339367    
    257472   38.335514    
    257760   38.331367    
    258048   38.326813    
    258336   38.321838    
    258624   38.316418    
    258912   38.310410    
    259200   38.303864    
    259488   38.296665    
    259776   38.288773    
    260064   38.280174    
    260352   38.270706    
    260640   38.260288    
    260928   38.248833    
    261216   38.236252    
    261504   38.222454    
    261792   38.207287    
    262080   38.190701    
    262368   38.172489    
    262656   38.152534    
    262944   38.130669    
    263232   38.106747    
    263520   38.080570    
    263808   38.051945    
    264096   38.020714    
    264384   37.986675    
    264672   37.949600    
    264960   37.909321    
    265248   37.865662    
    265536   37.818428    
    265824   37.767448    
    266112   37.712646    
    266400   37.654392    
    266688   37.593399    
    266976   37.530338    
    267264   37.465668    
    267552   37.399750    
    267840   37.332363    
    268128   37.263515    
    268416   37.193604    
    268704   37.122967    
    268992   37.051811    
    269280   36.980331    
    269568   36.908695    
    269856   36.837082    
    270144   36.765594    
    270432   36.693920    
    270720   36.621864    
    271008   36.549728    
    271296   36.477684    
    271584   36.405907    
    271872   36.334499    
    272160   36.263653    
    272448   36.192917    
    272736   36.122185    
    273024   36.051682    
    273312   35.981586    
    273600   35.912083    
    273888   35.843285    
    274176   35.774799    
    274464   35.706467    
    274752   35.638519    
    275040   35.571213    
    275328   35.504673    
    275616   35.438995    
    275904   35.373806    
    276192   35.308910    
    276480   35.244629    
    276768   35.181049    
    277056   35.118389    
    277344   35.056263    
    277632   34.994476    
    277920   34.933323    
    278208   34.872959    
    278496   34.813061    
    278784   34.753487    
    279072   34.694557    
    279360   34.636375    
    279648   34.578686    
    279936   34.521370    
    280224   34.464733    
    280512   34.408936    
    280800   34.354191    
    281088   34.300072    
    281376   34.246445    
    281664   34.193558    
    281952   34.141644    
    282240   34.090183    
    282528   34.038944    
    282816   33.988342    
    283104   33.938564    
    283392   33.889824    
    283680   33.841698    
    283968   33.794025    
    284256   33.747143    
    284544   33.701256    
    284832   33.655949    
    285120   33.611099    
    285408   33.567059    
    285696   33.523399    
    285984   33.480164    
    286272   33.437569    
    286560   33.395878    
    286848   33.354710    
    287136   33.313950    
    287424   33.273945    
    287712   33.234844    
    288000   33.196289    
    288288   33.158180    
    288576   33.120800    
    288864   33.084347    
    289152   33.048424    
    289440   33.012901    
    289728   32.978115    
    290016   32.944221    
    290304   32.910824    
    290592   32.877888    
    290880   32.845615    
    291168   32.814224    
    291456   32.783325    
    291744   32.752804    
    292032   32.722969    
    292320   32.693951    
    292608   32.665882    
    292896   32.638344    
    293184   32.611210    
    293472   32.584778    
    293760   32.559204    
    294048   32.534035    
    294336   32.509228    
    294624   32.485043    
    294912   32.461643    
    295200   32.439091    
    295488   32.417004    
    295776   32.395332    
    296064   32.374210    
    296352   32.353859    
    296640   32.334358    
    296928   32.315304    
    297216   32.296597    
    297504   32.278477    
    297792   32.261017    
    298080   32.244389    
    298368   32.228561    
    298656   32.213161    
    298944   32.198139    
    299232   32.183666    
    299520   32.169876    
    299808   32.156761    
    300096   32.144352    
    300384   32.132725    
    300672   32.121487    
    300960   32.110538    
    301248   32.100098    
    301536   32.090191    
    301824   32.080872    
    302112   32.072102    
    302400   32.063919    
    302688   32.056232    
    302976   32.049095    
    303264   32.042397    
    303552   32.035992    
    303840   32.029747    
    304128   32.023773    
    304416   32.018097    
    304704   32.012726    
    304992   32.007748    
    305280   32.003101    
    305568   31.998701    
    305856   31.994606    
    306144   31.990761    
    306432   31.987143    
    306720   31.983767    
    307008   31.980604    
    307296   31.977633    
    307584   31.974819    
    307872   31.972218    
    308160   31.969765    
    308448   31.967445    
    308736   31.965265    
    309024   31.963186    
    309312   31.961254    
    309600   31.959452    
    309888   31.957739    
    310176   31.956118    
    310464   31.954596    
    310752   31.953192    
    311040   31.951834    
    311328   31.950508    
    311616   31.949232    
    311904   31.948009    
    312192   31.946960    
    312480   31.946045    
    312768   31.945183    
    313056   31.944368    
    313344   31.943581    
    313632   31.942835    
    313920   31.942137    
    314208   31.941486    
    314496   31.940886    
    314784   31.940336    
    315072   31.939787    
