       288   3.9600658    
       576   4.0480013    
       864   3.8953881    
      1152   3.6883738    
      1440   3.4759333    
      1728   3.2712202    
      2016   3.0783491    
      2304   2.8974345    
      2592   2.7276819    
      2880   2.5683498    
      3168   2.4187551    
      3456   2.2782602    
      3744   2.1462739    
      4032   2.0222437    
      4320   1.9056559    
      4608   1.7960347    
      4896   1.6929353    
      5184   1.5959464    
      5472   1.5046824    
      5760   1.4187845    
      6048   1.3379169    
      6336   1.2617652    
      6624   1.1900381    
      6912   1.1224635    
      7200   1.0587871    
      7488  0.99877107    
      7776  0.94219291    
      8064  0.88884455    
      8352  0.83853233    
      8640  0.79107499    
      8928  0.74630308    
      9216  0.70405728    
      9504  0.66418833    
      9792  0.62655711    
     10080  0.59103370    
     10368  0.55749583    
     10656  0.52582848    
     10944  0.49592450    
     11232  0.46768275    
     11520  0.44100851    
     11808  0.41581300    
     12096  0.39201286    
     12384  0.36952975    
     12672  0.34828961    
     12960  0.32822320    
     13248  0.30926532    
     13536  0.29135463    
     13824  0.27443331    
     14112  0.25844696    
     14400  0.24334419    
     14688  0.22907656    
     14976  0.21559873    
     15264  0.20286769    
     15552  0.19084300    
     15840  0.17948641    
     16128  0.16876191    
     16416  0.15863518    
     16704  0.14907414    
     16992  0.14004840    
     17280  0.13152930    
     17568  0.12348960    
     17856  0.11590359    
     18144  0.10874701    
     18432  0.10199682    
     18720  0.95631294E-01
     19008  0.89629821E-01
     19296  0.83972953E-01
     19584  0.78642219E-01
     19872  0.73620096E-01
     20160  0.68890013E-01
     20448  0.64436257E-01
     20736  0.60243927E-01
     21024  0.56298945E-01
     21312  0.52587949E-01
     21600  0.49098257E-01
     21888  0.45817852E-01
     22176  0.42735286E-01
     22464  0.39839748E-01
     22752  0.37120957E-01
     23040  0.34569304E-01
     23328  0.32175455E-01
     23616  0.29930668E-01
     23904  0.27826548E-01
     24192  0.25855185E-01
     24480  0.24009082E-01
     24768  0.22281114E-01
     25056  0.20664541E-01
     25344  0.19152967E-01
     25632  0.17740356E-01
     25920  0.16420966E-01
     26208  0.15189352E-01
     26496  0.14040352E-01
     26784  0.12969040E-01
     27072  0.11970788E-01
     27360  0.11041202E-01
     27648  0.10176115E-01
     27936  0.93715964E-02
     28224  0.86239260E-02
     28512  0.79295710E-02
     28800  0.72851838E-02
     29088  0.66875983E-02
     29376  0.62027639E-02
     29664  0.63415612E-02
     29952  0.50196275E-01
     30240   1.0732119    
     30528   2.6408958    
     30816   4.3158607    
     31104   6.0290465    
     31392   7.7375507    
     31680   9.4182653    
     31968   11.055970    
     32256   12.643549    
     32544   14.136269    
     32832   15.507851    
     33120   16.790283    
     33408   18.004108    
     33696   19.162327    
     33984   20.273848    
     34272   21.345789    
     34560   22.378258    
     34848   23.323635    
     35136   24.154531    
     35424   24.910187    
     35712   25.614124    
     36000   26.281338    
     36288   26.915319    
     36576   27.518322    
     36864   28.091448    
     37152   28.584118    
     37440   28.970655    
     37728   29.295527    
     38016   29.578079    
     38304   29.829359    
     38592   30.055285    
     38880   30.258640    
     39168   30.440313    
     39456   30.549049    
     39744   30.561668    
     40032   30.524567    
     40320   30.457537    
     40608   30.371899    
     40896   30.273985    
     41184   30.167263    
     41472   30.053635    
     41760   29.884338    
     42048   29.639698    
     42336   29.365778    
     42624   29.086397    
     42912   28.813517    
     43200   28.553896    
     43488   28.311743    
     43776   28.084238    
     44064   27.821848    
     44352   27.506048    
     44640   27.181208    
     44928   26.868313    
     45216   26.576418    
     45504   26.308483    
     45792   26.064445    
     46080   25.842714    
     46368   25.641195    
     46656   25.457497    
     46944   25.289322    
     47232   25.086254    
     47520   24.830338    
     47808   24.565355    
     48096   24.310518    
     48384   24.073204    
     48672   23.855139    
     48960   23.655394    
     49248   23.472076    
     49536   23.302896    
     49824   23.145597    
     50112   22.998100    
     50400   22.857643    
     50688   22.721214    
     50976   22.590742    
     51264   22.465542    
     51552   22.344328    
     51840   22.225763    
     52128   22.108768    
     52416   21.992464    
     52704   21.876179    
     52992   21.759382    
     53280   21.641674    
     53568   21.522724    
     53856   21.402243    
     54144   21.279160    
     54432   21.152006    
     54720   21.023817    
     55008   20.894926    
     55296   20.764938    
     55584   20.633327    
     55872   20.499695    
     56160   20.363749    
     56448   20.225307    
     56736   20.084223    
     57024   19.939568    
     57312   19.789804    
     57600   19.687759    
     57888   19.648678    
     58176   19.622795    
     58464   19.588982    
     58752   19.539255    
     59040   19.471561    
     59328   19.385599    
     59616   19.281393    
     59904   19.163744    
     60192   19.085155    
     60480   19.062449    
     60768   19.046270    
     61056   19.016182    
     61344   18.964890    
     61632   18.891102    
     61920   18.795202    
     62208   18.728373    
     62496   18.712454    
     62784   18.699455    
     63072   18.669168    
     63360   18.614475    
     63648   18.534210    
     63936   18.480433    
     64224   18.472288    
     64512   18.460518    
     64800   18.427988    
     65088   18.368484    
     65376   18.281120    
     65664   18.217636    
     65952   18.199280    
     66240   18.178829    
     66528   18.135517    
     66816   18.060640    
     67104   18.006033    
     67392   17.994112    
     67680   17.978106    
     67968   17.937574    
     68256   17.915106    
     68544   17.930492    
     68832   17.936724    
     69120   17.912827    
     69408   17.899576    
     69696   17.920855    
     69984   17.931316    
     70272   17.910685    
     70560   17.851711    
     70848   17.801903    
     71136   17.786211    
     71424   17.761507    
     71712   17.707447    
     72000   17.674812    
     72288   17.694508    
     72576   17.711834    
     72864   17.700203    
     73152   17.648680    
     73440   17.600716    
     73728   17.582018    
     74016   17.552256    
     74304   17.491987    
     74592   17.438053    
     74880   17.412037    
     75168   17.375677    
     75456   17.354265    
     75744   17.365211    
     76032   17.365450    
     76320   17.333052    
     76608   17.301865    
     76896   17.295269    
     77184   17.275105    
     77472   17.220016    
     77760   17.165085    
     78048   17.135092    
     78336   17.094250    
     78624   17.023359    
     78912   16.953608    
     79200   16.908539    
     79488   16.853855    
     79776   16.770399    
     80064   16.685616    
     80352   16.624464    
     80640   16.555086    
     80928   16.459291    
     81216   16.364298    
     81504   16.292793    
     81792   16.214140    
     82080   16.110174    
     82368   15.970041    
     82656   15.824557    
     82944   15.699544    
     83232   15.569314    
     83520   15.418202    
     83808   15.268811    
     84096   15.142154    
     84384   15.011040    
     84672   14.860243    
     84960   14.681277    
     85248   14.497777    
     85536   14.332226    
     85824   14.163506    
     86112   13.977794    
     86400   13.766026    
     86688   13.549058    
     86976   13.347990    
     87264   13.145174    
     87552   12.928593    
     87840   12.691109    
     88128   12.428174    
     88416   12.158069    
     88704   11.900277    
     88992   11.642471    
     89280   11.375696    
     89568   11.094594    
     89856   10.795902    
     90144   10.479099    
     90432   10.157797    
     90720   9.8475151    
     91008   9.5415440    
     91296   9.2343340    
     91584   8.9222479    
     91872   8.6037769    
     92160   8.2787600    
     92448   7.9478974    
     92736   7.6125088    
     93024   7.2743473    
     93312   6.9402118    
     93600   6.6178474    
     93888   6.3064852    
     94176   6.0047708    
     94464   5.7118378    
     94752   5.4274020    
     95040   5.1516895    
     95328   4.8853621    
     95616   4.6293459    
     95904   4.3851128    
     96192   4.1538858    
     96480   3.9362888    
     96768   3.7323587    
     97056   3.5417700    
     97344   3.3639433    
     97632   3.1980386    
     97920   3.0431588    
     98208   2.8984835    
     98496   2.7632556    
     98784   2.6367803    
     99072   2.5184169    
     99360   2.4075749    
     99648   2.3037081    
     99936   2.2063131    
    100224   2.1149251    
    100512   2.0291107    
    100800   1.9484725    
    101088   1.8726407    
    101376   1.8012733    
    101664   1.7340546    
    101952   1.6708312    
    102240   1.6114510    
    102528   1.5556380    
    102816   1.5031371    
    103104   1.4537096    
    103392   1.4071319    
    103680   1.3631976    
    103968   1.3217154    
    104256   1.2825065    
    104544   1.2454040    
    104832   1.2103659    
    105120   1.1773397    
    105408   1.1461699    
    105696   1.1167159    
    105984   1.0888447    
    106272   1.0624326    
    106560   1.0373673    
    106848   1.0136380    
    107136  0.99122262    
    107424  0.97001237    
    107712  0.94990551    
    108000  0.93080968    
    108288  0.91264009    
    108576  0.89540100    
    108864  0.87908626    
    109152  0.86361045    
    109440  0.84889615    
    109728  0.83487391    
    110016  0.82148057    
    110304  0.80873150    
    110592  0.79662985    
    110880  0.78510976    
    111168  0.77411252    
    111456  0.76358563    
    111744  0.75348312    
    112032  0.74382693    
    112320  0.73462641    
    112608  0.72583026    
    112896  0.71739268    
    113184  0.70927507    
    113472  0.70149845    
    113760  0.69407231    
    114048  0.68695265    
    114336  0.68010312    
    114624  0.67349190    
    114912  0.66709137    
    115200  0.66092747    
    115488  0.65501189    
    115776  0.64931083    
    116064  0.64379621    
    116352  0.63844359    
    116640  0.63323373    
    116928  0.62819153    
    117216  0.62333107    
    117504  0.61862445    
    117792  0.61404902    
    118080  0.60958648    
    118368  0.60525858    
    118656  0.60107911    
    118944  0.59702241    
    119232  0.59306884    
    119520  0.58920199    
    119808  0.58540839    
    120096  0.58167744    
    120384  0.57803327    
    120672  0.57448989    
    120960  0.57102740    
    121248  0.56763071    
    121536  0.56428772    
    121824  0.56098825    
    122112  0.55775493    
    122400  0.55459970    
    122688  0.55150545    
    122976  0.54845816    
    123264  0.54544771    
    123552  0.54246455    
    123840  0.53950089    
    124128  0.53657949    
    124416  0.53371346    
    124704  0.53088617    
    124992  0.52808571    
    125280  0.52530348    
    125568  0.52253056    
    125856  0.51976085    
    126144  0.51701587    
    126432  0.51430774    
    126720  0.51162201    
    127008  0.50894672    
    127296  0.50627267    
    127584  0.50359303    
    127872  0.50090057    
    128160  0.49818990    
    128448  0.49548334    
    128736  0.49279287    
    129024  0.49010372    
    129312  0.48740393    
    129600  0.48468429    
    129888  0.48193642    
    130176  0.47915384    
    130464  0.47632986    
    130752  0.47348395    
    131040  0.47062519    
    131328  0.46773815    
    131616  0.46481049    
    131904  0.46183074    
    132192  0.45878986    
    132480  0.45567852    
    132768  0.45248926    
    133056  0.44924670    
    133344  0.44596118    
    133632  0.44261184    
    133920  0.43918169    
    134208  0.43565494    
    134496  0.43201774    
    134784  0.42825747    
    135072  0.42436156    
    135360  0.42035866    
    135648  0.41625875    
    135936  0.41203347    
    136224  0.40765992    
    136512  0.40311864    
    136800  0.39839026    
    137088  0.39345670    
    137376  0.38830113    
    137664  0.38296109    
    137952  0.37744609    
    138240  0.37172079    
    138528  0.36575606    
    138816  0.35952836    
    139104  0.35301691    
    139392  0.34620136    
    139680  0.33906356    
    139968  0.33165446    
    140256  0.32399395    
    140544  0.31604582    
    140832  0.30778548    
    141120  0.29919422    
    141408  0.29026082    
    141696  0.28098041    
    141984  0.27135399    
    142272  0.26145819    
    142560  0.25133762    
    142848  0.24098125    
    143136  0.23039553    
    143424  0.21960065    
    143712  0.20862740    
    144000  0.19751616    
    144288  0.18631549    
    144576  0.17512859    
    144864  0.16407721    
    145152  0.15333287    
    145440  0.14310202    
    145728  0.13484210    
    146016  0.14990517    
    146304  0.47259447    
    146592   1.4706866    
    146880   2.6436882    
    147168   3.8337030    
    147456   5.0192571    
    147744   6.1885176    
    148032   7.3338518    
    148320   8.4511013    
    148608   9.5402946    
    148896   10.599224    
    149184   11.605522    
    149472   12.541672    
    149760   13.421950    
    150048   14.258155    
    150336   15.059008    
    150624   15.830501    
    150912   16.576481    
    151200   17.299122    
    151488   17.999439    
    151776   18.677622    
    152064   19.333473    
    152352   19.941210    
    152640   20.480547    
    152928   20.969482    
    153216   21.422039    
    153504   21.847748    
    153792   22.252485    
    154080   22.639513    
    154368   23.010408    
    154656   23.365608    
    154944   23.705046    
    155232   24.028357    
    155520   24.333979    
    155808   24.618673    
    156096   24.885078    
    156384   25.134052    
    156672   25.365694    
    156960   25.579920    
    157248   25.776749    
    157536   25.956175    
    157824   26.118338    
    158112   26.263338    
    158400   26.391434    
    158688   26.502953    
    158976   26.598223    
    159264   26.676584    
    159552   26.735804    
    159840   26.779551    
    160128   26.809166    
    160416   26.825193    
    160704   26.827951    
    160992   26.817694    
    161280   26.794714    
    161568   26.759340    
    161856   26.711914    
    162144   26.651762    
    162432   26.576689    
    162720   26.519968    
    163008   26.504093    
    163296   26.503284    
    163584   26.499868    
    163872   26.483435    
    164160   26.448675    
    164448   26.392683    
    164736   26.312862    
    165024   26.213272    
    165312   26.125036    
    165600   26.070642    
    165888   26.025522    
    166176   25.973509    
    166464   25.905590    
    166752   25.817724    
    167040   25.708050    
    167328   25.602520    
    167616   25.525795    
    167904   25.455212    
    168192   25.375954    
    168480   25.279858    
    168768   25.163496    
    169056   25.052795    
    169344   24.967865    
    169632   24.883783    
    169920   24.788826    
    170208   24.676287    
    170496   24.543406    
    170784   24.414923    
    171072   24.311394    
    171360   24.211515    
    171648   24.101200    
    171936   23.970963    
    172224   23.844080    
    172512   23.740330    
    172800   23.638880    
    173088   23.526651    
    173376   23.419754    
    173664   23.334478    
    173952   23.249308    
    174240   23.150322    
    174528   23.050716    
    174816   22.968744    
    175104   22.884491    
    175392   22.785410    
    175680   22.664867    
    175968   22.541344    
    176256   22.433197    
    176544   22.322586    
    176832   22.197832    
    177120   22.076254    
    177408   21.980206    
    177696   21.887274    
    177984   21.782757    
    178272   21.658339    
    178560   21.528973    
    178848   21.411488    
    179136   21.289640    
    179424   21.153078    
    179712   21.013567    
    180000   20.884361    
    180288   20.750559    
    180576   20.619587    
    180864   20.503494    
    181152   20.384785    
    181440   20.251955    
    181728   20.114706    
    182016   19.986912    
    182304   19.853582    
    182592   19.703281    
    182880   19.546432    
    183168   19.397583    
    183456   19.243528    
    183744   19.075356    
    184032   18.901707    
    184320   18.735901    
    184608   18.565706    
    184896   18.382538    
    185184   18.192497    
    185472   18.008797    
    185760   17.820772    
    186048   17.620785    
    186336   17.415401    
    186624   17.216518    
    186912   17.014360    
    187200   16.801575    
    187488   16.572840    
    187776   16.335178    
    188064   16.100832    
    188352   15.862977    
    188640   15.616160    
    188928   15.364400    
    189216   15.117493    
    189504   14.868501    
    189792   14.612241    
    190080   14.345757    
    190368   14.072650    
    190656   13.801914    
    190944   13.529929    
    191232   13.253119    
    191520   12.969013    
    191808   12.679475    
    192096   12.391528    
    192384   12.103754    
    192672   11.814168    
    192960   11.521729    
    193248   11.226221    
    193536   10.928279    
    193824   10.632237    
    194112   10.339282    
    194400   10.049784    
    194688   9.7644472    
    194976   9.4845610    
    195264   9.2119331    
    195552   8.9460659    
    195840   8.6881857    
    196128   8.4410887    
    196416   8.2068319    
    196704   7.9866285    
    196992   7.7808890    
    197280   7.5895195    
    197568   7.4118605    
    197856   7.2471251    
    198144   7.0944996    
    198432   6.9506421    
    198720   6.8139153    
    199008   6.6848893    
    199296   6.5637083    
    199584   6.4502387    
    199872   6.3442144    
    200160   6.2452812    
    200448   6.1530104    
    200736   6.0669694    
    201024   5.9867167    
    201312   5.9118280    
    201600   5.8419232    
    201888   5.7766252    
    202176   5.7155933    
    202464   5.6584888    
    202752   5.6050076    
    203040   5.5548673    
    203328   5.5078087    
    203616   5.4636064    
    203904   5.4220471    
    204192   5.3829370    
    204480   5.3460879    
    204768   5.3113298    
    205056   5.2785044    
    205344   5.2474737    
    205632   5.2181067    
    205920   5.1902947    
    206208   5.1639237    
    206496   5.1388965    
    206784   5.1151156    
    207072   5.0930915    
    207360   5.0729108    
    207648   5.0541425    
    207936   5.0365009    
    208224   5.0198040    
    208512   5.0039325    
    208800   4.9887996    
    209088   4.9743447    
    209376   4.9605103    
    209664   4.9472518    
    209952   4.9348941    
    210240   4.9235005    
    210528   4.9128165    
    210816   4.9026947    
    211104   4.8930287    
    211392   4.8837600    
    211680   4.8748469    
    211968   4.8665042    
    212256   4.8587790    
    212544   4.8514996    
    212832   4.8445611    
    213120   4.8379045    
    213408   4.8314857    
    213696   4.8254600    
    213984   4.8198628    
    214272   4.8145714    
    214560   4.8095083    
    214848   4.8046288    
    215136   4.7999101    
    215424   4.7954655    
    215712   4.7913208    
    216000   4.7873874    
    216288   4.7836137    
    216576   4.7799621    
    216864   4.7764239    
    217152   4.7730799    
    217440   4.7699571    
    217728   4.7669783    
    218016   4.7641139    
    218304   4.7613330    
    218592   4.7587056    
    218880   4.7562437    
    219168   4.7538939    
    219456   4.7516270    
    219744   4.7494168    
    220032   4.7472672    
    220320   4.7452245    
    220608   4.7433033    
    220896   4.7414618    
    221184   4.7396793    
    221472   4.7379479    
    221760   4.7362480    
    222048   4.7346311    
    222336   4.7330999    
    222624   4.7316360    
    222912   4.7302122    
    223200   4.7288251    
    223488   4.7274995    
    223776   4.7262487    
    224064   4.7250419    
    224352   4.7238693    
    224640   4.7227163    
    224928   4.7215819    
    225216   4.7204695    
    225504   4.7194095    
    225792   4.7183943    
    226080   4.7174091    
    226368   4.7164550    
    226656   4.7155194    
    226944   4.7145967    
    227232   4.7137094    
    227520   4.7128611    
    227808   4.7120399    
    228096   4.7112308    
    228384   4.7104316    
    228672   4.7096405    
    228960   4.7088604    
    229248   4.7081132    
    229536   4.7074032    
    229824   4.7067070    
    230112   4.7060199    
    230400   4.7053385    
    230688   4.7046618    
    230976   4.7039895    
    231264   4.7033329    
    231552   4.7026973    
    231840   4.7020807    
    232128   4.7014756    
    232416   4.7008724    
    232704   4.7002702    
    232992   4.6996675    
    233280   4.6990638    
    233568   4.6984768    
    233856   4.6979046    
    234144   4.6973395    
    234432   4.6967759    
    234720   4.6962109    
    235008   4.6956434    
    235296   4.6950727    
    235584   4.6944971    
    235872   4.6939297    
    236160   4.6933703    
    236448   4.6928120    
    236736   4.6922498    
    237024   4.6916814    
    237312   4.6911054    
    237600   4.6905217    
    237888   4.6899290    
    238176   4.6893415    
    238464   4.6887584    
    238752   4.6881709    
    239040   4.6875668    
    239328   4.6869445    
    239616   4.6863003    
    239904   4.6856408    
    240192   4.6849661    
    240480   4.6842871    
    240768   4.6836057    
    241056   4.6829138    
    241344   4.6821980    
    241632   4.6814556    
    241920   4.6806870    
    242208   4.6798911    
    242496   4.6790543    
    242784   4.6782069    
    243072   4.6773424    
    243360   4.6764498    
    243648   4.6755190    
    243936   4.6745491    
    244224   4.6735334    
    244512   4.6724596    
    244800   4.6713386    
    245088   4.6701803    
    245376   4.6689911    
    245664   4.6677432    
    245952   4.6664305    
    246240   4.6650410    
    246528   4.6635637    
    246816   4.6619987    
    247104   4.6603351    
    247392   4.6586094    
    247680   4.6568136    
    247968   4.6549082    
    248256   4.6528831    
    248544   4.6507177    
    248832   4.6484003    
    249120   4.6459184    
    249408   4.6432567    
    249696   4.6404672    
    249984   4.6375341    
    250272   4.6343951    
    250560   4.6310201    
    250848   4.6273818    
    251136   4.6234536    
    251424   4.6192160    
    251712   4.6146345    
    252000   4.6097908    
    252288   4.6046438    
    252576   4.5990944    
    252864   4.5930920    
    253152   4.5865817    
    253440   4.5795197    
    253728   4.5718417    
    254016   4.5634823    
    254304   4.5545812    
    254592   4.5450563    
    254880   4.5347295    
    255168   4.5235019    
    255456   4.5112739    
    255744   4.4979486    
    256032   4.4834237    
    256320   4.4675775    
    256608   4.4502859    
    256896   4.4314060    
    257184   4.4107852    
    257472   4.3887362    
    257760   4.3650537    
    258048   4.3393307    
    258336   4.3113241    
    258624   4.2808228    
    258912   4.2476101    
    259200   4.2114673    
    259488   4.1721549    
    259776   4.1294217    
    260064   4.0830050    
    260352   4.0326281    
    260640   3.9780078    
    260928   3.9189024    
    261216   3.8550355    
    261504   3.7861247    
    261792   3.7119019    
    262080   3.6321142    
    262368   3.5465477    
    262656   3.4550169    
    262944   3.3573968    
    263232   3.2536221    
    263520   3.1437006    
    263808   3.0277317    
    264096   2.9059207    
    264384   2.7785876    
    264672   2.6462512    
    264960   2.5096703    
    265248   2.3697398    
    265536   2.2288992    
    265824   2.1174541    
    266112   2.4267166    
    266400   3.4403033    
    266688   4.6104484    
    266976   5.8270268    
    267264   7.0556169    
    267552   8.2686272    
    267840   9.4639578    
    268128   10.645613    
    268416   11.793322    
    268704   12.891647    
    268992   13.930165    
    269280   14.902507    
    269568   15.804997    
    269856   16.634676    
    270144   17.394238    
    270432   18.100922    
    270720   18.774792    
    271008   19.407043    
    271296   19.991318    
    271584   20.524199    
    271872   21.004719    
    272160   21.433037    
    272448   21.821978    
    272736   22.192900    
    273024   22.537476    
    273312   22.849306    
    273600   23.124788    
    273888   23.362619    
    274176   23.575039    
    274464   23.779694    
    274752   23.964966    
    275040   24.125648    
    275328   24.258390    
    275616   24.361588    
    275904   24.445734    
    276192   24.528345    
    276480   24.600157    
    276768   24.653770    
    277056   24.682959    
    277344   24.696938    
    277632   24.712553    
    277920   24.720610    
    278208   24.713991    
    278496   24.697285    
    278784   24.684902    
    279072   24.666727    
    279360   24.634773    
    279648   24.590796    
    279936   24.550310    
    280224   24.504139    
    280512   24.445013    
    280800   24.368269    
    281088   24.278591    
    281376   24.190977    
    281664   24.097481    
    281952   23.991524    
    282240   23.875790    
    282528   23.769217    
    282816   23.662365    
    283104   23.547157    
    283392   23.418049    
    283680   23.277260    
    283968   23.138365    
    284256   22.994453    
    284544   22.839725    
    284832   22.674820    
    285120   22.510990    
    285408   22.342430    
    285696   22.168331    
    285984   21.999866    
    286272   21.829723    
    286560   21.651480    
    286848   21.464460    
    287136   21.279989    
    287424   21.091972    
    287712   20.893822    
    288000   20.685255    
    288288   20.477745    
    288576   20.266586    
    288864   20.047026    
    289152   19.817844    
    289440   19.589579    
    289728   19.358305    
    290016   19.119642    
    290304   18.871000    
    290592   18.622364    
    290880   18.371010    
    291168   18.113333    
    291456   17.847015    
    291744   17.580986    
    292032   17.313349    
    292320   17.040894    
    292608   16.760799    
    292896   16.470524    
    293184   16.178179    
    293472   15.883956    
    293760   15.586225    
    294048   15.281584    
    294336   14.976377    
    294624   14.671471    
    294912   14.365849    
    295200   14.058793    
    295488   13.746550    
    295776   13.433718    
    296064   13.123178    
    296352   12.815710    
    296640   12.512013    
    296928   12.208203    
    297216   11.906877    
    297504   11.612216    
    297792   11.326624    
    298080   11.052097    
    298368   10.790849    
    298656   10.539094    
    298944   10.297200    
    299232   10.068587    
    299520   9.8547468    
    299808   9.6559668    
    300096   9.4718800    
    300384   9.3018332    
    300672   9.1404448    
    300960   8.9862919    
    301248   8.8412151    
    301536   8.7058210    
    301824   8.5801077    
    302112   8.4637442    
    302400   8.3561993    
    302688   8.2568531    
    302976   8.1651134    
    303264   8.0803823    
    303552   7.9994779    
    303840   7.9215941    
    304128   7.8479223    
    304416   7.7788744    
    304704   7.7144542    
    304992   7.6545038    
    305280   7.5987697    
    305568   7.5469494    
    305856   7.4987421    
    306144   7.4538517    
    306432   7.4120169    
    306720   7.3730125    
    307008   7.3366189    
    307296   7.3026452    
    307584   7.2708912    
    307872   7.2411838    
    308160   7.2133679    
    308448   7.1872959    
    308736   7.1628461    
    309024   7.1399083    
    309312   7.1183639    
    309600   7.0981226    
    309888   7.0790777    
    310176   7.0611410    
    310464   7.0442395    
    310752   7.0282965    
    311040   7.0132523    
    311328   6.9990520    
    311616   6.9856267    
    311904   6.9729252    
    312192   6.9613676    
    312480   6.9509630    
    312768   6.9413543    
    313056   6.9323468    
    313344   6.9238324    
    313632   6.9157500    
    313920   6.9080591    
    314208   6.9007339    
    314496   6.8937483    
    314784   6.8870864    
    315072   6.8809781    
