       288   78499208.    
       576   74493568.    
       864   72132216.    
      1152   70409856.    
      1440   69007216.    
      1728   67276208.    
      2016   65723412.    
      2304   64321392.    
      2592   63064544.    
      2880   61947732.    
      3168   60966712.    
      3456   59624988.    
      3744   58348900.    
      4032   57048220.    
      4320   55672796.    
      4608   54194896.    
      4896   52606872.    
      5184   50524408.    
      5472   48430864.    
      5760   46351752.    
      6048   44312900.    
      6336   42337120.    
      6624   40443488.    
      6912   38347848.    
      7200   36419596.    
      7488   34650056.    
      7776   33030940.    
      8064   31551288.    
      8352   29966236.    
      8640   28547294.    
      8928   27272806.    
      9216   26125292.    
      9504   25090460.    
      9792   24156376.    
     10080   23129600.    
     10368   22219962.    
     10656   21410498.    
     10944   20688118.    
     11232   20042502.    
     11520   19465364.    
     11808   18798306.    
     12096   18211936.    
     12384   17695948.    
     12672   17241312.    
     12960   16841070.    
     13248   16357060.    
     13536   15936274.    
     13824   15570598.    
     14112   15254215.    
     14400   14981684.    
     14688   14748806.    
     14976   14552315.    
     15264   14273641.    
     15552   14041898.    
     15840   13851175.    
     16128   13697124.    
     16416   13576510.    
     16704   13487045.    
     16992   13319678.    
     17280   13192261.    
     17568   13100282.    
     17856   13040466.    
     18144   13010849.    
     18432   13010690.    
     18720   13038689.    
     19008   12988153.    
     19296   12973765.    
     19584   12992990.    
     19872   13043506.    
     20160   13123878.    
     20448   13233448.    
     20736   13372986.    
     21024   13433654.    
     21312   13531204.    
     21600   13663940.    
     21888   13831455.    
     22176   14033112.    
     22464   14269005.    
     22752   14539926.    
     23040   14848311.    
     23328   15074164.    
     23616   15345161.    
     23904   15661115.    
     24192   16023380.    
     24480   16433055.    
     24768   16892132.    
     25056   17403602.    
     25344   17972540.    
     25632   18472166.    
     25920   19039492.    
     26208   19677526.    
     26496   20391444.    
     26784   21186240.    
     27072   22068342.    
     27360   23045650.    
     27648   24127692.    
     27936   25123136.    
     28224   26244360.    
     28512   27499548.    
     28800   28900910.    
     29088   30463970.    
     29376   32204642.    
     29664   34141648.    
     29952   36297100.    
     30240   38381172.    
     30528   40724756.    
     30816   43349220.    
     31104   46280732.    
     31392   49552524.    
     31680   53203980.    
     31968   57274600.    
     32256   61808228.    
     32544   66301784.    
     32832   71334568.    
     33120   76941992.    
     33408   83166688.    
     33696   90052704.    
     33984   97559704.    
     34272  0.10412495E+09
     34560  0.10778910E+09
     34848  0.10975920E+09
     35136  0.11144789E+09
     35424  0.11290927E+09
     35712  0.11419368E+09
     36000  0.11533406E+09
     36288  0.11636031E+09
     36576  0.11729845E+09
     36864  0.11816824E+09
     37152  0.11811406E+09
     37440  0.11827003E+09
     37728  0.11857110E+09
     38016  0.11897370E+09
     38304  0.11944783E+09
     38592  0.11997201E+09
     38880  0.12053035E+09
     39168  0.12111058E+09
     39456  0.12083254E+09
     39744  0.12081742E+09
     40032  0.12098000E+09
     40320  0.12126436E+09
     40608  0.12163148E+09
     40896  0.12205326E+09
     41184  0.12250928E+09
     41472  0.12298490E+09
     41760  0.12260677E+09
     42048  0.12248047E+09
     42336  0.12252790E+09
     42624  0.12269289E+09
     42912  0.12293562E+09
     43200  0.12323080E+09
     43488  0.12355115E+09
     43776  0.12388373E+09
     44064  0.12337332E+09
     44352  0.12310906E+09
     44640  0.12301506E+09
     44928  0.12303537E+09
     45216  0.12312956E+09
     45504  0.12326866E+09
     45792  0.12343249E+09
     46080  0.12360734E+09
     46368  0.12378377E+09
     46656  0.12395533E+09
     46944  0.12411762E+09
     47232  0.12419012E+09
     47520  0.11878829E+09
     47808  0.11280750E+09
     48096  0.10863851E+09
     48384  0.10608157E+09
     48672  0.10456554E+09
     48960  0.10366088E+09
     49248  0.10310287E+09
     49536  0.10273650E+09
     49824  0.10247251E+09
     50112  0.10225998E+09
     50400  0.10207728E+09
     50688  0.10191230E+09
     50976  0.10174022E+09
     51264  0.10155230E+09
     51552  0.10134620E+09
     51840  0.10112269E+09
     52128  0.10088379E+09
     52416  0.10063239E+09
     52704  0.10037214E+09
     52992  0.10010704E+09
     53280   99841048.    
     53568   99577960.    
     53856   99320648.    
     54144   99078584.    
     54432   98857456.    
     54720   98645560.    
     55008   98440232.    
     55296   98240960.    
     55584   98047864.    
     55872   97860552.    
     56160   97678408.    
     56448   97500360.    
     56736   97325464.    
     57024   97156152.    
     57312   96999080.    
     57600   97453200.    
     57888   97598880.    
     58176   97592360.    
     58464   97507824.    
     58752   97381360.    
     59040   97230808.    
     59328   97070096.    
     59616   96909672.    
     59904   96740920.    
     60192   97196184.    
     60480   97329832.    
     60768   97302968.    
     61056   97192880.    
     61344   97037256.    
     61632   96855064.    
     61920   96659848.    
     62208   97119880.    
     62496   97251432.    
     62784   97214752.    
     63072   97088736.    
     63360   96912976.    
     63648   96707936.    
     63936   97158392.    
     64224   97282080.    
     64512   97243520.    
     64800   97113672.    
     65088   96930888.    
     65376   96716048.    
     65664   97179856.    
     65952   97306528.    
     66240   97257744.    
     66528   97119008.    
     66816   96938568.    
     67104   97453032.    
     67392   97625160.    
     67680   97614736.    
     67968   97505008.    
     68256   97772768.    
     68544   97445160.    
     68832   96918432.    
     69120   96361016.    
     69408   96564696.    
     69696   96462848.    
     69984   96211608.    
     70272   95885864.    
     70560   95521024.    
     70848   95877024.    
     71136   95885952.    
     71424   95705184.    
     71712   95418680.    
     72000   96029360.    
     72288   96185104.    
     72576   96084392.    
     72864   95836016.    
     73152   95499680.    
     73440   95887584.    
     73728   95908856.    
     74016   95718256.    
     74304   95402672.    
     74592   95808120.    
     74880   95843056.    
     75168   95656144.    
     75456   96146400.    
     75744   96224176.    
     76032   96055104.    
     76320   95736160.    
     76608   96148288.    
     76896   96176104.    
     77184   95972488.    
     77472   95629936.    
     77760   96037888.    
     78048   96063400.    
     78336   95850064.    
     78624   95486032.    
     78912   95876112.    
     79200   95887752.    
     79488   95659312.    
     79776   95278296.    
     80064   95668280.    
     80352   95683528.    
     80640   95454520.    
     80928   95065896.    
     81216   95443008.    
     81504   95448024.    
     81792   95207208.    
     82080   94804864.    
     82368   94297368.    
     82656   94593392.    
     82944   94547768.    
     83232   94269448.    
     83520   93832312.    
     83808   94163584.    
     84096   94146064.    
     84384   93887224.    
     84672   93459760.    
     84960   92912576.    
     85248   93154192.    
     85536   93073600.    
     85824   92762824.    
     86112   92289472.    
     86400   91700576.    
     86688   91888552.    
     86976   91772904.    
     87264   91433240.    
     87552   90929336.    
     87840   90304448.    
     88128   89589920.    
     88416   89635976.    
     88704   89420696.    
     88992   89004608.    
     89280   88436096.    
     89568   87752216.    
     89856   86978320.    
     90144   86128200.    
     90432   85992192.    
     90720   85649680.    
     91008   85139816.    
     91296   84502192.    
     91584   83762616.    
     91872   82942168.    
     92160   82056624.    
     92448   81117832.    
     92736   80134544.    
     93024   79113304.    
     93312   78735616.    
     93600   78245376.    
     93888   77655120.    
     94176   76979936.    
     94464   76235520.    
     94752   75429352.    
     95040   74568664.    
     95328   73658536.    
     95616   72701520.    
     95904   71696616.    
     96192   70646248.    
     96480   69551744.    
     96768   68417848.    
     97056   67250304.    
     97344   66055576.    
     97632   64841468.    
     97920   63615912.    
     98208   62387840.    
     98496   61162656.    
     98784   59946416.    
     99072   58744600.    
     99360   57562072.    
     99648   56403268.    
     99936   55272096.    
    100224   54173996.    
    100512   53110576.    
    100800   52084560.    
    101088   51098388.    
    101376   50154172.    
    101664   49253736.    
    101952   48002296.    
    102240   46816076.    
    102528   45694808.    
    102816   44638212.    
    103104   43646888.    
    103392   42719660.    
    103680   41855920.    
    103968   41055148.    
    104256   40316852.    
    104544   39640472.    
    104832   38703180.    
    105120   37839916.    
    105408   37048040.    
    105696   36324012.    
    105984   35664144.    
    106272   35065280.    
    106560   34524480.    
    106848   33759048.    
    107136   33062154.    
    107424   32429786.    
    107712   31858284.    
    108000   31344176.    
    108288   30884338.    
    108576   30224914.    
    108864   29629990.    
    109152   29095008.    
    109440   28615886.    
    109728   28188870.    
    110016   27810626.    
    110304   27251356.    
    110592   26751042.    
    110880   26304752.    
    111168   25908344.    
    111456   25558116.    
    111744   25250660.    
    112032   24776188.    
    112320   24354940.    
    112608   23982100.    
    112896   23654288.    
    113184   23367644.    
    113472   22928124.    
    113760   22539568.    
    114048   22196770.    
    114336   21895022.    
    114624   21630718.    
    114912   21400650.    
    115200   21026872.    
    115488   20699288.    
    115776   20412504.    
    116064   20162174.    
    116352   19944676.    
    116640   19757142.    
    116928   19434968.    
    117216   19154238.    
    117504   18910746.    
    117792   18700230.    
    118080   18519226.    
    118368   18213646.    
    118656   17947914.    
    118944   17717358.    
    119232   17518578.    
    119520   17348036.    
    119808   17202840.    
    120096   17080886.    
    120384   16841434.    
    120672   16637960.    
    120960   16465531.    
    121248   16320282.    
    121536   16199360.    
    121824   16100606.    
    122112   15893416.    
    122400   15720407.    
    122688   15576826.    
    122976   15458927.    
    123264   15364364.    
    123552   15292220.    
    123840   15240562.    
    124128   15085003.    
    124416   14961599.    
    124704   14866671.    
    124992   14796749.    
    125280   14749399.    
    125568   14722891.    
    125856   14717191.    
    126144   14613431.    
    126432   14540956.    
    126720   14496217.    
    127008   14477192.    
    127296   14481488.    
    127584   14507505.    
    127872   14554435.    
    128160   14623120.    
    128448   14596549.    
    128736   14602406.    
    129024   14637732.    
    129312   14701074.    
    129600   14790642.    
    129888   14905354.    
    130176   15045153.    
    130464   15211614.    
    130752   15297862.    
    131040   15421005.    
    131328   15579072.    
    131616   15771783.    
    131904   15998360.    
    132192   16258769.    
    132480   16553759.    
    132768   16885238.    
    133056   17119270.    
    133344   17405532.    
    133632   17741402.    
    133920   18127132.    
    134208   18564648.    
    134496   19054940.    
    134784   19599966.    
    135072   20203436.    
    135360   20701134.    
    135648   21277938.    
    135936   21931486.    
    136224   22662008.    
    136512   23473406.    
    136800   24371428.    
    137088   25359970.    
    137376   26444540.    
    137664   27403092.    
    137952   28489978.    
    138240   29702516.    
    138528   31042420.    
    138816   32514370.    
    139104   34128100.    
    139392   35896752.    
    139680   37830116.    
    139968   39606544.    
    140256   41589568.    
    140544   43778212.    
    140832   46182608.    
    141120   48816824.    
    141408   51692208.    
    141696   54823764.    
    141984   58228920.    
    142272   61424952.    
    142560   64964424.    
    142848   68848744.    
    143136   73080440.    
    143424   77668112.    
    143712   82625424.    
    144000   87966168.    
    144288   93678112.    
    144576   98628664.    
    144864  0.10199506E+09
    145152  0.10414666E+09
    145440  0.10596861E+09
    145728  0.10757656E+09
    146016  0.10901411E+09
    146304  0.11031806E+09
    146592  0.11151897E+09
    146880  0.11186661E+09
    147168  0.11237959E+09
    147456  0.11300054E+09
    147744  0.11369070E+09
    148032  0.11442402E+09
    148320  0.11518830E+09
    148608  0.11596371E+09
    148896  0.11673150E+09
    149184  0.11669571E+09
    149472  0.11686829E+09
    149760  0.11717386E+09
    150048  0.11756254E+09
    150336  0.11799819E+09
    150624  0.11845448E+09
    150912  0.11891428E+09
    151200  0.11936562E+09
    151488  0.11979994E+09
    151776  0.12021015E+09
    152064  0.12059370E+09
    152352  0.12015178E+09
    152640  0.11992282E+09
    152928  0.11983428E+09
    153216  0.11983462E+09
    153504  0.11988738E+09
    153792  0.11996841E+09
    154080  0.12006114E+09
    154368  0.12015271E+09
    154656  0.12023599E+09
    154944  0.12030681E+09
    155232  0.12036266E+09
    155520  0.12039930E+09
    155808  0.12042246E+09
    156096  0.12042838E+09
    156384  0.12041582E+09
    156672  0.12038455E+09
    156960  0.12033420E+09
    157248  0.12026566E+09
    157536  0.12017940E+09
    157824  0.12007618E+09
    158112  0.11995550E+09
    158400  0.11981750E+09
    158688  0.11966296E+09
    158976  0.11949242E+09
    159264  0.11930654E+09
    159552  0.11911102E+09
    159840  0.11890062E+09
    160128  0.11867434E+09
    160416  0.11843233E+09
    160704  0.11817474E+09
    160992  0.11790197E+09
    161280  0.11761396E+09
    161568  0.11731094E+09
    161856  0.11699367E+09
    162144  0.11665994E+09
    162432  0.11631899E+09
    162720  0.11677846E+09
    163008  0.11696106E+09
    163296  0.11694844E+09
    163584  0.11680030E+09
    163872  0.11655738E+09
    164160  0.11624626E+09
    164448  0.11588350E+09
    164736  0.11548820E+09
    165024  0.11506323E+09
    165312  0.11544399E+09
    165600  0.11553286E+09
    165888  0.11541710E+09
    166176  0.11515988E+09
    166464  0.11480442E+09
    166752  0.11437974E+09
    167040  0.11390303E+09
    167328  0.11424182E+09
    167616  0.11427718E+09
    167904  0.11409992E+09
    168192  0.11377608E+09
    168480  0.11335107E+09
    168768  0.11285565E+09
    169056  0.11316653E+09
    169344  0.11316430E+09
    169632  0.11294559E+09
    169920  0.11257615E+09
    170208  0.11210218E+09
    170496  0.11155541E+09
    170784  0.11182727E+09
    171072  0.11178104E+09
    171360  0.11151322E+09
    171648  0.11108931E+09
    171936  0.11056295E+09
    172224  0.11084853E+09
    172512  0.11079871E+09
    172800  0.11051436E+09
    173088  0.11006772E+09
    173376  0.11040387E+09
    173664  0.11037736E+09
    173952  0.11009702E+09
    174240  0.10963665E+09
    174528  0.10996757E+09
    174816  0.10992652E+09
    175104  0.10962381E+09
    175392  0.10913842E+09
    175680  0.10852578E+09
    175968  0.10873967E+09
    176256  0.10860565E+09
    176544  0.10822612E+09
    176832  0.10766870E+09
    177120  0.10815174E+09
    177408  0.10819617E+09
    177696  0.10792886E+09
    177984  0.10744184E+09
    178272  0.10680037E+09
    178560  0.10698200E+09
    178848  0.10680418E+09
    179136  0.10637057E+09
    179424  0.10575606E+09
    179712  0.10594563E+09
    180000  0.10576244E+09
    180288  0.10531375E+09
    180576  0.10562419E+09
    180864  0.10552199E+09
    181152  0.10512346E+09
    181440  0.10451370E+09
    181728  0.10470139E+09
    182016  0.10450551E+09
    182304  0.10402880E+09
    182592  0.10335056E+09
    182880  0.10348206E+09
    183168  0.10323938E+09
    183456  0.10272609E+09
    183744  0.10201865E+09
    184032  0.10211782E+09
    184320  0.10184940E+09
    184608  0.10131326E+09
    184896  0.10057744E+09
    185184  0.10064286E+09
    185472  0.10034430E+09
    185760   99780160.    
    186048   99023464.    
    186336   99061584.    
    186624   98744272.    
    186912   98164664.    
    187200   97387368.    
    187488   96462456.    
    187776   96350008.    
    188064   95918456.    
    188352   95249744.    
    188640   94405280.    
    188928   94330472.    
    189216   93926784.    
    189504   93269360.    
    189792   92425088.    
    190080   91440264.    
    190368   91222008.    
    190656   90710752.    
    190944   89973944.    
    191232   89060088.    
    191520   88004976.    
    191808   87678384.    
    192096   87079080.    
    192384   86265936.    
    192672   85286064.    
    192960   84168632.    
    193248   82934000.    
    193536   82377128.    
    193824   81586080.    
    194112   80605440.    
    194400   79470168.    
    194688   78201928.    
    194976   76815008.    
    195264   75323448.    
    195552   74412968.    
    195840   73304888.    
    196128   72030864.    
    196416   70612704.    
    196704   69066416.    
    196992   67413240.    
    197280   65671148.    
    197568   63858348.    
    197856   61991224.    
    198144   60081260.    
    198432   58641088.    
    198720   57104808.    
    199008   55500036.    
    199296   53848872.    
    199584   52168120.    
    199872   50469364.    
    200160   48765668.    
    200448   47067556.    
    200736   45383576.    
    201024   43720400.    
    201312   42082704.    
    201600   40473668.    
    201888   38898156.    
    202176   37360016.    
    202464   35862112.    
    202752   34406760.    
    203040   32995580.    
    203328   31629108.    
    203616   30306782.    
    203904   29029694.    
    204192   27798454.    
    204480   26613268.    
    204768   25474010.    
    205056   24380264.    
    205344   23331108.    
    205632   22324450.    
    205920   21359898.    
    206208   20436798.    
    206496   19554228.    
    206784   18711118.    
    207072   17764654.    
    207360   16881934.    
    207648   16056024.    
    207936   15281344.    
    208224   14553050.    
    208512   13866679.    
    208800   13219329.    
    209088   12608461.    
    209376   12031682.    
    209664   11486890.    
    209952   10885051.    
    210240   10328595.    
    210528   9812147.0    
    210816   9331334.0    
    211104   8882593.0    
    211392   8462923.0    
    211680   8069776.5    
    211968   7639720.0    
    212256   7244511.0    
    212544   6879634.5    
    212832   6541536.5    
    213120   6227290.0    
    213408   5934471.0    
    213696   5615832.5    
    213984   5324198.0    
    214272   5055918.0    
    214560   4808084.5    
    214848   4578358.5    
    215136   4364787.0    
    215424   4132354.5    
    215712   3920111.0    
    216000   3725241.8    
    216288   3545533.8    
    216576   3379168.2    
    216864   3224666.5    
    217152   3056019.0    
    217440   2902275.2    
    217728   2761372.5    
    218016   2631778.8    
    218304   2512057.8    
    218592   2381733.2    
    218880   2263321.0    
    219168   2155024.0    
    219456   2055454.2    
    219744   1963488.6    
    220032   1878236.9    
    220320   1784525.1    
    220608   1699466.9    
    220896   1621720.0    
    221184   1550250.4    
    221472   1484245.1    
    221760   1423067.6    
    222048   1355140.1    
    222336   1293492.4    
    222624   1237210.5    
    222912   1185516.5    
    223200   1137805.5    
    223488   1084772.8    
    223776   1036731.0    
    224064   992917.75    
    224352   952767.62    
    224640   915780.88    
    224928   881560.50    
    225216   849786.38    
    225504   813651.00    
    225792   780958.62    
    226080   751142.88    
    226368   723778.25    
    226656   698532.12    
    226944   675165.31    
    227232   648325.81    
    227520   624100.75    
    227808   602052.06    
    228096   581851.56    
    228384   563271.88    
    228672   546159.25    
    228960   530346.56    
    229248   511595.09    
    229536   494734.31    
    229824   479475.53    
    230112   465572.16    
    230400   452842.00    
    230688   441157.19    
    230976   430443.31    
    231264   417288.31    
    231552   405547.44    
    231840   395002.66    
    232128   385502.81    
    232416   376904.06    
    232704   369099.69    
    232992   362021.03    
    233280   355641.97    
    233568   347166.09    
    233856   339759.16    
    234144   333264.00    
    234432   327575.78    
    234720   322593.22    
    235008   318243.53    
    235296   314480.97    
    235584   311298.03    
    235872   306535.66    
    236160   302634.56    
    236448   299485.88    
    236736   297026.22    
    237024   295183.59    
    237312   293913.25    
    237600   293186.69    
    237888   292998.81    
    238176   291049.31    
    238464   289987.97    
    238752   289692.84    
    239040   290108.28    
    239328   291209.00    
    239616   292955.91    
    239904   295328.62    
    240192   298337.88    
    240480   299566.62    
    240768   301804.16    
    241056   304933.38    
    241344   308883.44    
    241632   313645.12    
    241920   319235.38    
    242208   325648.31    
    242496   332893.12    
    242784   338161.66    
    243072   344750.91    
    243360   352526.69    
    243648   361424.97    
    243936   371428.97    
    244224   382587.53    
    244512   394982.94    
    244800   408657.59    
    245088   420067.41    
    245376   433319.62    
    245664   448293.44    
    245952   465010.72    
    246240   483551.09    
    246528   503970.44    
    246816   526370.44    
    247104   550888.12    
    247392   572775.06    
    247680   597675.31    
    247968   625549.75    
    248256   656409.19    
    248544   690370.12    
    248832   727625.94    
    249120   768432.81    
    249408   813097.19    
    249696   854760.94    
    249984   901663.00    
    250272   953889.25    
    250560   1011596.4    
    250848   1075107.9    
    251136   1144872.1    
    251424   1221444.2    
    251712   1305480.2    
    252000   1386260.5    
    252288   1476591.5    
    252576   1576715.1    
    252864   1687185.4    
    253152   1808797.1    
    253440   1942731.0    
    253728   2090399.5    
    254016   2253065.2    
    254304   2412692.5    
    254592   2590855.2    
    254880   2788284.0    
    255168   3006240.5    
    255456   3246415.5    
    255744   3510847.8    
    256032   3801907.5    
    256320   4122273.0    
    256608   4474950.0    
    256896   4863293.5    
    257184   5291007.0    
    257472   5716754.0    
    257760   6190097.5    
    258048   6713359.0    
    258336   7289914.5    
    258624   7924037.5    
    258912   8620731.0    
    259200   9385626.0    
    259488   10224949.    
    259776   11145541.    
    260064   12154784.    
    260352   13260655.    
    260640   14470461.    
    260928   15791667.    
    261216   17234498.    
    261504   18809342.    
    261792   20527004.    
    262080   22398568.    
    262368   24435460.    
    262656   26649322.    
    262944   29051898.    
    263232   31655054.    
    263520   34470440.    
    263808   37509520.    
    264096   40783252.    
    264384   44298464.    
    264672   48060028.    
    264960   52078664.    
    265248   56362504.    
    265536   60917524.    
    265824   65747732.    
    266112   70854648.    
    266400   76235040.    
    266688   81883408.    
    266976   87790952.    
    267264   93910728.    
    267552   99755032.    
    267840  0.10402147E+09
    268128  0.10658278E+09
    268416  0.10848364E+09
    268704  0.10990899E+09
    268992  0.11096102E+09
    269280  0.11171872E+09
    269568  0.11223569E+09
    269856  0.11256534E+09
    270144  0.11274832E+09
    270432  0.11363066E+09
    270720  0.11417836E+09
    271008  0.11447888E+09
    271296  0.11459306E+09
    271584  0.11456212E+09
    271872  0.11441829E+09
    272160  0.11417701E+09
    272448  0.11471383E+09
    272736  0.11494036E+09
    273024  0.11494092E+09
    273312  0.11477429E+09
    273600  0.11448246E+09
    273888  0.11409551E+09
    274176  0.11450320E+09
    274464  0.11459012E+09
    274752  0.11444426E+09
    275040  0.11413030E+09
    275328  0.11369271E+09
    275616  0.11316194E+09
    275904  0.11344670E+09
    276192  0.11341334E+09
    276480  0.11315094E+09
    276768  0.11271421E+09
    277056  0.11215165E+09
    277344  0.11239960E+09
    277632  0.11231269E+09
    277920  0.11198513E+09
    278208  0.11148336E+09
    278496  0.11176514E+09
    278784  0.11168416E+09
    279072  0.11134225E+09
    279360  0.11080406E+09
    279648  0.11104993E+09
    279936  0.11092359E+09
    280224  0.11053092E+09
    280512  0.10994634E+09
    280800  0.10922157E+09
    281088  0.10931785E+09
    281376  0.10906780E+09
    281664  0.10856952E+09
    281952  0.10788295E+09
    282240  0.10822702E+09
    282528  0.10814034E+09
    282816  0.10774473E+09
    283104  0.10712669E+09
    283392  0.10634679E+09
    283680  0.10637702E+09
    283968  0.10605156E+09
    284256  0.10547038E+09
    284544  0.10470409E+09
    284832  0.10472475E+09
    285120  0.10437526E+09
    285408  0.10376267E+09
    285696  0.10389427E+09
    285984  0.10362543E+09
    286272  0.10306757E+09
    286560  0.10229982E+09
    286848  0.10230658E+09
    287136  0.10194048E+09
    287424  0.10129756E+09
    287712  0.10045025E+09
    288000  0.10038200E+09
    288288   99951768.    
    288576   99259440.    
    288864   98376144.    
    289152   98263848.    
    289440   97798096.    
    289728   97073808.    
    290016   96151944.    
    290304   95984104.    
    290592   95467064.    
    290880   94695040.    
    291168   93735656.    
    291456   93520944.    
    291744   92969768.    
    292032   92169040.    
    292320   91175544.    
    292608   90031128.    
    292896   89630824.    
    293184   88928448.    
    293472   87999144.    
    293760   86898272.    
    294048   86494248.    
    294336   85783416.    
    294624   84831192.    
    294912   83696416.    
    295200   82417136.    
    295488   81808904.    
    295776   80927104.    
    296064   79830656.    
    296352   78556464.    
    296640   77128744.    
    296928   76308080.    
    297216   75226384.    
    297504   73936512.    
    297792   72474912.    
    298080   70859864.    
    298368   69105968.    
    298656   67881504.    
    298944   66436244.    
    299232   64822080.    
    299520   63078640.    
    299808   61232772.    
    300096   59305956.    
    300384   57320520.    
    300672   55803504.    
    300960   54160404.    
    301248   52431196.    
    301536   50644156.    
    301824   48819100.    
    302112   46976028.    
    302400   45129864.    
    302688   43292780.    
    302976   41474372.    
    303264   39680156.    
    303552   38241872.    
    303840   36773496.    
    304128   35296500.    
    304416   33826640.    
    304704   32374622.    
    304992   30947080.    
    305280   29551240.    
    305568   28192244.    
    305856   26873516.    
    306144   25597568.    
    306432   24365254.    
    306720   23176600.    
    307008   22032826.    
    307296   20934412.    
    307584   19881408.    
    307872   18873544.    
    308160   17910214.    
    308448   16990154.    
    308736   16111692.    
    309024   15274174.    
    309312   14476691.    
    309600   13718180.    
    309888   12997433.    
    310176   12313135.    
    310464   11663734.    
    310752   11047248.    
    311040   10462613.    
    311328   9908680.0    
    311616   9384194.0    
    311904   8887878.0    
    312192   8352300.5    
    312480   7857446.0    
    312768   7398496.5    
    313056   6971611.0    
    313344   6573494.0    
    313632   6201264.0    
    313920   5852849.0    
    314208   5526479.0    
    314496   5220581.5    
    314784   4933693.0    
    315072   4627789.0    
