         1  100000000.    
       288   97347920.    
       576   95007096.    
       864   92869248.    
      1152   90927176.    
      1440   89174264.    
      1728   86916064.    
      2016   84866896.    
      2304   83017704.    
      2592   81360688.    
      2880   79888840.    
      3168   78595976.    
      3456   76859896.    
      3744   75315816.    
      4032   73956056.    
      4320   72773976.    
      4608   71763680.    
      4896   70920464.    
      5184   69674216.    
      5472   68603472.    
      5760   67702296.    
      6048   66965716.    
      6336   66389988.    
      6624   65971992.    
      6912   65174644.    
      7200   64540392.    
      7488   64064168.    
      7776   63744280.    
      8064   63578940.    
      8352   63048784.    
      8640   62676616.    
      8928   62459984.    
      9216   62397400.    
      9504   62488408.    
      9792   62733556.    
     10080   62615204.    
     10368   62652364.    
     10656   62845092.    
     10944   63194172.    
     11232   63701684.    
     11520   64370564.    
     11808   64669524.    
     12096   65128932.    
     12384   65752020.    
     12672   66542344.    
     12960   67504416.    
     13248   68083464.    
     13536   68832992.    
     13824   69756272.    
     14112   70859256.    
     14400   72148240.    
     14688   73630632.    
     14976   75315104.    
     15264   76586072.    
     15552   78056136.    
     15840   79733488.    
     16128   81627536.    
     16416   83749104.    
     16704   86106736.    
     16992   88014520.    
     17280   90157752.    
     17568   92548184.    
     17856   95199032.    
     18144   98122896.    
     18432  0.10133862E+09
     18720  0.10486458E+09
     19008  0.10787810E+09
     19296  0.11119517E+09
     19584  0.11483483E+09
     19872  0.11881694E+09
     20160  0.12316352E+09
     20448  0.12789391E+09
     20736  0.13303921E+09
     21024  0.13759504E+09
     21312  0.14255954E+09
     21600  0.14795758E+09
     21888  0.15382094E+09
     22176  0.16018117E+09
     22464  0.16707283E+09
     22752  0.17452680E+09
     23040  0.18259067E+09
     23328  0.18996190E+09
     23616  0.19794166E+09
     23904  0.20657019E+09
     24192  0.21589760E+09
     24480  0.22597416E+09
     24768  0.23685376E+09
     25056  0.24858584E+09
     25344  0.26124243E+09
     25632  0.27330909E+09
     25920  0.28632768E+09
     26208  0.30036122E+09
     26496  0.31548883E+09
     26784  0.33178656E+09
     27072  0.34933427E+09
     27360  0.36821475E+09
     27648  0.38849955E+09
     27936  0.40786861E+09
     28224  0.42867968E+09
     28512  0.45101395E+09
     28800  0.47494406E+09
     29088  0.50054992E+09
     29376  0.52789654E+09
     29664  0.55703654E+09
     29952  0.58798854E+09
     30240  0.61761414E+09
     30528  0.64897984E+09
     30816  0.68207430E+09
     31104  0.71686310E+09
     31392  0.75327334E+09
     31680  0.79122227E+09
     31968  0.83058426E+09
     32256  0.87120179E+09
     32544  0.90903846E+09
     32832  0.94778893E+09
     33120  0.98725811E+09
     33408  0.10272335E+10
     33696  0.10674885E+10
     33984  0.11077702E+10
     34272  0.11478680E+10
     34560  0.11875514E+10
     34848  0.12225156E+10
     35136  0.12569157E+10
     35424  0.12905957E+10
     35712  0.13234028E+10
     36000  0.13552307E+10
     36288  0.13859790E+10
     36576  0.14155684E+10
     36864  0.14439409E+10
     37152  0.14670524E+10
     37440  0.14892767E+10
     37728  0.15106049E+10
     38016  0.15310341E+10
     38304  0.15505710E+10
     38592  0.15692285E+10
     38880  0.15870271E+10
     39168  0.16039945E+10
     39456  0.16163373E+10
     39744  0.16283393E+10
     40032  0.16400115E+10
     40320  0.16513574E+10
     40608  0.16623840E+10
     40896  0.16730994E+10
     41184  0.16835099E+10
     41472  0.16936265E+10
     41760  0.16998024E+10
     42048  0.17061312E+10
     42336  0.17125812E+10
     42624  0.17191200E+10
     42912  0.17257174E+10
     43200  0.17323299E+10
     43488  0.17389516E+10
     43776  0.17455571E+10
     44064  0.17486115E+10
     44352  0.17520371E+10
     44640  0.17557688E+10
     44928  0.17597499E+10
     45216  0.17639274E+10
     45504  0.17682532E+10
     45792  0.17726833E+10
     46080  0.17771767E+10
     46368  0.17816988E+10
     46656  0.17862154E+10
     46944  0.17906944E+10
     47232  0.17916739E+10
     47520  0.17929944E+10
     47808  0.17945876E+10
     48096  0.17963935E+10
     48384  0.17983549E+10
     48672  0.18004216E+10
     48960  0.18025518E+10
     49248  0.18047004E+10
     49536  0.18068364E+10
     49824  0.18089247E+10
     50112  0.18109382E+10
     50400  0.18128654E+10
     50688  0.18146696E+10
     50976  0.18163295E+10
     51264  0.18178292E+10
     51552  0.18191506E+10
     51840  0.18202833E+10
     52128  0.18212134E+10
     52416  0.18219313E+10
     52704  0.18224260E+10
     52992  0.18226909E+10
     53280  0.18227171E+10
     53568  0.18224997E+10
     53856  0.18220302E+10
     54144  0.18213242E+10
     54432  0.18203585E+10
     54720  0.18191270E+10
     55008  0.18176289E+10
     55296  0.18158584E+10
     55584  0.18138139E+10
     55872  0.18114925E+10
     56160  0.18088887E+10
     56448  0.18060024E+10
     56736  0.18028308E+10
     57024  0.17993763E+10
     57312  0.17956306E+10
     57600  0.17952453E+10
     57888  0.17941015E+10
     58176  0.17922537E+10
     58464  0.17897457E+10
     58752  0.17866222E+10
     59040  0.17829197E+10
     59328  0.17786829E+10
     59616  0.17739279E+10
     59904  0.17686794E+10
     60192  0.17667607E+10
     60480  0.17639136E+10
     60768  0.17602106E+10
     61056  0.17557171E+10
     61344  0.17504937E+10
     61632  0.17445897E+10
     61920  0.17380580E+10
     62208  0.17348664E+10
     62496  0.17306214E+10
     62784  0.17254112E+10
     63072  0.17193153E+10
     63360  0.17124047E+10
     63648  0.17047407E+10
     63936  0.17004092E+10
     64224  0.16949560E+10
     64512  0.16884475E+10
     64800  0.16809755E+10
     65088  0.16726198E+10
     65376  0.16634504E+10
     65664  0.16576756E+10
     65952  0.16506967E+10
     66240  0.16426236E+10
     66528  0.16335578E+10
     66816  0.16235735E+10
     67104  0.16170040E+10
     67392  0.16091432E+10
     67680  0.16001085E+10
     67968  0.15900055E+10
     68256  0.15832733E+10
     68544  0.15751297E+10
     68832  0.15657085E+10
     69120  0.15551350E+10
     69408  0.15479606E+10
     69696  0.15392922E+10
     69984  0.15292741E+10
     70272  0.15180452E+10
     70560  0.15058733E+10
     70848  0.14974240E+10
     71136  0.14876689E+10
     71424  0.14766765E+10
     71712  0.14645212E+10
     72000  0.14570926E+10
     72288  0.14479910E+10
     72576  0.14373595E+10
     72864  0.14253311E+10
     73152  0.14120275E+10
     73440  0.14022817E+10
     73728  0.13909513E+10
     74016  0.13781911E+10
     74304  0.13641384E+10
     74592  0.13537115E+10
     74880  0.13416961E+10
     75168  0.13282499E+10
     75456  0.13183828E+10
     75744  0.13068288E+10
     76032  0.12937576E+10
     76320  0.12793215E+10
     76608  0.12685542E+10
     76896  0.12561620E+10
     77184  0.12423284E+10
     77472  0.12271782E+10
     77760  0.12157874E+10
     78048  0.12028188E+10
     78336  0.11884332E+10
     78624  0.11727763E+10
     78912  0.11609194E+10
     79200  0.11475337E+10
     79488  0.11327782E+10
     79776  0.11167997E+10
     80064  0.11046726E+10
     80352  0.10910596E+10
     80640  0.10761120E+10
     80928  0.10599700E+10
     81216  0.10476798E+10
     81504  0.10339533E+10
     81792  0.10189388E+10
     82080  0.10027828E+10
     82368  0.98559130E+09
     82656  0.97232384E+09
     82944  0.95777286E+09
     83232  0.94207354E+09
     83520  0.92534778E+09
     83808  0.91246368E+09
     84096  0.89834957E+09
     84384  0.88310874E+09
     84672  0.86686208E+09
     84960  0.84972032E+09
     85248  0.83638630E+09
     85536  0.82193190E+09
     85824  0.80647789E+09
     86112  0.79014938E+09
     86400  0.77303456E+09
     86688  0.75961382E+09
     86976  0.74519392E+09
     87264  0.72989005E+09
     87552  0.71380774E+09
     87840  0.69705530E+09
     88128  0.67971571E+09
     88416  0.66588826E+09
     88704  0.65128186E+09
     88992  0.63600141E+09
     89280  0.62014477E+09
     89568  0.60381690E+09
     89856  0.58709677E+09
     90144  0.57006867E+09
     90432  0.55626707E+09
     90720  0.54199552E+09
     91008  0.52734634E+09
     91296  0.51242118E+09
     91584  0.49728864E+09
     91872  0.48202579E+09
     92160  0.46670403E+09
     92448  0.45138995E+09
     92736  0.43614426E+09
     93024  0.42102586E+09
     93312  0.40869683E+09
     93600  0.39635251E+09
     93888  0.38404867E+09
     94176  0.37183520E+09
     94464  0.35976614E+09
     94752  0.34787066E+09
     95040  0.33618202E+09
     95328  0.32472826E+09
     95616  0.31353437E+09
     95904  0.30262019E+09
     96192  0.29200755E+09
     96480  0.28170541E+09
     96768  0.27172390E+09
     97056  0.26207050E+09
     97344  0.25275032E+09
     97632  0.24376590E+09
     97920  0.23511878E+09
     98208  0.22681253E+09
     98496  0.21884194E+09
     98784  0.21120362E+09
     99072  0.20389307E+09
     99360  0.19690534E+09
     99648  0.19023454E+09
     99936  0.18387421E+09
    100224  0.17782282E+09
    100512  0.17206872E+09
    100800  0.16660443E+09
    101088  0.16142230E+09
    101376  0.15651483E+09
    101664  0.15187426E+09
    101952  0.14643987E+09
    102240  0.14133118E+09
    102528  0.13653403E+09
    102816  0.13203492E+09
    103104  0.12782372E+09
    103392  0.12388633E+09
    103680  0.12021100E+09
    103968  0.11678699E+09
    104256  0.11360417E+09
    104544  0.11065290E+09
    104832  0.10712620E+09
