       288  0.67325711    
       576  0.66655785    
       864  0.65992510    
      1152  0.65335870    
      1440  0.64685774    
      1728  0.64042139    
      2016  0.63404864    
      2304  0.62773973    
      2592  0.62149376    
      2880  0.61530918    
      3168  0.60918713    
      3456  0.60312527    
      3744  0.59712422    
      4032  0.59118235    
      4320  0.58530027    
      4608  0.57947588    
      4896  0.57371020    
      5184  0.56800169    
      5472  0.56234950    
      5760  0.55675399    
      6048  0.55121434    
      6336  0.54572958    
      6624  0.54029918    
      6912  0.53492278    
      7200  0.52959985    
      7488  0.52433026    
      7776  0.51911312    
      8064  0.51394773    
      8352  0.50883377    
      8640  0.50377059    
      8928  0.49875847    
      9216  0.49379560    
      9504  0.48888215    
      9792  0.48401773    
     10080  0.47920153    
     10368  0.47443333    
     10656  0.46971253    
     10944  0.46503875    
     11232  0.46041134    
     11520  0.45583019    
     11808  0.45129451    
     12096  0.44680381    
     12384  0.44235799    
     12672  0.43795645    
     12960  0.43359870    
     13248  0.42928427    
     13536  0.42501271    
     13824  0.42078364    
     14112  0.41659665    
     14400  0.41245133    
     14688  0.40834743    
     14976  0.40428430    
     15264  0.40026140    
     15552  0.39627871    
     15840  0.39233565    
     16128  0.38843161    
     16416  0.38456672    
     16704  0.38074002    
     16992  0.37695161    
     17280  0.37320080    
     17568  0.36948714    
     17856  0.36581081    
     18144  0.36217088    
     18432  0.35856709    
     18720  0.35499913    
     19008  0.35146669    
     19296  0.34796956    
     19584  0.34450719    
     19872  0.34107921    
     20160  0.33768529    
     20448  0.33432516    
     20736  0.33099863    
     21024  0.32770517    
     21312  0.32444444    
     21600  0.32121605    
     21888  0.31801966    
     22176  0.31485549    
     22464  0.31172258    
     22752  0.30862066    
     23040  0.30555001    
     23328  0.30250946    
     23616  0.29949966    
     23904  0.29651925    
     24192  0.29356909    
     24480  0.29064780    
     24768  0.28775585    
     25056  0.28489265    
     25344  0.28205770    
     25632  0.27925116    
     25920  0.27647266    
     26208  0.27372169    
     26496  0.27099800    
     26784  0.26830137    
     27072  0.26563159    
     27360  0.26298857    
     27648  0.26037177    
     27936  0.25778100    
     28224  0.25521597    
     28512  0.25267643    
     28800  0.25016209    
     29088  0.24767315    
     29376  0.24520868    
     29664  0.24276879    
     29952  0.24035321    
     30240  0.23796153    
     30528  0.23559383    
     30816  0.23324950    
     31104  0.23092869    
     31392  0.22863086    
     31680  0.22635584    
     31968  0.22410358    
     32256  0.22187370    
     32544  0.21966599    
     32832  0.21748021    
     33120  0.21531618    
     33408  0.21317372    
     33696  0.21105258    
     33984  0.20895255    
     34272  0.20687340    
     34560  0.20481493    
     34848  0.20277688    
     35136  0.20075926    
     35424  0.19876163    
     35712  0.19678380    
     36000  0.19482583    
     36288  0.19288714    
     36576  0.19096796    
     36864  0.18906768    
     37152  0.18718648    
     37440  0.18532392    
     37728  0.18347979    
     38016  0.18165416    
     38304  0.17984667    
     38592  0.17805713    
     38880  0.17628539    
     39168  0.17453127    
     39456  0.17279460    
     39744  0.17107522    
     40032  0.16937298    
     40320  0.16768767    
     40608  0.16601916    
     40896  0.16436723    
     41184  0.16273171    
     41472  0.16111240    
     41760  0.15950933    
     42048  0.15792222    
     42336  0.15635078    
     42624  0.15479504    
     42912  0.15325482    
     43200  0.15172976    
     43488  0.15022011    
     43776  0.14872526    
     44064  0.14724551    
     44352  0.14578032    
     44640  0.14432976    
     44928  0.14289370    
     45216  0.14147177    
     45504  0.14006408    
     45792  0.13867047    
     46080  0.13729067    
     46368  0.13592455    
     46656  0.13457198    
     46944  0.13323294    
     47232  0.13190728    
     47520  0.13059479    
     47808  0.12929535    
     48096  0.12800883    
     48384  0.12673509    
     48672  0.12547401    
     48960  0.12422558    
     49248  0.12298948    
     49536  0.12176566    
     49824  0.12055407    
     50112  0.11935452    
     50400  0.11816690    
     50688  0.11699110    
     50976  0.11582701    
     51264  0.11467446    
     51552  0.11353345    
     51840  0.11240376    
     52128  0.11128528    
     52416  0.11017793    
     52704  0.10908164    
     52992  0.10799625    
     53280  0.10692165    
     53568  0.10585774    
     53856  0.10480441    
     54144  0.10376158    
     54432  0.10272913    
     54720  0.10170696    
     55008  0.10069492    
     55296  0.99692963E-01
     55584  0.98701023E-01
     55872  0.97718880E-01
     56160  0.96746579E-01
     56448  0.95783889E-01
     56736  0.94830848E-01
     57024  0.93887202E-01
     57312  0.92953034E-01
     57600  0.92028126E-01
     57888  0.91112390E-01
     58176  0.90205789E-01
     58464  0.89308247E-01
     58752  0.88419616E-01
     59040  0.87539814E-01
     59328  0.86668767E-01
     59616  0.85806385E-01
     59904  0.84952585E-01
     60192  0.84107287E-01
     60480  0.83270393E-01
     60768  0.82441807E-01
     61056  0.81621453E-01
     61344  0.80809295E-01
     61632  0.80005258E-01
     61920  0.79209171E-01
     62208  0.78420952E-01
     62496  0.77640697E-01
     62784  0.76868132E-01
     63072  0.76103255E-01
     63360  0.75346030E-01
     63648  0.74596278E-01
     63936  0.73854052E-01
     64224  0.73119171E-01
     64512  0.72391592E-01
     64800  0.71671322E-01
     65088  0.70958138E-01
     65376  0.70252053E-01
     65664  0.69553062E-01
     65952  0.68860993E-01
     66240  0.68175778E-01
     66528  0.67497365E-01
     66816  0.66825740E-01
     67104  0.66160820E-01
     67392  0.65502517E-01
     67680  0.64850755E-01
     67968  0.64205475E-01
     68256  0.63566610E-01
     68544  0.62934093E-01
     68832  0.62307894E-01
     69120  0.61687917E-01
     69408  0.61074097E-01
     69696  0.60466379E-01
     69984  0.59864733E-01
     70272  0.59269037E-01
     70560  0.58679305E-01
     70848  0.58095399E-01
     71136  0.57517357E-01
     71424  0.56945030E-01
     71712  0.56378387E-01
     72000  0.55817418E-01
     72288  0.55262025E-01
     72576  0.54712150E-01
     72864  0.54167747E-01
     73152  0.53628761E-01
     73440  0.53095132E-01
     73728  0.52566819E-01
     74016  0.52043766E-01
     74304  0.51525906E-01
     74592  0.51013187E-01
     74880  0.50505608E-01
     75168  0.50003067E-01
     75456  0.49505502E-01
     75744  0.49012922E-01
     76032  0.48525218E-01
     76320  0.48042376E-01
     76608  0.47564328E-01
     76896  0.47091059E-01
     77184  0.46622463E-01
     77472  0.46158571E-01
     77760  0.45699287E-01
     78048  0.45244552E-01
     78336  0.44794332E-01
     78624  0.44348627E-01
     78912  0.43907356E-01
     79200  0.43470468E-01
     79488  0.43037925E-01
     79776  0.42609680E-01
     80064  0.42185701E-01
     80352  0.41765932E-01
     80640  0.41350335E-01
     80928  0.40938884E-01
     81216  0.40531546E-01
     81504  0.40128250E-01
     81792  0.39728947E-01
     82080  0.39333623E-01
     82368  0.38942263E-01
     82656  0.38554754E-01
     82944  0.38171135E-01
     83232  0.37791319E-01
     83520  0.37415285E-01
     83808  0.37042987E-01
     84096  0.36674406E-01
     84384  0.36309462E-01
     84672  0.35948198E-01
     84960  0.35590492E-01
     85248  0.35236336E-01
     85536  0.34885749E-01
     85824  0.34538627E-01
     86112  0.34194946E-01
     86400  0.33854675E-01
     86688  0.33517815E-01
     86976  0.33184316E-01
     87264  0.32854129E-01
     87552  0.32527220E-01
     87840  0.32203563E-01
     88128  0.31883124E-01
     88416  0.31565871E-01
     88704  0.31251773E-01
     88992  0.30940816E-01
     89280  0.30632949E-01
     89568  0.30328134E-01
     89856  0.30026363E-01
     90144  0.29727593E-01
     90432  0.29431790E-01
     90720  0.29138939E-01
     91008  0.28848998E-01
     91296  0.28561933E-01
     91584  0.28277740E-01
     91872  0.27996367E-01
     92160  0.27717790E-01
     92448  0.27441986E-01
     92736  0.27168926E-01
     93024  0.26898589E-01
     93312  0.26630938E-01
     93600  0.26365949E-01
     93888  0.26103603E-01
     94176  0.25843868E-01
     94464  0.25586717E-01
     94752  0.25332117E-01
     95040  0.25080044E-01
     95328  0.24830500E-01
     95616  0.24583424E-01
     95904  0.24338810E-01
     96192  0.24096632E-01
     96480  0.23856862E-01
     96768  0.23619477E-01
     97056  0.23384461E-01
     97344  0.23151768E-01
     97632  0.22921404E-01
     97920  0.22693332E-01
     98208  0.22467524E-01
     98496  0.22243958E-01
     98784  0.22022616E-01
     99072  0.21803483E-01
     99360  0.21586534E-01
     99648  0.21371741E-01
     99936  0.21159083E-01
    100224  0.20948539E-01
    100512  0.20740101E-01
    100800  0.20533737E-01
    101088  0.20329423E-01
    101376  0.20127136E-01
    101664  0.19926852E-01
    101952  0.19728586E-01
    102240  0.19532284E-01
    102528  0.19337913E-01
    102816  0.19145511E-01
    103104  0.18954996E-01
    103392  0.18766396E-01
    103680  0.18579656E-01
    103968  0.18394792E-01
    104256  0.18211739E-01
    104544  0.18030545E-01
    104832  0.17851133E-01
    105120  0.17673492E-01
    105408  0.17497651E-01
    105696  0.17323546E-01
    105984  0.17151166E-01
    106272  0.16980495E-01
    106560  0.16811538E-01
    106848  0.16644266E-01
    107136  0.16478654E-01
    107424  0.16314687E-01
    107712  0.16152352E-01
    108000  0.15991632E-01
    108288  0.15832510E-01
    108576  0.15674969E-01
    108864  0.15518994E-01
    109152  0.15364577E-01
    109440  0.15211694E-01
    109728  0.15060325E-01
    110016  0.14910475E-01
    110304  0.14762109E-01
    110592  0.14615224E-01
    110880  0.14469793E-01
    111168  0.14325820E-01
    111456  0.14183273E-01
    111744  0.14042140E-01
    112032  0.13902419E-01
    112320  0.13764086E-01
    112608  0.13627130E-01
    112896  0.13491535E-01
    113184  0.13357289E-01
    113472  0.13224380E-01
    113760  0.13092793E-01
    114048  0.12962514E-01
    114336  0.12833528E-01
    114624  0.12705835E-01
    114912  0.12579410E-01
    115200  0.12454238E-01
    115488  0.12330315E-01
    115776  0.12207627E-01
    116064  0.12086153E-01
    116352  0.11965896E-01
    116640  0.11846829E-01
    116928  0.11728950E-01
    117216  0.11612246E-01
    117504  0.11496697E-01
    117792  0.11382301E-01
    118080  0.11269048E-01
    118368  0.11156918E-01
    118656  0.11045903E-01
    118944  0.10935991E-01
    119232  0.10827173E-01
    119520  0.10719440E-01
    119808  0.10612779E-01
    120096  0.10507180E-01
    120384  0.10402633E-01
    120672  0.10299124E-01
    120960  0.10196643E-01
    121248  0.10095179E-01
    121536  0.99947294E-02
    121824  0.98952828E-02
    122112  0.97968187E-02
    122400  0.96993344E-02
    122688  0.96028270E-02
    122976  0.95072677E-02
    123264  0.94126752E-02
    123552  0.93190083E-02
    123840  0.92262886E-02
    124128  0.91344761E-02
    124416  0.90435920E-02
    124704  0.89536058E-02
    124992  0.88645052E-02
    125280  0.87763090E-02
    125568  0.86889826E-02
    125856  0.86025214E-02
    126144  0.85169170E-02
    126432  0.84321732E-02
    126720  0.83482731E-02
    127008  0.82652066E-02
    127296  0.81829662E-02
    127584  0.81015434E-02
    127872  0.80209309E-02
    128160  0.79411203E-02
    128448  0.78621032E-02
    128736  0.77838707E-02
    129024  0.77064191E-02
    129312  0.76297391E-02
    129600  0.75538200E-02
    129888  0.74786562E-02
    130176  0.74042417E-02
    130464  0.73305657E-02
    130752  0.72576250E-02
    131040  0.71854093E-02
    131328  0.71139098E-02
    131616  0.70431260E-02
    131904  0.69730454E-02
    132192  0.69036609E-02
    132480  0.68349661E-02
    132768  0.67669554E-02
    133056  0.66996217E-02
    133344  0.66329585E-02
    133632  0.65669590E-02
    133920  0.65016169E-02
    134208  0.64369240E-02
    134496  0.63728737E-02
    134784  0.63094590E-02
    135072  0.62466804E-02
    135360  0.61845244E-02
    135648  0.61229840E-02
    135936  0.60620611E-02
    136224  0.60017384E-02
    136512  0.59420224E-02
    136800  0.58828956E-02
    137088  0.58243587E-02
    137376  0.57664062E-02
    137664  0.57090274E-02
    137952  0.56522181E-02
    138240  0.55959793E-02
    138528  0.55402983E-02
    138816  0.54851710E-02
    139104  0.54305918E-02
    139392  0.53765555E-02
    139680  0.53230566E-02
    139968  0.52700909E-02
    140256  0.52176514E-02
    140544  0.51657334E-02
    140832  0.51143309E-02
    141120  0.50634402E-02
    141408  0.50130598E-02
    141696  0.49631787E-02
    141984  0.49137902E-02
    142272  0.48648985E-02
    142560  0.48164916E-02
    142848  0.47685630E-02
    143136  0.47211177E-02
    143424  0.46741371E-02
    143712  0.46276315E-02
    144000  0.45815827E-02
    144288  0.45359964E-02
    144576  0.44908621E-02
    144864  0.44461726E-02
    145152  0.44019353E-02
    145440  0.43581356E-02
    145728  0.43147691E-02
    146016  0.42718328E-02
    146304  0.42293281E-02
    146592  0.41872468E-02
    146880  0.41455831E-02
    147168  0.41043335E-02
    147456  0.40634940E-02
    147744  0.40230607E-02
    148032  0.39830296E-02
    148320  0.39433967E-02
    148608  0.39041580E-02
    148896  0.38653095E-02
    149184  0.38268492E-02
    149472  0.37887713E-02
    149760  0.37510709E-02
    150048  0.37137475E-02
    150336  0.36767940E-02
    150624  0.36402093E-02
    150912  0.36039867E-02
    151200  0.35681271E-02
    151488  0.35326229E-02
    151776  0.34974711E-02
    152064  0.34626701E-02
    152352  0.34282161E-02
    152640  0.33941045E-02
    152928  0.33603322E-02
    153216  0.33268956E-02
    153504  0.32937918E-02
    153792  0.32610167E-02
    154080  0.32285678E-02
    154368  0.31964437E-02
    154656  0.31646385E-02
    154944  0.31331489E-02
    155232  0.31019726E-02
    155520  0.30711079E-02
    155808  0.30405477E-02
    156096  0.30102946E-02
    156384  0.29803396E-02
    156672  0.29506858E-02
    156960  0.29213247E-02
    157248  0.28922565E-02
    157536  0.28634781E-02
    157824  0.28349853E-02
    158112  0.28067753E-02
    158400  0.27788468E-02
    158688  0.27511967E-02
    158976  0.27238217E-02
    159264  0.26967188E-02
    159552  0.26698855E-02
    159840  0.26433191E-02
    160128  0.26170169E-02
    160416  0.25909760E-02
    160704  0.25651946E-02
    160992  0.25396713E-02
    161280  0.25144012E-02
    161568  0.24893815E-02
    161856  0.24646102E-02
    162144  0.24400882E-02
    162432  0.24158079E-02
    162720  0.23917698E-02
    163008  0.23679715E-02
    163296  0.23444083E-02
    163584  0.23210817E-02
    163872  0.22979856E-02
    164160  0.22751198E-02
    164448  0.22524823E-02
    164736  0.22300677E-02
    165024  0.22078790E-02
    165312  0.21859107E-02
    165600  0.21641597E-02
    165888  0.21426240E-02
    166176  0.21213051E-02
    166464  0.21001983E-02
    166752  0.20793010E-02
    167040  0.20586115E-02
    167328  0.20381275E-02
    167616  0.20178475E-02
    167904  0.19977693E-02
    168192  0.19778910E-02
    168480  0.19582103E-02
    168768  0.19387248E-02
    169056  0.19194331E-02
    169344  0.19003347E-02
    169632  0.18814259E-02
    169920  0.18627046E-02
    170208  0.18441707E-02
    170496  0.18258201E-02
    170784  0.18076531E-02
    171072  0.17896664E-02
    171360  0.17718581E-02
    171648  0.17542281E-02
    171936  0.17367732E-02
    172224  0.17194917E-02
    172512  0.17023820E-02
    172800  0.16854425E-02
    173088  0.16686718E-02
    173376  0.16520681E-02
    173664  0.16356296E-02
    173952  0.16193546E-02
    174240  0.16032413E-02
    174528  0.15872880E-02
    174816  0.15714944E-02
    175104  0.15558577E-02
    175392  0.15403758E-02
    175680  0.15250492E-02
    175968  0.15098740E-02
    176256  0.14948506E-02
    176544  0.14799758E-02
    176832  0.14652502E-02
    177120  0.14506701E-02
    177408  0.14362353E-02
    177696  0.14219448E-02
    177984  0.14077961E-02
    178272  0.13937878E-02
    178560  0.13799188E-02
    178848  0.13661878E-02
    179136  0.13525940E-02
    179424  0.13391353E-02
    179712  0.13258104E-02
    180000  0.13126180E-02
    180288  0.12995575E-02
    180576  0.12866268E-02
    180864  0.12738246E-02
    181152  0.12611496E-02
    181440  0.12486003E-02
    181728  0.12361767E-02
    182016  0.12238767E-02
    182304  0.12116979E-02
    182592  0.11996416E-02
    182880  0.11877046E-02
    183168  0.11758865E-02
    183456  0.11641860E-02
    183744  0.11526021E-02
    184032  0.11411329E-02
    184320  0.11297789E-02
    184608  0.11185366E-02
    184896  0.11074069E-02
    185184  0.10963883E-02
    185472  0.10854787E-02
    185760  0.10746771E-02
    186048  0.10639841E-02
    186336  0.10533977E-02
    186624  0.10429161E-02
    186912  0.10325387E-02
    187200  0.10222646E-02
    187488  0.10120928E-02
    187776  0.10020222E-02
    188064  0.99205179E-03
    188352  0.98218059E-03
    188640  0.97240746E-03
    188928  0.96273160E-03
    189216  0.95315202E-03
    189504  0.94366807E-03
    189792  0.93427807E-03
    190080  0.92498172E-03
    190368  0.91577781E-03
    190656  0.90666552E-03
    190944  0.89764356E-03
    191232  0.88871206E-03
    191520  0.87986904E-03
    191808  0.87111391E-03
    192096  0.86244586E-03
    192384  0.85386436E-03
    192672  0.84536819E-03
    192960  0.83695655E-03
    193248  0.82862854E-03
    193536  0.82038331E-03
    193824  0.81222010E-03
    194112  0.80413849E-03
    194400  0.79613720E-03
    194688  0.78821537E-03
    194976  0.78037201E-03
    195264  0.77260745E-03
    195552  0.76491968E-03
    195840  0.75730850E-03
    196128  0.74977300E-03
    196416  0.74231258E-03
    196704  0.73492608E-03
    196992  0.72761357E-03
    197280  0.72037347E-03
    197568  0.71320526E-03
    197856  0.70610899E-03
    198144  0.69908309E-03
    198432  0.69212692E-03
    198720  0.68523997E-03
    199008  0.67842152E-03
    199296  0.67167095E-03
    199584  0.66498754E-03
    199872  0.65837079E-03
    200160  0.65181981E-03
    200448  0.64533402E-03
    200736  0.63891266E-03
    201024  0.63255499E-03
    201312  0.62626071E-03
    201600  0.62002952E-03
    201888  0.61385997E-03
    202176  0.60775148E-03
    202464  0.60170458E-03
    202752  0.59571711E-03
    203040  0.58978976E-03
    203328  0.58392098E-03
    203616  0.57811092E-03
    203904  0.57235814E-03
    204192  0.56666345E-03
    204480  0.56102470E-03
    204768  0.55544230E-03
    205056  0.54991577E-03
    205344  0.54444378E-03
    205632  0.53902593E-03
    205920  0.53366268E-03
    206208  0.52835274E-03
    206496  0.52309554E-03
    206784  0.51789056E-03
    207072  0.51273737E-03
    207360  0.50763541E-03
    207648  0.50258421E-03
    207936  0.49758330E-03
    208224  0.49263221E-03
    208512  0.48773034E-03
    208800  0.48287725E-03
    209088  0.47807235E-03
    209376  0.47331542E-03
    209664  0.46860584E-03
    209952  0.46394288E-03
    210240  0.45932666E-03
    210528  0.45475605E-03
    210816  0.45023119E-03
    211104  0.44575121E-03
    211392  0.44131570E-03
    211680  0.43692454E-03
    211968  0.43257704E-03
    212256  0.42827279E-03
    212544  0.42401132E-03
    212832  0.41979228E-03
    213120  0.41561518E-03
    213408  0.41147968E-03
    213696  0.40738532E-03
    213984  0.40333168E-03
    214272  0.39931829E-03
    214560  0.39534498E-03
    214848  0.39141125E-03
    215136  0.38751648E-03
    215424  0.38366060E-03
    215712  0.37984306E-03
    216000  0.37606340E-03
    216288  0.37232149E-03
    216576  0.36861675E-03
    216864  0.36494876E-03
    217152  0.36131756E-03
    217440  0.35772231E-03
    217728  0.35416268E-03
    218016  0.35063873E-03
    218304  0.34714982E-03
    218592  0.34369557E-03
    218880  0.34027567E-03
    219168  0.33688982E-03
    219456  0.33353764E-03
    219744  0.33021884E-03
    220032  0.32693305E-03
    220320  0.32367991E-03
    220608  0.32045910E-03
    220896  0.31727029E-03
    221184  0.31411354E-03
    221472  0.31098808E-03
    221760  0.30789353E-03
    222048  0.30482991E-03
    222336  0.30179688E-03
    222624  0.29879366E-03
    222912  0.29582085E-03
    223200  0.29287714E-03
    223488  0.28996312E-03
    223776  0.28707759E-03
    224064  0.28422137E-03
    224352  0.28139318E-03
    224640  0.27859313E-03
    224928  0.27582122E-03
    225216  0.27307667E-03
    225504  0.27035928E-03
    225792  0.26766921E-03
    226080  0.26500595E-03
    226368  0.26236911E-03
    226656  0.25975844E-03
    226944  0.25717373E-03
    227232  0.25461472E-03
    227520  0.25208120E-03
    227808  0.24957291E-03
    228096  0.24708960E-03
    228384  0.24463100E-03
    228672  0.24219681E-03
    228960  0.23978684E-03
    229248  0.23740082E-03
    229536  0.23503868E-03
    229824  0.23269995E-03
    230112  0.23038451E-03
    230400  0.22809212E-03
    230688  0.22582254E-03
    230976  0.22357547E-03
    231264  0.22135090E-03
    231552  0.21914839E-03
    231840  0.21696778E-03
    232128  0.21480884E-03
    232416  0.21267140E-03
    232704  0.21055524E-03
    232992  0.20846016E-03
    233280  0.20638588E-03
    233568  0.20433229E-03
    233856  0.20229915E-03
    234144  0.20028626E-03
    234432  0.19829333E-03
    234720  0.19632016E-03
    235008  0.19436677E-03
    235296  0.19243277E-03
    235584  0.19051794E-03
    235872  0.18862230E-03
    236160  0.18674538E-03
    236448  0.18488728E-03
    236736  0.18304758E-03
    237024  0.18122615E-03
    237312  0.17942296E-03
    237600  0.17763764E-03
    237888  0.17587004E-03
    238176  0.17412002E-03
    238464  0.17238752E-03
    238752  0.17067223E-03
    239040  0.16897399E-03
    239328  0.16729264E-03
    239616  0.16562802E-03
    239904  0.16397994E-03
    240192  0.16234827E-03
    240480  0.16073282E-03
    240768  0.15913356E-03
    241056  0.15755018E-03
    241344  0.15598250E-03
    241632  0.15443032E-03
    241920  0.15289380E-03
    242208  0.15137244E-03
    242496  0.14986617E-03
    242784  0.14837504E-03
    243072  0.14689851E-03
    243360  0.14543696E-03
    243648  0.14398972E-03
    243936  0.14255705E-03
    244224  0.14113855E-03
    244512  0.13973410E-03
    244800  0.13834379E-03
    245088  0.13696722E-03
    245376  0.13560426E-03
    245664  0.13425499E-03
    245952  0.13291917E-03
    246240  0.13159661E-03
    246528  0.13028715E-03
    246816  0.12899074E-03
    247104  0.12770722E-03
    247392  0.12643648E-03
    247680  0.12517840E-03
    247968  0.12393284E-03
    248256  0.12269970E-03
    248544  0.12147880E-03
    248832  0.12027006E-03
    249120  0.11907332E-03
    249408  0.11788848E-03
    249696  0.11671548E-03
    249984  0.11555409E-03
    250272  0.11440433E-03
    250560  0.11326592E-03
    250848  0.11213891E-03
    251136  0.11102310E-03
    251424  0.10991836E-03
    251712  0.10882466E-03
    252000  0.10774183E-03
    252288  0.10666977E-03
    252576  0.10560836E-03
    252864  0.10455753E-03
    253152  0.10351714E-03
    253440  0.10248712E-03
    253728  0.10146733E-03
    254016  0.10045766E-03
    254304  0.99458084E-04
    254592  0.98468474E-04
    254880  0.97488664E-04
    255168  0.96518597E-04
    255456  0.95558244E-04
    255744  0.94607356E-04
    256032  0.93666044E-04
    256320  0.92733993E-04
    256608  0.91811300E-04
    256896  0.90897731E-04
    257184  0.89993227E-04
    257472  0.89097804E-04
    257760  0.88211265E-04
    258048  0.87333523E-04
    258336  0.86464504E-04
    258624  0.85604137E-04
    258912  0.84752355E-04
    259200  0.83909043E-04
    259488  0.83074112E-04
    259776  0.82247490E-04
    260064  0.81429120E-04
    260352  0.80618891E-04
    260640  0.79816717E-04
    260928  0.79022502E-04
    261216  0.78236168E-04
    261504  0.77457691E-04
    261792  0.76686993E-04
    262080  0.75923905E-04
    262368  0.75168442E-04
    262656  0.74420510E-04
    262944  0.73679970E-04
    263232  0.72946867E-04
    263520  0.72220995E-04
    263808  0.71502393E-04
    264096  0.70790928E-04
    264384  0.70086469E-04
    264672  0.69389149E-04
    264960  0.68698704E-04
    265248  0.68015077E-04
    265536  0.67338311E-04
    265824  0.66668304E-04
    266112  0.66004934E-04
    266400  0.65348155E-04
    266688  0.64697902E-04
    266976  0.64054126E-04
    267264  0.63416759E-04
    267552  0.62785737E-04
    267840  0.62161002E-04
    268128  0.61542494E-04
    268416  0.60930131E-04
    268704  0.60323873E-04
    268992  0.59723639E-04
    269280  0.59129357E-04
    269568  0.58541009E-04
    269856  0.57958507E-04
    270144  0.57381792E-04
    270432  0.56810826E-04
    270720  0.56245543E-04
    271008  0.55685854E-04
    271296  0.55131783E-04
    271584  0.54583201E-04
    271872  0.54040076E-04
    272160  0.53502354E-04
    272448  0.52969983E-04
    272736  0.52442912E-04
    273024  0.51921088E-04
    273312  0.51404459E-04
    273600  0.50892973E-04
    273888  0.50386578E-04
    274176  0.49885213E-04
    274464  0.49388826E-04
    274752  0.48897396E-04
    275040  0.48410860E-04
    275328  0.47929130E-04
    275616  0.47452242E-04
    275904  0.46980054E-04
    276192  0.46512607E-04
    276480  0.46049761E-04
    276768  0.45591572E-04
    277056  0.45137920E-04
    277344  0.44688761E-04
    277632  0.44244105E-04
    277920  0.43803870E-04
    278208  0.43368007E-04
    278496  0.42936481E-04
    278784  0.42509244E-04
    279072  0.42086260E-04
    279360  0.41667485E-04
    279648  0.41252883E-04
    279936  0.40842406E-04
    280224  0.40436014E-04
    280512  0.40033661E-04
    280800  0.39635303E-04
    281088  0.39240902E-04
    281376  0.38850467E-04
    281664  0.38463895E-04
    281952  0.38081140E-04
    282240  0.37702248E-04
    282528  0.37327092E-04
    282816  0.36955676E-04
    283104  0.36587964E-04
    283392  0.36223897E-04
    283680  0.35863457E-04
    283968  0.35506615E-04
    284256  0.35153280E-04
    284544  0.34803521E-04
    284832  0.34457218E-04
    285120  0.34114335E-04
    285408  0.33774890E-04
    285696  0.33438839E-04
    285984  0.33106116E-04
    286272  0.32776697E-04
    286560  0.32450553E-04
    286848  0.32127649E-04
    287136  0.31807962E-04
    287424  0.31491458E-04
    287712  0.31178108E-04
    288000  0.30867879E-04
    288288  0.30560739E-04
    288576  0.30256651E-04
    288864  0.29955594E-04
    289152  0.29657527E-04
    289440  0.29362416E-04
    289728  0.29070263E-04
    290016  0.28780996E-04
    290304  0.28494624E-04
    290592  0.28211083E-04
    290880  0.27930384E-04
    291168  0.27652468E-04
    291456  0.27377309E-04
    291744  0.27104896E-04
    292032  0.26835200E-04
    292320  0.26568181E-04
    292608  0.26303816E-04
    292896  0.26042086E-04
    293184  0.25782958E-04
    293472  0.25526406E-04
    293760  0.25272404E-04
    294048  0.25020940E-04
    294336  0.24771978E-04
    294624  0.24525487E-04
    294912  0.24281437E-04
    295200  0.24039840E-04
    295488  0.23800631E-04
    295776  0.23563811E-04
    296064  0.23329339E-04
    296352  0.23097211E-04
    296640  0.22867374E-04
    296928  0.22639850E-04
    297216  0.22414575E-04
    297504  0.22191534E-04
    297792  0.21970720E-04
    298080  0.21752110E-04
    298368  0.21535672E-04
    298656  0.21321386E-04
    298944  0.21109230E-04
    299232  0.20899186E-04
    299520  0.20691232E-04
    299808  0.20485346E-04
    300096  0.20281510E-04
    300384  0.20079699E-04
    300672  0.19879890E-04
    300960  0.19682089E-04
    301248  0.19486253E-04
    301536  0.19292354E-04
    301824  0.19100382E-04
    302112  0.18910336E-04
    302400  0.18722161E-04
    302688  0.18535877E-04
    302976  0.18351433E-04
    303264  0.18168836E-04
    303552  0.17988041E-04
    303840  0.17809065E-04
    304128  0.17631844E-04
    304416  0.17456414E-04
    304704  0.17282719E-04
    304992  0.17110740E-04
    305280  0.16940483E-04
    305568  0.16771930E-04
    305856  0.16605047E-04
    306144  0.16439819E-04
    306432  0.16276234E-04
    306720  0.16114276E-04
    307008  0.15953929E-04
    307296  0.15795180E-04
    307584  0.15638014E-04
    307872  0.15482414E-04
    308160  0.15328364E-04
    308448  0.15175850E-04
    308736  0.15024844E-04
    309024  0.14875345E-04
    309312  0.14727328E-04
    309600  0.14580785E-04
    309888  0.14435705E-04
    310176  0.14292062E-04
    310464  0.14149853E-04
    310752  0.14009058E-04
    311040  0.13869659E-04
    311328  0.13731656E-04
    311616  0.13595023E-04
    311904  0.13459747E-04
    312192  0.13325816E-04
    312480  0.13193219E-04
    312768  0.13061942E-04
    313056  0.12931973E-04
    313344  0.12803297E-04
    313632  0.12675901E-04
    313920  0.12549771E-04
    314208  0.12424894E-04
    314496  0.12301262E-04
    314784  0.12178864E-04
    315072  0.12057678E-04
