       288   1.1782860    
       576   1.1181607    
       864   1.0827163    
      1152   1.0568634    
      1440   1.0358096    
      1728   1.0098269    
      2016  0.98651922    
      2304  0.96547461    
      2592  0.94660914    
      2880  0.92984563    
      3168  0.91512030    
      3456  0.89498079    
      3744  0.87582654    
      4032  0.85630322    
      4320  0.83565778    
      4608  0.81347430    
      4896  0.78963780    
      5184  0.75837970    
      5472  0.72695524    
      5760  0.69574744    
      6048  0.66514397    
      6336  0.63548714    
      6624  0.60706335    
      6912  0.57560754    
      7200  0.54666412    
      7488  0.52010304    
      7776  0.49579981    
      8064  0.47359005    
      8352  0.44979814    
      8640  0.42849958    
      8928  0.40936932    
      9216  0.39214495    
      9504  0.37661195    
      9792  0.36259118    
     10080  0.34717909    
     10368  0.33352527    
     10656  0.32137510    
     10944  0.31053206    
     11232  0.30084124    
     11520  0.29217830    
     11808  0.28216565    
     12096  0.27336416    
     12384  0.26561910    
     12672  0.25879493    
     12960  0.25278723    
     13248  0.24552217    
     13536  0.23920611    
     13824  0.23371725    
     14112  0.22896828    
     14400  0.22487754    
     14688  0.22138201    
     14976  0.21843264    
     15264  0.21424970    
     15552  0.21077120    
     15840  0.20790841    
     16128  0.20559609    
     16416  0.20378566    
     16704  0.20244277    
     16992  0.19993055    
     17280  0.19801801    
     17568  0.19663739    
     17856  0.19573955    
     18144  0.19529499    
     18432  0.19529261    
     18720  0.19571288    
     19008  0.19495431    
     19296  0.19473836    
     19584  0.19502692    
     19872  0.19578518    
     20160  0.19699158    
     20448  0.19863623    
     20736  0.20073073    
     21024  0.20164135    
     21312  0.20310560    
     21600  0.20509800    
     21888  0.20761243    
     22176  0.21063933    
     22464  0.21418013    
     22752  0.21824667    
     23040  0.22287557    
     23328  0.22626570    
     23616  0.23033337    
     23904  0.23507589    
     24192  0.24051355    
     24480  0.24666287    
     24768  0.25355369    
     25056  0.26123095    
     25344  0.26977080    
     25632  0.27727026    
     25920  0.28578588    
     26208  0.29536289    
     26496  0.30607894    
     26784  0.31800896    
     27072  0.33124945    
     27360  0.34591901    
     27648  0.36216065    
     27936  0.37710240    
     28224  0.39393216    
     28512  0.41277274    
     28800  0.43380740    
     29088  0.45726922    
     29376  0.48339698    
     29664  0.51247174    
     29952  0.54482543    
     30240  0.57610768    
     30528  0.61128533    
     30816  0.65067893    
     31104  0.69468141    
     31392  0.74379152    
     31680  0.79860055    
     31968  0.85970110    
     32256  0.92775166    
     32544  0.99520063    
     32832   1.0707436    
     33120   1.1549119    
     33408   1.2483456    
     33696   1.3517059    
     33984   1.4643873    
     34272   1.5629327    
     34560   1.6179322    
     34848   1.6475036    
     35136   1.6728510    
     35424   1.6947867    
     35712   1.7140658    
     36000   1.7311834    
     36288   1.7465873    
     36576   1.7606689    
     36864   1.7737247    
     37152   1.7729115    
     37440   1.7752528    
     37728   1.7797717    
     38016   1.7858148    
     38304   1.7929317    
     38592   1.8007996    
     38880   1.8091804    
     39168   1.8178898    
     39456   1.8137164    
     39744   1.8134894    
     40032   1.8159297    
     40320   1.8201979    
     40608   1.8257087    
     40896   1.8320396    
     41184   1.8388846    
     41472   1.8460239    
     41760   1.8403480    
     42048   1.8384523    
     42336   1.8391643    
     42624   1.8416407    
     42912   1.8452843    
     43200   1.8497150    
     43488   1.8545234    
     43776   1.8595157    
     44064   1.8518543    
     44352   1.8478878    
     44640   1.8464769    
     44928   1.8467821    
     45216   1.8481959    
     45504   1.8502836    
     45792   1.8527430    
     46080   1.8553680    
     46368   1.8580160    
     46656   1.8605915    
     46944   1.8630278    
     47232   1.8641161    
     47520   1.7830342    
     47808   1.6932619    
     48096   1.6306852    
     48384   1.5923057    
     48672   1.5695505    
     48960   1.5559722    
     49248   1.5475975    
     49536   1.5420995    
     49824   1.5381384    
     50112   1.5349498    
     50400   1.5322095    
     50688   1.5297354    
     50976   1.5271555    
     51264   1.5243380    
     51552   1.5212483    
     51840   1.5178981    
     52128   1.5143179    
     52416   1.5105509    
     52704   1.5066522    
     52992   1.5026824    
     53280   1.4987010    
     53568   1.4947649    
     53856   1.4909183    
     54144   1.4873031    
     54432   1.4840056    
     54720   1.4808505    
     55008   1.4777985    
     55296   1.4748429    
     55584   1.4719863    
     55872   1.4692236    
     56160   1.4665474    
     56448   1.4639425    
     56736   1.4613965    
     57024   1.4589478    
     57312   1.4566985    
     57600   1.4636486    
     57888   1.4659923    
     58176   1.4660783    
     58464   1.4650249    
     58752   1.4633785    
     59040   1.4614127    
     59328   1.4593430    
     59616   1.4573332    
     59904   1.4552623    
     60192   1.4626635    
     60480   1.4653307    
     60768   1.4656967    
     61056   1.4649370    
     61344   1.4636351    
     61632   1.4620951    
     61920   1.4605424    
     62208   1.4691322    
     62496   1.4730556    
     62784   1.4747537    
     63072   1.4754511    
     63360   1.4757851    
     63648   1.4761102    
     63936   1.4870162    
     64224   1.4936339    
     64512   1.4985065    
     64800   1.5027812    
     65088   1.5071213    
     65376   1.5119331    
     65664   1.5286317    
     65952   1.5416064    
     66240   1.5534273    
     66528   1.5655271    
     66816   1.5787798    
     67104   1.6057520    
     67392   1.6300418    
     67680   1.6542729    
     67968   1.6798486    
     68256   1.7074702    
     68544   1.7180871    
     68832   1.7201530    
     69120   1.7180713    
     69408   1.7271056    
     69696   1.7290154    
     69984   1.7270821    
     70272   1.7230060    
     70560   1.7176728    
     70848   1.7249290    
     71136   1.7256875    
     71424   1.7228516    
     71712   1.7179857    
     72000   1.7291878    
     72288   1.7321388    
     72576   1.7304286    
     72864   1.7260290    
     73152   1.7200239    
     73440   1.7270473    
     73728   1.7274575    
     74016   1.7240438    
     74304   1.7183735    
     74592   1.7256867    
     74880   1.7263231    
     75168   1.7229624    
     75456   1.7317966    
     75744   1.7332007    
     76032   1.7301574    
     76320   1.7244139    
     76608   1.7318385    
     76896   1.7323405    
     77184   1.7286735    
     77472   1.7225038    
     77760   1.7298521    
     78048   1.7303120    
     78336   1.7264694    
     78624   1.7199126    
     78912   1.7269390    
     79200   1.7271485    
     79488   1.7230340    
     79776   1.7161711    
     80064   1.7231958    
     80352   1.7234703    
     80640   1.7193455    
     80928   1.7123456    
     81216   1.7191384    
     81504   1.7192286    
     81792   1.7148910    
     82080   1.7076439    
     82368   1.6985028    
     82656   1.7038349    
     82944   1.7030131    
     83232   1.6980000    
     83520   1.6901262    
     83808   1.6960931    
     84096   1.6957775    
     84384   1.6911151    
     84672   1.6834157    
     84960   1.6735597    
     85248   1.6779118    
     85536   1.6764600    
     85824   1.6708623    
     86112   1.6623361    
     86400   1.6517287    
     86688   1.6551147    
     86976   1.6530317    
     87264   1.6469135    
     87552   1.6378371    
     87840   1.6265815    
     88128   1.6137114    
     88416   1.6145409    
     88704   1.6106631    
     88992   1.6031685    
     89280   1.5929283    
     89568   1.5806102    
     89856   1.5666705    
     90144   1.5513581    
     90432   1.5489084    
     90720   1.5427388    
     91008   1.5335550    
     91296   1.5220701    
     91584   1.5087489    
     91872   1.4939706    
     92160   1.4780201    
     92448   1.4611104    
     92736   1.4433992    
     93024   1.4250045    
     93312   1.4182014    
     93600   1.4093711    
     93888   1.3987393    
     94176   1.3865777    
     94464   1.3731692    
     94752   1.3586484    
     95040   1.3431454    
     95328   1.3267521    
     95616   1.3095140    
     95904   1.2914135    
     96192   1.2724942    
     96480   1.2527797    
     96768   1.2323557    
     97056   1.2113258    
     97344   1.1898060    
     97632   1.1679373    
     97920   1.1458623    
     98208   1.1237421    
     98496   1.1016738    
     98784   1.0797666    
     99072   1.0581193    
     99360   1.0368195    
     99648   1.0159467    
     99936  0.99557191    
    100224  0.97579271    
    100512  0.95663816    
    100800  0.93815732    
    101088  0.92039424    
    101376  0.90338689    
    101664  0.88716805    
    101952  0.86462682    
    102240  0.84326041    
    102528  0.82306385    
    102816  0.80403227    
    103104  0.78617632    
    103392  0.76947492    
    103680  0.75391710    
    103968  0.73949337    
    104256  0.72619510    
    104544  0.71401197    
    104832  0.69712931    
    105120  0.68158001    
    105408  0.66731656    
    105696  0.65427524    
    105984  0.64238954    
    106272  0.63160270    
    106560  0.62186170    
    106848  0.60807461    
    107136  0.59552205    
    107424  0.58413172    
    107712  0.57383770    
    108000  0.56457746    
    108288  0.55629480    
    108576  0.54441714    
    108864  0.53370124    
    109152  0.52406502    
    109440  0.51543498    
    109728  0.50774348    
    110016  0.50093049    
    110304  0.49085680    
    110592  0.48184505    
    110880  0.47380635    
    111168  0.46666622    
    111456  0.46035784    
    111744  0.45481986    
    112032  0.44627360    
    112320  0.43868598    
    112608  0.43197030    
    112896  0.42606568    
    113184  0.42090261    
    113472  0.41298586    
    113760  0.40598717    
    114048  0.39981258    
    114336  0.39437747    
    114624  0.38961676    
    114912  0.38547274    
    115200  0.37874019    
    115488  0.37283963    
    115776  0.36767405    
    116064  0.36316505    
    116352  0.35924745    
    116640  0.35586953    
    116928  0.35006648    
    117216  0.34500992    
    117504  0.34062409    
    117792  0.33683223    
    118080  0.33357197    
    118368  0.32806778    
    118656  0.32328135    
    118944  0.31912854    
    119232  0.31554809    
    119520  0.31247625    
    119808  0.30986094    
    120096  0.30766428    
    120384  0.30335122    
    120672  0.29968622    
    120960  0.29658040    
    121248  0.29396415    
    121536  0.29178607    
    121824  0.29000729    
    122112  0.28627533    
    122400  0.28315908    
    122688  0.28057286    
    122976  0.27844924    
    123264  0.27674595    
    123552  0.27544647    
    123840  0.27451602    
    124128  0.27171406    
    124416  0.26949126    
    124704  0.26778141    
    124992  0.26652196    
    125280  0.26566908    
    125568  0.26519161    
    125856  0.26508895    
    126144  0.26321998    
    126432  0.26191455    
    126720  0.26110873    
    127008  0.26076603    
    127296  0.26084343    
    127584  0.26131204    
    127872  0.26215735    
    128160  0.26339450    
    128448  0.26291591    
    128736  0.26302141    
    129024  0.26365772    
    129312  0.26479864    
    129600  0.26641196    
    129888  0.26847818    
    130176  0.27099624    
    130464  0.27399459    
    130752  0.27554810    
    131040  0.27776620    
    131328  0.28061330    
    131616  0.28408447    
    131904  0.28816560    
    132192  0.29285616    
    132480  0.29816958    
    132768  0.30414021    
    133056  0.30835566    
    133344  0.31351185    
    133632  0.31956163    
    133920  0.32650948    
    134208  0.33439010    
    134496  0.34322134    
    134784  0.35303846    
    135072  0.36390829    
    135360  0.37287289    
    135648  0.38326243    
    135936  0.39503428    
    136224  0.40819255    
    136512  0.42280763    
    136800  0.43898299    
    137088  0.45678878    
    137376  0.47632423    
    137664  0.49358991    
    137952  0.51316708    
    138240  0.53500760    
    138528  0.55914217    
    138816  0.58565521    
    139104  0.61472201    
    139392  0.64657938    
    139680  0.68140352    
    139968  0.71340084    
    140256  0.74911946    
    140544  0.78854185    
    140832  0.83185023    
    141120  0.87929821    
    141408  0.93109024    
    141696  0.98749644    
    141984   1.0488307    
    142272   1.1063983    
    142560   1.1701521    
    142848   1.2401171    
    143136   1.3163393    
    143424   1.3989732    
    143712   1.4882654    
    144000   1.5844640    
    144288   1.6873485    
    144576   1.7765188    
    144864   1.8371551    
    145152   1.8759103    
    145440   1.9087274    
    145728   1.9376901    
    146016   1.9635837    
    146304   1.9870707    
    146592   2.0087016    
    146880   2.0149634    
    147168   2.0242033    
    147456   2.0353880    
    147744   2.0478191    
    148032   2.0610280    
    148320   2.0747943    
    148608   2.0887611    
    148896   2.1025906    
    149184   2.1019461    
    149472   2.1050546    
    149760   2.1105585    
    150048   2.1175594    
    150336   2.1254067    
    150624   2.1336255    
    150912   2.1419075    
    151200   2.1500371    
    151488   2.1578600    
    151776   2.1652489    
    152064   2.1721575    
    152352   2.1641974    
    152640   2.1600735    
    152928   2.1584787    
    153216   2.1584847    
    153504   2.1594353    
    153792   2.1608946    
    154080   2.1625650    
    154368   2.1642144    
    154656   2.1657145    
    154944   2.1669900    
    155232   2.1679959    
    155520   2.1686559    
    155808   2.1690729    
    156096   2.1691797    
    156384   2.1689534    
    156672   2.1683903    
    156960   2.1674833    
    157248   2.1662488    
    157536   2.1646950    
    157824   2.1628358    
    158112   2.1606619    
    158400   2.1581764    
    158688   2.1553929    
    158976   2.1523211    
    159264   2.1489727    
    159552   2.1454513    
    159840   2.1416614    
    160128   2.1375856    
    160416   2.1332264    
    160704   2.1285865    
    160992   2.1236734    
    161280   2.1184857    
    161568   2.1130276    
    161856   2.1073132    
    162144   2.1013017    
    162432   2.0951605    
    162720   2.1034365    
    163008   2.1067255    
    163296   2.1064985    
    163584   2.1038299    
    163872   2.0994544    
    164160   2.0938506    
    164448   2.0873165    
    164736   2.0801961    
    165024   2.0725417    
    165312   2.0793998    
    165600   2.0810006    
    165888   2.0789156    
    166176   2.0742824    
    166464   2.0678799    
    166752   2.0602305    
    167040   2.0516438    
    167328   2.0577462    
    167616   2.0583832    
    167904   2.0551903    
    168192   2.0493572    
    168480   2.0417018    
    168768   2.0327780    
    169056   2.0383778    
    169344   2.0383377    
    169632   2.0343983    
    169920   2.0277438    
    170208   2.0192065    
    170496   2.0093579    
    170784   2.0142548    
    171072   2.0134223    
    171360   2.0085981    
    171648   2.0009625    
    171936   1.9914817    
    172224   1.9966255    
    172512   1.9957281    
    172800   1.9906065    
    173088   1.9825615    
    173376   1.9886162    
    173664   1.9881387    
    173952   1.9830893    
    174240   1.9747969    
    174528   1.9807576    
    174816   1.9800181    
    175104   1.9745656    
    175392   1.9658227    
    175680   1.9547877    
    175968   1.9586405    
    176256   1.9562265    
    176544   1.9493902    
    176832   1.9393500    
    177120   1.9480505    
    177408   1.9488508    
    177696   1.9440358    
    177984   1.9352636    
    178272   1.9237094    
    178560   1.9269810    
    178848   1.9237778    
    179136   1.9159677    
    179424   1.9048990    
    179712   1.9083136    
    180000   1.9050138    
    180288   1.8969320    
    180576   1.9025238    
    180864   1.9006828    
    181152   1.8935044    
    181440   1.8825214    
    181728   1.8859020    
    182016   1.8823738    
    182304   1.8737872    
    182592   1.8615706    
    182880   1.8639392    
    183168   1.8595679    
    183456   1.8503225    
    183744   1.8375800    
    184032   1.8393661    
    184320   1.8345315    
    184608   1.8248744    
    184896   1.8116206    
    185184   1.8127991    
    185472   1.8074213    
    185760   1.7972598    
    186048   1.7836303    
    186336   1.7843169    
    186624   1.7786013    
    186912   1.7681614    
    187200   1.7541604    
    187488   1.7375008    
    187776   1.7354752    
    188064   1.7277023    
    188352   1.7156572    
    188640   1.7004466    
    188928   1.6990992    
    189216   1.6918278    
    189504   1.6799861    
    189792   1.6647789    
    190080   1.6470401    
    190368   1.6431088    
    190656   1.6339000    
    190944   1.6206285    
    191232   1.6041678    
    191520   1.5851629    
    191808   1.5792804    
    192096   1.5684856    
    192384   1.5538390    
    192672   1.5361893    
    192960   1.5160619    
    193248   1.4938235    
    193536   1.4837930    
    193824   1.4695445    
    194112   1.4518811    
    194400   1.4314322    
    194688   1.4085886    
    194976   1.3836070    
    195264   1.3567408    
    195552   1.3403411    
    195840   1.3203821    
    196128   1.2974341    
    196416   1.2718899    
    196704   1.2440379    
    196992   1.2142606    
    197280   1.1828816    
    197568   1.1502291    
    197856   1.1165981    
    198144   1.0821955    
    198432   1.0562549    
    198720   1.0285830    
    199008  0.99967760    
    199296  0.96993649    
    199584  0.93966252    
    199872  0.90906417    
    200160  0.87837684    
    200448  0.84779012    
    200736  0.81745791    
    201024  0.78750050    
    201312  0.75800192    
    201600  0.72901970    
    201888  0.70064121    
    202176  0.67293596    
    202464  0.64595544    
    202752  0.61974132    
    203040  0.59432286    
    203328  0.56970972    
    203616  0.54589170    
    203904  0.52288854    
    204192  0.50071126    
    204480  0.47936344    
    204768  0.45884287    
    205056  0.43914214    
    205344  0.42024454    
    205632  0.40211236    
    205920  0.38473871    
    206208  0.36811161    
    206496  0.35221460    
    206784  0.33702835    
    207072  0.31998044    
    207360  0.30408072    
    207648  0.28920427    
    207936  0.27525058    
    208224  0.26213241    
    208512  0.24976936    
    208800  0.23810916    
    209088  0.22710609    
    209376  0.21671703    
    209664  0.20690411    
    209952  0.19606368    
    210240  0.18604068    
    210528  0.17673832    
    210816  0.16807783    
    211104  0.15999502    
    211392  0.15243584    
    211680  0.14535441    
    211968  0.13760814    
    212256  0.13048956    
    212544  0.12391733    
    212832  0.11782744    
    213120  0.11216717    
    213408  0.10689286    
    213696  0.10115348    
    213984  0.95900506E-01
    214272  0.91068193E-01
    214560  0.86604163E-01
    214848  0.82466297E-01
    215136  0.78619406E-01
    215424  0.74432783E-01
    215712  0.70609815E-01
    216000  0.67099787E-01
    216288  0.63862853E-01
    216576  0.60866248E-01
    216864  0.58083329E-01
    217152  0.55045616E-01
    217440  0.52276351E-01
    217728  0.49738389E-01
    218016  0.47404114E-01
    218304  0.45247678E-01
    218592  0.42900249E-01
    218880  0.40767383E-01
    219168  0.38816720E-01
    219456  0.37023246E-01
    219744  0.35366744E-01
    220032  0.33831172E-01
    220320  0.32143217E-01
    220608  0.30611133E-01
    220896  0.29210741E-01
    221184  0.27923416E-01
    221472  0.26734516E-01
    221760  0.25632575E-01
    222048  0.24409052E-01
    222336  0.23298640E-01
    222624  0.22284878E-01
    222912  0.21353757E-01
    223200  0.20494377E-01
    223488  0.19539140E-01
    223776  0.18673804E-01
    224064  0.17884631E-01
    224352  0.17161438E-01
    224640  0.16495226E-01
    224928  0.15878841E-01
    225216  0.15306519E-01
    225504  0.14655641E-01
    225792  0.14066780E-01
    226080  0.13529733E-01
    226368  0.13036837E-01
    226656  0.12582098E-01
    226944  0.12161210E-01
    227232  0.11677773E-01
    227520  0.11241425E-01
    227808  0.10844281E-01
    228096  0.10480425E-01
    228384  0.10145764E-01
    228672  0.98375278E-02
    228960  0.95527060E-02
    229248  0.92149517E-02
    229536  0.89112520E-02
    229824  0.86364076E-02
    230112  0.83859777E-02
    230400  0.81566796E-02
    230688  0.79462100E-02
    230976  0.77532297E-02
    231264  0.75162794E-02
    231552  0.73048007E-02
    231840  0.71148658E-02
    232128  0.69437525E-02
    232416  0.67888699E-02
    232704  0.66482965E-02
    232992  0.65207942E-02
    233280  0.64058928E-02
    233568  0.62532239E-02
    233856  0.61198091E-02
    234144  0.60028168E-02
    234432  0.59003597E-02
    234720  0.58106128E-02
    235008  0.57322653E-02
    235296  0.56644934E-02
    235584  0.56071617E-02
    235872  0.55213808E-02
    236160  0.54511130E-02
    236448  0.53943982E-02
    236736  0.53500952E-02
    237024  0.53169047E-02
    237312  0.52940235E-02
    237600  0.52809366E-02
    237888  0.52775526E-02
    238176  0.52424371E-02
    238464  0.52233203E-02
    238752  0.52180048E-02
    239040  0.52254875E-02
    239328  0.52453140E-02
    239616  0.52767796E-02
    239904  0.53195171E-02
    240192  0.53737210E-02
    240480  0.53958530E-02
    240768  0.54361559E-02
    241056  0.54925196E-02
    241344  0.55636694E-02
    241632  0.56494381E-02
    241920  0.57501304E-02
    242208  0.58656419E-02
    242496  0.59961365E-02
    242784  0.60910345E-02
    243072  0.62097213E-02
    243360  0.63497801E-02
    243648  0.65100575E-02
    243936  0.66902516E-02
    244224  0.68912422E-02
    244512  0.71145101E-02
    244800  0.73608207E-02
    245088  0.75663365E-02
    245376  0.78050382E-02
    245664  0.80747502E-02
    245952  0.83758645E-02
    246240  0.87098181E-02
    246528  0.90776151E-02
    246816  0.94810883E-02
    247104  0.99227056E-02
    247392  0.10316937E-01
    247680  0.10765446E-01
    247968  0.11267525E-01
    248256  0.11823372E-01
    248544  0.12435083E-01
    248832  0.13106141E-01
    249120  0.13841164E-01
    249408  0.14645667E-01
    249696  0.15396122E-01
    249984  0.16240932E-01
    250272  0.17181640E-01
    250560  0.18221073E-01
    250848  0.19365055E-01
    251136  0.20621663E-01
    251424  0.22000894E-01
    251712  0.23514569E-01
    252000  0.24969598E-01
    252288  0.26596658E-01
    252576  0.28400103E-01
    252864  0.30389916E-01
    253152  0.32580409E-01
    253440  0.34992855E-01
    253728  0.37652686E-01
    254016  0.40582657E-01
    254304  0.43457892E-01
    254592  0.46666995E-01
    254880  0.50223120E-01
    255168  0.54148994E-01
    255456  0.58475077E-01
    255744  0.63238084E-01
    256032  0.68480708E-01
    256320  0.74251197E-01
    256608  0.80603682E-01
    256896  0.87598607E-01
    257184  0.95302656E-01
    257472  0.10297130    
    257760  0.11149725    
    258048  0.12092234    
    258336  0.13130738    
    258624  0.14272933    
    258912  0.15527830    
    259200  0.16905576    
    259488  0.18417379    
    259776  0.20075567    
    260064  0.21893436    
    260352  0.23885354    
    260640  0.26064479    
    260928  0.28444260    
    261216  0.31043118    
    261504  0.33879757    
    261792  0.36973643    
    262080  0.40344745    
    262368  0.44013634    
    262656  0.48001280    
    262944  0.52328849    
    263232  0.57017708    
    263520  0.62088835    
    263808  0.67562884    
    264096  0.73459595    
    264384  0.79791272    
    264672  0.86566675    
    264960  0.93805116    
    265248   1.0152125    
    265536   1.0972584    
    265824   1.1842611    
    266112   1.2762479    
    266400   1.3731606    
    266688   1.4749001    
    266976   1.5813080    
    267264   1.6915385    
    267552   1.7968074    
    267840   1.8736553    
    268128   1.9197900    
    268416   1.9540287    
    268704   1.9797025    
    268992   1.9986519    
    269280   2.0122995    
    269568   2.0216112    
    269856   2.0275493    
    270144   2.0308449    
    270432   2.0467377    
    270720   2.0566032    
    271008   2.0620162    
    271296   2.0640726    
    271584   2.0635154    
    271872   2.0609248    
    272160   2.0565789    
    272448   2.0662482    
    272736   2.0703285    
    273024   2.0703385    
    273312   2.0673370    
    273600   2.0620806    
    273888   2.0551109    
    274176   2.0624542    
    274464   2.0640197    
    274752   2.0613925    
    275040   2.0557375    
    275328   2.0478556    
    275616   2.0382950    
    275904   2.0434244    
    276192   2.0428233    
    276480   2.0380971    
    276768   2.0302305    
    277056   2.0200977    
    277344   2.0245638    
    277632   2.0229983    
    277920   2.0170982    
    278208   2.0080602    
    278496   2.0131357    
    278784   2.0116770    
    279072   2.0055184    
    279360   1.9958246    
    279648   2.0002532    
    279936   1.9979776    
    280224   1.9909048    
    280512   1.9803752    
    280800   1.9673203    
    281088   1.9690547    
    281376   1.9645507    
    281664   1.9555756    
    281952   1.9432089    
    282240   1.9494065    
    282528   1.9478451    
    282816   1.9407192    
    283104   1.9295870    
    283392   1.9155394    
    283680   1.9160837    
    283968   1.9102215    
    284256   1.8997531    
    284544   1.8859507    
    284832   1.8863230    
    285120   1.8800278    
    285408   1.8689938    
    285696   1.8713642    
    285984   1.8665216    
    286272   1.8564733    
    286560   1.8426446    
    286848   1.8427663    
    287136   1.8361721    
    287424   1.8245916    
    287712   1.8093296    
    288000   1.8081005    
    288288   1.8003509    
    288576   1.7878805    
    288864   1.7719704    
    289152   1.7699476    
    289440   1.7615585    
    289728   1.7485126    
    290016   1.7319078    
    290304   1.7288846    
    290592   1.7195715    
    290880   1.7056658    
    291168   1.6883850    
    291456   1.6845176    
    291744   1.6745898    
    292032   1.6601670    
    292320   1.6422718    
    292608   1.6216584    
    292896   1.6144481    
    293184   1.6017967    
    293472   1.5850580    
    293760   1.5652287    
    294048   1.5579515    
    294336   1.5451478    
    294624   1.5279961    
    294912   1.5075564    
    295200   1.4845138    
    295488   1.4735582    
    295776   1.4576750    
    296064   1.4379256    
    296352   1.4149745    
    296640   1.3892581    
    296928   1.3744762    
    297216   1.3549925    
    297504   1.3317591    
    297792   1.3054324    
    298080   1.2763418    
    298368   1.2447504    
    298656   1.2226951    
    298944   1.1966627    
    299232   1.1675881    
    299520   1.1361849    
    299808   1.1029367    
    300096   1.0682306    
    300384   1.0324686    
    300672   1.0051438    
    300960  0.97554791    
    301248  0.94440109    
    301536  0.91221249    
    301824  0.87933928    
    302112  0.84614146    
    302400  0.81288803    
    302688  0.77979803    
    302976  0.74704456    
    303264  0.71472681    
    303552  0.68882012    
    303840  0.66237146    
    304128  0.63576752    
    304416  0.60929209    
    304704  0.58313805    
    304992  0.55742490    
    305280  0.53228277    
    305568  0.50780427    
    305856  0.48405108    
    306144  0.46106845    
    306432  0.43887177    
    306720  0.41746148    
    307008  0.39685962    
    307296  0.37707475    
    307584  0.35810784    
    307872  0.33995402    
    308160  0.32260230    
    308448  0.30603001    
    308736  0.29020697    
    309024  0.27512145    
    309312  0.26075700    
    309600  0.24709457    
    309888  0.23411232    
    310176  0.22178660    
    310464  0.21008947    
    310752  0.19898522    
    311040  0.18845466    
    311328  0.17847711    
    311616  0.16902995    
    311904  0.16009021    
    312192  0.15044329    
    312480  0.14152987    
    312768  0.13326317    
    313056  0.12557404    
    313344  0.11840307    
    313632  0.11169840    
    313920  0.10542267    
    314208  0.99544026E-01
    314496  0.94034143E-01
    314784  0.88866651E-01
    315072  0.83356649E-01
