         1  0.33822218    
       288  0.20613079E-02
       576  0.20725550E-02
       864  0.20839882E-02
      1152  0.20956127E-02
      1440  0.21074323E-02
      1728  0.21209214E-02
      2016  0.21345799E-02
      2304  0.21484152E-02
      2592  0.21624316E-02
      2880  0.21766315E-02
      3168  0.21910188E-02
      3456  0.22069928E-02
      3744  0.22231336E-02
      4032  0.22394420E-02
      4320  0.22559213E-02
      4608  0.22725691E-02
      4896  0.22893802E-02
      5184  0.23077189E-02
      5472  0.23262054E-02
      5760  0.23448372E-02
      6048  0.23636089E-02
      6336  0.23825131E-02
      6624  0.24015401E-02
      6912  0.24220492E-02
      7200  0.24426689E-02
      7488  0.24633883E-02
      7776  0.24841966E-02
      8064  0.25050784E-02
      8352  0.25274099E-02
      8640  0.25498017E-02
      8928  0.25722370E-02
      9216  0.25947008E-02
      9504  0.26171720E-02
      9792  0.26396285E-02
     10080  0.26635183E-02
     10368  0.26873827E-02
     10656  0.27111974E-02
     10944  0.27349393E-02
     11232  0.27585805E-02
     11520  0.27820899E-02
     11808  0.28070193E-02
     12096  0.28318088E-02
     12384  0.28564238E-02
     12672  0.28808317E-02
     12960  0.29049958E-02
     13248  0.29305865E-02
     13536  0.29559233E-02
     13824  0.29809680E-02
     14112  0.30056827E-02
     14400  0.30300198E-02
     14688  0.30539385E-02
     14976  0.30773848E-02
     15264  0.31022800E-02
     15552  0.31266990E-02
     15840  0.31505895E-02
     16128  0.31738987E-02
     16416  0.31965694E-02
     16704  0.32185582E-02
     16992  0.32420345E-02
     17280  0.32648104E-02
     17568  0.32868264E-02
     17856  0.33080159E-02
     18144  0.33283210E-02
     18432  0.33476665E-02
     18720  0.33659749E-02
     19008  0.33858686E-02
     19296  0.34047319E-02
     19584  0.34224885E-02
     19872  0.34390565E-02
     20160  0.34543576E-02
     20448  0.34683188E-02
     20736  0.34808377E-02
     21024  0.34950767E-02
     21312  0.35078856E-02
     21600  0.35191781E-02
     21888  0.35288536E-02
     22176  0.35368151E-02
     22464  0.35429620E-02
     22752  0.35472109E-02
     23040  0.35494375E-02
     23328  0.35535907E-02
     23616  0.35557365E-02
     23904  0.35557763E-02
     24192  0.35535858E-02
     24480  0.35490512E-02
     24768  0.35420551E-02
     25056  0.35325100E-02
     25344  0.35202748E-02
     25632  0.35096472E-02
     25920  0.34963198E-02
     26208  0.34801932E-02
     26496  0.34611376E-02
     26784  0.34390478E-02
     27072  0.34138272E-02
     27360  0.33853916E-02
     27648  0.33537010E-02
     27936  0.33246414E-02
     28224  0.32923806E-02
     28512  0.32568797E-02
     28800  0.32181372E-02
     29088  0.31761646E-02
     29376  0.31310162E-02
     29664  0.30827967E-02
     29952  0.30316950E-02
     30240  0.29844055E-02
     30528  0.29345481E-02
     30816  0.28823409E-02
     31104  0.28280488E-02
     31392  0.27719969E-02
     31680  0.27145213E-02
     31968  0.26559962E-02
     32256  0.25968219E-02
     32544  0.25437146E-02
     32832  0.24903552E-02
     33120  0.24370849E-02
     33408  0.23842349E-02
     33696  0.23321297E-02
     33984  0.22811021E-02
     34272  0.22313942E-02
     34560  0.21832555E-02
     34848  0.21422233E-02
     35136  0.21025755E-02
     35424  0.20644467E-02
     35712  0.20279647E-02
     36000  0.19931898E-02
     36288  0.19601714E-02
     36576  0.19289379E-02
     36864  0.18994886E-02
     37152  0.18762228E-02
     37440  0.18541832E-02
     37728  0.18333473E-02
     38016  0.18136856E-02
     38304  0.17951665E-02
     38592  0.17777524E-02
     38880  0.17613991E-02
     39168  0.17460583E-02
     39456  0.17354973E-02
     39744  0.17254151E-02
     40032  0.17157857E-02
     40320  0.17065902E-02
     40608  0.16978113E-02
     40896  0.16894273E-02
     41184  0.16814222E-02
     41472  0.16737708E-02
     41760  0.16699256E-02
     42048  0.16660111E-02
     42336  0.16620428E-02
     42624  0.16580371E-02
     42912  0.16540050E-02
     43200  0.16499838E-02
     43488  0.16459605E-02
     43776  0.16419482E-02
     44064  0.16412091E-02
     44352  0.16401387E-02
     44640  0.16387816E-02
     44928  0.16371735E-02
     45216  0.16353499E-02
     45504  0.16333456E-02
     45792  0.16311900E-02
     46080  0.16289154E-02
     46368  0.16265447E-02
     46656  0.16241043E-02
     46944  0.16216203E-02
     47232  0.16222335E-02
     47520  0.16224899E-02
     47808  0.16224394E-02
     48096  0.16221238E-02
     48384  0.16215851E-02
     48672  0.16208616E-02
     48960  0.16199860E-02
     49248  0.16189934E-02
     49536  0.16179089E-02
     49824  0.16167617E-02
     50112  0.16155720E-02
     50400  0.16143462E-02
     50688  0.16131202E-02
     50976  0.16119123E-02
     51264  0.16107365E-02
     51552  0.16096082E-02
     51840  0.16085363E-02
     52128  0.16075313E-02
     52416  0.16066037E-02
     52704  0.16057628E-02
     52992  0.16050140E-02
     53280  0.16043655E-02
     53568  0.16038180E-02
     53856  0.16033837E-02
     54144  0.16030419E-02
     54432  0.16028180E-02
     54720  0.16027167E-02
     55008  0.16027384E-02
     55296  0.16028892E-02
     55584  0.16031686E-02
     55872  0.16035789E-02
     56160  0.16041258E-02
     56448  0.16048059E-02
     56736  0.16056250E-02
     57024  0.16065752E-02
     57312  0.16076682E-02
     57600  0.16055971E-02
     57888  0.16040433E-02
     58176  0.16029655E-02
     58464  0.16023359E-02
     58752  0.16021188E-02
     59040  0.16022875E-02
     59328  0.16028010E-02
     59616  0.16036544E-02
     59904  0.16048277E-02
     60192  0.16028470E-02
     60480  0.16015345E-02
     60768  0.16008336E-02
     61056  0.16006973E-02
     61344  0.16010762E-02
     61632  0.16019348E-02
     61920  0.16032264E-02
     62208  0.16013312E-02
     62496  0.16002147E-02
     62784  0.15998099E-02
     63072  0.16000549E-02
     63360  0.16008958E-02
     63648  0.16022864E-02
     63936  0.16004710E-02
     64224  0.15994922E-02
     64512  0.15993085E-02
     64800  0.15998491E-02
     65088  0.16010533E-02
     65376  0.16028659E-02
     65664  0.20039782E+15
     65952  0.16008354E-02
     66240  0.16011184E-02
     66528  0.16021578E-02
     66816  0.16039015E-02
     67104  0.16023063E-02
     67392  0.16017176E-02
     67680  0.16020475E-02
     67968  0.16032148E-02
     68256  0.16010546E-02
     68544  0.16000163E-02
     68832  0.15999946E-02
     69120  0.16008904E-02
     69408  0.15984160E-02
     69696  0.15971478E-02
     69984  0.15969762E-02
     70272  0.15981850E-02
     70560  0.16030211E-02
     70848  0.16038507E-02
     71136  0.16052922E-02
     71424  0.16073725E-02
     71712  0.16101039E-02
     72000  0.16078638E-02
     72288  0.16068234E-02
     72576  0.16069071E-02
     72864  0.16080419E-02
     73152  0.16101584E-02
     73440  0.16085744E-02
     73728  0.16082869E-02
     74016  0.16091871E-02
     74304  0.16111784E-02
     74592  0.16094325E-02
     74880  0.16090625E-02
     75168  0.16099472E-02
     75456  0.16071392E-02
     75744  0.16058342E-02
     76032  0.16058936E-02
     76320  0.16071958E-02
     76608  0.16047257E-02
     76896  0.16037426E-02
     77184  0.16040896E-02
     77472  0.16056736E-02
     77760  0.16033836E-02
     78048  0.16025734E-02
     78336  0.16031101E-02
     78624  0.16048746E-02
     78912  0.16027065E-02
     79200  0.16020072E-02
     79488  0.16026432E-02
     79776  0.16044936E-02
     80064  0.16023315E-02
     80352  0.16016329E-02
     80640  0.16022718E-02
     80928  0.16041317E-02
     81216  0.16019582E-02
     81504  0.16012352E-02
     81792  0.16018407E-02
     82080  0.16036492E-02
     82368  0.16065780E-02
     82656  0.16053655E-02
     82944  0.16055091E-02
     83232  0.16068991E-02
     83520  0.16094354E-02
     83808  0.16078745E-02
     84096  0.16076532E-02
     84384  0.16086913E-02
     84672  0.16108904E-02
     84960  0.16141610E-02
     85248  0.16133310E-02
     85536  0.16137906E-02
     85824  0.16154409E-02
     86112  0.16181744E-02
     86400  0.16219198E-02
     86688  0.16216325E-02
     86976  0.16225687E-02
     87264  0.16246313E-02
     87552  0.16277302E-02
     87840  0.16317680E-02
     88128  0.16366744E-02
     88416  0.16376718E-02
     88704  0.16397239E-02
     88992  0.16427332E-02
     89280  0.16466093E-02
     89568  0.16512468E-02
     89856  0.16565620E-02
     90144  0.16624640E-02
     90432  0.16646383E-02
     90720  0.16675611E-02
     91008  0.16711437E-02
     91296  0.16752804E-02
     91584  0.16799112E-02
     91872  0.16849658E-02
     92160  0.16903883E-02
     92448  0.16961233E-02
     92736  0.17021232E-02
     93024  0.17083382E-02
     93312  0.17113108E-02
     93600  0.17147019E-02
     93888  0.17184345E-02
     94176  0.17224476E-02
     94464  0.17266811E-02
     94752  0.17311060E-02
     95040  0.17356904E-02
     95328  0.17404084E-02
     95616  0.17452334E-02
     95904  0.17501471E-02
     96192  0.17551264E-02
     96480  0.17601619E-02
     96768  0.17652467E-02
     97056  0.17703720E-02
     97344  0.17755353E-02
     97632  0.17807354E-02
     97920  0.17859720E-02
     98208  0.17912412E-02
     98496  0.17965497E-02
     98784  0.18019036E-02
     99072  0.18073086E-02
     99360  0.18127738E-02
     99648  0.18183062E-02
     99936  0.18239154E-02
    100224  0.18296001E-02
    100512  0.18353771E-02
    100800  0.18412565E-02
    101088  0.18472482E-02
    101376  0.18533600E-02
    101664  0.18596037E-02
    101952  0.18677511E-02
    102240  0.18759425E-02
    102528  0.18842142E-02
    102816  0.18925854E-02
    103104  0.19010635E-02
    103392  0.19096661E-02
    103680  0.19184018E-02
    103968  0.19272856E-02
    104256  0.19363257E-02
    104544  0.19455320E-02
    104832  0.19563907E-02
