       288   2133.0957    
       576   2132.3909    
       864   2131.8103    
      1152   2131.3059    
      1440   2130.8623    
      1728   2130.6243    
      2016   2130.4338    
      2304   2130.2795    
      2592   2130.1687    
      2880   2130.0854    
      3168   2130.0334    
      3456   2130.2014    
      3744   2130.4995    
      4032   2130.9631    
      4320   2131.6062    
      4608   2132.4473    
      4896   2133.4846    
      5184   2134.7903    
      5472   2136.2056    
      5760   2137.6997    
      6048   2139.2292    
      6336   2140.7563    
      6624   2142.2678    
      6912   2143.7869    
      7200   2145.2485    
      7488   2146.6548    
      7776   2147.9963    
      8064   2149.2837    
      8352   2150.5156    
      8640   2151.6919    
      8928   2152.8169    
      9216   2153.8745    
      9504   2154.8909    
      9792   2155.8743    
     10080   2156.7883    
     10368   2157.6790    
     10656   2158.5227    
     10944   2159.3330    
     11232   2160.1064    
     11520   2160.8521    
     11808   2161.5552    
     12096   2162.2559    
     12384   2162.8887    
     12672   2163.5215    
     12960   2164.1328    
     13248   2164.6953    
     13536   2165.2578    
     13824   2165.8154    
     14112   2166.3076    
     14400   2166.7998    
     14688   2167.2920    
     14976   2167.7776    
     15264   2168.1995    
     15552   2168.6213    
     15840   2169.0432    
     16128   2169.4651    
     16416   2169.8870    
     16704   2170.2439    
     16992   2170.5955    
     17280   2170.9470    
     17568   2171.2986    
     17856   2171.6501    
     18144   2172.0017    
     18432   2172.3533    
     18720   2172.6738    
     19008   2172.9551    
     19296   2173.2363    
     19584   2173.5176    
     19872   2173.7988    
     20160   2174.0801    
     20448   2174.3613    
     20736   2174.6426    
     21024   2174.9238    
     21312   2175.2051    
     21600   2175.4863    
     21888   2175.7676    
     22176   2176.0488    
     22464   2176.3301    
     22752   2176.6113    
     23040   2176.8813    
     23328   2177.0923    
     23616   2177.3032    
     23904   2177.5142    
     24192   2177.7251    
     24480   2177.9360    
     24768   2178.1470    
     25056   2178.3579    
     25344   2178.5688    
     25632   2178.7798    
     25920   2178.9907    
     26208   2179.2017    
     26496   2179.4126    
     26784   2179.6235    
     27072   2179.8345    
     27360   2180.0454    
     27648   2180.2563    
     27936   2180.4673    
     28224   2180.6782    
     28512   2180.8892    
     28800   2181.1001    
     29088   2181.3110    
     29376   2181.5220    
     29664   2181.7329    
     29952   2181.9438    
     30240   2182.1548    
     30528   2182.3657    
     30816   2182.5767    
     31104   2182.7876    
     31392   2182.9985    
     31680   2183.2095    
     31968   2183.4204    
     32256   2183.6313    
     32544   2183.8423    
     32832   2184.1028    
     33120   2184.3840    
     33408   2184.6653    
     33696   2184.9465    
     33984   2185.2278    
     34272   2185.5090    
     34560   2185.7903    
     34848   2186.0715    
     35136   2186.3528    
     35424   2186.6340    
     35712   2186.9153    
     36000   2187.1965    
     36288   2187.4778    
     36576   2187.7590    
     36864   2188.0403    
     37152   2188.3215    
     37440   2188.6028    
     37728   2188.8840    
     38016   2189.1653    
     38304   2189.4465    
     38592   2189.7278    
     38880   2190.0090    
     39168   2190.2903    
     39456   2190.5715    
     39744   2190.8528    
     40032   2191.1340    
     40320   2191.4153    
     40608   2191.6965    
     40896   2191.9778    
     41184   2192.2590    
     41472   2192.5403    
     41760   2192.8215    
     42048   2193.1028    
     42336   2193.3840    
     42624   2193.6653    
     42912   2193.9465    
     43200   2194.2278    
     43488   2194.5090    
     43776   2194.8047    
     44064   2195.1562    
     44352   2195.5078    
     44640   2195.8594    
     44928   2196.2109    
     45216   2196.5625    
     45504   2196.9141    
     45792   2197.2656    
     46080   2197.6172    
     46368   2197.9688    
     46656   2198.3203    
     46944   2198.6719    
     47232   2199.0234    
     47520   2199.3750    
     47808   2199.7266    
     48096   2200.0781    
     48384   2200.4297    
     48672   2200.7812    
     48960   2201.1328    
     49248   2201.4844    
     49536   2201.8359    
     49824   2202.1875    
     50112   2202.5391    
     50400   2202.8906    
     50688   2203.2422    
     50976   2203.5938    
     51264   2203.9453    
     51552   2204.2969    
     51840   2204.6484    
     52128   2205.0000    
     52416   2205.3516    
     52704   2205.7031    
     52992   2206.0547    
     53280   2206.4062    
     53568   2206.7578    
     53856   2207.1094    
     54144   2207.4609    
     54432   2207.8125    
     54720   2208.1641    
     55008   2208.5156    
     55296   2208.8672    
     55584   2209.2188    
     55872   2209.5703    
     56160   2209.9219    
     56448   2210.2734    
     56736   2210.6250    
     57024   2210.9766    
     57312   2211.3281    
     57600   2211.6797    
     57888   2212.0312    
     58176   2212.3828    
     58464   2212.7344    
     58752   2213.0859    
     59040   2213.4375    
     59328   2213.7891    
     59616   2214.1406    
     59904   2214.4922    
     60192   2214.8438    
     60480   2215.1953    
     60768   2215.5469    
     61056   2215.8984    
     61344   2216.2500    
     61632   2216.6016    
     61920   2216.9531    
     62208   2217.3047    
     62496   2217.6562    
     62784   2218.0078    
     63072   2218.3594    
     63360   2218.7109    
     63648   2219.0625    
     63936   2219.4141    
     64224   2219.7656    
     64512   2220.1172    
     64800   2220.4492    
     65088   2220.7305    
     65376   2221.0117    
     65664   2221.2930    
     65952   2221.5742    
     66240   2221.8555    
     66528   2222.1367    
     66816   2222.4180    
     67104   2222.6992    
     67392   2222.9805    
     67680   2223.2617    
     67968   2223.5430    
     68256   2223.8242    
     68544   2224.1055    
     68832   2224.3867    
     69120   2224.6680    
     69408   2224.9492    
     69696   2225.2305    
     69984   2225.5117    
     70272   2225.7930    
     70560   2226.0742    
     70848   2226.3555    
     71136   2226.6367    
     71424   2226.9180    
     71712   2227.1992    
     72000   2227.4805    
     72288   2227.7617    
     72576   2228.0430    
     72864   2228.3242    
     73152   2228.6055    
     73440   2228.8867    
     73728   2229.1118    
     74016   2229.3228    
     74304   2229.5337    
     74592   2229.7446    
     74880   2229.9556    
     75168   2230.1665    
     75456   2230.3774    
     75744   2230.5884    
     76032   2230.7993    
     76320   2231.0103    
     76608   2231.2212    
     76896   2231.4321    
     77184   2231.6431    
     77472   2231.8540    
     77760   2232.0649    
     78048   2232.2759    
     78336   2232.4868    
     78624   2232.6978    
     78912   2232.9087    
     79200   2233.1196    
     79488   2233.3306    
     79776   2233.5415    
     80064   2233.7524    
     80352   2233.9634    
     80640   2234.1743    
     80928   2234.3853    
     81216   2234.5962    
     81504   2234.8071    
     81792   2235.0181    
     82080   2235.2290    
     82368   2235.3718    
     82656   2235.5125    
     82944   2235.6531    
     83232   2235.7937    
     83520   2235.9343    
     83808   2236.0750    
     84096   2236.2156    
     84384   2236.3562    
     84672   2236.4968    
     84960   2236.6375    
     85248   2236.7781    
     85536   2236.9187    
     85824   2237.0593    
     86112   2237.2000    
     86400   2237.3406    
     86688   2237.4812    
     86976   2237.6218    
     87264   2237.7625    
     87552   2237.9031    
     87840   2238.0437    
     88128   2238.1843    
     88416   2238.3250    
     88704   2238.4656    
     88992   2238.6062    
     89280   2238.7468    
     89568   2238.8875    
     89856   2239.0281    
     90144   2239.1687    
     90432   2239.3093    
     90720   2239.4500    
     91008   2239.5906    
     91296   2239.7312    
     91584   2239.8718    
     91872   2240.0125    
     92160   2240.1531    
     92448   2240.2937    
     92736   2240.4343    
     93024   2240.5750    
     93312   2240.7156    
     93600   2240.8562    
     93888   2240.9968    
     94176   2241.1375    
     94464   2241.2781    
     94752   2241.3762    
     95040   2241.4465    
     95328   2241.5168    
     95616   2241.5872    
     95904   2241.6575    
     96192   2241.7278    
     96480   2241.7981    
     96768   2241.8684    
     97056   2241.9387    
     97344   2242.0090    
     97632   2242.0793    
     97920   2242.1497    
     98208   2242.2200    
     98496   2242.2903    
     98784   2242.3606    
     99072   2242.4309    
     99360   2242.5012    
     99648   2242.5715    
     99936   2242.6418    
    100224   2242.7122    
    100512   2242.7825    
    100800   2242.8528    
    101088   2242.9231    
    101376   2242.9934    
    101664   2243.0637    
    101952   2243.1340    
    102240   2243.2043    
    102528   2243.2747    
    102816   2243.3450    
    103104   2243.4153    
    103392   2243.4856    
    103680   2243.5559    
    103968   2243.6262    
    104256   2243.6965    
    104544   2243.7668    
    104832   2243.8372    
    105120   2243.9075    
    105408   2243.9778    
    105696   2244.0481    
    105984   2244.1184    
    106272   2244.1887    
    106560   2244.2590    
    106848   2244.3293    
    107136   2244.3997    
    107424   2244.4700    
    107712   2244.5403    
    108000   2244.6106    
    108288   2244.6809    
    108576   2244.7512    
    108864   2244.8215    
    109152   2244.8918    
    109440   2244.9622    
    109728   2245.0325    
    110016   2245.1028    
    110304   2245.1731    
    110592   2245.2434    
    110880   2245.3137    
    111168   2245.3840    
    111456   2245.4543    
    111744   2245.5247    
    112032   2245.5950    
    112320   2245.6653    
    112608   2245.7356    
    112896   2245.8059    
    113184   2245.8762    
    113472   2245.9465    
    113760   2246.0168    
    114048   2246.0872    
    114336   2246.1575    
    114624   2246.2278    
    114912   2246.2981    
    115200   2246.3684    
    115488   2246.4387    
    115776   2246.5090    
    116064   2246.5793    
    116352   2246.6497    
    116640   2246.7200    
    116928   2246.7903    
    117216   2246.8606    
    117504   2246.9309    
    117792   2247.0012    
    118080   2247.0715    
    118368   2247.1418    
    118656   2247.2122    
    118944   2247.2825    
    119232   2247.3528    
    119520   2247.4231    
    119808   2247.4934    
    120096   2247.5637    
    120384   2247.6340    
    120672   2247.7043    
    120960   2247.7747    
    121248   2247.8450    
    121536   2247.9153    
    121824   2247.9856    
    122112   2248.0559    
    122400   2248.1262    
    122688   2248.1965    
    122976   2248.2668    
    123264   2248.3372    
    123552   2248.4075    
    123840   2248.4778    
    124128   2248.5481    
    124416   2248.6184    
    124704   2248.6887    
    124992   2248.7590    
    125280   2248.8293    
    125568   2248.8997    
    125856   2248.9700    
    126144   2249.0403    
    126432   2249.1106    
    126720   2249.1809    
    127008   2249.2512    
    127296   2249.3215    
    127584   2249.3918    
    127872   2249.4622    
    128160   2249.5325    
    128448   2249.6028    
    128736   2249.6731    
    129024   2249.7434    
    129312   2249.8137    
    129600   2249.8840    
    129888   2249.9543    
    130176   2250.0247    
    130464   2250.0950    
    130752   2250.1653    
    131040   2250.2356    
    131328   2250.3059    
    131616   2250.3762    
    131904   2250.4465    
    132192   2250.5168    
    132480   2250.5872    
    132768   2250.6575    
    133056   2250.7278    
    133344   2250.7981    
    133632   2250.8684    
    133920   2250.9387    
    134208   2251.0090    
    134496   2251.0793    
    134784   2251.1497    
    135072   2251.2200    
    135360   2251.2903    
    135648   2251.3606    
    135936   2251.4309    
    136224   2251.5012    
    136512   2251.5715    
    136800   2251.6418    
    137088   2251.7122    
    137376   2251.7825    
    137664   2251.8528    
    137952   2251.9231    
    138240   2251.9934    
    138528   2252.0637    
    138816   2252.1340    
    139104   2252.2539    
    139392   2252.3945    
    139680   2252.5352    
    139968   2252.6758    
    140256   2252.8164    
    140544   2252.9570    
    140832   2253.0977    
    141120   2253.2383    
    141408   2253.3789    
    141696   2253.5195    
    141984   2253.6602    
    142272   2253.8008    
    142560   2253.9414    
    142848   2254.0820    
    143136   2254.2227    
    143424   2254.3633    
    143712   2254.5039    
    144000   2254.6445    
    144288   2254.7852    
    144576   2254.9258    
    144864   2255.0664    
    145152   2255.2070    
    145440   2255.3477    
    145728   2255.4883    
    146016   2255.6289    
    146304   2255.7695    
    146592   2255.9102    
    146880   2256.0508    
    147168   2256.1914    
    147456   2256.3320    
    147744   2256.4727    
    148032   2256.6133    
    148320   2256.7539    
    148608   2256.8945    
    148896   2257.0352    
    149184   2257.1758    
    149472   2257.3164    
    149760   2257.4570    
    150048   2257.5977    
    150336   2257.7383    
    150624   2257.8789    
    150912   2258.0195    
    151200   2258.1602    
    151488   2258.3008    
    151776   2258.4414    
    152064   2258.5820    
    152352   2258.7227    
    152640   2258.8633    
    152928   2259.0039    
    153216   2259.1445    
    153504   2259.2852    
    153792   2259.4258    
    154080   2259.5664    
    154368   2259.7070    
    154656   2259.8477    
    154944   2259.9883    
    155232   2260.1289    
    155520   2260.2695    
    155808   2260.4102    
    156096   2260.5508    
    156384   2260.6914    
    156672   2260.8320    
    156960   2260.9727    
    157248   2261.1133    
    157536   2261.2539    
    157824   2261.3945    
    158112   2261.5352    
    158400   2261.6758    
    158688   2261.8164    
    158976   2261.9570    
    159264   2262.0977    
    159552   2262.2383    
    159840   2262.3789    
    160128   2262.5195    
    160416   2262.6602    
    160704   2262.8008    
    160992   2262.9414    
    161280   2263.0820    
    161568   2263.2227    
    161856   2263.3633    
    162144   2263.5039    
    162432   2263.6445    
    162720   2263.7852    
    163008   2263.9258    
    163296   2264.0664    
    163584   2264.2070    
    163872   2264.3477    
    164160   2264.4883    
    164448   2264.6289    
    164736   2264.7695    
    165024   2264.9102    
    165312   2265.0508    
    165600   2265.1914    
    165888   2265.3320    
    166176   2265.4727    
    166464   2265.6133    
    166752   2265.7539    
    167040   2265.8945    
    167328   2266.0352    
    167616   2266.1758    
    167904   2266.3164    
    168192   2266.4570    
    168480   2266.5977    
    168768   2266.7383    
    169056   2266.8789    
    169344   2267.0195    
    169632   2267.1602    
    169920   2267.3008    
    170208   2267.4414    
    170496   2267.5820    
    170784   2267.7227    
    171072   2267.8633    
    171360   2268.0039    
    171648   2268.1445    
    171936   2268.2852    
    172224   2268.4258    
    172512   2268.5664    
    172800   2268.7070    
    173088   2268.8477    
    173376   2268.9883    
    173664   2269.1289    
    173952   2269.2695    
    174240   2269.4102    
    174528   2269.5508    
    174816   2269.6914    
    175104   2269.8320    
    175392   2269.9727    
    175680   2270.1133    
    175968   2270.2539    
    176256   2270.3945    
    176544   2270.5352    
    176832   2270.6758    
    177120   2270.8164    
    177408   2270.9570    
    177696   2271.0977    
    177984   2271.2383    
    178272   2271.3789    
    178560   2271.4912    
    178848   2271.5615    
    179136   2271.6318    
    179424   2271.7021    
    179712   2271.7725    
    180000   2271.8428    
    180288   2271.9131    
    180576   2271.9834    
    180864   2272.0537    
    181152   2272.1240    
    181440   2272.1943    
    181728   2272.2646    
    182016   2272.3350    
    182304   2272.4053    
    182592   2272.4756    
    182880   2272.5459    
    183168   2272.6162    
    183456   2272.6865    
    183744   2272.7568    
    184032   2272.8271    
    184320   2272.8975    
    184608   2272.9678    
    184896   2273.0381    
    185184   2273.1084    
    185472   2273.1787    
    185760   2273.2490    
    186048   2273.3193    
    186336   2273.3896    
    186624   2273.4600    
    186912   2273.5303    
    187200   2273.6006    
    187488   2273.6709    
    187776   2273.7412    
    188064   2273.8115    
    188352   2273.8818    
    188640   2273.9521    
    188928   2274.0225    
    189216   2274.0928    
    189504   2274.1631    
    189792   2274.2334    
    190080   2274.3037    
    190368   2274.3740    
    190656   2274.4443    
    190944   2274.5146    
    191232   2274.5850    
    191520   2274.6553    
    191808   2274.7256    
    192096   2274.7959    
    192384   2274.8662    
    192672   2274.9365    
    192960   2275.0068    
    193248   2275.0771    
    193536   2275.1475    
    193824   2275.2178    
    194112   2275.2881    
    194400   2275.3584    
    194688   2275.4287    
    194976   2275.4990    
    195264   2275.5693    
    195552   2275.6396    
    195840   2275.7100    
    196128   2275.7803    
    196416   2275.8506    
    196704   2275.9209    
    196992   2275.9912    
    197280   2276.0615    
    197568   2276.1318    
    197856   2276.2021    
    198144   2276.2725    
    198432   2276.3428    
    198720   2276.4131    
    199008   2276.4834    
    199296   2276.5537    
    199584   2276.6240    
    199872   2276.6943    
    200160   2276.7646    
    200448   2276.8350    
    200736   2276.9053    
    201024   2276.9756    
    201312   2277.0459    
    201600   2277.1162    
    201888   2277.1865    
    202176   2277.2568    
    202464   2277.3271    
    202752   2277.3975    
    203040   2277.4678    
    203328   2277.5381    
    203616   2277.6084    
    203904   2277.6787    
    204192   2277.7490    
    204480   2277.8193    
    204768   2277.8896    
    205056   2277.9600    
    205344   2278.0303    
    205632   2278.1006    
    205920   2278.1709    
    206208   2278.2412    
    206496   2278.3115    
    206784   2278.3818    
    207072   2278.4521    
    207360   2278.5225    
    207648   2278.5552    
    207936   2278.5552    
    208224   2278.5552    
    208512   2278.5552    
    208800   2278.5552    
    209088   2278.5552    
    209376   2278.5552    
    209664   2278.5552    
    209952   2278.5552    
    210240   2278.5552    
    210528   2278.5552    
    210816   2278.5552    
    211104   2278.5552    
    211392   2278.5552    
    211680   2278.5552    
    211968   2278.5552    
    212256   2278.5552    
    212544   2278.5552    
    212832   2278.5552    
    213120   2278.5552    
    213408   2278.5552    
    213696   2278.5552    
    213984   2278.5552    
    214272   2278.5552    
    214560   2278.5552    
    214848   2278.5552    
    215136   2278.5552    
    215424   2278.5552    
    215712   2278.5552    
    216000   2278.5552    
    216288   2278.5552    
    216576   2278.5552    
    216864   2278.5552    
    217152   2278.5552    
    217440   2278.5552    
    217728   2278.5552    
    218016   2278.5552    
    218304   2278.5552    
    218592   2278.5552    
    218880   2278.5552    
    219168   2278.5552    
    219456   2278.5552    
    219744   2278.5552    
    220032   2278.5552    
    220320   2278.5552    
    220608   2278.5552    
    220896   2278.5552    
    221184   2278.5552    
    221472   2278.5552    
    221760   2278.5552    
    222048   2278.5552    
    222336   2278.5552    
    222624   2278.5552    
    222912   2278.5552    
    223200   2278.5552    
    223488   2278.5552    
    223776   2278.5552    
    224064   2278.5552    
    224352   2278.5552    
    224640   2278.5552    
    224928   2278.5552    
    225216   2278.5552    
    225504   2278.5552    
    225792   2278.5552    
    226080   2278.5552    
    226368   2278.5552    
    226656   2278.5552    
    226944   2278.5552    
    227232   2278.5552    
    227520   2278.5552    
    227808   2278.5552    
    228096   2278.5552    
    228384   2278.5552    
    228672   2278.5552    
    228960   2278.5552    
    229248   2278.5552    
    229536   2278.5552    
    229824   2278.5552    
    230112   2278.5552    
    230400   2278.5552    
    230688   2278.5552    
    230976   2278.5552    
    231264   2278.5552    
    231552   2278.5552    
    231840   2278.5552    
    232128   2278.5552    
    232416   2278.5552    
    232704   2278.5552    
    232992   2278.5552    
    233280   2278.5552    
    233568   2278.5552    
    233856   2278.5552    
    234144   2278.5552    
    234432   2278.5750    
    234720   2278.6453    
    235008   2278.7156    
    235296   2278.7859    
    235584   2278.8562    
    235872   2278.9265    
    236160   2278.9968    
    236448   2279.0671    
    236736   2279.1375    
    237024   2279.2078    
    237312   2279.2781    
    237600   2279.3484    
    237888   2279.4187    
    238176   2279.4890    
    238464   2279.5593    
    238752   2279.6296    
    239040   2279.7000    
    239328   2279.7703    
    239616   2279.8406    
    239904   2279.9109    
    240192   2279.9812    
    240480   2280.0515    
    240768   2280.1218    
    241056   2280.1921    
    241344   2280.2625    
    241632   2280.3328    
    241920   2280.4031    
    242208   2280.4734    
    242496   2280.5437    
    242784   2280.6140    
    243072   2280.6843    
    243360   2280.7546    
    243648   2280.8250    
    243936   2280.8953    
    244224   2280.9656    
    244512   2281.0359    
    244800   2281.1062    
    245088   2281.1765    
    245376   2281.2468    
    245664   2281.3171    
    245952   2281.3875    
    246240   2281.4578    
    246528   2281.5281    
    246816   2281.5984    
    247104   2281.6687    
    247392   2281.7390    
    247680   2281.8093    
    247968   2281.8796    
    248256   2281.9500    
    248544   2282.0203    
    248832   2282.0906    
    249120   2282.1609    
    249408   2282.2312    
    249696   2282.3015    
    249984   2282.3718    
    250272   2282.4421    
    250560   2282.5125    
    250848   2282.5828    
    251136   2282.6531    
    251424   2282.7234    
    251712   2282.7937    
    252000   2282.8640    
    252288   2282.9343    
    252576   2283.0046    
    252864   2283.0750    
    253152   2283.1453    
    253440   2283.2156    
    253728   2283.2859    
    254016   2283.3562    
    254304   2283.4265    
    254592   2283.4968    
    254880   2283.5671    
    255168   2283.6375    
    255456   2283.7078    
    255744   2283.7781    
    256032   2283.8484    
    256320   2283.9187    
    256608   2283.9890    
    256896   2284.0593    
    257184   2284.1296    
    257472   2284.2000    
    257760   2284.2703    
    258048   2284.3406    
    258336   2284.4109    
    258624   2284.4812    
    258912   2284.5515    
    259200   2284.6218    
    259488   2284.6921    
    259776   2284.7625    
    260064   2284.8328    
    260352   2284.9031    
    260640   2284.9734    
    260928   2285.0437    
    261216   2285.1140    
    261504   2285.1843    
    261792   2285.2546    
    262080   2285.3250    
    262368   2285.3953    
    262656   2285.4656    
    262944   2285.5359    
    263232   2285.6062    
    263520   2285.6765    
    263808   2285.7468    
    264096   2285.8171    
    264384   2285.8875    
    264672   2285.9578    
    264960   2286.0281    
    265248   2286.0984    
    265536   2286.1687    
    265824   2286.2390    
    266112   2286.3093    
    266400   2286.3796    
    266688   2286.4500    
    266976   2286.5203    
    267264   2286.5906    
    267552   2286.6609    
    267840   2286.7312    
    268128   2286.8015    
    268416   2286.8718    
    268704   2286.9421    
    268992   2287.0125    
    269280   2287.0828    
    269568   2287.1531    
    269856   2287.2234    
    270144   2287.2937    
    270432   2287.3640    
    270720   2287.4343    
    271008   2287.5046    
    271296   2287.5750    
    271584   2287.6453    
    271872   2287.7156    
    272160   2287.7859    
    272448   2287.8562    
    272736   2287.9265    
    273024   2287.9968    
    273312   2288.0671    
    273600   2288.1375    
    273888   2288.2078    
    274176   2288.2781    
    274464   2288.3484    
    274752   2288.4187    
    275040   2288.4890    
    275328   2288.5593    
    275616   2288.6296    
    275904   2288.7000    
    276192   2288.7703    
    276480   2288.8406    
    276768   2288.9109    
    277056   2288.9812    
    277344   2289.0515    
    277632   2289.1218    
    277920   2289.1921    
    278208   2289.2625    
    278496   2289.3328    
    278784   2289.4031    
    279072   2289.4734    
    279360   2289.5437    
    279648   2289.6140    
    279936   2289.6843    
    280224   2289.7546    
    280512   2289.8250    
    280800   2289.8953    
    281088   2289.9656    
    281376   2290.0359    
    281664   2290.1062    
    281952   2290.1765    
    282240   2290.2468    
    282528   2290.3171    
    282816   2290.3875    
    283104   2290.4578    
    283392   2290.5281    
    283680   2290.5984    
    283968   2290.6687    
    284256   2290.7390    
    284544   2290.8093    
    284832   2290.8796    
    285120   2290.9500    
    285408   2291.0203    
    285696   2291.0906    
    285984   2291.1609    
    286272   2291.2312    
    286560   2291.3015    
    286848   2291.3718    
    287136   2291.4421    
    287424   2291.5125    
    287712   2291.5828    
    288000   2291.6531    
    288288   2291.7234    
    288576   2291.7937    
    288864   2291.8640    
    289152   2291.9343    
    289440   2292.0046    
    289728   2292.0750    
    290016   2292.1453    
    290304   2292.2156    
    290592   2292.2644    
    290880   2292.2644    
    291168   2292.2644    
    291456   2292.2644    
    291744   2292.2644    
    292032   2292.2644    
    292320   2292.2644    
    292608   2292.2644    
    292896   2292.2644    
    293184   2292.2644    
    293472   2292.2644    
    293760   2292.2644    
    294048   2292.2644    
    294336   2292.2644    
    294624   2292.2644    
    294912   2292.2644    
    295200   2292.2644    
    295488   2292.2644    
    295776   2292.2644    
    296064   2292.2644    
    296352   2292.2644    
    296640   2292.2644    
    296928   2292.2644    
    297216   2292.2644    
    297504   2292.2644    
    297792   2292.2644    
    298080   2292.2644    
    298368   2292.2644    
    298656   2292.2644    
    298944   2292.2644    
    299232   2292.2644    
    299520   2292.2644    
    299808   2292.2644    
    300096   2292.2644    
    300384   2292.2644    
    300672   2292.2644    
    300960   2292.2644    
    301248   2292.2644    
    301536   2292.2644    
    301824   2292.2644    
    302112   2292.2644    
    302400   2292.2644    
    302688   2292.2644    
    302976   2292.2644    
    303264   2292.2644    
    303552   2292.2644    
    303840   2292.2644    
    304128   2292.2644    
    304416   2292.2644    
    304704   2292.2644    
    304992   2292.2644    
    305280   2292.2644    
    305568   2292.2644    
    305856   2292.2644    
    306144   2292.2644    
    306432   2292.2644    
    306720   2292.2644    
    307008   2292.2644    
    307296   2292.2644    
    307584   2292.2644    
    307872   2292.2644    
    308160   2292.2644    
    308448   2292.2644    
    308736   2292.2644    
    309024   2292.2644    
    309312   2292.2644    
    309600   2292.2644    
    309888   2292.2644    
    310176   2292.2644    
    310464   2292.2644    
    310752   2292.2644    
    311040   2292.2644    
    311328   2292.2644    
    311616   2292.2644    
    311904   2292.2644    
    312192   2292.2644    
    312480   2292.2644    
    312768   2292.2644    
    313056   2292.2644    
    313344   2292.2644    
    313632   2292.2644    
    313920   2292.2644    
    314208   2292.2644    
    314496   2292.2644    
    314784   2292.2644    
    315072   2292.2644    
