         1   1.0000000    
        24   1.0000000    
        48   1.0000000    
        72   1.0000000    
        96   1.0000000    
       120   1.0000000    
       144   1.0000000    
       168   1.0000000    
       192   1.0000000    
       216   1.0000000    
       240   1.0000000    
       264   1.0000000    
       288   1.0000000    
       312   1.0000000    
       336   1.0000000    
       360   1.0000000    
       384   1.0000000    
       408   1.0000000    
       432   1.0000000    
       456   1.0000000    
       480   1.0000000    
       504   1.0000000    
       528   1.0000000    
       552   1.0000000    
       576   1.0000000    
       600   1.0000000    
       624   1.0000000    
       648   1.0000000    
       672   1.0000000    
       696   1.0000000    
       720   1.0000000    
       744   1.0000000    
       768   1.0000000    
       792   1.0000000    
       816   1.0000000    
       840   1.0000000    
       864   1.0000000    
       888   1.0000000    
       912   1.0013100    
       936   1.0052689    
       960   1.0119600    
       984   1.0214573    
      1008   1.0338528    
      1032   1.0492572    
      1056   1.0713007    
      1080   1.1016197    
      1104   1.1389832    
      1128   1.1824452    
      1152   1.2312692    
      1176   1.2848788    
      1200   1.3428272    
      1224   1.4052460    
      1248   1.4740264    
      1272   1.5488760    
      1296   1.6296264    
      1320   1.7162236    
      1344   1.8087202    
      1368   1.9072709    
      1392   2.0121312    
      1416   2.1236582    
      1440   2.2423108    
      1464   2.3686562    
      1488   2.5033698    
      1512   2.6472468    
      1536   2.8012035    
      1560   2.9662893    
      1584   3.1436968    
      1608   3.3347735    
      1632   3.5410357    
      1656   3.7641838    
      1680   4.0061193    
      1704   4.2689648    
      1728   4.5550814    
      1752   4.8670955    
      1776   5.2079191    
      1800   5.5807700    
      1824   5.9891953    
      1848   6.4370909    
      1872   6.9287105    
      1896   7.4686809    
      1920   8.0619898    
      1944   8.7139692    
      1968   9.4302502    
      1992   10.216692    
      2016   11.079283    
      2040   12.023983    
      2064   13.056518    
      2088   14.182115    
      2112   15.405161    
      2136   16.728817    
      2160   18.154545    
      2184   19.681623    
      2208   21.306681    
      2232   23.023243    
      2256   24.821445    
      2280   26.687908    
      2304   28.605907    
      2328   30.555750    
      2352   32.515491    
      2376   34.461784    
      2400   36.370888    
      2424   38.219624    
      2448   40.011890    
      2472   41.767670    
      2496   43.429104    
      2520   44.964375    
      2544   46.355904    
      2568   47.593910    
      2592   48.673435    
      2616   49.593067    
      2640   50.354279    
      2664   50.961010    
      2688   51.419270    
      2712   51.736794    
      2736   51.922638    
      2760   51.986835    
      2784   51.940094    
      2808   51.793419    
      2832   51.557945    
      2856   51.244598    
      2880   50.864006    
      2904   50.426311    
      2928   49.941021    
      2952   49.416985    
      2976   48.862312    
      3000   48.284367    
      3024   47.689762    
      3048   47.084362    
      3072   46.473335    
      3096   45.861172    
      3120   45.251728    
      3144   44.648308    
      3168   44.157085    
      3192   43.778374    
      3216   43.498158    
      3240   43.308075    
      3264   43.200081    
      3288   43.166367    
      3312   43.199364    
      3336   43.291767    
      3360   43.436543    
      3384   43.626911    
      3408   43.856426    
      3432   44.118946    
      3456   44.408653    
      3480   44.720127    
      3504   45.048306    
      3528   45.388531    
      3552   45.736553    
      3576   46.088535    
      3600   46.441048    
      3624   46.791092    
      3648   47.136036    
      3672   47.473660    
      3696   47.802109    
      3720   48.119858    
      3744   48.425705    
      3768   48.718761    
      3792   48.998379    
      3816   49.264156    
      3840   49.515881    
      3864   49.753544    
      3888   49.977272    
      3912   50.187340    
      3936   50.384090    
      3960   50.568001    
      3984   50.739548    
      4008   50.899307    
      4032   51.047848    
      4056   51.185810    
      4080   51.313786    
      4104   51.432373    
      4128   51.542194    
      4152   51.643826    
      4176   51.737820    
      4200   51.824726    
      4224   51.905041    
      4248   51.979240    
      4272   52.047760    
      4296   52.111023    
      4320   52.169407    
      4344   52.223251    
      4368   52.272846    
      4392   52.318489    
      4416   52.360413    
      4440   52.398808    
      4464   52.433868    
      4488   52.465733    
      4512   52.494534    
      4536   52.520348    
      4560   52.543232    
      4584   52.563206    
      4608   52.580299    
      4632   52.594452    
      4656   52.605625    
      4680   52.613743    
      4704   52.618683    
      4728   52.620354    
      4752   52.618553    
      4776   52.613106    
      4800   52.603809    
      4824   52.590435    
      4848   52.572704    
      4872   52.550346    
      4896   52.523029    
      4920   52.490440    
      4944   52.452225    
      4968   52.408012    
      4992   52.357403    
      5016   52.299988    
      5040   52.235352    
      5064   52.163059    
      5088   52.082664    
      5112   51.993736    
      5136   51.895836    
      5160   51.788525    
      5184   51.671387    
      5208   51.544048    
      5232   51.406116    
      5256   51.257248    
      5280   51.097168    
      5304   50.925613    
      5328   50.742374    
      5352   50.547340    
      5376   50.340439    
      5400   50.121674    
      5424   50.042061    
      5448   52.685394    
      5472   55.170933    
      5496   57.425964    
      5520   59.450954    
      5544   61.253574    
      5568   62.847046    
      5592   64.248344    
      5616   65.476631    
      5640   66.552078    
      5664   67.494881    
      5688   68.324631    
      5712   69.059875    
      5736   69.717796    
      5760   70.314110    
      5784   70.862976    
      5808   71.377113    
      5832   71.867783    
      5856   72.344994    
      5880   72.817528    
      5904   73.232872    
      5928   73.644279    
      5952   74.060951    
      5976   74.489502    
      6000   74.935898    
      6024   75.405609    
      6048   75.903603    
      6072   76.434303    
      6096   77.001801    
      6120   77.609825    
      6144   78.261848    
      6168   78.960976    
      6192   79.710228    
      6216   80.512421    
      6240   81.370247    
      6264   82.286285    
      6288   83.263000    
      6312   84.302841    
      6336   85.408150    
      6360   86.581299    
      6384   87.824570    
      6408   89.140205    
      6432   90.530441    
      6456   91.997368    
      6480   93.543083    
      6504   95.169518    
      6528   96.878464    
      6552   98.671524    
      6576   100.55006    
      6600   102.51516    
      6624   103.84599    
      6648   104.48206    
      6672   104.58720    
      6696   104.24474    
      6720   103.53672    
      6744   102.54345    
      6768   101.33877    
      6792   99.987587    
      6816   98.544952    
      6840   97.056389    
      6864   95.558662    
      6888   94.080849    
      6912   92.645493    
      6936   91.269676    
      6960   89.966019    
      6984   88.743530    
      7008   87.608292    
      7032   86.564087    
      7056   85.612846    
      7080   84.755066    
      7104   83.990074    
      7128   83.316269    
      7152   82.731392    
      7176   82.232460    
      7200   81.816078    
      7224   81.478378    
      7248   81.215126    
      7272   81.021751    
      7296   80.893333    
      7320   80.824669    
      7344   80.810158    
      7368   80.843956    
      7392   80.919830    
      7416   81.031212    
      7440   81.171188    
      7464   81.332481    
      7488   81.507385    
      7512   81.687843    
      7536   81.865364    
      7560   82.031120    
      7584   82.175797    
      7608   82.289673    
      7632   82.362671    
      7656   82.384323    
      7680   82.343826    
      7704   82.230141    
      7728   82.032043    
      7752   81.738274    
      7776   81.337776    
      7800   80.819885    
      7824   80.174744    
      7848   79.393806    
      7872   78.470551    
      7896   77.401360    
      7920   76.186424    
      7944   74.806656    
      7968   73.201012    
      7992   71.432724    
      8016   69.546860    
      8040   67.576927    
      8064   65.548828    
      8088   63.483124    
      8112   61.396507    
      8136   59.302696    
      8160   57.213100    
      8184   55.137249    
      8208   53.083130    
      8232   51.057423    
      8256   49.065746    
      8280   47.112762    
      8304   45.202324    
      8328   43.337612    
      8352   41.521183    
      8376   39.755089    
      8400   38.040890    
      8424   36.379738    
      8448   34.772434    
      8472   33.219452    
      8496   31.720974    
      8520   30.276945    
      8544   28.887074    
      8568   27.550875    
      8592   26.267704    
      8616   25.036734    
      8640   23.857033    
      8664   22.727545    
      8688   21.647114    
      8712   20.614510    
      8736   19.628433    
