         1   34000.000    
       288   69906.805    
       576   15926.397    
       864   5896.3369    
      1152   2799.4917    
      1440   1480.0546    
      1728   763.88519    
      2016   422.21588    
      2304   239.99542    
      2592   148.21765    
      2880   98.010567    
      3168   67.418816    
      3456   47.541630    
      3744   34.081844    
      4032   24.710915    
      4320   18.059799    
      4608   13.274287    
      4896   9.7971449    
      5184   7.2526298    
      5472   5.3808665    
      5760   3.9986908    
      6048   2.9751492    
      6336   2.2155948    
      6624   1.6510584    
      6912   1.2309792    
      7200   1.0000000    
      7488   1.0000000    
      7776   1.0000000    
      8064   1.0000000    
      8352   1.0000000    
      8640   1.0000000    
      8928   1.0000000    
      9216   1.0000000    
      9504   1.0000000    
      9792   1.0000000    
     10080   1.0000000    
     10368   1.0000000    
     10656   1.0000000    
     10944   1.0000000    
     11232   1.0000000    
     11520   1.0000000    
     11808   1.0000000    
     12096   1.0000000    
     12384   1.0000000    
     12672   1.0000000    
     12960   1.0000000    
     13248   1.0000000    
     13536   1.0000000    
     13824   1.0000000    
     14112   1.0000000    
     14400   1.0000000    
     14688   1.0000000    
     14976   1.0000000    
     15264   1.0000000    
     15552   1.0000000    
     15840   1.0000000    
     16128   1.0000000    
     16416   1.0000000    
     16704   1.0000000    
     16992   1.0000000    
     17280   1.0000000    
     17568   1.0003855    
     17856   1.3885303    
     18144   3.1099799    
     18432   11.678823    
     18720   74.719521    
     19008   638.54260    
     19296   2325.6492    
     19584   3066.8589    
     19872   3437.1731    
     20160   3773.0901    
     20448   4098.0527    
     20736   4409.7944    
     21024   4630.0503    
     21312   4833.0791    
     21600   5038.1655    
     21888   5240.9155    
     22176   5439.8540    
     22464   5635.8608    
     22752   5836.9531    
     23040   6036.0957    
     23328   6156.6558    
     23616   6276.3887    
     23904   6411.8140    
     24192   6553.7432    
     24480   6700.5386    
     24768   6852.3169    
     25056   7018.7588    
     25344   7187.6465    
     25632   7291.3311    
     25920   7397.9629    
     26208   7523.3872    
     26496   7653.5024    
     26784   7786.0986    
     27072   7920.2495    
     27360   8054.4009    
     27648   8199.6836    
     27936   8258.1768    
     28224   8312.9834    
     28512   8368.8760    
     28800   8440.4082    
     29088   8509.0518    
     29376   8574.3887    
     29664   8637.8955    
     29952   8716.1338    
     30240   8703.1543    
     30528   8701.4395    
     30816   8719.3232    
     31104   8759.0537    
     31392   8837.0293    
     31680   8930.2891    
     31968   9037.0674    
     32256   9156.3174    
     32544   9206.8057    
     32832   9278.5459    
     33120   9372.9600    
     33408   9487.1016    
     33696   9616.7529    
     33984   9776.8525    
     34272   9936.0049    
     34560   10092.303    
     34848   10142.902    
     35136   10213.497    
     35424   10304.737    
     35712   10434.444    
     36000   10566.010    
     36288   10697.481    
     36576   10828.080    
     36864   10956.965    
     37152   10977.572    
     37440   11046.529    
     37728   11127.555    
     38016   11219.168    
     38304   11318.942    
     38592   11423.921    
     38880   11531.375    
     39168   11639.203    
     39456   11636.862    
     39744   11689.481    
     40032   11755.249    
     40320   11832.200    
     40608   11917.452    
     40896   12007.714    
     41184   12100.156    
     41472   12192.789    
     41760   12171.288    
     42048   12182.910    
     42336   12222.872    
     42624   12282.749    
     42912   12354.782    
     43200   12460.654    
     43488   12553.946    
     43776   12637.985    
     44064   12598.494    
     44352   12594.311    
     44640   12619.619    
     44928   12664.976    
     45216   12722.098    
     45504   12784.767    
     45792   12848.854    
     46080   12911.875    
     46368   12972.541    
     46656   13030.212    
     46944   13084.676    
     47232   13012.439    
     47520   12983.038    
     47808   12985.910    
     48096   13009.021    
     48384   13042.900    
     48672   13081.021    
     48960   13119.360    
     49248   13155.588    
     49536   13188.738    
     49824   13218.329    
     50112   13244.300    
     50400   13237.424    
     50688   13243.753    
     50976   13255.929    
     51264   13269.143    
     51552   13280.716    
     51840   13289.365    
     52128   13294.605    
     52416   13296.277    
     52704   13294.422    
     52992   13289.176    
     53280   13280.582    
     53568   13268.713    
     53856   13253.601    
     54144   13206.109    
     54432   13172.178    
     54720   13144.185    
     55008   13117.063    
     55296   13088.100    
     55584   13056.048    
     55872   13020.384    
     56160   12981.019    
     56448   12937.952    
     56736   12891.243    
     57024   12812.693    
     57312   12746.902    
     57600   12835.278    
     57888   12860.729    
     58176   12842.657    
     58464   12796.621    
     58752   12733.527    
     59040   12660.279    
     59328   12553.376    
     59616   12458.517    
     59904   12369.627    
     60192   12432.424    
     60480   12432.368    
     60768   12388.242    
     61056   12315.608    
     61344   12225.457    
     61632   12125.004    
     61920   11992.310    
     62208   12020.979    
     62496   11995.838    
     62784   11931.055    
     63072   11839.636    
     63360   11731.272    
     63648   11612.662    
     63936   11636.375    
     64224   11575.823    
     64512   11485.753    
     64800   11375.419    
     65088   11251.343    
     65376   11118.411    
     65664   11127.151    
     65952   11079.747    
     66240   10990.434    
     66528   10849.634    
     66816   10703.324    
     67104   10698.835    
     67392   10642.282    
     67680   10545.331    
     67968   10420.354    
     68256   10418.581    
     68544   10359.677    
     68832   10257.403    
     69120   10104.438    
     69408   10081.375    
     69696   10011.441    
     69984   9903.3096    
     70272   9767.8887    
     70560   9614.2686    
     70848   9583.2520    
     71136   9507.7617    
     71424   9395.2324    
     71712   9237.0615    
     72000   9237.2783    
     72288   9185.9238    
     72576   9089.9326    
     72864   8960.7578    
     73152   8808.4209    
     73440   8765.6367    
     73728   8683.7695    
     74016   8567.3330    
     74304   8425.0371    
     74592   8369.6172    
     74880   8282.2793    
     75168   8165.3125    
     75456   8141.1055    
     75744   8074.9404    
     76032   7970.5542    
     76320   7836.8154    
     76608   7793.1260    
     76896   7714.4111    
     77184   7588.5557    
     77472   7442.6431    
     77760   7389.5117    
     78048   7308.4502    
     78336   7198.1514    
     78624   7063.9980    
     78912   7013.9800    
     79200   6936.2925    
     79488   6829.4224    
     79776   6687.0815    
     80064   6628.4922    
     80352   6548.6558    
     80640   6443.3052    
     80928   6316.1187    
     81216   6264.5986    
     81504   6190.4956    
     81792   6089.9434    
     82080   5957.4019    
     82368   5809.7539    
     82656   5740.4478    
     82944   5656.6875    
     83232   5551.7959    
     83520   5428.1187    
     83808   5372.6816    
     84096   5292.6875    
     84384   5191.0005    
     84672   5071.9028    
     84960   4937.5044    
     85248   4868.7456    
     85536   4788.2793    
     85824   4687.8486    
     86112   4563.4404    
     86400   4424.3862    
     86688   4347.5596    
     86976   4263.2900    
     87264   4161.4688    
     87552   4043.4839    
     87840   3906.8079    
     88128   3758.0962    
     88416   3666.2375    
     88704   3572.7776    
     88992   3465.2837    
     89280   3344.3711    
     89568   3208.4053    
     89856   3061.7654    
     90144   2908.1885    
     90432   2803.7427    
     90720   2705.1877    
     91008   2597.0305    
     91296   2477.6445    
     91584   2349.1782    
     91872   2214.6790    
     92160   2075.0881    
     92448   1931.2471    
     92736   1783.9684    
     93024   1633.2292    
     93312   1517.9431    
     93600   1420.7869    
     93888   1322.8022    
     94176   1221.1965    
     94464   1115.6890    
     94752   1006.7972    
     95040   896.14777    
     95328   784.82104    
     95616   673.95294    
     95904   564.91968    
     96192   459.42276    
     96480   359.59094    
     96768   270.15091    
     97056   197.25476    
     97344   140.83002    
     97632   98.562897    
     97920   68.218475    
     98208   47.685764    
     98496   33.926197    
     98784   24.432314    
     99072   17.747604    
     99360   12.972562    
     99648   9.5259056    
     99936   7.0189734    
    100224   5.1851811    
    100512   3.8380542    
    100800   2.8452406    
    101088   2.1117480    
    101376   1.5688134    
    101664   1.1663381    
    101952   1.0000000    
    102240   1.0000000    
    102528   1.0000000    
    102816   1.0000000    
    103104   1.0000000    
    103392   1.0000000    
    103680   1.0000000    
    103968   1.0000000    
    104256   1.0000000    
    104544   1.0000000    
    104832   1.0000000    
