         1   0.0000000    
       288  0.93171559E-01
       576  0.12036459    
       864  0.12567276    
      1152  0.12401709    
      1440  0.12031209    
      1728  0.11521044    
      2016  0.11130894    
      2304  0.10792667    
      2592  0.10485062    
      2880  0.10201315    
      3168  0.99390611E-01
      3456  0.96374869E-01
      3744  0.94342500E-01
      4032  0.92646703E-01
      4320  0.91087788E-01
      4608  0.89608371E-01
      4896  0.88195331E-01
      5184  0.86412922E-01
      5472  0.85350461E-01
      5760  0.84475003E-01
      6048  0.83631061E-01
      6336  0.82782872E-01
      6624  0.81931584E-01
      6912  0.80730624E-01
      7200  0.80128372E-01
      7488  0.79676025E-01
      7776  0.79264112E-01
      8064  0.78826763E-01
      8352  0.78038730E-01
      8640  0.77775843E-01
      8928  0.77597775E-01
      9216  0.77385433E-01
      9504  0.77122055E-01
      9792  0.76821297E-01
     10080  0.76227136E-01
     10368  0.76202601E-01
     10656  0.76280050E-01
     10944  0.76332740E-01
     11232  0.76342531E-01
     11520  0.76323561E-01
     11808  0.76000512E-01
     12096  0.76231696E-01
     12384  0.76611526E-01
     12672  0.76984443E-01
     12960  0.77324606E-01
     13248  0.77340163E-01
     13536  0.77879898E-01
     13824  0.78536309E-01
     14112  0.79219565E-01
     14400  0.79873636E-01
     14688  0.80504306E-01
     14976  0.81133798E-01
     15264  0.81495643E-01
     15552  0.82510240E-01
     15840  0.83650075E-01
     16128  0.84784426E-01
     16416  0.85900329E-01
     16704  0.87052070E-01
     16992  0.87940872E-01
     17280  0.89485653E-01
     17568  0.91141500E-01
     17856  0.92785083E-01
     18144  0.94453804E-01
     18432  0.96191466E-01
     18720  0.97963728E-01
     19008  0.99389516E-01
     19296  0.10163368    
     19584  0.10407302    
     19872  0.10651027    
     20160  0.10892916    
     20448  0.11141337    
     20736  0.11401312    
     21024  0.11624545    
     21312  0.11937547    
     21600  0.12269142    
     21888  0.12606619    
     22176  0.12942208    
     22464  0.13277842    
     22752  0.13625319    
     23040  0.13988695    
     23328  0.14315216    
     23616  0.14751424    
     23904  0.15206416    
     24192  0.15666075    
     24480  0.16121913    
     24768  0.16576874    
     25056  0.17047526    
     25344  0.17535150    
     25632  0.17998372    
     25920  0.18573618    
     26208  0.19163734    
     26496  0.19755468    
     26784  0.20339502    
     27072  0.20919617    
     27360  0.21499813    
     27648  0.22103284    
     27936  0.22708568    
     28224  0.23434603    
     28512  0.24135603    
     28800  0.24834763    
     29088  0.25518763    
     29376  0.26175842    
     29664  0.26807013    
     29952  0.27440894    
     30240  0.28088593    
     30528  0.28779924    
     30816  0.29378799    
     31104  0.29881397    
     31392  0.30317053    
     31680  0.30638567    
     31968  0.30820736    
     32256  0.30848640    
     32544  0.30830580    
     32832  0.30649427    
     33120  0.30236435    
     33408  0.29629946    
     33696  0.28875896    
     33984  0.28051582    
     34272  0.27155551    
     34560  0.26231074    
     34848  0.25391769    
     35136  0.24564858    
     35424  0.23760650    
     35712  0.23017460    
     36000  0.22301057    
     36288  0.21626300    
     36576  0.20996957    
     36864  0.20412786    
     37152  0.19932468    
     37440  0.19496353    
     37728  0.19077641    
     38016  0.18690619    
     38304  0.18335025    
     38592  0.18008725    
     38880  0.17709647    
     39168  0.17435598    
     39456  0.17232856    
     39744  0.17053872    
     40032  0.16876887    
     40320  0.16714165    
     40608  0.16564947    
     40896  0.16427869    
     41184  0.16301711    
     41472  0.16185427    
     41760  0.16120443    
     42048  0.16054083    
     42336  0.15992391    
     42624  0.15935068    
     42912  0.15881360    
     43200  0.15842967    
     43488  0.15795437    
     43776  0.15750006    
     44064  0.15746261    
     44352  0.15736659    
     44640  0.15726736    
     44928  0.15716502    
     45216  0.15705749    
     45504  0.15694521    
     45792  0.15682915    
     46080  0.15671027    
     46368  0.15658937    
     46656  0.15646899    
     46944  0.15634996    
     47232  0.15661904    
     47520  0.15682417    
     47808  0.15701534    
     48096  0.15719463    
     48384  0.15736364    
     48672  0.15752283    
     48960  0.15767691    
     49248  0.15782675    
     49536  0.15797532    
     49824  0.15812677    
     50112  0.15828267    
     50400  0.15834293    
     50688  0.15851419    
     50976  0.15869805    
     51264  0.15889609    
     51552  0.15911029    
     51840  0.15934297    
     52128  0.15959586    
     52416  0.15987085    
     52704  0.16016929    
     52992  0.16049284    
     53280  0.16084263    
     53568  0.16122161    
     53856  0.16162895    
     54144  0.16196249    
     54432  0.16243118    
     54720  0.16293243    
     55008  0.16346720    
     55296  0.16403568    
     55584  0.16464046    
     55872  0.16527994    
     56160  0.16595808    
     56448  0.16667373    
     56736  0.16742894    
     57024  0.16810951    
     57312  0.16894326    
     57600  0.16934665    
     57888  0.16986059    
     58176  0.17044298    
     58464  0.17109604    
     58752  0.17181776    
     59040  0.17260931    
     59328  0.17334189    
     59616  0.17426996    
     59904  0.17526513    
     60192  0.17579967    
     60480  0.17647482    
     60768  0.17724182    
     61056  0.17809947    
     61344  0.17904682    
     61632  0.18008035    
     61920  0.18104656    
     62208  0.18166417    
     62496  0.18244615    
     62784  0.18333429    
     63072  0.18432714    
     63360  0.18542090    
     63648  0.18661268    
     63936  0.18726675    
     64224  0.18791947    
     64512  0.18886590    
     64800  0.18992801    
     65088  0.19109787    
     65376  0.19237387    
     65664  0.19305694    
     65952  0.19393812    
     66240  0.19494255    
     66528  0.19584866    
     66816  0.19707575    
     67104  0.19766316    
     67392  0.19846769    
     67680  0.19940442    
     67968  0.20046651    
     68256  0.20084940    
     68544  0.20147391    
     68832  0.20224601    
     69120  0.20290583    
     69408  0.20309481    
     69696  0.20356020    
     69984  0.20419174    
     70272  0.17673111    
     70560  0.16025443    
     70848  0.16073067    
     71136  0.16291124    
     71424  0.16539559    
     71712  0.16854206    
     72000  0.17068549    
     72288  0.17291373    
     72576  0.17551267    
     72864  0.17849465    
     73152  0.18186843    
     73440  0.18481125    
     73728  0.18788472    
     74016  0.19140178    
     74304  0.19538185    
     74592  0.19947489    
     74880  0.20316420    
     75168  0.20735607    
     75456  0.21111222    
     75744  0.21496210    
     76032  0.21938345    
     76320  0.22441086    
     76608  0.22901979    
     76896  0.23367706    
     77184  0.23978610    
     77472  0.24584655    
     77760  0.25149626    
     78048  0.25710219    
     78336  0.26345500    
     78624  0.27062687    
     78912  0.27747723    
     79200  0.28416342    
     79488  0.29170018    
     79776  0.30136818    
     80064  0.30973724    
     80352  0.31767467    
     80640  0.32657591    
     80928  0.33658311    
     81216  0.34653506    
     81504  0.35582587    
     81792  0.36621758    
     82080  0.37949550    
     82368  0.39269352    
     82656  0.40611723    
     82944  0.41831240    
     83232  0.43181065    
     83520  0.44687262    
     83808  0.46260244    
     84096  0.47854567    
     84384  0.49403948    
     84672  0.51115942    
     84960  0.53021663    
     85248  0.55066603    
     85536  0.56821227    
     85824  0.58728474    
     86112  0.61103493    
     86400  0.63498503    
     86688  0.66095090    
     86976  0.68258727    
     87264  0.70545453    
     87552  0.73051083    
     87840  0.76107961    
     88128  0.79193723    
     88416  0.82558107    
     88704  0.85263377    
     88992  0.87900436    
     89280  0.90587580    
     89568  0.93664950    
     89856  0.96489328    
     90144  0.99067724    
     90432   1.0170053    
     90720   1.0319320    
     91008   1.0399661    
     91296   1.0464280    
     91584   1.0467762    
     91872   1.0426497    
     92160   1.0353955    
     92448   1.0261996    
     92736   1.0160379    
     93024   1.0086542    
     93312   1.0098344    
     93600   1.0085496    
     93888   1.0049711    
     94176  0.99971330    
     94464  0.99597645    
     94752  0.99084902    
     95040  0.98503906    
     95328  0.97901493    
     95616  0.97307211    
     95904  0.96738881    
     96192  0.96403462    
     96480  0.96047652    
     96768  0.95692658    
     97056  0.95351803    
     97344  0.95033032    
     97632  0.94740558    
     97920  0.94476289    
     98208  0.94385797    
     98496  0.94283402    
     98784  0.94177908    
     99072  0.94075596    
     99360  0.93980253    
     99648  0.93894064    
     99936  0.93817884    
    100224  0.93861181    
    100512  0.93887943    
    100800  0.93902540    
    101088  0.93908906    
    101376  0.93909699    
    101664  0.93906432    
    101952  0.93463022    
    102240  0.93027639    
    102528  0.92693281    
    102816  0.92452890    
    103104  0.92360365    
    103392  0.92308742    
    103680  0.92285734    
    103968  0.92282569    
    104256  0.92292410    
    104544  0.92309743    
    104832  0.92022407    
