       288   1.3294491    
       576   1.5614250    
       864   1.7165490    
      1152   1.8371681    
      1440   1.9384097    
      1728   2.0260513    
      2016   2.1038427    
      2304   2.1741755    
      2592   2.2380495    
      2880   2.2960598    
      3168   2.3487308    
      3456   2.3964021    
      3744   2.4397366    
      4032   2.4793155    
      4320   2.5156066    
      4608   2.5490384    
      4896   2.5799975    
      5184   2.6087329    
      5472   2.6357002    
      5760   2.6612236    
      6048   2.6855385    
      6336   2.7088306    
      6624   2.7312505    
      6912   2.7528522    
      7200   2.7738552    
      7488   2.7943308    
      7776   2.8144083    
      8064   2.8341260    
      8352   2.8534758    
      8640   2.8725903    
      8928   2.8915160    
      9216   2.9102657    
      9504   2.9288666    
      9792   2.9473178    
     10080   2.9655452    
     10368   2.9836888    
     10656   3.0017745    
     10944   3.0198019    
     11232   3.0377803    
     11520   3.0556998    
     11808   3.0735159    
     12096   3.0912828    
     12384   3.1090529    
     12672   3.1268253    
     12960   3.1445963    
     13248   3.1623182    
     13536   3.1800640    
     13824   3.1978230    
     14112   3.2156177    
     14400   3.2334368    
     14688   3.2512767    
     14976   3.2691278    
     15264   3.2869179    
     15552   3.3047519    
     15840   3.3226454    
     16128   3.3405960    
     16416   3.3585856    
     16704   3.3765771    
     16992   3.3945663    
     17280   3.4126148    
     17568   3.4307361    
     17856   3.4489210    
     18144   3.4671261    
     18432   3.4853795    
     18720   3.5036626    
     19008   3.5219390    
     19296   3.5402415    
     19584   3.5586143    
     19872   3.5770514    
     20160   3.5955369    
     20448   3.6140220    
     20736   3.6325307    
     21024   3.6510177    
     21312   3.6695511    
     21600   3.6880987    
     21888   3.7066953    
     22176   3.7253196    
     22464   3.7439501    
     22752   3.7625279    
     23040   3.7810860    
     23328   3.7995586    
     23616   3.8180325    
     23904   3.8364546    
     24192   3.8548636    
     24480   3.8732290    
     24768   3.8915267    
     25056   3.9096708    
     25344   3.9276946    
     25632   3.9455070    
     25920   3.9632008    
     26208   3.9806988    
     26496   3.9980371    
     26784   4.0151749    
     27072   4.0320611    
     27360   4.0486479    
     27648   4.0647888    
     27936   4.0804324    
     28224   4.0957174    
     28512   4.1106215    
     28800   4.1249576    
     29088   4.1387496    
     29376   4.1519122    
     29664   4.1643424    
     29952   4.1757956    
     30240   4.1861663    
     30528   4.1956663    
     30816   4.2042122    
     31104   4.2116671    
     31392   4.2176704    
     31680   4.2222662    
     31968   4.2252884    
     32256   4.2265687    
     32544   4.2254038    
     32832   4.2224989    
     33120   4.2177520    
     33408   4.2109785    
     33696   4.2019968    
     33984   4.1902957    
     34272   4.1766343    
     34560   4.1622543    
     34848   4.1468086    
     35136   4.1309423    
     35424   4.1145477    
     35712   4.0970449    
     36000   4.0788326    
     36288   4.0598292    
     36576   4.0399714    
     36864   4.0192399    
     37152   3.9971886    
     37440   3.9744623    
     37728   3.9515314    
     38016   3.9282162    
     38304   3.9043930    
     38592   3.8799982    
     38880   3.8550072    
     39168   3.8294220    
     39456   3.8028011    
     39744   3.7758520    
     40032   3.7490294    
     40320   3.7221076    
     40608   3.6949332    
     40896   3.6674306    
     41184   3.6395657    
     41472   3.6113284    
     41760   3.5822375    
     42048   3.5535564    
     42336   3.5250800    
     42624   3.4965811    
     42912   3.4679394    
     43200   3.4385717    
     43488   3.4091592    
     43776   3.3796487    
     44064   3.3494654    
     44352   3.3199582    
     44640   3.2908447    
     44928   3.2618639    
     45216   3.2328761    
     45504   3.2038114    
     45792   3.1746504    
     46080   3.1453850    
     46368   3.1160209    
     46656   3.0865667    
     46944   3.0570335    
     47232   2.8918173    
     47520   2.6502352    
     47808   2.4991336    
     48096   2.4066136    
     48384   2.3483233    
     48672   2.3094532    
     48960   2.2813575    
     49248   2.2590382    
     49536   2.2396193    
     49824   2.2214613    
     50112   2.2036490    
     50400   2.1873832    
     50688   2.1701312    
     50976   2.1519430    
     51264   2.1330340    
     51552   2.1136048    
     51840   2.0938351    
     52128   2.0738854    
     52416   2.0539005    
     52704   2.0340073    
     52992   2.0143082    
     53280   1.9948866    
     53568   1.9758090    
     53856   1.9571173    
     54144   1.9405016    
     54432   1.9236873    
     54720   1.9067960    
     55008   1.8900174    
     55296   1.8734618    
     55584   1.8571838    
     55872   1.8412038    
     56160   1.8255210    
     56448   1.8101236    
     56736   1.7949914    
     57024   1.7817336    
     57312   1.7681082    
     57600   1.7558116    
     57888   1.7410767    
     58176   1.7248530    
     58464   1.7080317    
     58752   1.6911207    
     59040   1.6743872    
     59328   1.6595532    
     59616   1.6444855    
     59904   1.6292740    
     60192   1.6156870    
     60480   1.5999933    
     60768   1.5830053    
     61056   1.5655453    
     61344   1.5480882    
     61632   1.5308667    
     61920   1.5155252    
     62208   1.5015826    
     62496   1.4853749    
     62784   1.4677396    
     63072   1.4495454    
     63360   1.4312930    
     63648   1.4132271    
     63936   1.3969876    
     64224   1.3804909    
     64512   1.3623289    
     64800   1.3432516    
     65088   1.3238320    
     65376   1.3043734    
     65664   1.2865255    
     65952   1.2668051    
     66240   1.2457176    
     66528   1.2253799    
     66816   1.2042681    
     67104   1.1841062    
     67392   1.1615986    
     67680   1.1372998    
     67968   1.1119328    
     68256   1.0887946    
     68544   1.0662204    
     68832   1.0450671    
     69120   1.0271136    
     69408   1.0121043    
     69696  0.99667019    
     69984  0.98124653    
     70272  0.96644896    
     70560  0.95260847    
     70848  0.94128221    
     71136  0.92939311    
     71424  0.91726583    
     71712  0.90669346    
     72000  0.89777809    
     72288  0.88745618    
     72576  0.87626988    
     72864  0.86500686    
     73152  0.85415244    
     73440  0.84524667    
     73728  0.83567607    
     74016  0.82570636    
     74304  0.81584460    
     74592  0.80875671    
     74880  0.80066812    
     75168  0.79180759    
     75456  0.78398389    
     75744  0.77519816    
     76032  0.76583761    
     76320  0.75646609    
     76608  0.74860084    
     76896  0.74018127    
     77184  0.73236614    
     77472  0.72436494    
     77760  0.71753854    
     78048  0.71002734    
     78336  0.70203847    
     78624  0.69400716    
     78912  0.68728262    
     79200  0.68010032    
     79488  0.67256880    
     79776  0.66587782    
     80064  0.66024196    
     80352  0.65397990    
     80640  0.64721125    
     80928  0.64030397    
     81216  0.63447690    
     81504  0.62825918    
     81792  0.62170684    
     82080  0.61584228    
     82368  0.61000234    
     82656  0.60515004    
     82944  0.59991837    
     83232  0.59431213    
     83520  0.58857274    
     83808  0.58372712    
     84096  0.57922947    
     84384  0.57429224    
     84672  0.56907517    
     84960  0.56379503    
     85248  0.55937183    
     85536  0.55471122    
     85824  0.54976815    
     86112  0.54527938    
     86400  0.54072487    
     86688  0.53687602    
     86976  0.53275704    
     87264  0.52831852    
     87552  0.52369475    
     87840  0.51955622    
     88128  0.51541775    
     88416  0.51194644    
     88704  0.50828826    
     88992  0.50436300    
     89280  0.50025618    
     89568  0.49654645    
     89856  0.49280462    
     90144  0.48906630    
     90432  0.48593056    
     90720  0.48269942    
     91008  0.47927800    
     91296  0.47611788    
     91584  0.47283843    
     91872  0.46948287    
     92160  0.46610585    
     92448  0.46275485    
     92736  0.45946437    
     93024  0.45661038    
     93312  0.45426941    
     93600  0.45188612    
     93888  0.44934031    
     94176  0.44662386    
     94464  0.44408852    
     94752  0.44143414    
     95040  0.43868271    
     95328  0.43586478    
     95616  0.43300998    
     95904  0.43014473    
     96192  0.42756537    
     96480  0.42499858    
     96768  0.42244354    
     97056  0.41990185    
     97344  0.41737255    
     97632  0.41485089    
     97920  0.41232917    
     98208  0.41001552    
     98496  0.40766266    
     98784  0.40524763    
     99072  0.40275353    
     99360  0.40016761    
     99648  0.39747956    
     99936  0.39468202    
    100224  0.39194193    
    100512  0.38906956    
    100800  0.38605425    
    101088  0.38289145    
    101376  0.37958011    
    101664  0.37612233    
    101952  0.37230811    
    102240  0.36829945    
    102528  0.36414814    
    102816  0.35988423    
    103104  0.35564598    
    103392  0.35131329    
    103680  0.34688798    
    103968  0.34237298    
    104256  0.33777246    
    104544  0.33309239    
    104832  0.32818049    
    105120  0.32313442    
    105408  0.31799319    
    105696  0.31278479    
    105984  0.30753005    
    106272  0.30224553    
    106560  0.29694518    
    106848  0.29150981    
    107136  0.28600922    
    107424  0.28047708    
    107712  0.27493900    
    108000  0.26941496    
    108288  0.26392126    
    108576  0.25836018    
    108864  0.25278276    
    109152  0.24721846    
    109440  0.24169056    
    109728  0.23621739    
    110016  0.23081401    
    110304  0.22539724    
    110592  0.22000252    
    110880  0.21465553    
    111168  0.20937645    
    111456  0.20418154    
    111744  0.19908378    
    112032  0.19401157    
    112320  0.18898773    
    112608  0.18400078    
    112896  0.17910480    
    113184  0.17431454    
    113472  0.16956869    
    113760  0.16488385    
    114048  0.16028078    
    114336  0.15577570    
    114624  0.15138091    
    114912  0.14710587    
    115200  0.14287068    
    115488  0.13870868    
    115776  0.13463792    
    116064  0.13067186    
    116352  0.12682074    
    116640  0.12309216    
    116928  0.11943585    
    117216  0.11583509    
    117504  0.11232502    
    117792  0.10891770    
    118080  0.10562169    
    118368  0.10239299    
    118656  0.99231109E-01
    118944  0.96136682E-01
    119232  0.93136601E-01
    119520  0.90239547E-01
    119808  0.87451346E-01
    120096  0.84776089E-01
    120384  0.82159720E-01
    120672  0.79610057E-01
    120960  0.77139653E-01
    121248  0.74757725E-01
    121536  0.72470509E-01
    121824  0.70271865E-01
    122112  0.68135239E-01
    122400  0.66054471E-01
    122688  0.64041913E-01
    122976  0.62106218E-01
    123264  0.60244683E-01
    123552  0.58470707E-01
    123840  0.56787137E-01
    124128  0.55158310E-01
    124416  0.53568050E-01
    124704  0.52036270E-01
    124992  0.50571356E-01
    125280  0.49178839E-01
    125568  0.47855299E-01
    125856  0.46610463E-01
    126144  0.45410786E-01
    126432  0.44247292E-01
    126720  0.43125104E-01
    127008  0.42059381E-01
    127296  0.41055959E-01
    127584  0.40118590E-01
    127872  0.39243538E-01
    128160  0.38438704E-01
    128448  0.37670556E-01
    128736  0.36929343E-01
    129024  0.36221299E-01
    129312  0.35561476E-01
    129600  0.34956213E-01
    129888  0.34409948E-01
    130176  0.33919770E-01
    130464  0.33494033E-01
    130752  0.33101693E-01
    131040  0.32735370E-01
    131328  0.32401979E-01
    131616  0.32117289E-01
    131904  0.31888638E-01
    132192  0.31721383E-01
    132480  0.31619549E-01
    132768  0.31579867E-01
    133056  0.31569675E-01
    133344  0.31580545E-01
    133632  0.31631086E-01
    133920  0.31727832E-01
    134208  0.31889219E-01
    134496  0.32124285E-01
    134784  0.32440022E-01
    135072  0.32833587E-01
    135360  0.33264786E-01
    135648  0.33726737E-01
    135936  0.34245044E-01
    136224  0.34838114E-01
    136512  0.35508312E-01
    136800  0.36278520E-01
    137088  0.37158534E-01
    137376  0.38155735E-01
    137664  0.39184030E-01
    137952  0.40253628E-01
    138240  0.41400220E-01
    138528  0.42647276E-01
    138816  0.44009991E-01
    139104  0.45474343E-01
    139392  0.47068950E-01
    139680  0.48797447E-01
    139968  0.50546143E-01
    140256  0.52316610E-01
    140544  0.54148588E-01
    140832  0.56019735E-01
    141120  0.57974976E-01
    141408  0.60010105E-01
    141696  0.62109217E-01
    141984  0.64247034E-01
    142272  0.66226393E-01
    142560  0.68010904E-01
    142848  0.69718510E-01
    143136  0.71356542E-01
    143424  0.72902784E-01
    143712  0.74319065E-01
    144000  0.75560890E-01
    144288  0.76586545E-01
    144576  0.77163644E-01
    144864  0.77643245E-01
    145152  0.78591354E-01
    145440  0.79973273E-01
    145728  0.81642322E-01
    146016  0.83488293E-01
    146304  0.85439414E-01
    146592  0.87450221E-01
    146880  0.89207493E-01
    147168  0.91088586E-01
    147456  0.93117163E-01
    147744  0.95224336E-01
    148032  0.97346716E-01
    148320  0.99210970E-01
    148608  0.10109286    
    148896  0.10299132    
    149184  0.10454674    
    149472  0.10627810    
    149760  0.10816216    
    150048  0.11009046    
    150336  0.11198853    
    150624  0.11382105    
    150912  0.11557664    
    151200  0.11725549    
    151488  0.11886184    
    151776  0.12040040    
    152064  0.12187577    
    152352  0.12287667    
    152640  0.12412090    
    152928  0.12553377    
    153216  0.12696324    
    153504  0.12832247    
    153792  0.12957767    
    154080  0.13072237    
    154368  0.13176021    
    154656  0.13269874    
    154944  0.13354456    
    155232  0.13430312    
    155520  0.13535637    
    155808  0.13618214    
    156096  0.13680196    
    156384  0.13727459    
    156672  0.13763775    
    156960  0.13790999    
    157248  0.13809973    
    157536  0.13821025    
    157824  0.13824283    
    158112  0.13819800    
    158400  0.13807587    
    158688  0.13787709    
    158976  0.13760202    
    159264  0.13765240    
    159552  0.13746038    
    159840  0.13705446    
    160128  0.13650261    
    160416  0.13584699    
    160704  0.13510825    
    160992  0.13429637    
    161280  0.13341637    
    161568  0.13247135    
    161856  0.13146360    
    162144  0.13077967    
    162432  0.12987590    
    162720  0.12935527    
    163008  0.12842903    
    163296  0.12719990    
    163584  0.12584928    
    163872  0.12446794    
    164160  0.12308428    
    164448  0.12206176    
    164736  0.12087722    
    165024  0.11954551    
    165312  0.11869949    
    165600  0.11758284    
    165888  0.11622702    
    166176  0.11477175    
    166464  0.11329026    
    166752  0.11180420    
    167040  0.11063878    
    167328  0.10990116    
    167616  0.10887428    
    167904  0.10758093    
    168192  0.10616104    
    168480  0.10469283    
    168768  0.10320240    
    169056  0.10225868    
    169344  0.10148871    
    169632  0.10041640    
    169920  0.99133007E-01
    170208  0.97737417E-01
    170496  0.96279301E-01
    170784  0.95335662E-01
    171072  0.94307020E-01
    171360  0.93100518E-01
    171648  0.92038825E-01
    171936  0.90807833E-01
    172224  0.89985140E-01
    172512  0.89060254E-01
    172800  0.87939270E-01
    173088  0.86680427E-01
    173376  0.85876167E-01
    173664  0.85032403E-01
    173952  0.84018625E-01
    174240  0.83093822E-01
    174528  0.82525879E-01
    174816  0.81851602E-01
    175104  0.80954202E-01
    175392  0.79880081E-01
    175680  0.78677259E-01
    175968  0.77894591E-01
    176256  0.77111214E-01
    176544  0.76166317E-01
    176832  0.75261116E-01
    177120  0.74758045E-01
    177408  0.74246116E-01
    177696  0.73527701E-01
    177984  0.72613075E-01
    178272  0.71541153E-01
    178560  0.70834652E-01
    178848  0.70153832E-01
    179136  0.69320321E-01
    179424  0.68321519E-01
    179712  0.67818858E-01
    180000  0.67299992E-01
    180288  0.66576235E-01
    180576  0.66116519E-01
    180864  0.65651022E-01
    181152  0.65007761E-01
    181440  0.64171389E-01
    181728  0.63619316E-01
    182016  0.63100316E-01
    182304  0.62568843E-01
    182592  0.61817564E-01
    182880  0.61293233E-01
    183168  0.60781971E-01
    183456  0.60110368E-01
    183744  0.59250377E-01
    184032  0.58639314E-01
    184320  0.58081664E-01
    184608  0.57395697E-01
    184896  0.56651838E-01
    185184  0.56118503E-01
    185472  0.55615827E-01
    185760  0.54968160E-01
    186048  0.54136332E-01
    186336  0.53515252E-01
    186624  0.52959088E-01
    186912  0.52292593E-01
    187200  0.51558286E-01
    187488  0.50637197E-01
    187776  0.49899179E-01
    188064  0.49231917E-01
    188352  0.48470341E-01
    188640  0.47563069E-01
    188928  0.46846155E-01
    189216  0.46293646E-01
    189504  0.45647230E-01
    189792  0.44842731E-01
    190080  0.43872152E-01
    190368  0.43062739E-01
    190656  0.42345081E-01
    190944  0.41567437E-01
    191232  0.40732272E-01
    191520  0.39753288E-01
    191808  0.38916226E-01
    192096  0.38169291E-01
    192384  0.37372265E-01
    192672  0.36471047E-01
    192960  0.35499278E-01
    193248  0.34405246E-01
    193536  0.33442933E-01
    193824  0.32583762E-01
    194112  0.31704452E-01
    194400  0.30754473E-01
    194688  0.29754482E-01
    194976  0.28665865E-01
    195264  0.27498806E-01
    195552  0.26461544E-01
    195840  0.25543980E-01
    196128  0.24643809E-01
    196416  0.23739532E-01
    196704  0.22787441E-01
    196992  0.21787368E-01
    197280  0.20748654E-01
    197568  0.19684354E-01
    197856  0.18608330E-01
    198144  0.17547846E-01
    198432  0.16618086E-01
    198720  0.15816674E-01
    199008  0.15069760E-01
    199296  0.14342406E-01
    199584  0.13630663E-01
    199872  0.12920995E-01
    200160  0.12216528E-01
    200448  0.11523324E-01
    200736  0.10847969E-01
    201024  0.10196244E-01
    201312  0.95775593E-02
    201600  0.89883879E-02
    201888  0.84303934E-02
    202176  0.79047093E-02
    202464  0.74117938E-02
    202752  0.69514257E-02
    203040  0.65228324E-02
    203328  0.61270613E-02
    203616  0.57593961E-02
    203904  0.54179747E-02
    204192  0.51011820E-02
    204480  0.48074843E-02
    204768  0.45354017E-02
    205056  0.42834533E-02
    205344  0.40512481E-02
    205632  0.38358020E-02
    205920  0.36356105E-02
    206208  0.34494910E-02
    206496  0.32764028E-02
    206784  0.31153855E-02
    207072  0.29431223E-02
    207360  0.27604750E-02
    207648  0.25845608E-02
    207936  0.24227700E-02
    208224  0.22776292E-02
    208512  0.21480906E-02
    208800  0.20325445E-02
    209088  0.19291465E-02
    209376  0.18361100E-02
    209664  0.17518536E-02
    209952  0.16624756E-02
    210240  0.15676565E-02
    210528  0.14767024E-02
    210816  0.13934936E-02
    211104  0.13190496E-02
    211392  0.12529992E-02
    211680  0.11943895E-02
    211968  0.11336864E-02
    212256  0.10703220E-02
    212544  0.10102787E-02
    212832  0.95590425E-03
    213120  0.90767635E-03
    213408  0.86518168E-03
    213696  0.82162413E-03
    213984  0.77650003E-03
    214272  0.73402468E-03
    214560  0.69579150E-03
    214848  0.66205417E-03
    215136  0.63245354E-03
    215424  0.60203217E-03
    215712  0.57037751E-03
    216000  0.54053671E-03
    216288  0.51366416E-03
    216576  0.48994290E-03
    216864  0.46911338E-03
    217152  0.44755996E-03
    217440  0.42498548E-03
    217728  0.40363261E-03
    218016  0.38441757E-03
    218304  0.36750193E-03
    218592  0.35021579E-03
    218880  0.33236525E-03
    219168  0.31567109E-03
    219456  0.30075060E-03
    219744  0.28766689E-03
    220032  0.27623470E-03
    220320  0.26432920E-03
    220608  0.25181679E-03
    220896  0.24001482E-03
    221184  0.22940949E-03
    221472  0.22006904E-03
    221760  0.21187484E-03
    222048  0.20322589E-03
    222336  0.19401875E-03
    222624  0.18529982E-03
    222912  0.17745883E-03
    223200  0.17055549E-03
    223488  0.16336200E-03
    223776  0.15581983E-03
    224064  0.14874089E-03
    224352  0.14243483E-03
    224640  0.13693653E-03
    224928  0.13215898E-03
    225216  0.12797643E-03
    225504  0.12339477E-03
    225792  0.11840017E-03
    226080  0.11363824E-03
    226368  0.10934900E-03
    226656  0.10557209E-03
    226944  0.10225788E-03
    227232  0.98642115E-04
    227520  0.94726944E-04
    227808  0.91027527E-04
    228096  0.87727043E-04
    228384  0.84847299E-04
    228672  0.82355342E-04
    228960  0.80189384E-04
    229248  0.77714692E-04
    229536  0.74944321E-04
    229824  0.72317023E-04
    230112  0.69988491E-04
    230400  0.67979607E-04
    230688  0.66254397E-04
    230976  0.64771310E-04
    231264  0.63008534E-04
    231552  0.60997238E-04
    231840  0.59096128E-04
    232128  0.57439374E-04
    232416  0.56044108E-04
    232704  0.54878932E-04
    232992  0.53899072E-04
    233280  0.53072879E-04
    233568  0.51960291E-04
    233856  0.50614999E-04
    234144  0.49353963E-04
    234432  0.48293106E-04
    234720  0.47446003E-04
    235008  0.46785899E-04
    235296  0.46276062E-04
    235584  0.45892582E-04
    235872  0.45277931E-04
    236160  0.44494500E-04
    236448  0.43799730E-04
    236736  0.43282595E-04
    237024  0.42948523E-04
    237312  0.42772470E-04
    237600  0.42725089E-04
    237888  0.42781714E-04
    238176  0.42547385E-04
    238464  0.42127485E-04
    238752  0.41820123E-04
    239040  0.41708714E-04
    239328  0.41801988E-04
    239616  0.42072919E-04
    239904  0.42488435E-04
    240192  0.43021493E-04
    240480  0.43232209E-04
    240768  0.43268792E-04
    241056  0.43458076E-04
    241344  0.43877328E-04
    241632  0.44513919E-04
    241920  0.45347373E-04
    242208  0.46347661E-04
    242496  0.47489666E-04
    242784  0.48221209E-04
    243072  0.48783364E-04
    243360  0.49574104E-04
    243648  0.50667582E-04
    243936  0.52035790E-04
    244224  0.53634463E-04
    244512  0.55450841E-04
    244800  0.57467732E-04
    245088  0.58959096E-04
    245376  0.60280501E-04
    245664  0.61943174E-04
    245952  0.64027059E-04
    246240  0.66518442E-04
    246528  0.69363450E-04
    246816  0.72521005E-04
    247104  0.75974873E-04
    247392  0.78707613E-04
    247680  0.81306913E-04
    247968  0.84519226E-04
    248256  0.88419911E-04
    248544  0.92927687E-04
    248832  0.97968652E-04
    249120  0.10351101E-03
    249408  0.10956082E-03
    249696  0.11458244E-03
    249984  0.11957626E-03
    250272  0.12564551E-03
    250560  0.13285996E-03
    250848  0.14109000E-03
    251136  0.15024340E-03
    251424  0.16030131E-03
    251712  0.17130497E-03
    252000  0.18074697E-03
    252288  0.19040759E-03
    252576  0.20193252E-03
    252864  0.21539835E-03
    253152  0.23063198E-03
    253440  0.24753410E-03
    253728  0.26626530E-03
    254016  0.28691400E-03
    254304  0.30504316E-03
    254592  0.32395174E-03
    254880  0.34638238E-03
    255168  0.37237493E-03
    255456  0.40163784E-03
    255744  0.43406567E-03
    256032  0.46976356E-03
    256320  0.50898362E-03
    256608  0.55207172E-03
    256896  0.59943943E-03
    257184  0.65155444E-03
    257472  0.69781794E-03
    257760  0.74670860E-03
    258048  0.80454856E-03
    258336  0.87122741E-03
    258624  0.94603811E-03
    258912  0.10287976E-02
    259200  0.11198210E-02
    259488  0.12197421E-02
    259776  0.13293917E-02
    260064  0.14497280E-02
    260352  0.15818119E-02
    260640  0.17274036E-02
    260928  0.18862804E-02
    261216  0.20599770E-02
    261504  0.22502758E-02
    261792  0.24589379E-02
    262080  0.26877318E-02
    262368  0.29384992E-02
    262656  0.32131805E-02
    262944  0.35138456E-02
    263232  0.38426998E-02
    263520  0.42020706E-02
    263808  0.45944084E-02
    264096  0.50222711E-02
    264384  0.54947780E-02
    264672  0.60053929E-02
    264960  0.65567018E-02
    265248  0.71523343E-02
    265536  0.77954563E-02
    265824  0.84885051E-02
    266112  0.92331450E-02
    266400  0.10029873E-01
    266688  0.10877006E-01
    266976  0.11772824E-01
    267264  0.12748932E-01
    267552  0.13768516E-01
    267840  0.15132337E-01
    268128  0.16650913E-01
    268416  0.18047072E-01
    268704  0.19256292E-01
    268992  0.20292327E-01
    269280  0.21181559E-01
    269568  0.22016551E-01
    269856  0.22714334E-01
    270144  0.23287820E-01
    270432  0.24052067E-01
    270720  0.24802202E-01
    271008  0.25417980E-01
    271296  0.25900148E-01
    271584  0.26267063E-01
    271872  0.26533989E-01
    272160  0.26798956E-01
    272448  0.27272329E-01
    272736  0.27719045E-01
    273024  0.28020922E-01
    273312  0.28186843E-01
    273600  0.28240692E-01
    273888  0.28200511E-01
    274176  0.28419875E-01
    274464  0.28745295E-01
    274752  0.28906956E-01
    275040  0.28905733E-01
    275328  0.28776241E-01
    275616  0.28545724E-01
    275904  0.28584260E-01
    276192  0.28650826E-01
    276480  0.28596302E-01
    276768  0.28503221E-01
    277056  0.28264731E-01
    277344  0.28259892E-01
    277632  0.28270392E-01
    277920  0.28148191E-01
    278208  0.27889738E-01
    278496  0.27875753E-01
    278784  0.27885694E-01
    279072  0.27760854E-01
    279360  0.27573382E-01
    279648  0.27590092E-01
    279936  0.27601652E-01
    280224  0.27457025E-01
    280512  0.27154531E-01
    280800  0.26721152E-01
    281088  0.26536204E-01
    281376  0.26401103E-01
    281664  0.26147198E-01
    281952  0.25827331E-01
    282240  0.25779407E-01
    282528  0.25795287E-01
    282816  0.25664637E-01
    283104  0.25364837E-01
    283392  0.24920043E-01
    283680  0.24698107E-01
    283968  0.24531979E-01
    284256  0.24250824E-01
    284544  0.23831367E-01
    284832  0.23679249E-01
    285120  0.23560124E-01
    285408  0.23302864E-01
    285696  0.23215732E-01
    285984  0.23153210E-01
    286272  0.22951316E-01
    286560  0.22589657E-01
    286848  0.22404471E-01
    287136  0.22266839E-01
    287424  0.22062303E-01
    287712  0.21695316E-01
    288000  0.21485230E-01
    288288  0.21319935E-01
    288576  0.21041093E-01
    288864  0.20621514E-01
    289152  0.20367255E-01
    289440  0.20172564E-01
    289728  0.19878650E-01
    290016  0.19492881E-01
    290304  0.19251430E-01
    290592  0.19058388E-01
    290880  0.18762892E-01
    291168  0.18336430E-01
    291456  0.18054413E-01
    291744  0.17834535E-01
    292032  0.17530018E-01
    292320  0.17138842E-01
    292608  0.16629126E-01
    292896  0.16261009E-01
    293184  0.15967730E-01
    293472  0.15611649E-01
    293760  0.15159973E-01
    294048  0.14840292E-01
    294336  0.14612217E-01
    294624  0.14314439E-01
    294912  0.13913526E-01
    295200  0.13418543E-01
    295488  0.13046828E-01
    295776  0.12750261E-01
    296064  0.12410698E-01
    296352  0.12013459E-01
    296640  0.11540161E-01
    296928  0.11175693E-01
    297216  0.10880341E-01
    297504  0.10549899E-01
    297792  0.10157416E-01
    298080  0.97185429E-02
    298368  0.92316894E-02
    298656  0.88476902E-02
    298944  0.85354662E-02
    299232  0.82077496E-02
    299520  0.78409128E-02
    299808  0.74448856E-02
    300096  0.70211007E-02
    300384  0.65825717E-02
    300672  0.62367287E-02
    300960  0.59599597E-02
    301248  0.56863208E-02
    301536  0.54010469E-02
    301824  0.50988630E-02
    302112  0.47869934E-02
    302400  0.44742641E-02
    302688  0.41680960E-02
    302976  0.38738379E-02
    303264  0.35968411E-02
    303552  0.33870493E-02
    303840  0.32273391E-02
    304128  0.30771084E-02
    304416  0.29236579E-02
    304704  0.27671484E-02
    304992  0.26085109E-02
    305280  0.24512173E-02
    305568  0.22984473E-02
    305856  0.21524779E-02
    306144  0.20146398E-02
    306432  0.18861425E-02
    306720  0.17660165E-02
    307008  0.16540242E-02
    307296  0.15499133E-02
    307584  0.14533370E-02
    307872  0.13638665E-02
    308160  0.12810340E-02
    308448  0.12046085E-02
    308736  0.11335931E-02
    309024  0.10675089E-02
    309312  0.10060131E-02
    309600  0.94881171E-03
    309888  0.89561928E-03
    310176  0.84614957E-03
    310464  0.80023846E-03
    310752  0.75735804E-03
    311040  0.71723206E-03
    311328  0.67968160E-03
    311616  0.64455188E-03
    311904  0.61169313E-03
    312192  0.57338364E-03
    312480  0.53164357E-03
    312768  0.49268792E-03
    313056  0.45842861E-03
    313344  0.42894462E-03
    313632  0.40348171E-03
    313920  0.38123570E-03
    314208  0.36151550E-03
    314496  0.34377669E-03
    314784  0.32760255E-03
    315072  0.30874257E-03
