       288   171.82149    
       576   171.87309    
       864   171.97437    
      1152   172.07559    
      1440   172.16368    
      1728   172.10973    
      2016   172.03618    
      2304   171.94507    
      2592   171.84045    
      2880   171.72688    
      3168   171.60828    
      3456   171.37155    
      3744   171.11217    
      4032   170.81131    
      4320   170.45798    
      4608   170.04530    
      4896   169.57082    
      5184   168.94209    
      5472   168.26543    
      5760   167.54848    
      6048   166.79991    
      6336   166.02815    
      6624   165.24046    
      6912   164.37300    
      7200   163.51094    
      7488   162.65746    
      7776   161.81531    
      8064   160.98615    
      8352   160.11566    
      8640   159.26695    
      8928   158.43922    
      9216   157.63199    
      9504   156.84479    
      9792   156.07750    
     10080   155.28627    
     10368   154.51912    
     10656   153.77446    
     10944   153.05130    
     11232   152.34889    
     11520   151.66663    
     11808   150.96796    
     12096   150.29120    
     12384   149.63528    
     12672   148.99936    
     12960   148.38248    
     13248   147.75269    
     13536   147.14261    
     13824   146.55139    
     14112   145.97835    
     14400   145.42285    
     14688   144.88425    
     14976   144.36226    
     15264   143.82893    
     15552   143.31256    
     15840   142.81242    
     16128   142.32793    
     16416   141.85867    
     16704   141.40419    
     16992   140.93886    
     17280   140.48843    
     17568   140.05226    
     17856   139.63004    
     18144   139.22136    
     18432   138.82637    
     18720   138.44487    
     19008   138.05162    
     19296   137.67175    
     19584   137.30493    
     19872   136.95100    
     20160   136.60985    
     20448   136.28159    
     20736   135.96643    
     21024   135.63866    
     21312   135.32358    
     21600   135.02124    
     21888   134.73177    
     22176   134.45543    
     22464   134.19249    
     22752   133.94339    
     23040   133.70877    
     23328   133.46051    
     23616   133.22652    
     23904   133.00728    
     24192   132.80360    
     24480   132.61620    
     24768   132.44604    
     25056   132.29399    
     25344   132.16205    
     25632   132.02017    
     25920   131.89893    
     26208   131.79971    
     26496   131.72453    
     26784   131.67529    
     27072   131.65436    
     27360   131.66446    
     27648   131.70876    
     27936   131.74263    
     28224   131.81357    
     28512   131.92503    
     28800   132.08125    
     29088   132.28766    
     29376   132.54973    
     29664   132.87376    
     29952   133.26688    
     30240   133.66254    
     30528   134.13535    
     30816   134.69322    
     31104   135.34541    
     31392   136.10313    
     31680   136.97935    
     31968   137.98732    
     32256   139.14151    
     32544   140.32681    
     32832   141.67465    
     33120   143.19969    
     33408   144.91849    
     33696   146.84804    
     33984   149.00525    
     34272   151.36240    
     34560   153.75764    
     34848   155.85739    
     35136   157.83485    
     35424   159.67538    
     35712   161.37405    
     36000   162.93121    
     36288   164.34793    
     36576   165.62875    
     36864   166.78043    
     37152   167.58078    
     37440   168.27141    
     37728   168.86644    
     38016   169.37749    
     38304   169.81502    
     38592   170.18826    
     38880   170.50536    
     39168   170.77281    
     39456   170.76523    
     39744   170.72061    
     40032   170.64856    
     40320   170.55489    
     40608   170.44426    
     40896   170.32014    
     41184   170.18506    
     41472   170.04007    
     41760   169.65535    
     42048   169.25970    
     42336   168.85922    
     42624   168.45879    
     42912   168.06146    
     43200   167.67018    
     43488   167.28613    
     43776   166.90625    
     44064   166.30040    
     44352   165.69066    
     44640   165.08331    
     44928   164.48285    
     45216   163.89211    
     45504   163.31145    
     45792   162.73982    
     46080   162.17540    
     46368   161.61639    
     46656   161.05992    
     46944   160.50401    
     47232   159.98497    
     47520   159.64923    
     47808   158.80937    
     48096   157.51013    
     48384   155.94917    
     48672   154.27254    
     48960   152.56573    
     49248   150.87379    
     49536   149.21790    
     49824   147.60556    
     50112   146.03735    
     50400   144.51115    
     50688   143.02344    
     50976   141.56926    
     51264   140.14276    
     51552   138.73843    
     51840   137.35159    
     52128   135.97826    
     52416   134.61539    
     52704   133.26068    
     52992   131.91260    
     53280   130.57005    
     53568   129.23238    
     53856   127.89955    
     54144   126.57253    
     54432   125.25256    
     54720   123.94019    
     55008   122.63511    
     55296   121.33698    
     55584   120.04562    
     55872   118.76087    
     56160   117.48255    
     56448   116.21069    
     56736   114.94503    
     57024   113.68542    
     57312   112.43307    
     57600   111.38335    
     57888   110.34546    
     58176   109.29965    
     58464   108.23817    
     58752   107.15924    
     59040   106.06380    
     59328   104.95421    
     59616   103.83380    
     59904   102.70523    
     60192   101.77197    
     60480   100.83877    
     60768   99.888069    
     61056   98.913872    
     61344   97.916344    
     61632   96.898018    
     61920   95.862587    
     62208   95.023262    
     62496   94.180878    
     62784   93.319023    
     63072   92.432899    
     63360   91.523643    
     63648   90.594986    
     63936   89.866570    
     64224   89.135887    
     64512   88.388329    
     64800   87.621574    
     65088   86.838028    
     65376   86.042519    
     65664   85.467133    
     65952   84.900459    
     66240   84.330032    
     66528   83.754669    
     66816   83.179199    
     67104   82.853020    
     67392   82.554283    
     67680   82.272408    
     67968   82.007866    
     68256   81.984299    
     68544   81.892433    
     68832   81.680687    
     69120   81.338684    
     69408   81.141273    
     69696   80.840317    
     69984   80.428070    
     70272   79.909157    
     70560   79.293892    
     70848   78.864273    
     71136   78.367050    
     71424   77.791222    
     71712   77.136864    
     72000   76.754654    
     72288   76.316673    
     72576   75.803795    
     72864   75.211861    
     73152   74.544487    
     73440   74.086830    
     73728   73.574699    
     74016   72.994827    
     74304   72.345352    
     74592   71.911530    
     74880   71.424431    
     75168   70.870758    
     75456   70.533791    
     75744   70.137695    
     76032   69.667442    
     76320   69.119850    
     76608   68.786087    
     76896   68.391602    
     77184   67.924133    
     77472   67.380516    
     77760   67.055901    
     78048   66.672691    
     78336   66.218246    
     78624   65.689697    
     78912   65.381447    
     79200   65.014915    
     79488   64.578003    
     79776   64.067596    
     80064   63.779621    
     80352   63.433975    
     80640   63.018986    
     80928   62.531479    
     81216   62.266582    
     81504   61.943802    
     81792   61.551846    
     82080   61.087551    
     82368   60.551868    
     82656   60.241135    
     82944   59.877575    
     83232   59.451305    
     83520   58.959061    
     83808   58.690643    
     84096   58.369740    
     84384   57.984726    
     84672   57.532463    
     84960   57.013493    
     85248   56.714706    
     85536   56.364231    
     85824   55.953556    
     86112   55.479671    
     86400   54.942215    
     86688   54.620155    
     86976   54.248859    
     87264   53.820721    
     87552   53.332649    
     87840   52.784843    
     88128   52.178936    
     88416   51.779282    
     88704   51.336205    
     88992   50.844036    
     89280   50.300522    
     89568   49.706238    
     89856   49.062309    
     90144   48.370758    
     90432   47.872780    
     90720   47.342346    
     91008   46.776005    
     91296   46.173717    
     91584   45.535507    
     91872   44.863586    
     92160   44.160839    
     92448   43.430702    
     92736   42.676636    
     93024   41.902416    
     93312   41.310501    
     93600   40.711185    
     93888   40.103489    
     94176   39.487099    
     94464   38.863033    
     94752   38.231316    
     95040   37.592892    
     95328   36.948792    
     95616   36.300068    
     95904   35.647575    
     96192   34.992493    
     96480   34.335236    
     96768   33.676495    
     97056   33.016983    
     97344   32.357586    
     97632   31.699228    
     97920   31.043013    
     98208   30.390543    
     98496   29.742701    
     98784   29.100779    
     99072   28.466042    
     99360   27.839760    
     99648   27.223135    
     99936   26.617371    
    100224   26.024126    
    100512   25.444143    
    100800   24.878452    
    101088   24.328075    
    101376   23.793972    
    101664   23.277014    
    101952   22.666100    
    102240   22.071474    
    102528   21.494352    
    102816   20.935814    
    103104   20.397173    
    103392   19.879097    
    103680   19.382416    
    103968   18.907883    
    104256   18.456123    
    104544   18.027714    
    104832   17.532434    
    105120   17.059349    
    105408   16.608936    
    105696   16.181248    
    105984   15.776158    
    106272   15.393549    
    106560   15.033252    
    106848   14.616343    
    107136   14.220957    
    107424   13.846980    
    107712   13.494238    
    108000   13.162464    
    108288   12.851365    
    108576   12.490204    
    108864   12.149512    
    109152   11.828917    
    109440   11.527999    
    109728   11.246304    
    110016   10.983374    
    110304   10.675248    
    110592   10.386124    
    110880   10.115344    
    111168   9.8623552    
    111456   9.6265764    
    111744   9.4074183    
    112032   9.1465521    
    112320   8.9029579    
    112608   8.6758871    
    112896   8.4648685    
    113184   8.2691898    
    113472   8.0350323    
    113760   7.8171234    
    114048   7.6145606    
    114336   7.4264436    
    114624   7.2520742    
    114912   7.0907655    
    115200   6.8932133    
    115488   6.7104797    
    115776   6.5414805    
    116064   6.3853126    
    116352   6.2411666    
    116640   6.1083689    
    116928   5.9414110    
    117216   5.7876973    
    117504   5.6463857    
    117792   5.5164957    
    118080   5.3972135    
    118368   5.2460651    
    118656   5.1074343    
    118944   4.9802866    
    119232   4.8638678    
    119520   4.7572999    
    119808   4.6598339    
    120096   4.5708838    
    120384   4.4517255    
    120672   4.3438749    
    120960   4.2461042    
    121248   4.1574101    
    121536   4.0770268    
    121824   4.0043397    
    122112   3.9035363    
    122400   3.8132777    
    122688   3.7323194    
    122976   3.6596508    
    123264   3.5946083    
    123552   3.5368817    
    123840   3.4858744    
    124128   3.4076054    
    124416   3.3390417    
    124704   3.2791531    
    124992   3.2269306    
    125280   3.1816368    
    125568   3.1427112    
    125856   3.1100426    
    126144   3.0512958    
    126432   3.0016944    
    126720   2.9601693    
    127008   2.9260533    
    127296   2.8985789    
    127584   2.8771820    
    127872   2.8615217    
    128160   2.8517003    
    128448   2.8160336    
    128736   2.7893741    
    129024   2.7707334    
    129312   2.7595308    
    129600   2.7551169    
    129888   2.7570293    
    130176   2.7650974    
    130464   2.7795937    
    130752   2.7716715    
    131040   2.7733243    
    131328   2.7837558    
    131616   2.8026464    
    131904   2.8295577    
    132192   2.8642671    
    132480   2.9067855    
    132768   2.9574506    
    133056   2.9802291    
    133344   3.0160530    
    133632   3.0638185    
    133920   3.1232874    
    134208   3.1946683    
    134496   3.2779701    
    134784   3.3735039    
    135072   3.4820864    
    135360   3.5595584    
    135648   3.6564667    
    135936   3.7717364    
    136224   3.9051230    
    136512   4.0574775    
    136800   4.2301950    
    137088   4.4242601    
    137376   4.6411948    
    137664   4.8213029    
    137952   5.0341353    
    138240   5.2788591    
    138528   5.5560546    
    138816   5.8672953    
    139104   6.2157168    
    139392   6.6055989    
    139680   7.0405149    
    139968   7.4338522    
    140256   7.8852758    
    140544   8.3957224    
    140832   8.9694862    
    141120   9.6123447    
    141408   10.329622    
    141696   11.128018    
    141984   12.015268    
    142272   12.860715    
    142560   13.815854    
    142848   14.885026    
    143136   16.073229    
    143424   17.387568    
    143712   18.836365    
    144000   20.428488    
    144288   22.172131    
    144576   23.849403    
    144864   25.605022    
    145152   27.324574    
    145440   28.963972    
    145728   30.515053    
    146016   31.977053    
    146304   33.352741    
    146592   34.646481    
    146880   35.625229    
    147168   36.547928    
    147456   37.418983    
    147744   38.244465    
    148032   39.030319    
    148320   39.783619    
    148608   40.508896    
    148896   41.204353    
    149184   41.623405    
    149472   42.021252    
    149760   42.399204    
    150048   42.760098    
    150336   43.105267    
    150624   43.434601    
    150912   43.747284    
    151200   44.041767    
    151488   44.316086    
    151776   44.567719    
    152064   44.794853    
    152352   44.742752    
    152640   44.669048    
    152928   44.579514    
    153216   44.479065    
    153504   44.370258    
    153792   44.254032    
    154080   44.129887    
    154368   43.995937    
    154656   43.850529    
    154944   43.692089    
    155232   43.519199    
    155520   43.328812    
    155808   43.118950    
    156096   42.891319    
    156384   42.646225    
    156672   42.383476    
    156960   42.102798    
    157248   41.804199    
    157536   41.487843    
    157824   41.153976    
    158112   40.802830    
    158400   40.434589    
    158688   40.049904    
    158976   39.649288    
    159264   39.232254    
    159552   38.798424    
    159840   38.350666    
    160128   37.890217    
    160416   37.417645    
    160704   36.933403    
    160992   36.438053    
    161280   35.931953    
    161568   35.415665    
    161856   34.889790    
    162144   34.353085    
    162432   33.806149    
    162720   33.514099    
    163008   33.210236    
    163296   32.881561    
    163584   32.520836    
    163872   32.125652    
    164160   31.696701    
    164448   31.234951    
    164736   30.743307    
    165024   30.227432    
    165312   29.958494    
    165600   29.664396    
    165888   29.334671    
    166176   28.964708    
    166464   28.554419    
    166752   28.106596    
    167040   27.623890    
    167328   27.381493    
    167616   27.104073    
    167904   26.783926    
    168192   26.418465    
    168480   26.009302    
    168768   25.560478    
    169056   25.349606    
    169344   25.096025    
    169632   24.791273    
    169920   24.436277    
    170208   24.034517    
    170496   23.591282    
    170784   23.387323    
    171072   23.137783    
    171360   22.837799    
    171648   22.485723    
    171936   22.084459    
    172224   21.918890    
    172512   21.700098    
    172800   21.424799    
    173088   21.094343    
    173376   20.992695    
    173664   20.826925    
    173952   20.595043    
    174240   20.298111    
    174528   20.224285    
    174816   20.078245    
    175104   19.860592    
    175392   19.575546    
    175680   19.230103    
    175968   19.114737    
    176256   18.931885    
    176544   18.682993    
    176832   18.370607    
    177120   18.356680    
    177408   18.264273    
    177696   18.094166    
    177984   17.850925    
    178272   17.541956    
    178560   17.459265    
    178848   17.301064    
    179136   17.071688    
    179424   16.777731    
    179712   16.708246    
    180000   16.558374    
    180288   16.334980    
    180576   16.330593    
    180864   16.238895    
    181152   16.065844    
    181440   15.819397    
    181728   15.791945    
    182016   15.678069    
    182304   15.484001    
    182592   15.216969    
    182880   15.170802    
    183168   15.039958    
    183456   14.833428    
    183744   14.560548    
    184032   14.509528    
    184320   14.375872    
    184608   14.168875    
    184896   13.896078    
    185184   13.842212    
    185472   13.705105    
    185760   13.495847    
    186048   13.224736    
    186336   13.172494    
    186624   13.039213    
    186912   12.835912    
    187200   12.571135    
    187488   12.253273    
    187776   12.156026    
    188064   11.985278    
    188352   11.753167    
    188640   11.469856    
    188928   11.399786    
    189216   11.254244    
    189504   11.043691    
    189792   10.780276    
    190080   10.474092    
    190368   10.378023    
    190656   10.213240    
    190944   9.9927597    
    191232   9.7257805    
    191520   9.4201775    
    191808   9.3151541    
    192096   9.1453114    
    192384   8.9245157    
    192672   8.6636848    
    192960   8.3704081    
    193248   8.0511179    
    193536   7.9211378    
    193824   7.7358522    
    194112   7.5089326    
    194400   7.2508664    
    194688   6.9689393    
    194976   6.6690464    
    195264   6.3574920    
    195552   6.2152386    
    195840   6.0291967    
    196128   5.8121648    
    196416   5.5732574    
    196704   5.3188477    
    196992   5.0555501    
    197280   4.7883730    
    197568   4.5214877    
    197856   4.2582173    
    198144   4.0003920    
    198432   3.8753300    
    198720   3.7235348    
    199008   3.5560942    
    199296   3.3809977    
    199584   3.2036958    
    199872   3.0275710    
    200160   2.8558445    
    200448   2.6906202    
    200736   2.5331652    
    201024   2.3841126    
    201312   2.2434850    
    201600   2.1110060    
    201888   1.9868537    
    202176   1.8709196    
    202464   1.7629176    
    202752   1.6624591    
    203040   1.5690975    
    203328   1.4821882    
    203616   1.4010160    
    203904   1.3253825    
    204192   1.2550108    
    204480   1.1895770    
    204768   1.1287407    
    205056   1.0721656    
    205344   1.0194378    
    205632  0.96998495    
    205920  0.92372787    
    206208  0.88052189    
    206496  0.84017611    
    206784  0.80248624    
    207072  0.73388827    
    207360  0.68120301    
    207648  0.63924402    
    207936  0.60458690    
    208224  0.57490695    
    208512  0.54862487    
    208800  0.52491122    
    209088  0.50321603    
    209376  0.48314509    
    209664  0.46443680    
    209952  0.42647794    
    210240  0.39821491    
    210528  0.37625977    
    210816  0.35843101    
    211104  0.34334373    
    211392  0.33011445    
    211680  0.31818342    
    211968  0.29284424    
    212256  0.27442336    
    212544  0.26038805    
    212832  0.24914640    
    213120  0.23969413    
    213408  0.23140450    
    213696  0.21330160    
    213984  0.20036317    
    214272  0.19065082    
    214560  0.18294814    
    214848  0.17650132    
    215136  0.17084272    
    215424  0.15786719    
    215712  0.14867856    
    216000  0.14182970    
    216288  0.13642286    
    216576  0.13189639    
    216864  0.12791081    
    217152  0.11845832    
    217440  0.11180913    
    217728  0.10689884    
    218016  0.10308022    
    218304  0.99909171E-01
    218592  0.92602730E-01
    218880  0.87547146E-01
    219168  0.83848223E-01
    219456  0.80960192E-01
    219744  0.78547396E-01
    220032  0.76413147E-01
    220320  0.71073152E-01
    220608  0.67393757E-01
    220896  0.64705692E-01
    221184  0.62602051E-01
    221472  0.60838986E-01
    221760  0.59275642E-01
    222048  0.55256493E-01
    222336  0.52490607E-01
    222624  0.50485279E-01
    222912  0.48924305E-01
    223200  0.47619894E-01
    223488  0.44414658E-01
    223776  0.42230327E-01
    224064  0.40658392E-01
    224352  0.39452836E-01
    224640  0.38454756E-01
    224928  0.37572030E-01
    225216  0.36752090E-01
    225504  0.34458309E-01
    225792  0.32906543E-01
    226080  0.31787511E-01
    226368  0.30917643E-01
    226656  0.30187957E-01
    226944  0.29542523E-01
    227232  0.27765905E-01
    227520  0.26580641E-01
    227808  0.25736336E-01
    228096  0.25085565E-01
    228384  0.24549376E-01
    228672  0.24086684E-01
    228960  0.23665117E-01
    229248  0.22335587E-01
    229536  0.21466890E-01
    229824  0.20867081E-01
    230112  0.20417456E-01
    230400  0.20051295E-01
    230688  0.19735206E-01
    230976  0.19455906E-01
    231264  0.18454334E-01
    231552  0.17820006E-01
    231840  0.17397804E-01
    232128  0.17098894E-01
    232416  0.16866621E-01
    232704  0.16670765E-01
    232992  0.16499627E-01
    233280  0.16352685E-01
    233568  0.15616410E-01
    233856  0.15182626E-01
    234144  0.14921216E-01
    234432  0.14759322E-01
    234720  0.14651664E-01
    235008  0.14574909E-01
    235296  0.14520042E-01
    235584  0.14487743E-01
    235872  0.14011185E-01
    236160  0.13774211E-01
    236448  0.13672548E-01
    236736  0.13650311E-01
    237024  0.13671870E-01
    237312  0.13720708E-01
    237600  0.13789791E-01
    237888  0.13879959E-01
    238176  0.13501955E-01
    238464  0.13390119E-01
    238752  0.13419463E-01
    239040  0.13531109E-01
    239328  0.13694838E-01
    239616  0.13890994E-01
    239904  0.14111397E-01
    240192  0.14358458E-01
    240480  0.14127882E-01
    240768  0.14184941E-01
    241056  0.14390155E-01
    241344  0.14674595E-01
    241632  0.15013931E-01
    241920  0.15396956E-01
    242208  0.15814245E-01
    242496  0.16263245E-01
    242784  0.16175583E-01
    243072  0.16439337E-01
    243360  0.16877184E-01
    243648  0.17408663E-01
    243936  0.18000515E-01
    244224  0.18650169E-01
    244512  0.19359598E-01
    244800  0.20124083E-01
    245088  0.20238720E-01
    245376  0.20799436E-01
    245664  0.21580471E-01
    245952  0.22499925E-01
    246240  0.23522982E-01
    246528  0.24631308E-01
    246816  0.25825184E-01
    247104  0.27112566E-01
    247392  0.27568726E-01
    247680  0.28671859E-01
    247968  0.30103935E-01
    248256  0.31729564E-01
    248544  0.33506002E-01
    248832  0.35429519E-01
    249120  0.37512109E-01
    249408  0.39771449E-01
    249696  0.40894970E-01
    249984  0.42999234E-01
    250272  0.45611657E-01
    250560  0.48546724E-01
    250848  0.51756229E-01
    251136  0.55246577E-01
    251424  0.59045691E-01
    251712  0.63190527E-01
    252000  0.65660574E-01
    252288  0.69684133E-01
    252576  0.74522555E-01
    252864  0.79934075E-01
    253152  0.85871249E-01
    253440  0.92411578E-01
    253728  0.99616468E-01
    254016  0.10751535    
    254304  0.11275366    
    254592  0.12068517    
    254880  0.13006794    
    255168  0.14053014    
    255456  0.15202530    
    255744  0.16462655    
    256032  0.17845310    
    256320  0.19364627    
    256608  0.21036376    
    256896  0.22878037    
    257184  0.24908817    
    257472  0.26367986    
    257760  0.28468719    
    258048  0.30928040    
    258336  0.33667538    
    258624  0.36682993    
    258912  0.39996231    
    259200  0.43639088    
    259488  0.47648510    
    259776  0.52065569    
    260064  0.56935245    
    260352  0.62307167    
    260640  0.68203217    
    260928  0.74681503    
    261216  0.81835246    
    261504  0.89742768    
    261792  0.98486966    
    262080   1.0815806    
    262368   1.1885682    
    262656   1.3069583    
    262944   1.4380184    
    263232   1.5831724    
    263520   1.7440144    
    263808   1.9223471    
    264096   2.1201935    
    264384   2.3388782    
    264672   2.5806718    
    264960   2.8492739    
    265248   3.1481225    
    265536   3.4808161    
    265824   3.8513227    
    266112   4.2640338    
    266400   4.7237124    
    266688   5.2353897    
    266976   5.8043680    
    267264   6.4330463    
    267552   7.1146822    
    267840   7.9655795    
    268128   8.6706362    
    268416   9.2469664    
    268704   9.7202110    
    268992   10.106805    
    269280   10.418506    
    269568   10.661945    
    269856   10.844902    
    270144   10.976536    
    270432   11.292379    
    270720   11.523988    
    271008   11.686524    
    271296   11.789710    
    271584   11.840569    
    271872   11.845861    
    272160   11.808929    
    272448   11.975942    
    272736   12.067309    
    273024   12.096420    
    273312   12.072235    
    273600   12.002263    
    273888   11.893337    
    274176   11.997425    
    274464   12.025277    
    274752   11.987965    
    275040   11.897477    
    275328   11.762905    
    275616   11.591675    
    275904   11.640546    
    276192   11.615854    
    276480   11.531016    
    276768   11.393433    
    277056   11.211104    
    277344   11.247541    
    277632   11.205695    
    277920   11.100842    
    278208   10.944376    
    278496   11.000854    
    278784   10.970819    
    279072   10.871245    
    279360   10.712650    
    279648   10.763518    
    279936   10.723289    
    280224   10.611489    
    280512   10.442448    
    280800   10.227799    
    281088   10.233377    
    281376   10.154958    
    281664   10.011395    
    281952   9.8138561    
    282240   9.8945179    
    282528   9.8719940    
    282816   9.7701683    
    283104   9.6062784    
    283392   9.3939705    
    283680   9.3982277    
    283968   9.3139725    
    284256   9.1628408    
    284544   8.9605694    
    284832   8.9693832    
    285120   8.8842640    
    285408   8.7306509    
    285696   8.7782421    
    285984   8.7251959    
    286272   8.5972586    
    286560   8.4127407    
    286848   8.4350319    
    287136   8.3619080    
    287424   8.2167788    
    287712   8.0165195    
    288000   8.0236378    
    288288   7.9376101    
    288576   7.7848182    
    288864   7.5836267    
    289152   7.5883255    
    289440   7.5015740    
    289728   7.3497887    
    290016   7.1491170    
    290304   7.1487865    
    290592   7.0567856    
    290880   6.9014521    
    291168   6.7019091    
    291456   6.7007456    
    291744   6.6106610    
    292032   6.4595585    
    292320   6.2643886    
    292608   6.0378509    
    292896   6.0097804    
    293184   5.9007177    
    293472   5.7383389    
    293760   5.5409632    
    294048   5.5292478    
    294336   5.4338694    
    294624   5.2821641    
    294912   5.0948315    
    295200   4.8852201    
    295488   4.8565307    
    295776   4.7528749    
    296064   4.6019764    
    296352   4.4201980    
    296640   4.2186713    
    296928   4.1838398    
    297216   4.0786009    
    297504   3.9307542    
    297792   3.7578502    
    298080   3.5696058    
    298368   3.3727100    
    298656   3.3245029    
    298944   3.2163813    
    299232   3.0743766    
    299520   2.9148088    
    299808   2.7468958    
    300096   2.5767379    
    300384   2.4091566    
    300672   2.3633089    
    300960   2.2726717    
    301248   2.1591985    
    301536   2.0355918    
    301824   1.9091614    
    302112   1.7851417    
    302400   1.6661741    
    302688   1.5536262    
    302976   1.4479963    
    303264   1.3486979    
    303552   1.3281639    
    303840   1.2786678    
    304128   1.2154390    
    304416   1.1471778    
    304704   1.0784457    
    304992   1.0114710    
    305280  0.94784284    
    305568  0.88819295    
    305856  0.83260900    
    306144  0.78098917    
    306432  0.73288941    
    306720  0.68793982    
    307008  0.64612079    
    307296  0.60727596    
    307584  0.57119930    
    307872  0.53768933    
    308160  0.50654608    
    308448  0.47745675    
    308736  0.45015448    
    309024  0.42464569    
    309312  0.40086201    
    309600  0.37870279    
    309888  0.35805523    
    310176  0.33879930    
    310464  0.32076859    
    310752  0.30376479    
    311040  0.28781551    
    311328  0.27289560    
    311616  0.25894520    
    311904  0.24589816    
    312192  0.21907015    
    312480  0.20069446    
    312768  0.18720417    
    313056  0.17655963    
    313344  0.16756187    
    313632  0.15952729    
    313920  0.15215419    
    314208  0.14528160    
    314496  0.13881893    
    314784  0.13270465    
    315072  0.11873320    
