       288   25.967703    
       576   25.935705    
       864   25.903845    
      1152   25.871984    
      1440   25.840260    
      1728   25.808949    
      2016   25.777637    
      2304   25.746326    
      2592   25.715248    
      2880   25.684486    
      3168   25.653725    
      3456   25.622963    
      3744   25.592228    
      4032   25.562016    
      4320   25.531803    
      4608   25.501591    
      4896   25.471378    
      5184   25.441166    
      5472   25.411322    
      5760   25.381659    
      6048   25.351995    
      6336   25.322332    
      6624   25.292669    
      6912   25.263006    
      7200   25.233343    
      7488   25.203718    
      7776   25.174604    
      8064   25.145491    
      8352   25.116377    
      8640   25.087263    
      8928   25.058149    
      9216   25.029036    
      9504   24.999922    
      9792   24.970808    
     10080   24.941694    
     10368   24.912580    
     10656   24.883467    
     10944   24.854353    
     11232   24.825239    
     11520   24.796125    
     11808   24.767012    
     12096   24.737898    
     12384   24.708784    
     12672   24.679670    
     12960   24.650557    
     13248   24.621443    
     13536   24.592329    
     13824   24.562719    
     14112   24.533056    
     14400   24.503393    
     14688   24.473730    
     14976   24.444067    
     15264   24.414404    
     15552   24.384741    
     15840   24.355005    
     16128   24.324793    
     16416   24.294580    
     16704   24.264368    
     16992   24.234156    
     17280   24.203943    
     17568   24.173296    
     17856   24.142534    
     18144   24.111773    
     18432   24.081011    
     18720   24.050020    
     19008   24.018709    
     19296   23.987398    
     19584   23.956087    
     19872   23.924421    
     20160   23.892561    
     20448   23.860701    
     20736   23.828699    
     21024   23.796289    
     21312   23.763880    
     21600   23.731377    
     21888   23.698418    
     22176   23.665459    
     22464   23.632326    
     22752   23.598818    
     23040   23.565310    
     23328   23.531445    
     23616   23.497387    
     23904   23.463266    
     24192   23.428659    
     24480   23.394053    
     24768   23.359045    
     25056   23.323889    
     25344   23.288494    
     25632   23.252789    
     25920   23.216955    
     26208   23.180700    
     26496   23.144377    
     26784   23.107573    
     27072   23.070717    
     27360   23.033363    
     27648   22.995941    
     27936   22.958038    
     28224   22.920021    
     28512   22.881569    
     28800   22.842920    
     29088   22.803919    
     29376   22.764606    
     29664   22.725056    
     29952   22.685053    
     30240   22.644907    
     30528   22.604258    
     30816   22.563385    
     31104   22.522186    
     31392   22.480549    
     31680   22.438717    
     31968   22.396420    
     32256   22.353785    
     32544   22.310907    
     32832   22.267511    
     33120   22.223808    
     33408   22.179831    
     33696   22.135336    
     33984   22.090494    
     34272   22.045368    
     34560   21.999775    
     34848   21.953741    
     35136   21.907434    
     35424   21.860743    
     35712   21.813543    
     36000   21.766045    
     36288   21.718237    
     36576   21.669897    
     36864   21.621218    
     37152   21.572262    
     37440   21.522823    
     37728   21.472986    
     38016   21.422899    
     38304   21.372362    
     38592   21.321390    
     38880   21.270182    
     39168   21.218546    
     39456   21.166460    
     39744   21.114157    
     40032   21.061422    
     40320   21.008251    
     40608   20.954876    
     40896   20.901043    
     41184   20.846825    
     41472   20.792404    
     41760   20.737473    
     42048   20.682278    
     42336   20.626797    
     42624   20.570829    
     42912   20.514721    
     43200   20.458141    
     43488   20.401293    
     43776   20.344164    
     44064   20.286585    
     44352   20.228907    
     44640   20.170702    
     44928   20.112446    
     45216   20.053669    
     45504   19.994839    
     45792   19.935513    
     46080   19.876144    
     46368   19.816269    
     46656   19.756393    
     46944   19.695976    
     47232   19.635551    
     47520   19.574883    
     47808   19.513908    
     48096   19.452934    
     48384   19.391670    
     48672   19.330147    
     48960   19.268623    
     49248   19.207033    
     49536   19.144960    
     49824   19.082888    
     50112   19.020815    
     50400   18.958679    
     50688   18.896057    
     50976   18.833435    
     51264   18.770813    
     51552   18.708191    
     51840   18.645569    
     52128   18.582920    
     52416   18.519749    
     52704   18.456577    
     52992   18.393406    
     53280   18.330235    
     53568   18.267063    
     53856   18.203892    
     54144   18.140720    
     54432   18.077549    
     54720   18.014378    
     55008   17.951277    
     55296   17.888390    
     55584   17.825768    
     55872   17.763145    
     56160   17.700523    
     56448   17.637901    
     56736   17.575279    
     57024   17.512966    
     57312   17.450893    
     57600   17.388821    
     57888   17.326748    
     58176   17.265032    
     58464   17.203508    
     58752   17.141985    
     59040   17.080809    
     59328   17.019835    
     59616   16.959036    
     59904   16.898611    
     60192   16.838186    
     60480   16.778131    
     60768   16.718256    
     61056   16.658703    
     61344   16.599377    
     61632   16.540379    
     61920   16.481602    
     62208   16.423199    
     62496   16.365095    
     62784   16.307339    
     63072   16.249872    
     63360   16.192743    
     63648   16.135944    
     63936   16.079510    
     64224   16.023479    
     64512   15.967691    
     64800   15.912332    
     65088   15.857287    
     65376   15.802653    
     65664   15.748407    
     65952   15.694550    
     66240   15.641106    
     66528   15.588021    
     66816   15.535323    
     67104   15.483014    
     67392   15.431117    
     67680   15.379620    
     67968   15.328528    
     68256   15.277846    
     68544   15.227557    
     68832   15.177691    
     69120   15.128226    
     69408   15.079187    
     69696   15.030555    
     69984   14.982348    
     70272   14.934569    
     70560   14.887268    
     70848   14.840361    
     71136   14.793925    
     71424   14.747923    
     71712   14.702365    
     72000   14.657288    
     72288   14.612650    
     72576   14.568443    
     72864   14.524724    
     73152   14.481421    
     73440   14.438586    
     73728   14.396235    
     74016   14.354283    
     74304   14.312815    
     74592   14.271825    
     74880   14.231231    
     75168   14.191120    
     75456   14.151438    
     75744   14.112190    
     76032   14.073420    
     76320   14.035055    
     76608   13.997149    
     76896   13.959663    
     77184   13.922611    
     77472   13.886032    
     77760   13.849838    
     78048   13.814102    
     78336   13.778769    
     78624   13.743877    
     78912   13.709405    
     79200   13.675342    
     79488   13.641693    
     79776   13.608457    
     80064   13.575631    
     80352   13.543203    
     80640   13.511169    
     80928   13.479548    
     81216   13.448294    
     81504   13.417409    
     81792   13.386930    
     82080   13.356850    
     82368   13.327156    
     82656   13.297819    
     82944   13.268848    
     83232   13.240262    
     83520   13.212029    
     83808   13.184156    
     84096   13.156631    
     84384   13.129460    
     84672   13.102665    
     84960   13.076175    
     85248   13.050041    
     85536   13.024241    
     85824   12.998810    
     86112   12.973677    
     86400   12.948842    
     86688   12.924340    
     86976   12.900169    
     87264   12.876311    
     87552   12.852798    
     87840   12.829576    
     88128   12.806645    
     88416   12.784001    
     88704   12.761641    
     88992   12.739562    
     89280   12.717767    
     89568   12.696254    
     89856   12.675056    
     90144   12.654159    
     90432   12.633537    
     90720   12.613181    
     91008   12.593085    
     91296   12.573232    
     91584   12.553648    
     91872   12.534334    
     92160   12.515289    
     92448   12.496513    
     92736   12.478004    
     93024   12.459763    
     93312   12.441782    
     93600   12.424056    
     93888   12.406582    
     94176   12.389359    
     94464   12.372310    
     94752   12.355473    
     95040   12.338881    
     95328   12.322535    
     95616   12.306431    
     95904   12.290558    
     96192   12.274828    
     96480   12.259336    
     96768   12.244081    
     97056   12.229059    
     97344   12.214181    
     97632   12.199522    
     97920   12.185093    
     98208   12.170892    
     98496   12.156824    
     98784   12.142976    
     99072   12.129350    
     99360   12.115911    
     99648   12.102629    
     99936   12.089563    
    100224   12.076689    
    100512   12.063958    
    100800   12.051437    
    101088   12.039078    
    101376   12.026880    
    101664   12.014883    
    101952   12.003008    
    102240   11.991338    
    102528   11.979871    
    102816   11.968524    
    103104   11.957381    
    103392   11.946395    
    103680   11.935562    
    103968   11.924914    
    104256   11.914381    
    104544   11.904035    
    104832   11.893795    
    105120   11.883749    
    105408   11.873833    
    105696   11.864079    
    105984   11.854466    
    106272   11.844993    
    106560   11.835654    
    106848   11.826453    
    107136   11.817405    
    107424   11.808483    
    107712   11.799694    
    108000   11.791038    
    108288   11.782497    
    108576   11.774100    
    108864   11.765808    
    109152   11.757676    
    109440   11.749634    
    109728   11.741742    
    110016   11.733933    
    110304   11.726269    
    110592   11.718710    
    110880   11.711251    
    111168   11.703936    
    111456   11.696689    
    111744   11.689559    
    112032   11.682540    
    112320   11.675607    
    112608   11.668812    
    112896   11.662091    
    113184   11.655462    
    113472   11.648961    
    113760   11.642527    
    114048   11.636203    
    114336   11.629992    
    114624   11.623835    
    114912   11.617769    
    115200   11.611816    
    115488   11.605925    
    115776   11.600121    
    116064   11.594423    
    116352   11.588788    
    116640   11.583214    
    116928   11.577743    
    117216   11.572356    
    117504   11.567016    
    117792   11.561750    
    118080   11.556569    
    118368   11.551466    
    118656   11.546412    
    118944   11.541434    
    119232   11.536551    
    119520   11.531726    
    119808   11.526936    
    120096   11.522199    
    120384   11.517525    
    120672   11.512934    
    120960   11.508391    
    121248   11.503886    
    121536   11.499428    
    121824   11.495013    
    122112   11.490674    
    122400   11.486387    
    122688   11.482132    
    122976   11.477914    
    123264   11.473732    
    123552   11.469583    
    123840   11.465480    
    124128   11.461422    
    124416   11.457400    
    124704   11.453408    
    124992   11.449432    
    125280   11.445477    
    125568   11.441539    
    125856   11.437611    
    126144   11.433690    
    126432   11.429794    
    126720   11.425937    
    127008   11.422100    
    127296   11.418276    
    127584   11.414449    
    127872   11.410608    
    128160   11.406743    
    128448   11.402878    
    128736   11.399021    
    129024   11.395158    
    129312   11.391274    
    129600   11.387362    
    129888   11.383431    
    130176   11.379476    
    130464   11.375477    
    130752   11.371458    
    131040   11.367419    
    131328   11.363324    
    131616   11.359163    
    131904   11.354942    
    132192   11.350661    
    132480   11.346302    
    132768   11.341826    
    133056   11.337289    
    133344   11.332682    
    133632   11.327979    
    133920   11.323172    
    134208   11.318246    
    134496   11.313176    
    134784   11.307964    
    135072   11.302592    
    135360   11.297065    
    135648   11.291371    
    135936   11.285517    
    136224   11.279463    
    136512   11.273184    
    136800   11.266664    
    137088   11.259880    
    137376   11.252813    
    137664   11.245462    
    137952   11.237839    
    138240   11.229918    
    138528   11.221670    
    138816   11.213074    
    139104   11.204063    
    139392   11.194653    
    139680   11.184781    
    139968   11.174478    
    140256   11.163740    
    140544   11.152518    
    140832   11.140799    
    141120   11.128549    
    141408   11.115734    
    141696   11.102334    
    141984   11.088337    
    142272   11.073756    
    142560   11.058601    
    142848   11.042849    
    143136   11.026458    
    143424   11.009439    
    143712   10.991782    
    144000   10.973488    
    144288   10.954546    
    144576   10.934988    
    144864   10.914840    
    145152   10.894148    
    145440   10.872963    
    145728   10.851345    
    146016   10.829272    
    146304   10.806832    
    146592   10.783991    
    146880   10.760827    
    147168   10.737371    
    147456   10.713634    
    147744   10.689623    
    148032   10.665346    
    148320   10.640813    
    148608   10.616029    
    148896   10.591001    
    149184   10.565782    
    149472   10.540351    
    149760   10.514711    
    150048   10.488890    
    150336   10.462888    
    150624   10.436689    
    150912   10.410319    
    151200   10.383780    
    151488   10.357057    
    151776   10.330198    
    152064   10.303160    
    152352   10.275991    
    152640   10.248693    
    152928   10.221309    
    153216   10.193790    
    153504   10.166176    
    153792   10.138461    
    154080   10.110642    
    154368   10.082747    
    154656   10.054763    
    154944   10.026696    
    155232   9.9985542    
    155520   9.9703522    
    155808   9.9420853    
    156096   9.9137659    
    156384   9.8854027    
    156672   9.8569946    
    156960   9.8285580    
    157248   9.8000822    
    157536   9.7715864    
    157824   9.7430801    
    158112   9.7145691    
    158400   9.6860619    
    158688   9.6575632    
    158976   9.6290779    
    159264   9.6006393    
    159552   9.5722399    
    159840   9.5438976    
    160128   9.5155945    
    160416   9.4873343    
    160704   9.4591570    
    160992   9.4310503    
    161280   9.4030313    
    161568   9.3751116    
    161856   9.3472748    
    162144   9.3195705    
    162432   9.2919683    
    162720   9.2644567    
    163008   9.2370548    
    163296   9.2097282    
    163584   9.1825018    
    163872   9.1554117    
    164160   9.1284208    
    164448   9.1016026    
    164736   9.0749197    
    165024   9.0484066    
    165312   9.0220394    
    165600   8.9958010    
    165888   8.9697018    
    166176   8.9437504    
    166464   8.9179735    
    166752   8.8923788    
    167040   8.8669920    
    167328   8.8417664    
    167616   8.8167028    
    167904   8.7917938    
    168192   8.7670794    
    168480   8.7425766    
    168768   8.7182846    
    169056   8.6941748    
    169344   8.6702499    
    169632   8.6465149    
    169920   8.6229839    
    170208   8.5996685    
    170496   8.5765991    
    170784   8.5537558    
    171072   8.5310965    
    171360   8.5086508    
    171648   8.4864340    
    171936   8.4644651    
    172224   8.4427042    
    172512   8.4211407    
    172800   8.3997984    
    173088   8.3786974    
    173376   8.3577957    
    173664   8.3370714    
    173952   8.3165636    
    174240   8.2962933    
    174528   8.2762165    
    174816   8.2563200    
    175104   8.2366371    
    175392   8.2171946    
    175680   8.1980124    
    175968   8.1790314    
    176256   8.1602535    
    176544   8.1417074    
    176832   8.1234150    
    177120   8.1053295    
    177408   8.0873995    
    177696   8.0696764    
    177984   8.0521870    
    178272   8.0349512    
    178560   8.0179281    
    178848   8.0010891    
    179136   7.9844785    
    179424   7.9681163    
    179712   7.9519653    
    180000   7.9360080    
    180288   7.9202685    
    180576   7.9047170    
    180864   7.8893332    
    181152   7.8741460    
    181440   7.8591838    
    181728   7.8444152    
    182016   7.8298206    
    182304   7.8154302    
    182592   7.8012695    
    182880   7.7873077    
    183168   7.7735171    
    183456   7.7599359    
    183744   7.7465854    
    184032   7.7334323    
    184320   7.7204485    
    184608   7.7076659    
    184896   7.6951060    
    185184   7.6827397    
    185472   7.6705451    
    185760   7.6585407    
    186048   7.6467652    
    186336   7.6351695    
    186624   7.6237350    
    186912   7.6124949    
    187200   7.6014609    
    187488   7.5906672    
    187776   7.5800695    
    188064   7.5696373    
    188352   7.5594025    
    188640   7.5493903    
    188928   7.5395474    
    189216   7.5298591    
    189504   7.5203547    
    189792   7.5110512    
    190080   7.5019693    
    190368   7.4930625    
    190656   7.4843092    
    190944   7.4757442    
    191232   7.4673729    
    191520   7.4592204    
    191808   7.4512415    
    192096   7.4434123    
    192384   7.4357543    
    192672   7.4282942    
    192960   7.4210386    
    193248   7.4140105    
    193536   7.4071574    
    193824   7.4004569    
    194112   7.3939285    
    194400   7.3875909    
    194688   7.3814569    
    194976   7.3755393    
    195264   7.3698468    
    195552   7.3643222    
    195840   7.3589463    
    196128   7.3537474    
    196416   7.3487248    
    196704   7.3438902    
    196992   7.3392653    
    197280   7.3348379    
    197568   7.3306265    
    197856   7.3266182    
    198144   7.3228235    
    198432   7.3191843    
    198720   7.3156695    
    199008   7.3122983    
    199296   7.3090825    
    199584   7.3060193    
    199872   7.3031082    
    200160   7.3003492    
    200448   7.2977395    
    200736   7.2952733    
    201024   7.2929454    
    201312   7.2907472    
    201600   7.2886744    
    201888   7.2867222    
    202176   7.2848825    
    202464   7.2831450    
    202752   7.2815065    
    203040   7.2799654    
    203328   7.2785091    
    203616   7.2771316    
    203904   7.2758327    
    204192   7.2746034    
    204480   7.2734418    
    204768   7.2723355    
    205056   7.2712955    
    205344   7.2703056    
    205632   7.2693620    
    205920   7.2684717    
    206208   7.2676287    
    206496   7.2668204    
    206784   7.2660489    
    207072   7.2653375    
    207360   7.2646775    
    207648   7.2640629    
    207936   7.2634835    
    208224   7.2629380    
    208512   7.2624254    
    208800   7.2619395    
    209088   7.2614646    
    209376   7.2610035    
    209664   7.2605577    
    209952   7.2601557    
    210240   7.2597914    
    210528   7.2594457    
    210816   7.2591105    
    211104   7.2587910    
    211392   7.2584872    
    211680   7.2581992    
    211968   7.2579246    
    212256   7.2576647    
    212544   7.2574201    
    212832   7.2571878    
    213120   7.2569680    
    213408   7.2567601    
    213696   7.2565641    
    213984   7.2563920    
    214272   7.2562404    
    214560   7.2561030    
    214848   7.2559657    
    215136   7.2558284    
    215424   7.2556911    
    215712   7.2555537    
    216000   7.2554164    
    216288   7.2552791    
    216576   7.2551417    
    216864   7.2550044    
    217152   7.2548671    
    217440   7.2547297    
    217728   7.2545924    
    218016   7.2544551    
    218304   7.2543178    
    218592   7.2541947    
    218880   7.2540884    
    219168   7.2539945    
    219456   7.2539110    
    219744   7.2538376    
    220032   7.2537704    
    220320   7.2537150    
    220608   7.2536821    
    220896   7.2536664    
    221184   7.2536664    
    221472   7.2536664    
    221760   7.2536664    
    222048   7.2536664    
    222336   7.2536664    
    222624   7.2536664    
    222912   7.2536664    
    223200   7.2536664    
    223488   7.2536664    
    223776   7.2536664    
    224064   7.2536664    
    224352   7.2536664    
    224640   7.2536664    
    224928   7.2536664    
    225216   7.2536664    
    225504   7.2536664    
    225792   7.2536664    
    226080   7.2536664    
    226368   7.2536664    
    226656   7.2536664    
    226944   7.2536664    
    227232   7.2536664    
    227520   7.2536664    
    227808   7.2536664    
    228096   7.2536664    
    228384   7.2536664    
    228672   7.2536664    
    228960   7.2536664    
    229248   7.2536664    
    229536   7.2536664    
    229824   7.2536664    
    230112   7.2536664    
    230400   7.2536664    
    230688   7.2536664    
    230976   7.2536664    
    231264   7.2536664    
    231552   7.2536664    
    231840   7.2536664    
    232128   7.2536664    
    232416   7.2536664    
    232704   7.2536664    
    232992   7.2536664    
    233280   7.2536664    
    233568   7.2536664    
    233856   7.2536664    
    234144   7.2536664    
    234432   7.2536664    
    234720   7.2536664    
    235008   7.2536664    
    235296   7.2536664    
    235584   7.2536664    
    235872   7.2536664    
    236160   7.2536664    
    236448   7.2536664    
    236736   7.2536664    
    237024   7.2536664    
    237312   7.2536664    
    237600   7.2536664    
    237888   7.2536664    
    238176   7.2536664    
    238464   7.2536664    
    238752   7.2536664    
    239040   7.2536664    
    239328   7.2536664    
    239616   7.2536664    
    239904   7.2536664    
    240192   7.2536664    
    240480   7.2536664    
    240768   7.2536664    
    241056   7.2536664    
    241344   7.2536664    
    241632   7.2536664    
    241920   7.2536664    
    242208   7.2536664    
    242496   7.2536664    
    242784   7.2536664    
    243072   7.2536664    
    243360   7.2536664    
    243648   7.2536664    
    243936   7.2536664    
    244224   7.2536664    
    244512   7.2536664    
    244800   7.2536664    
    245088   7.2536664    
    245376   7.2536664    
    245664   7.2536664    
    245952   7.2536664    
    246240   7.2536664    
    246528   7.2536664    
    246816   7.2536664    
    247104   7.2536664    
    247392   7.2536664    
    247680   7.2536664    
    247968   7.2536664    
    248256   7.2536664    
    248544   7.2536511    
    248832   7.2536197    
    249120   7.2535720    
    249408   7.2535019    
    249696   7.2534232    
    249984   7.2533340    
    250272   7.2532330    
    250560   7.2531190    
    250848   7.2529922    
    251136   7.2528548    
    251424   7.2527175    
    251712   7.2525802    
    252000   7.2524428    
    252288   7.2523055    
    252576   7.2521682    
    252864   7.2520308    
    253152   7.2518816    
    253440   7.2517133    
    253728   7.2515254    
    254016   7.2513137    
    254304   7.2510920    
    254592   7.2508588    
    254880   7.2506127    
    255168   7.2503319    
    255456   7.2500172    
    255744   7.2496796    
    256032   7.2493229    
    256320   7.2489285    
    256608   7.2485008    
    256896   7.2480330    
    257184   7.2475100    
    257472   7.2469583    
    257760   7.2463598    
    258048   7.2457132    
    258336   7.2449956    
    258624   7.2442226    
    258912   7.2433734    
    259200   7.2424383    
    259488   7.2414184    
    259776   7.2402968    
    260064   7.2390738    
    260352   7.2377315    
    260640   7.2362599    
    260928   7.2346525    
    261216   7.2328897    
    261504   7.2309585    
    261792   7.2288418    
    262080   7.2265239    
    262368   7.2239871    
    262656   7.2212062    
    262944   7.2181640    
    263232   7.2148395    
    263520   7.2112012    
    263808   7.2072287    
    264096   7.2028952    
    264384   7.1981716    
    264672   7.1930332    
    264960   7.1874442    
    265248   7.1813788    
    265536   7.1748052    
    265824   7.1676917    
    266112   7.1600065    
    266400   7.1517239    
    266688   7.1428142    
    266976   7.1332521    
    267264   7.1230206    
    267552   7.1121120    
    267840   7.1004453    
    268128   7.0881042    
    268416   7.0752616    
    268704   7.0620313    
    268992   7.0485024    
    269280   7.0347481    
    269568   7.0208220    
    269856   7.0067759    
    270144   6.9926515    
    270432   6.9783988    
    270720   6.9640050    
    271008   6.9495282    
    271296   6.9350023    
    271584   6.9204655    
    271872   6.9059496    
    272160   6.8914776    
    272448   6.8770051    
    272736   6.8625083    
    273024   6.8480239    
    273312   6.8335814    
    273600   6.8192172    
    273888   6.8049564    
    274176   6.7907453    
    274464   6.7765541    
    274752   6.7624226    
    275040   6.7483888    
    275328   6.7344799    
    275616   6.7207246    
    275904   6.7070603    
    276192   6.6934514    
    276480   6.6799479    
    276768   6.6665740    
    277056   6.6533642    
    277344   6.6402621    
    277632   6.6272345    
    277920   6.6143255    
    278208   6.6015701    
    278496   6.5889082    
    278784   6.5763249    
    279072   6.5638580    
    279360   6.5515437    
    279648   6.5393314    
    279936   6.5272055    
    280224   6.5152092    
    280512   6.5033741    
    280800   6.4917336    
    281088   6.4802265    
    281376   6.4688282    
    281664   6.4575834    
    281952   6.4465237    
    282240   6.4355731    
    282528   6.4246964    
    282816   6.4139442    
    283104   6.4033556    
    283392   6.3929648    
    283680   6.3827105    
    283968   6.3725705    
    284256   6.3625889    
    284544   6.3527970    
    284832   6.3431311    
    285120   6.3335791    
    285408   6.3241868    
    285696   6.3148985    
    285984   6.3057027    
    286272   6.2966485    
    286560   6.2877684    
    286848   6.2790065    
    287136   6.2703443    
    287424   6.2618346    
    287712   6.2535086    
    288000   6.2453046    
    288288   6.2372084    
    288576   6.2292652    
    288864   6.2215075    
    289152   6.2138724    
    289440   6.2063413    
    289728   6.1989579    
    290016   6.1917610    
    290304   6.1846805    
    290592   6.1777086    
    290880   6.1708817    
    291168   6.1642346    
    291456   6.1577015    
    291744   6.1512694    
    292032   6.1449804    
    292320   6.1388602    
    292608   6.1329341    
    292896   6.1271396    
    293184   6.1214480    
    293472   6.1159024    
    293760   6.1105318    
    294048   6.1052737    
    294336   6.1001019    
    294624   6.0950651    
    294912   6.0901933    
    295200   6.0855012    
    295488   6.0809193    
    295776   6.0764365    
    296064   6.0720859    
    296352   6.0678911    
    296640   6.0638676    
    296928   6.0599532    
    297216   6.0561290    
    297504   6.0524316    
    297792   6.0488834    
    298080   6.0454979    
    298368   6.0422812    
    298656   6.0391722    
    298944   6.0361524    
    299232   6.0332546    
    299520   6.0304952    
    299808   6.0278826    
    300096   6.0254230    
    300384   6.0231209    
    300672   6.0209093    
    300960   6.0187702    
    301248   6.0167284    
    301536   6.0148010    
    301824   6.0129905    
    302112   6.0112939    
    302400   6.0097132    
    302688   6.0082426    
    302976   6.0068679    
    303264   6.0055895    
    303552   6.0043640    
    303840   6.0031762    
    304128   6.0020509    
    304416   6.0009866    
    304704   5.9999857    
    304992   5.9990525    
    305280   5.9981771    
    305568   5.9973621    
    305856   5.9966044    
    306144   5.9958906    
    306432   5.9952202    
    306720   5.9946012    
    307008   5.9940276    
    307296   5.9934850    
    307584   5.9929733    
    307872   5.9925022    
    308160   5.9920554    
    308448   5.9916368    
    308736   5.9912472    
    309024   5.9908919    
    309312   5.9905510    
    309600   5.9902186    
    309888   5.9899011    
    310176   5.9895992    
    310464   5.9893279    
    310752   5.9890785    
    311040   5.9888406    
    311328   5.9886150    
    311616   5.9884028    
    311904   5.9882021    
    312192   5.9880157    
    312480   5.9878554    
    312768   5.9877181    
    313056   5.9875808    
    313344   5.9874434    
    313632   5.9873061    
    313920   5.9871688    
    314208   5.9870315    
    314496   5.9868941    
    314784   5.9867568    
    315072   5.9866266    
