       288  0.23837979    
       576  0.35072199    
       864  0.47276440    
      1152  0.60850745    
      1440  0.76160389    
      1728  0.93410832    
      2016   1.1280260    
      2304   1.3478317    
      2592   1.5989290    
      2880   1.8878829    
      3168   2.2226799    
      3456   2.6053755    
      3744   3.0336299    
      4032   3.5050442    
      4320   4.0117040    
      4608   4.5396862    
      4896   5.0699768    
      5184   5.5737896    
      5472   6.0262947    
      5760   6.4145021    
      6048   6.7305703    
      6336   6.9717793    
      6624   7.1397104    
      6912   7.2346344    
      7200   7.2623968    
      7488   7.2336297    
      7776   7.1566877    
      8064   7.0393476    
      8352   6.8893185    
      8640   6.7136846    
      8928   6.5185509    
      9216   6.3090239    
      9504   6.0893950    
      9792   5.8632345    
     10080   5.6334929    
     10368   5.4025850    
     10656   5.1725049    
     10944   4.9448390    
     11232   4.7208648    
     11520   4.5015903    
     11808   4.2878022    
     12096   4.0800934    
     12384   3.8789058    
     12672   3.6845405    
     12960   3.4971995    
     13248   3.3169930    
     13536   3.1439567    
     13824   2.9780667    
     14112   2.8192506    
     14400   2.6673977    
     14688   2.5223668    
     14976   2.3839917    
     15264   2.2520909    
     15552   2.1264675    
     15840   2.0069146    
     16128   1.8932207    
     16416   1.7851701    
     16704   1.6825457    
     16992   1.5851319    
     17280   1.4927138    
     17568   1.4050812    
     17856   1.3220267    
     18144   1.2433486    
     18432   1.1688502    
     18720   1.0983409    
     19008   1.0316352    
     19296  0.96855509    
     19584  0.90892804    
     19872  0.85258853    
     20160  0.79937738    
     20448  0.74914110    
     20736  0.70173299    
     21024  0.65701222    
     21312  0.61484444    
     21600  0.57509959    
     21888  0.53765470    
     22176  0.50239205    
     22464  0.46919894    
     22752  0.43796781    
     23040  0.40859583    
     23328  0.38098538    
     23616  0.35504296    
     23904  0.33067939    
     24192  0.30780983    
     24480  0.28635350    
     24768  0.26623347    
     25056  0.24737659    
     25344  0.22971258    
     25632  0.21317528    
     25920  0.19770154    
     26208  0.18323122    
     26496  0.16970710    
     26784  0.15707503    
     27072  0.14528340    
     27360  0.13428308    
     27648  0.12402759    
     27936  0.11447267    
     28224  0.10557649    
     28512  0.97299218E-01
     28800  0.89603052E-01
     29088  0.82452320E-01
     29376  0.75813189E-01
     29664  0.69653593E-01
     29952  0.63943133E-01
     30240  0.58653127E-01
     30528  0.53756420E-01
     30816  0.49227346E-01
     31104  0.45041706E-01
     31392  0.41176673E-01
     31680  0.37610542E-01
     31968  0.34323029E-01
     32256  0.31294990E-01
     32544  0.28508358E-01
     32832  0.25946192E-01
     33120  0.23592530E-01
     33408  0.21432355E-01
     33696  0.19451626E-01
     33984  0.17637115E-01
     34272  0.15976483E-01
     34560  0.14458141E-01
     34848  0.13071251E-01
     35136  0.11805683E-01
     35424  0.10651989E-01
     35712  0.96013397E-02
     36000  0.86455205E-02
     36288  0.77768657E-02
     36576  0.69882628E-02
     36864  0.62730839E-02
     37152  0.56251897E-02
     37440  0.50388849E-02
     37728  0.45088916E-02
     38016  0.40303296E-02
     38304  0.35986893E-02
     38592  0.32098056E-02
     38880  0.28598367E-02
     39168  0.25452457E-02
     39456  0.22627783E-02
     39744  0.20094458E-02
     40032  0.17825055E-02
     40320  0.15794457E-02
     40608  0.13979643E-02
     40896  0.12359610E-02
     41184  0.10915125E-02
     41472  0.96287171E-03
     41760  0.84844301E-03
     42048  0.74677845E-03
     42336  0.65656222E-03
     42624  0.57660154E-03
     42912  0.50581462E-03
     43200  0.44322477E-03
     43488  0.38794885E-03
     43776  0.33919149E-03
     44064  0.29623546E-03
     44352  0.25843576E-03
     44640  0.22521375E-03
     44928  0.19604988E-03
     45216  0.17047903E-03
     45504  0.14808530E-03
     45792  0.12849721E-03
     46080  0.11138360E-03
     46368  0.96449396E-04
     46656  0.83432307E-04
     46944  0.72099552E-04
     47232  0.62244610E-04
     47520  0.53684558E-04
     47808  0.46257817E-04
     48096  0.39821614E-04
     48384  0.34250064E-04
     48672  0.29432391E-04
     48960  0.25271152E-04
     49248  0.21680820E-04
     49536  0.18586405E-04
     49824  0.15922205E-04
     50112  0.13630826E-04
     50400  0.11662121E-04
     50688  0.99723620E-05
     50976  0.85234751E-05
     51264  0.72823245E-05
     51552  0.62201589E-05
     51840  0.53120229E-05
     52128  0.45362863E-05
     52416  0.38742464E-05
     52704  0.33097313E-05
     52992  0.28287866E-05
     53280  0.24193794E-05
     53568  0.20711477E-05
     53856  0.17751853E-05
     54144  0.15238343E-05
     54432  0.13105238E-05
     54720  0.11296222E-05
     55008  0.97631028E-06
     55296  0.84646121E-06
     55584  0.73655150E-06
     55872  0.64357289E-06
     56160  0.56495918E-06
     56448  0.49852588E-06
     56736  0.44241261E-06
     57024  0.39503766E-06
     57312  0.35505693E-06
     57600  0.32133016E-06
     57888  0.29288952E-06
     58176  0.26891502E-06
     58464  0.24871227E-06
     58752  0.23169355E-06
     59040  0.21736233E-06
     59328  0.20529852E-06
     59616  0.19514763E-06
     59904  0.18661048E-06
     60192  0.17943481E-06
     60480  0.17340778E-06
     60768  0.16835031E-06
     61056  0.16411140E-06
     61344  0.16056401E-06
     61632  0.15760149E-06
     61920  0.15513385E-06
     62208  0.15308555E-06
     62496  0.15139324E-06
     62784  0.15000344E-06
     63072  0.14887152E-06
     63360  0.14795974E-06
     63648  0.14723678E-06
     63936  0.14667594E-06
     64224  0.14625512E-06
     64512  0.14595564E-06
     64800  0.14576187E-06
     65088  0.14566078E-06
     65376  0.14564125E-06
     65664  0.14569419E-06
     65952  0.14581182E-06
     66240  0.14598766E-06
     66528  0.14621634E-06
     66816  0.14649321E-06
     67104  0.14681454E-06
     67392  0.14717712E-06
     67680  0.14757829E-06
     67968  0.14801587E-06
     68256  0.14848789E-06
     68544  0.14899288E-06
     68832  0.14952950E-06
     69120  0.15009662E-06
     69408  0.15069338E-06
     69696  0.15131909E-06
     69984  0.15197307E-06
     70272  0.15265479E-06
     70560  0.15336380E-06
     70848  0.15409989E-06
     71136  0.15486262E-06
     71424  0.15565192E-06
     71712  0.15646742E-06
     72000  0.15730920E-06
     72288  0.15817696E-06
     72576  0.15907064E-06
     72864  0.15999034E-06
     73152  0.16093583E-06
     73440  0.16190710E-06
     73728  0.16290430E-06
     74016  0.16392730E-06
     74304  0.16497604E-06
     74592  0.16605073E-06
     74880  0.16715124E-06
     75168  0.16827757E-06
     75456  0.16942985E-06
     75744  0.17060809E-06
     76032  0.17181219E-06
     76320  0.17304235E-06
     76608  0.17429853E-06
     76896  0.17558067E-06
     77184  0.17688899E-06
     77472  0.17822332E-06
     77760  0.17958372E-06
     78048  0.18097035E-06
     78336  0.18238299E-06
     78624  0.18382187E-06
     78912  0.18528685E-06
     79200  0.18677792E-06
     79488  0.18829526E-06
     79776  0.18983860E-06
     80064  0.19140806E-06
     80352  0.19300364E-06
     80640  0.19462519E-06
     80928  0.19627281E-06
     81216  0.19794638E-06
     81504  0.19964578E-06
     81792  0.20137109E-06
     82080  0.20312216E-06
     82368  0.20489883E-06
     82656  0.20670107E-06
     82944  0.20852892E-06
     83232  0.21038211E-06
     83520  0.21226056E-06
     83808  0.21416415E-06
     84096  0.21609269E-06
     84384  0.21804605E-06
     84672  0.22002412E-06
     84960  0.22202669E-06
     85248  0.22405355E-06
     85536  0.22610453E-06
     85824  0.22817939E-06
     86112  0.23027785E-06
     86400  0.23239983E-06
     86688  0.23454503E-06
     86976  0.23671303E-06
     87264  0.23890408E-06
     87552  0.24111705E-06
     87840  0.24335205E-06
     88128  0.24560916E-06
     88416  0.24788716E-06
     88704  0.25018662E-06
     88992  0.25250642E-06
     89280  0.25484684E-06
     89568  0.25720666E-06
     89856  0.25958667E-06
     90144  0.26198538E-06
     90432  0.26440244E-06
     90720  0.26683810E-06
     91008  0.26929152E-06
     91296  0.27176202E-06
     91584  0.27424920E-06
     91872  0.27675253E-06
     92160  0.27927138E-06
     92448  0.28180517E-06
     92736  0.28435426E-06
     93024  0.28691693E-06
     93312  0.28949225E-06
     93600  0.29208149E-06
     93888  0.29468166E-06
     94176  0.29729421E-06
     94464  0.29991725E-06
     94752  0.30255001E-06
     95040  0.30519212E-06
     95328  0.30784304E-06
     95616  0.31050217E-06
     95904  0.31316861E-06
     96192  0.31584113E-06
     96480  0.31851778E-06
     96768  0.32120244E-06
     97056  0.32388726E-06
     97344  0.32657960E-06
     97632  0.32927261E-06
     97920  0.33196562E-06
     98208  0.33465864E-06
     98496  0.33735165E-06
     98784  0.34004466E-06
     99072  0.34273768E-06
     99360  0.34542325E-06
     99648  0.34810807E-06
     99936  0.35078543E-06
    100224  0.35345803E-06
    100512  0.35612379E-06
    100800  0.35878142E-06
    101088  0.36143001E-06
    101376  0.36406894E-06
    101664  0.36669650E-06
    101952  0.36931192E-06
    102240  0.37191407E-06
    102528  0.37450226E-06
    102816  0.37707503E-06
    103104  0.37963122E-06
    103392  0.38216984E-06
    103680  0.38469008E-06
    103968  0.38719034E-06
    104256  0.38966996E-06
    104544  0.39212713E-06
    104832  0.39456208E-06
    105120  0.39697301E-06
    105408  0.39935841E-06
    105696  0.40171724E-06
    105984  0.40404768E-06
    106272  0.40634947E-06
    106560  0.40862091E-06
    106848  0.41086082E-06
    107136  0.41306831E-06
    107424  0.41524203E-06
    107712  0.41738056E-06
    108000  0.41948329E-06
    108288  0.42154852E-06
    108576  0.42357547E-06
    108864  0.42556277E-06
    109152  0.42750921E-06
    109440  0.42941369E-06
    109728  0.43127514E-06
    110016  0.43309228E-06
    110304  0.43486409E-06
    110592  0.43658915E-06
    110880  0.43826668E-06
    111168  0.43989536E-06
    111456  0.44147416E-06
    111744  0.44300208E-06
    112032  0.44447768E-06
    112320  0.44590041E-06
    112608  0.44726866E-06
    112896  0.44858177E-06
    113184  0.44983864E-06
    113472  0.45103826E-06
    113760  0.45217968E-06
    114048  0.45326192E-06
    114336  0.45428382E-06
    114624  0.45524484E-06
    114912  0.45614379E-06
    115200  0.45698005E-06
    115488  0.45775263E-06
    115776  0.45846073E-06
    116064  0.45910352E-06
    116352  0.45968034E-06
    116640  0.46019039E-06
    116928  0.46063309E-06
    117216  0.46100780E-06
    117504  0.46131368E-06
    117792  0.46155037E-06
    118080  0.46171718E-06
    118368  0.46181384E-06
    118656  0.46183953E-06
    118944  0.46179417E-06
    119232  0.46167727E-06
    119520  0.46148850E-06
    119808  0.46122744E-06
    120096  0.46089394E-06
    120384  0.46048780E-06
    120672  0.46000889E-06
    120960  0.45945714E-06
    121248  0.45883249E-06
    121536  0.45813488E-06
    121824  0.45736439E-06
    122112  0.45652112E-06
    122400  0.45560517E-06
    122688  0.45461690E-06
    122976  0.45355651E-06
    123264  0.45242436E-06
    123552  0.45122081E-06
    123840  0.44994621E-06
    124128  0.44860127E-06
    124416  0.44718632E-06
    124704  0.44570226E-06
    124992  0.44414929E-06
    125280  0.44252852E-06
    125568  0.44084069E-06
    125856  0.43908659E-06
    126144  0.43726709E-06
    126432  0.43538321E-06
    126720  0.43343596E-06
    127008  0.43142632E-06
    127296  0.42935554E-06
    127584  0.42722468E-06
    127872  0.42503510E-06
    128160  0.42278805E-06
    128448  0.42048489E-06
    128736  0.41812697E-06
    129024  0.41571570E-06
    129312  0.41325259E-06
    129600  0.41073923E-06
    129888  0.40817719E-06
    130176  0.40556822E-06
    130464  0.40291351E-06
    130752  0.40021530E-06
    131040  0.39747508E-06
    131328  0.39469458E-06
    131616  0.39187589E-06
    131904  0.38902036E-06
    132192  0.38613027E-06
    132480  0.38320732E-06
    132768  0.38025362E-06
    133056  0.37727074E-06
    133344  0.37426102E-06
    133632  0.37122615E-06
    133920  0.36816812E-06
    134208  0.36508928E-06
    134496  0.36199117E-06
    134784  0.35887592E-06
    135072  0.35574521E-06
    135360  0.35260146E-06
    135648  0.34944642E-06
    135936  0.34628226E-06
    136224  0.34311094E-06
    136512  0.33993499E-06
    136800  0.33675428E-06
    137088  0.33357014E-06
    137376  0.33038665E-06
    137664  0.32721070E-06
    137952  0.32403474E-06
    138240  0.32086683E-06
    138528  0.31770554E-06
    138816  0.31455343E-06
    139104  0.31141303E-06
    139392  0.30828446E-06
    139680  0.30517015E-06
    139968  0.30207201E-06
    140256  0.29899141E-06
    140544  0.29592942E-06
    140832  0.29288742E-06
    141120  0.28986710E-06
    141408  0.28686989E-06
    141696  0.28389672E-06
    141984  0.28094883E-06
    142272  0.27802790E-06
    142560  0.27513445E-06
    142848  0.27226977E-06
    143136  0.26943465E-06
    143424  0.26663056E-06
    143712  0.26385803E-06
    144000  0.26111795E-06
    144288  0.25841109E-06
    144576  0.25573829E-06
    144864  0.25310038E-06
    145152  0.25049766E-06
    145440  0.24793084E-06
    145728  0.24540074E-06
    146016  0.24290745E-06
    146304  0.24045170E-06
    146592  0.23803388E-06
    146880  0.23565418E-06
    147168  0.23331302E-06
    147456  0.23101070E-06
    147744  0.22874745E-06
    148032  0.22652344E-06
    148320  0.22433892E-06
    148608  0.22219390E-06
    148896  0.22008854E-06
    149184  0.21802296E-06
    149472  0.21599709E-06
    149760  0.21401095E-06
    150048  0.21206461E-06
    150336  0.21015794E-06
    150624  0.20829083E-06
    150912  0.20646327E-06
    151200  0.20467516E-06
    151488  0.20292620E-06
    151776  0.20121647E-06
    152064  0.19954558E-06
    152352  0.19791355E-06
    152640  0.19632002E-06
    152928  0.19476484E-06
    153216  0.19324784E-06
    153504  0.19176868E-06
    153792  0.19032714E-06
    154080  0.18892301E-06
    154368  0.18755603E-06
    154656  0.18622595E-06
    154944  0.18493247E-06
    155232  0.18367538E-06
    155520  0.18245431E-06
    155808  0.18126900E-06
    156096  0.18011922E-06
    156384  0.17900473E-06
    156672  0.17792510E-06
    156960  0.17688019E-06
    157248  0.17586966E-06
    157536  0.17489326E-06
    157824  0.17395074E-06
    158112  0.17304176E-06
    158400  0.17216604E-06
    158688  0.17132334E-06
    158976  0.17051343E-06
    159264  0.16973608E-06
    159552  0.16899106E-06
    159840  0.16827808E-06
    160128  0.16759692E-06
    160416  0.16694744E-06
    160704  0.16632924E-06
    160992  0.16574208E-06
    161280  0.16518578E-06
    161568  0.16466008E-06
    161856  0.16416486E-06
    162144  0.16369994E-06
    162432  0.16326507E-06
    162720  0.16286016E-06
    163008  0.16248494E-06
    163296  0.16213920E-06
    163584  0.16182288E-06
    163872  0.16153577E-06
    164160  0.16127773E-06
    164448  0.16104867E-06
    164736  0.16084839E-06
    165024  0.16067679E-06
    165312  0.16053372E-06
    165600  0.16041908E-06
    165888  0.16033280E-06
    166176  0.16027472E-06
    166464  0.16024480E-06
    166752  0.16024285E-06
    167040  0.16026887E-06
    167328  0.16032276E-06
    167616  0.16040450E-06
    167904  0.16051402E-06
    168192  0.16065121E-06
    168480  0.16081601E-06
    168768  0.16100846E-06
    169056  0.16122853E-06
    169344  0.16147608E-06
    169632  0.16175112E-06
    169920  0.16205371E-06
    170208  0.16238378E-06
    170496  0.16274130E-06
    170784  0.16312626E-06
    171072  0.16353877E-06
    171360  0.16397873E-06
    171648  0.16444611E-06
    171936  0.16494110E-06
    172224  0.16546360E-06
    172512  0.16601363E-06
    172800  0.16659119E-06
    173088  0.16719650E-06
    173376  0.16782943E-06
    173664  0.16849003E-06
    173952  0.16917834E-06
    174240  0.16989448E-06
    174528  0.17063850E-06
    174816  0.17141039E-06
    175104  0.17221022E-06
    175392  0.17303805E-06
    175680  0.17389395E-06
    175968  0.17477801E-06
    176256  0.17569029E-06
    176544  0.17663083E-06
    176832  0.17759969E-06
    177120  0.17859695E-06
    177408  0.17962267E-06
    177696  0.18067696E-06
    177984  0.18175984E-06
    178272  0.18287142E-06
    178560  0.18401174E-06
    178848  0.18518089E-06
    179136  0.18637891E-06
    179424  0.18760589E-06
    179712  0.18886189E-06
    180000  0.19014701E-06
    180288  0.19146128E-06
    180576  0.19280476E-06
    180864  0.19417750E-06
    181152  0.19557953E-06
    181440  0.19701093E-06
    181728  0.19847177E-06
    182016  0.19996213E-06
    182304  0.20148198E-06
    182592  0.20303135E-06
    182880  0.20461025E-06
    183168  0.20621881E-06
    183456  0.20785701E-06
    183744  0.20952483E-06
    184032  0.21122226E-06
    184320  0.21294937E-06
    184608  0.21470618E-06
    184896  0.21649259E-06
    185184  0.21830859E-06
    185472  0.22015421E-06
    185760  0.22202943E-06
    186048  0.22393418E-06
    186336  0.22586838E-06
    186624  0.22783193E-06
    186912  0.22982485E-06
    187200  0.23184710E-06
    187488  0.23389852E-06
    187776  0.23597900E-06
    188064  0.23808846E-06
    188352  0.24022680E-06
    188640  0.24239355E-06
    188928  0.24458950E-06
    189216  0.24681336E-06
    189504  0.24906592E-06
    189792  0.25134625E-06
    190080  0.25365460E-06
    190368  0.25599076E-06
    190656  0.25835411E-06
    190944  0.26074500E-06
    191232  0.26316292E-06
    191520  0.26560741E-06
    191808  0.26807828E-06
    192096  0.27057573E-06
    192384  0.27309898E-06
    192672  0.27564778E-06
    192960  0.27822176E-06
    193248  0.28082070E-06
    193536  0.28344419E-06
    193824  0.28609185E-06
    194112  0.28876323E-06
    194400  0.29145789E-06
    194688  0.29417563E-06
    194976  0.29691611E-06
    195264  0.29967842E-06
    195552  0.30246215E-06
    195840  0.30526741E-06
    196128  0.30809269E-06
    196416  0.31093862E-06
    196704  0.31380372E-06
    196992  0.31668748E-06
    197280  0.31959019E-06
    197568  0.32251057E-06
    197856  0.32544801E-06
    198144  0.32840194E-06
    198432  0.33137169E-06
    198720  0.33435649E-06
    199008  0.33735625E-06
    199296  0.34036995E-06
    199584  0.34339593E-06
    199872  0.34643551E-06
    200160  0.34948570E-06
    200448  0.35254718E-06
    200736  0.35561902E-06
    201024  0.35869994E-06
    201312  0.36178918E-06
    201600  0.36488586E-06
    201888  0.36798855E-06
    202176  0.37109902E-06
    202464  0.37421344E-06
    202752  0.37733210E-06
    203040  0.38045155E-06
    203328  0.38357840E-06
    203616  0.38670524E-06
    203904  0.38983208E-06
    204192  0.39295892E-06
    204480  0.39608062E-06
    204768  0.39919928E-06
    205056  0.40231663E-06
    205344  0.40542710E-06
    205632  0.40853220E-06
    205920  0.41163065E-06
    206208  0.41472103E-06
    206496  0.41780231E-06
    206784  0.42087379E-06
    207072  0.42393256E-06
    207360  0.42697988E-06
    207648  0.43001285E-06
    207936  0.43303095E-06
    208224  0.43603313E-06
    208512  0.43901824E-06
    208800  0.44198430E-06
    209088  0.44493100E-06
    209376  0.44785662E-06
    209664  0.45076027E-06
    209952  0.45364158E-06
    210240  0.45649799E-06
    210528  0.45932831E-06
    210816  0.46213162E-06
    211104  0.46490626E-06
    211392  0.46765135E-06
    211680  0.47036511E-06
    211968  0.47304653E-06
    212256  0.47569412E-06
    212544  0.47830764E-06
    212832  0.48088339E-06
    213120  0.48342207E-06
    213408  0.48592295E-06
    213696  0.48838206E-06
    213984  0.49080114E-06
    214272  0.49317634E-06
    214560  0.49550778E-06
    214848  0.49779419E-06
    215136  0.50003405E-06
    215424  0.50222576E-06
    215712  0.50436807E-06
    216000  0.50645980E-06
    216288  0.50849980E-06
    216576  0.51048704E-06
    216864  0.51242006E-06
    217152  0.51429708E-06
    217440  0.51611812E-06
    217728  0.51788027E-06
    218016  0.51958369E-06
    218304  0.52122709E-06
    218592  0.52280819E-06
    218880  0.52432682E-06
    219168  0.52578162E-06
    219456  0.52717155E-06
    219744  0.52849549E-06
    220032  0.52975241E-06
    220320  0.53094141E-06
    220608  0.53206048E-06
    220896  0.53310964E-06
    221184  0.53408803E-06
    221472  0.53499366E-06
    221760  0.53582676E-06
    222048  0.53658550E-06
    222336  0.53727007E-06
    222624  0.53787824E-06
    222912  0.53841035E-06
    223200  0.53886555E-06
    223488  0.53924248E-06
    223776  0.53954068E-06
    224064  0.53975981E-06
    224352  0.53989925E-06
    224640  0.53995836E-06
    224928  0.53993665E-06
    225216  0.53983365E-06
    225504  0.53964897E-06
    225792  0.53938220E-06
    226080  0.53903307E-06
    226368  0.53860123E-06
    226656  0.53808668E-06
    226944  0.53748914E-06
    227232  0.53680850E-06
    227520  0.53604469E-06
    227808  0.53519778E-06
    228096  0.53426794E-06
    228384  0.53325516E-06
    228672  0.53215967E-06
    228960  0.53098165E-06
    229248  0.52972155E-06
    229536  0.52837964E-06
    229824  0.52695634E-06
    230112  0.52545215E-06
    230400  0.52386781E-06
    230688  0.52220383E-06
    230976  0.52046096E-06
    231264  0.51864026E-06
    231552  0.51674186E-06
    231840  0.51476695E-06
    232128  0.51271724E-06
    232416  0.51059226E-06
    232704  0.50839475E-06
    232992  0.50612431E-06
    233280  0.50378327E-06
    233568  0.50137271E-06
    233856  0.49889394E-06
    234144  0.49634792E-06
    234432  0.49373659E-06
    234720  0.49106103E-06
    235008  0.48832317E-06
    235296  0.48552494E-06
    235584  0.48266770E-06
    235872  0.47975306E-06
    236160  0.47678293E-06
    236448  0.47375951E-06
    236736  0.47068420E-06
    237024  0.46755932E-06
    237312  0.46438672E-06
    237600  0.46116830E-06
    237888  0.45790631E-06
    238176  0.45460280E-06
    238464  0.45126001E-06
    238752  0.44787984E-06
    239040  0.44446475E-06
    239328  0.44101679E-06
    239616  0.43753840E-06
    239904  0.43403156E-06
    240192  0.43049877E-06
    240480  0.42694225E-06
    240768  0.42336444E-06
    241056  0.41976756E-06
    241344  0.41615360E-06
    241632  0.41252460E-06
    241920  0.40888440E-06
    242208  0.40523389E-06
    242496  0.40157499E-06
    242784  0.39791013E-06
    243072  0.39424305E-06
    243360  0.39057596E-06
    243648  0.38690888E-06
    243936  0.38324495E-06
    244224  0.37958634E-06
    244512  0.37593620E-06
    244800  0.37229591E-06
    245088  0.36866632E-06
    245376  0.36505111E-06
    245664  0.36145110E-06
    245952  0.35786829E-06
    246240  0.35430543E-06
    246528  0.35076306E-06
    246816  0.34724357E-06
    247104  0.34374881E-06
    247392  0.34028022E-06
    247680  0.33683898E-06
    247968  0.33342724E-06
    248256  0.33004594E-06
    248544  0.32669666E-06
    248832  0.32338073E-06
    249120  0.32009933E-06
    249408  0.31685380E-06
    249696  0.31364519E-06
    249984  0.31047469E-06
    250272  0.30734313E-06
    250560  0.30425159E-06
    250848  0.30120094E-06
    251136  0.29819208E-06
    251424  0.29522565E-06
    251712  0.29230233E-06
    252000  0.28942318E-06
    252288  0.28658823E-06
    252576  0.28379853E-06
    252864  0.28105407E-06
    253152  0.27835583E-06
    253440  0.27570380E-06
    253728  0.27309838E-06
    254016  0.27054014E-06
    254304  0.26802908E-06
    254592  0.26556540E-06
    254880  0.26314925E-06
    255168  0.26078075E-06
    255456  0.25846012E-06
    255744  0.25618741E-06
    256032  0.25396250E-06
    256320  0.25178539E-06
    256608  0.24965601E-06
    256896  0.24757426E-06
    257184  0.24554018E-06
    257472  0.24355361E-06
    257760  0.24161429E-06
    258048  0.23972200E-06
    258336  0.23787666E-06
    258624  0.23607801E-06
    258912  0.23432573E-06
    259200  0.23261975E-06
    259488  0.23095971E-06
    259776  0.22934528E-06
    260064  0.22777628E-06
    260352  0.22625238E-06
    260640  0.22477319E-06
    260928  0.22333847E-06
    261216  0.22194794E-06
    261504  0.22060122E-06
    261792  0.21929800E-06
    262080  0.21803794E-06
    262368  0.21682087E-06
    262656  0.21564631E-06
    262944  0.21451389E-06
    263232  0.21342332E-06
    263520  0.21237423E-06
    263808  0.21136633E-06
    264096  0.21039945E-06
    264384  0.20947324E-06
    264672  0.20858739E-06
    264960  0.20774165E-06
    265248  0.20693561E-06
    265536  0.20616899E-06
    265824  0.20544159E-06
    266112  0.20475298E-06
    266400  0.20410300E-06
    266688  0.20349114E-06
    266976  0.20291718E-06
    267264  0.20238095E-06
    267552  0.20188229E-06
    267840  0.20142095E-06
    268128  0.20099669E-06
    268416  0.20060925E-06
    268704  0.20025840E-06
    268992  0.19994400E-06
    269280  0.19966589E-06
    269568  0.19942384E-06
    269856  0.19921764E-06
    270144  0.19904716E-06
    270432  0.19891223E-06
    270720  0.19881276E-06
    271008  0.19874851E-06
    271296  0.19871945E-06
    271584  0.19872539E-06
    271872  0.19876622E-06
    272160  0.19884186E-06
    272448  0.19895215E-06
    272736  0.19909706E-06
    273024  0.19927651E-06
    273312  0.19949034E-06
    273600  0.19973864E-06
    273888  0.20002123E-06
    274176  0.20033805E-06
    274464  0.20068916E-06
    274752  0.20107437E-06
    275040  0.20149373E-06
    275328  0.20194727E-06
    275616  0.20243488E-06
    275904  0.20295658E-06
    276192  0.20351244E-06
    276480  0.20410234E-06
    276768  0.20472633E-06
    277056  0.20538451E-06
    277344  0.20607675E-06
    277632  0.20680318E-06
    277920  0.20756382E-06
    278208  0.20835864E-06
    278496  0.20918776E-06
    278784  0.21005118E-06
    279072  0.21094890E-06
    279360  0.21188110E-06
    279648  0.21284768E-06
    279936  0.21384886E-06
    280224  0.21488455E-06
    280512  0.21595493E-06
    280800  0.21705996E-06
    281088  0.21819977E-06
    281376  0.21937443E-06
    281664  0.22058403E-06
    281952  0.22182854E-06
    282240  0.22310820E-06
    282528  0.22442289E-06
    282816  0.22577291E-06
    283104  0.22715817E-06
    283392  0.22857876E-06
    283680  0.23003487E-06
    283968  0.23152647E-06
    284256  0.23305360E-06
    284544  0.23461651E-06
    284832  0.23621510E-06
    285120  0.23784949E-06
    285408  0.23951984E-06
    285696  0.24122599E-06
    285984  0.24296833E-06
    286272  0.24474642E-06
    286560  0.24656097E-06
    286848  0.24841148E-06
    287136  0.25029823E-06
    287424  0.25222130E-06
    287712  0.25418043E-06
    288000  0.25617615E-06
    288288  0.25820790E-06
    288576  0.26027635E-06
    288864  0.26238087E-06
    289152  0.26452193E-06
    289440  0.26669932E-06
    289728  0.26891300E-06
    290016  0.27116315E-06
    290304  0.27344927E-06
    290592  0.27577209E-06
    290880  0.27813081E-06
    291168  0.28052597E-06
    291456  0.28295713E-06
    291744  0.28542422E-06
    292032  0.28792752E-06
    292320  0.29046637E-06
    292608  0.29304115E-06
    292896  0.29565160E-06
    293184  0.29829732E-06
    293472  0.30097863E-06
    293760  0.30369512E-06
    294048  0.30644651E-06
    294336  0.30923272E-06
    294624  0.31205386E-06
    294912  0.31490936E-06
    295200  0.31779902E-06
    295488  0.32072265E-06
    295776  0.32367998E-06
    296064  0.32667083E-06
    296352  0.32969490E-06
    296640  0.33275194E-06
    296928  0.33584155E-06
    297216  0.33896347E-06
    297504  0.34211735E-06
    297792  0.34530274E-06
    298080  0.34851925E-06
    298368  0.35176640E-06
    298656  0.35504419E-06
    298944  0.35835191E-06
    299232  0.36168882E-06
    299520  0.36505529E-06
    299808  0.36844978E-06
    300096  0.37187280E-06
    300384  0.37532311E-06
    300672  0.37880025E-06
    300960  0.38230414E-06
    301248  0.38583391E-06
    301536  0.38938893E-06
    301824  0.39296859E-06
    302112  0.39657229E-06
    302400  0.40019927E-06
    302688  0.40384938E-06
    302976  0.40752147E-06
    303264  0.41121442E-06
    303552  0.41492876E-06
    303840  0.41866241E-06
    304128  0.42241535E-06
    304416  0.42618686E-06
    304704  0.42997581E-06
    304992  0.43378145E-06
    305280  0.43760292E-06
    305568  0.44143920E-06
    305856  0.44529017E-06
    306144  0.44915430E-06
    306432  0.45303054E-06
    306720  0.45691820E-06
    307008  0.46081689E-06
    307296  0.46472479E-06
    307584  0.46864116E-06
    307872  0.47256492E-06
    308160  0.47649417E-06
    308448  0.48042813E-06
    308736  0.48437352E-06
    309024  0.48831890E-06
    309312  0.49226429E-06
    309600  0.49620968E-06
    309888  0.50015507E-06
    310176  0.50410046E-06
    310464  0.50804584E-06
    310752  0.51199123E-06
    311040  0.51592042E-06
    311328  0.51984944E-06
    311616  0.52377231E-06
    311904  0.52768496E-06
    312192  0.53158834E-06
    312480  0.53548303E-06
    312768  0.53936293E-06
    313056  0.54322931E-06
    313344  0.54708141E-06
    313632  0.55091760E-06
    313920  0.55473663E-06
    314208  0.55853735E-06
    314496  0.56231556E-06
    314784  0.56607325E-06
    315072  0.56981037E-06
