       288  0.76909816    
       576  0.96662962    
       864   1.0075186    
      1152  0.98896784    
      1440  0.94657844    
      1728  0.89593911    
      2016  0.84555739    
      2304  0.79765588    
      2592  0.75227016    
      2880  0.70936018    
      3168  0.66884619    
      3456  0.63062859    
      3744  0.59459859    
      4032  0.56064296    
      4320  0.52864921    
      4608  0.49850744    
      4896  0.47011164    
      5184  0.44336060    
      5472  0.41815791    
      5760  0.39441204    
      6048  0.37203622    
      6336  0.35094845    
      6624  0.33107227    
      6912  0.31233528    
      7200  0.29466957    
      7488  0.27801138    
      7776  0.26230064    
      8064  0.24748108    
      8352  0.23350006    
      8640  0.22030853    
      8928  0.20785989    
      9216  0.19611070    
      9504  0.18502022    
      9792  0.17455012    
     10080  0.16466461    
     10368  0.15533009    
     10656  0.14651486    
     10944  0.13818938    
     11232  0.13032573    
     11520  0.12289773    
     11808  0.11588079    
     12096  0.10925185    
     12384  0.10298917    
     12672  0.97072311E-01
     12960  0.91482013E-01
     13248  0.86200207E-01
     13536  0.81209868E-01
     13824  0.76494925E-01
     14112  0.72040252E-01
     14400  0.67831635E-01
     14688  0.63855618E-01
     14976  0.60099520E-01
     15264  0.56551427E-01
     15552  0.53200088E-01
     15840  0.50034866E-01
     16128  0.47045700E-01
     16416  0.44223107E-01
     16704  0.41558143E-01
     16992  0.39042313E-01
     17280  0.36667675E-01
     17568  0.34426671E-01
     17856  0.32312140E-01
     18144  0.30317293E-01
     18432  0.28435729E-01
     18720  0.26661387E-01
     19008  0.24988519E-01
     19296  0.23411699E-01
     19584  0.21925785E-01
     19872  0.20525897E-01
     20160  0.19207427E-01
     20448  0.17965959E-01
     20736  0.16797367E-01
     21024  0.15697721E-01
     21312  0.14663296E-01
     21600  0.13690555E-01
     21888  0.12776149E-01
     22176  0.11916886E-01
     22464  0.11109758E-01
     22752  0.10351894E-01
     23040  0.96406173E-02
     23328  0.89733358E-02
     23616  0.83475942E-02
     23904  0.77610444E-02
     24192  0.72115180E-02
     24480  0.66969050E-02
     24768  0.62152203E-02
     25056  0.57645855E-02
     25344  0.53432197E-02
     25632  0.49494398E-02
     25920  0.45816433E-02
     26208  0.42383098E-02
     26496  0.39180000E-02
     26784  0.36193489E-02
     27072  0.33410639E-02
     27360  0.30819157E-02
     27648  0.28407457E-02
     27936  0.26164590E-02
     28224  0.24080193E-02
     28512  0.22144392E-02
     28800  0.20347864E-02
     29088  0.18681790E-02
     29376  0.19090052E-02
     29664  0.28568585E-02
     29952  0.49536251E-02
     30240  0.31149039E-01
     30528  0.75949445E-01
     30816  0.12464366    
     31104  0.17517383    
     31392  0.22625583    
     31680  0.27727026    
     31968  0.32773763    
     32256  0.37745434    
     32544  0.42563128    
     32832  0.47170877    
     33120  0.51644373    
     33408  0.56038886    
     33696  0.60396892    
     33984  0.64759046    
     34272  0.69176167    
     34560  0.73667026    
     34848  0.78148556    
     35136  0.82559139    
     35424  0.87027884    
     35712  0.91655439    
     36000  0.96538651    
     36288   1.0172983    
     36576   1.0728916    
     36864   1.1328291    
     37152   1.1960013    
     37440   1.2618576    
     37728   1.3325459    
     38016   1.4093142    
     38304   1.4932156    
     38592   1.5851433    
     38880   1.6858430    
     39168   1.7958972    
     39456   1.9122490    
     39744   2.0330133    
     40032   2.1603057    
     40320   2.2947922    
     40608   2.4365439    
     40896   2.5851569    
     41184   2.7398391    
     41472   2.8995030    
     41760   3.0570774    
     42048   3.2084920    
     42336   3.3559566    
     42624   3.5002174    
     42912   3.6412408    
     43200   3.7786393    
     43488   3.9119511    
     43776   4.0403833    
     44064   4.1560278    
     44352   4.2559247    
     44640   4.3448682    
     44928   4.4255338    
     45216   4.4994435    
     45504   4.5674939    
     45792   4.6302395    
     46080   4.6880722    
     46368   4.7412672    
     46656   4.7900558    
     46944   4.8346457    
     47232   4.8670492    
     47520   4.8852143    
     47808   4.8953304    
     48096   4.9007816    
     48384   4.9034286    
     48672   4.9043117    
     48960   4.9040084    
     49248   4.9028273    
     49536   4.9009213    
     49824   4.8983574    
     50112   4.8951426    
     50400   4.8912129    
     50688   4.8864179    
     50976   4.8809023    
     51264   4.8746214    
     51552   4.8675032    
     51840   4.8594618    
     52128   4.8504410    
     52416   4.8404031    
     52704   4.8293133    
     52992   4.8171420    
     53280   4.8038735    
     53568   4.7895007    
     53856   4.7740002    
     54144   4.7573285    
     54432   4.7393732    
     54720   4.7203188    
     55008   4.7001753    
     55296   4.6789069    
     55584   4.6564913    
     55872   4.6329193    
     56160   4.6081986    
     56448   4.5823355    
     56736   4.5553308    
     57024   4.5271430    
     57312   4.4976568    
     57600   4.4760518    
     57888   4.4643693    
     58176   4.4555922    
     58464   4.4462600    
     58752   4.4346838    
     59040   4.4200974    
     59328   4.4021759    
     59616   4.3807750    
     59904   4.3561811    
     60192   4.3376169    
     60480   4.3273387    
     60768   4.3184543    
     61056   4.3076458    
     61344   4.2933869    
     61632   4.2750568    
     61920   4.2524781    
     62208   4.2346568    
     62496   4.2241669    
     62784   4.2142506    
     63072   4.2016382    
     63360   4.1848507    
     63648   4.1633315    
     63936   4.1459031    
     64224   4.1349573    
     64512   4.1238098    
     64800   4.1094036    
     65088   4.0903234    
     65376   4.0660353    
     65664   4.0451946    
     65952   4.0303717    
     66240   4.0151687    
     66528   3.9964511    
     66816   3.9727082    
     67104   3.9521198    
     67392   3.9371462    
     67680   3.9214735    
     67968   3.9019802    
     68256   3.8856049    
     68544   3.8743544    
     68832   3.8619015    
     69120   3.8450744    
     69408   3.8305199    
     69696   3.8204424    
     69984   3.8087280    
     70272   3.7922750    
     70560   3.7696638    
     70848   3.7482467    
     71136   3.7306290    
     71424   3.7113123    
     71712   3.6874750    
     72000   3.6671944    
     72288   3.6534507    
     72576   3.6393685    
     72864   3.6212814    
     73152   3.5973763    
     73440   3.5740609    
     73728   3.5538175    
     74016   3.5316892    
     74304   3.5050516    
     74592   3.4794769    
     74880   3.4570205    
     75168   3.4329076    
     75456   3.4111333    
     75744   3.3930318    
     76032   3.3734753    
     76320   3.3496354    
     76608   3.3263230    
     76896   3.3054955    
     77184   3.2827649    
     77472   3.2556205    
     77760   3.2287500    
     78048   3.2041850    
     78336   3.1778822    
     78624   3.1475613    
     78912   3.1175120    
     79200   3.0896568    
     79488   3.0602908    
     79776   3.0272834    
     80064   2.9945076    
     80352   2.9638562    
     80640   2.9319320    
     80928   2.8967478    
     81216   2.8618801    
     81504   2.8290496    
     81792   2.7951646    
     82080   2.7583902    
     82368   2.7176657    
     82656   2.6766455    
     82944   2.6372623    
     83232   2.5970356    
     83520   2.5544705    
     83808   2.5123892    
     84096   2.4722884    
     84384   2.4317708    
     84672   2.3893936    
     84960   2.3443327    
     85248   2.2992907    
     85536   2.2558129    
     85824   2.2120564    
     86112   2.1668730    
     86400   2.1195729    
     86688   2.0724108    
     86976   2.0267541    
     87264   1.9811292    
     87552   1.9345911    
     87840   1.8865985    
     88128   1.8368582    
     88416   1.7872453    
     88704   1.7389867    
     88992   1.6910841    
     89280   1.6428896    
     89568   1.5940342    
     89856   1.5443259    
     90144   1.4937298    
     90432   1.4436091    
     90720   1.3949218    
     91008   1.3471022    
     91296   1.2997664    
     91584   1.2526885    
     91872   1.2057629    
     92160   1.1589713    
     92448   1.1123511    
     92736   1.0659806    
     93024   1.0199603    
     93312  0.97503126    
     93600  0.93174034    
     93888  0.88989651    
     94176  0.84934938    
     94464  0.81000006    
     94752  0.77178967    
     95040  0.73468822    
     95328  0.69868821    
     95616  0.66379738    
     95904  0.63017082    
     96192  0.59796107    
     96480  0.56728888    
     96768  0.53821820    
     97056  0.51082021    
     97344  0.48518193    
     97632  0.46126023    
     97920  0.43892726    
     98208  0.41806445    
     98496  0.39856333    
     98784  0.38032386    
     99072  0.36325398    
     99360  0.34726828    
     99648  0.33228868    
     99936  0.31824219    
    100224  0.30506158    
    100512  0.29268461    
    100800  0.28105402    
    101088  0.27011657    
    101376  0.25982338    
    101664  0.25012812    
    101952  0.24100907    
    102240  0.23244441    
    102528  0.22439426    
    102816  0.21682173    
    103104  0.20969225    
    103392  0.20297390    
    103680  0.19663693    
    103968  0.19065356    
    104256  0.18499805    
    104544  0.17964646    
    104832  0.17459255    
    105120  0.16982882    
    105408  0.16533308    
    105696  0.16108471    
    105984  0.15706462    
    106272  0.15325522    
    106560  0.14963992    
    106848  0.14621726    
    107136  0.14298421    
    107424  0.13992494    
    107712  0.13702483    
    108000  0.13427049    
    108288  0.13164975    
    108576  0.12916325    
    108864  0.12680998    
    109152  0.12457788    
    109440  0.12245560    
    109728  0.12043314    
    110016  0.11850142    
    110304  0.11666266    
    110592  0.11491725    
    110880  0.11325573    
    111168  0.11166956    
    111456  0.11015128    
    111744  0.10869432    
    112032  0.10730172    
    112320  0.10597479    
    112608  0.10470620    
    112896  0.10348939    
    113184  0.10231870    
    113472  0.10119717    
    113760  0.10012617    
    114048  0.99099465E-01
    114336  0.98111615E-01
    114624  0.97158149E-01
    114912  0.96235171E-01
    115200  0.95346257E-01
    115488  0.94493210E-01
    115776  0.93671083E-01
    116064  0.92875920E-01
    116352  0.92104070E-01
    116640  0.91352805E-01
    116928  0.90625644E-01
    117216  0.89924768E-01
    117504  0.89246109E-01
    117792  0.88586383E-01
    118080  0.87942876E-01
    118368  0.87318860E-01
    118656  0.86716183E-01
    118944  0.86131282E-01
    119232  0.85561238E-01
    119520  0.85003674E-01
    119808  0.84456712E-01
    120096  0.83918810E-01
    120384  0.83393447E-01
    120672  0.82882553E-01
    120960  0.82383372E-01
    121248  0.81893675E-01
    121536  0.81411704E-01
    121824  0.80935992E-01
    122112  0.80469772E-01
    122400  0.80014847E-01
    122688  0.79568699E-01
    122976  0.79129368E-01
    123264  0.78695290E-01
    123552  0.78265153E-01
    123840  0.77837884E-01
    124128  0.77416733E-01
    124416  0.77003568E-01
    124704  0.76596044E-01
    124992  0.76192372E-01
    125280  0.75791173E-01
    125568  0.75391397E-01
    125856  0.74992143E-01
    126144  0.74596435E-01
    126432  0.74206054E-01
    126720  0.73818833E-01
    127008  0.73433138E-01
    127296  0.73047653E-01
    127584  0.72661243E-01
    127872  0.72273083E-01
    128160  0.71882285E-01
    128448  0.71492068E-01
    128736  0.71104147E-01
    129024  0.70716463E-01
    129312  0.70327245E-01
    129600  0.69935143E-01
    129888  0.69538996E-01
    130176  0.69137841E-01
    130464  0.68730712E-01
    130752  0.68320379E-01
    131040  0.67908190E-01
    131328  0.67491926E-01
    131616  0.67069769E-01
    131904  0.66640139E-01
    132192  0.66201642E-01
    132480  0.65753020E-01
    132768  0.65293148E-01
    133056  0.64825542E-01
    133344  0.64351797E-01
    133632  0.63868783E-01
    133920  0.63374057E-01
    134208  0.62865347E-01
    134496  0.62340833E-01
    134784  0.61798524E-01
    135072  0.61236646E-01
    135360  0.60659330E-01
    135648  0.60067996E-01
    135936  0.59458587E-01
    136224  0.58827776E-01
    136512  0.58172733E-01
    136800  0.57490703E-01
    137088  0.56779083E-01
    137376  0.56035433E-01
    137664  0.55265099E-01
    137952  0.54469649E-01
    138240  0.53643785E-01
    138528  0.52783325E-01
    138816  0.51884882E-01
    139104  0.50945502E-01
    139392  0.49962260E-01
    139680  0.48932470E-01
    139968  0.47863536E-01
    140256  0.46758283E-01
    140544  0.45611527E-01
    140832  0.44419695E-01
    141120  0.43180130E-01
    141408  0.41891199E-01
    141696  0.40552162E-01
    141984  0.39163157E-01
    142272  0.37735261E-01
    142560  0.36274873E-01
    142848  0.34780473E-01
    143136  0.33252954E-01
    143424  0.31695221E-01
    143712  0.30111736E-01
    144000  0.28508337E-01
    144288  0.26892001E-01
    144576  0.25277650E-01
    144864  0.23872938E-01
    145152  0.23227558E-01
    145440  0.23410667E-01
    145728  0.24410518E-01
    146016  0.26214845E-01
    146304  0.30086268E-01
    146592  0.40895794E-01
    146880  0.53989951E-01
    147168  0.67270279E-01
    147456  0.80476575E-01
    147744  0.93490094E-01
    148032  0.10624688    
    148320  0.11873215    
    148608  0.13099538    
    148896  0.14304073    
    149184  0.15475693    
    149472  0.16596358    
    149760  0.17678969    
    150048  0.18736427    
    150336  0.19779235    
    150624  0.20815189    
    150912  0.21849772    
    151200  0.22886546    
    151488  0.23927654    
    151776  0.24974291    
    152064  0.26027119    
    152352  0.27070484    
    152640  0.28077525    
    152928  0.29062605    
    153216  0.30040079    
    153504  0.31020722    
    153792  0.32011747    
    154080  0.33017364    
    154368  0.34040010    
    154656  0.35080868    
    154944  0.36140743    
    155232  0.37220201    
    155520  0.38317326    
    155808  0.39426073    
    156096  0.40554434    
    156384  0.41706657    
    156672  0.42885476    
    156960  0.44093299    
    157248  0.45332652    
    157536  0.46606484    
    157824  0.47917858    
    158112  0.49270117    
    158400  0.50666940    
    158688  0.52112204    
    158976  0.53610039    
    159264  0.55161709    
    159552  0.56763810    
    159840  0.58428621    
    160128  0.60162878    
    160416  0.61971205    
    160704  0.63857484    
    160992  0.65825331    
    161280  0.67877752    
    161568  0.70017636    
    161856  0.72247291    
    162144  0.74565864    
    162432  0.76966298    
    162720  0.79533958    
    163008  0.82335567    
    163296  0.85317588    
    163584  0.88438863    
    163872  0.91670740    
    164160  0.94993949    
    164448  0.98392576    
    164736   1.0184747    
    165024   1.0535629    
    165312   1.0902913    
    165600   1.1293772    
    165888   1.1699452    
    166176   1.2113308    
    166464   1.2530460    
    166752   1.2947361    
    167040   1.3361059    
    167328   1.3783679    
    167616   1.4223136    
    167904   1.4667943    
    168192   1.5109631    
    168480   1.5542196    
    168768   1.5961367    
    169056   1.6381574    
    169344   1.6810249    
    169632   1.7233309    
    169920   1.7641941    
    170208   1.8030123    
    170496   1.8393891    
    170784   1.8749604    
    171072   1.9105589    
    171360   1.9448102    
    171648   1.9768109    
    171936   2.0059297    
    172224   2.0338123    
    172512   2.0612862    
    172800   2.0869734    
    173088   2.1100154    
    173376   2.1318250    
    173664   2.1531057    
    173952   2.1724546    
    174240   2.1890159    
    174528   2.2041285    
    174816   2.2185369    
    175104   2.2309015    
    175392   2.2404385    
    175680   2.2467375    
    175968   2.2513764    
    176256   2.2551956    
    176544   2.2570500    
    176832   2.2562878    
    177120   2.2545481    
    177408   2.2527838    
    177696   2.2495928    
    177984   2.2441678    
    178272   2.2360930    
    178560   2.2266443    
    178848   2.2165525    
    179136   2.2048721    
    179424   2.1910789    
    179712   2.1762204    
    180000   2.1608675    
    180288   2.1441472    
    180576   2.1267760    
    180864   2.1091821    
    181152   2.0904646    
    181440   2.0701165    
    181728   2.0489461    
    182016   2.0274734    
    182304   2.0049820    
    182592   1.9810437    
    182880   1.9563838    
    183168   1.9315107    
    183456   1.9058175    
    183744   1.8789796    
    184032   1.8515985    
    184320   1.8241225    
    184608   1.7960484    
    184896   1.7671096    
    185184   1.7377594    
    185472   1.7084012    
    185760   1.6786374    
    186048   1.6482558    
    186336   1.6176304    
    186624   1.5871109    
    186912   1.5563887    
    187200   1.5252995    
    187488   1.4937712    
    187776   1.4621032    
    188064   1.4306203    
    188352   1.3991513    
    188640   1.3676087    
    188928   1.3361428    
    189216   1.3049965    
    189504   1.2740438    
    189792   1.2432222    
    190080   1.2125272    
    190368   1.1820346    
    190656   1.1519397    
    190944   1.1222144    
    191232   1.0928485    
    191520   1.0638551    
    191808   1.0352153    
    192096   1.0070564    
    192384  0.97941285    
    192672  0.95230567    
    192960  0.92576277    
    193248  0.89981806    
    193536  0.87437671    
    193824  0.84948778    
    194112  0.82523477    
    194400  0.80166483    
    194688  0.77881479    
    194976  0.75671768    
    195264  0.73540324    
    195552  0.71471822    
    195840  0.69463998    
    196128  0.67530221    
    196416  0.65683967    
    196704  0.63935435    
    196992  0.62291354    
    197280  0.60759497    
    197568  0.59337336    
    197856  0.58018535    
    198144  0.56796771    
    198432  0.55645132    
    198720  0.54550558    
    199008  0.53517628    
    199296  0.52547508    
    199584  0.51639134    
    199872  0.50790423    
    200160  0.49998420    
    200448  0.49259764    
    200736  0.48570964    
    201024  0.47928506    
    201312  0.47329023    
    201600  0.46769366    
    201888  0.46246648    
    202176  0.45758030    
    202464  0.45300871    
    202752  0.44872731    
    203040  0.44471338    
    203328  0.44094604    
    203616  0.43740737    
    203904  0.43407995    
    204192  0.43094900    
    204480  0.42799923    
    204768  0.42521673    
    205056  0.42258942    
    205344  0.42010519    
    205632  0.41775456    
    205920  0.41552818    
    206208  0.41341731    
    206496  0.41141379    
    206784  0.40951034    
    207072  0.40774730    
    207360  0.40613195    
    207648  0.40462953    
    207936  0.40321749    
    208224  0.40188104    
    208512  0.40061042    
    208800  0.39939907    
    209088  0.39824182    
    209376  0.39713445    
    209664  0.39607367    
    209952  0.39508471    
    210240  0.39417285    
    210528  0.39331824    
    210816  0.39250797    
    211104  0.39173454    
    211392  0.39099285    
    211680  0.39027953    
    211968  0.38961199    
    212256  0.38899386    
    212544  0.38841137    
    212832  0.38785622    
    213120  0.38732320    
    213408  0.38680956    
    213696  0.38632745    
    213984  0.38587958    
    214272  0.38545617    
    214560  0.38505113    
    214848  0.38466081    
    215136  0.38428336    
    215424  0.38392785    
    215712  0.38359642    
    216000  0.38328186    
    216288  0.38297993    
    216576  0.38268822    
    216864  0.38240510    
    217152  0.38213754    
    217440  0.38188779    
    217728  0.38164997    
    218016  0.38142070    
    218304  0.38119847    
    218592  0.38098824    
    218880  0.38079122    
    219168  0.38060334    
    219456  0.38042197    
    219744  0.38024583    
    220032  0.38007402    
    220320  0.37991068    
    220608  0.37975714    
    220896  0.37961006    
    221184  0.37946784    
    221472  0.37932888    
    221760  0.37919307    
    222048  0.37906361    
    222336  0.37894171    
    222624  0.37882444    
    222912  0.37871084    
    223200  0.37859985    
    223488  0.37849426    
    223776  0.37839457    
    224064  0.37829807    
    224352  0.37820449    
    224640  0.37811288    
    224928  0.37802291    
    225216  0.37793458    
    225504  0.37784967    
    225792  0.37776905    
    226080  0.37769115    
    226368  0.37761500    
    226656  0.37754032    
    226944  0.37746698    
    227232  0.37739626    
    227520  0.37732887    
    227808  0.37726378    
    228096  0.37719971    
    228384  0.37713644    
    228672  0.37707391    
    228960  0.37701201    
    229248  0.37695244    
    229536  0.37689555    
    229824  0.37683991    
    230112  0.37678510    
    230400  0.37673086    
    230688  0.37667713    
    230976  0.37662378    
    231264  0.37657177    
    231552  0.37652174    
    231840  0.37647265    
    232128  0.37642404    
    232416  0.37637573    
    232704  0.37632751    
    232992  0.37627935    
    233280  0.37623116    
    233568  0.37618428    
    233856  0.37613875    
    234144  0.37609392    
    234432  0.37604958    
    234720  0.37600514    
    235008  0.37596038    
    235296  0.37591520    
    235584  0.37586966    
    235872  0.37582448    
    236160  0.37578043    
    236448  0.37573639    
    236736  0.37569186    
    237024  0.37564671    
    237312  0.37560084    
    237600  0.37555408    
    237888  0.37550646    
    238176  0.37545925    
    238464  0.37541234    
    238752  0.37536490    
    239040  0.37531662    
    239328  0.37526733    
    239616  0.37521684    
    239904  0.37516466    
    240192  0.37511104    
    240480  0.37505683    
    240768  0.37500241    
    241056  0.37494689    
    241344  0.37489009    
    241632  0.37483108    
    241920  0.37476996    
    242208  0.37470618    
    242496  0.37463975    
    242784  0.37457219    
    243072  0.37450367    
    243360  0.37443253    
    243648  0.37435842    
    243936  0.37428060    
    244224  0.37419921    
    244512  0.37411383    
    244800  0.37402385    
    245088  0.37393126    
    245376  0.37383628    
    245664  0.37373674    
    245952  0.37363148    
    246240  0.37352037    
    246528  0.37340251    
    246816  0.37327757    
    247104  0.37314492    
    247392  0.37300721    
    247680  0.37286353    
    247968  0.37271160    
    248256  0.37254953    
    248544  0.37237653    
    248832  0.37219140    
    249120  0.37199321    
    249408  0.37178078    
    249696  0.37155786    
    249984  0.37132335    
    250272  0.37107235    
    250560  0.37080231    
    250848  0.37051120    
    251136  0.37019739    
    251424  0.36985838    
    251712  0.36949179    
    252000  0.36910415    
    252288  0.36869222    
    252576  0.36824840    
    252864  0.36776796    
    253152  0.36724702    
    253440  0.36668155    
    253728  0.36606699    
    254016  0.36539832    
    254304  0.36468616    
    254592  0.36392409    
    254880  0.36309788    
    255168  0.36219919    
    255456  0.36122033    
    255744  0.36015379    
    256032  0.35899076    
    256320  0.35772231    
    256608  0.35633790    
    256896  0.35482663    
    257184  0.35317546    
    257472  0.35141024    
    257760  0.34951422    
    258048  0.34745505    
    258336  0.34521270    
    258624  0.34277025    
    258912  0.34011123    
    259200  0.33721745    
    259488  0.33407027    
    259776  0.33064917    
    260064  0.32693285    
    260352  0.32289931    
    260640  0.31852606    
    260928  0.31379366    
    261216  0.30868012    
    261504  0.30316249    
    261792  0.29721972    
    262080  0.29083157    
    262368  0.28398028    
    262656  0.27665159    
    262944  0.26883507    
    263232  0.26052609    
    263520  0.25172472    
    263808  0.24243909    
    264096  0.23268564    
    264384  0.22248963    
    264672  0.21195157    
    264960  0.20181805    
    265248  0.19233717    
    265536  0.18353884    
    265824  0.17546631    
    266112  0.17032647    
    266400  0.17310695    
    266688  0.17816272    
    266976  0.18411887    
    267264  0.19068141    
    267552  0.19760095    
    267840  0.20474663    
    268128  0.21219447    
    268416  0.21981637    
    268704  0.22748372    
    268992  0.23509185    
    269280  0.24256214    
    269568  0.24982896    
    269856  0.25681630    
    270144  0.26353121    
    270432  0.26998070    
    270720  0.27637589    
    271008  0.28266814    
    271296  0.28879198    
    271584  0.29469755    
    271872  0.30035323    
    272160  0.30573010    
    272448  0.31078261    
    272736  0.31577152    
    273024  0.32066163    
    273312  0.32539400    
    273600  0.32992318    
    273888  0.33421957    
    274176  0.33826581    
    274464  0.34227708    
    274752  0.34615988    
    275040  0.34988415    
    275328  0.35341442    
    275616  0.35672230    
    275904  0.35978329    
    276192  0.36282340    
    276480  0.36578932    
    276768  0.36860624    
    277056  0.37118456    
    277344  0.37350830    
    277632  0.37580687    
    277920  0.37802598    
    278208  0.38009819    
    278496  0.38195553    
    278784  0.38379917    
    279072  0.38556352    
    279360  0.38716713    
    279648  0.38850129    
    279936  0.38978842    
    280224  0.39097551    
    280512  0.39199346    
    280800  0.39278546    
    281088  0.39328802    
    281376  0.39370355    
    281664  0.39398190    
    281952  0.39405707    
    282240  0.39381859    
    282528  0.39353397    
    282816  0.39315373    
    283104  0.39260578    
    283392  0.39183074    
    283680  0.39074728    
    283968  0.38954052    
    284256  0.38817433    
    284544  0.38659653    
    284832  0.38471678    
    285120  0.38268793    
    285408  0.38049400    
    285696  0.37804583    
    285984  0.37550834    
    286272  0.37285069    
    286560  0.37002391    
    286848  0.36693057    
    287136  0.36372721    
    287424  0.36039591    
    287712  0.35688218    
    288000  0.35309845    
    288288  0.34920064    
    288576  0.34519008    
    288864  0.34103954    
    289152  0.33665186    
    289440  0.33216825    
    289728  0.32759947    
    290016  0.32292482    
    290304  0.31803563    
    290592  0.31306350    
    290880  0.30803514    
    291168  0.30294022    
    291456  0.29767960    
    291744  0.29236731    
    292032  0.28706318    
    292320  0.28188694    
    292608  0.27682218    
    292896  0.27175581    
    293184  0.26676977    
    293472  0.26189271    
    293760  0.25710943    
    294048  0.25232145    
    294336  0.24759629    
    294624  0.24296407    
    294912  0.23841396    
    295200  0.23392819    
    295488  0.22942083    
    295776  0.22493944    
    296064  0.22052178    
    296352  0.21616791    
    296640  0.21186884    
    296928  0.20755391    
    297216  0.20324987    
    297504  0.19899282    
    297792  0.19478782    
    298080  0.19062755    
    298368  0.18651569    
    298656  0.18241864    
    298944  0.17838818    
    299232  0.17449054    
    299520  0.17079000    
    299808  0.16734594    
    300096  0.16415624    
    300384  0.16120957    
    300672  0.15841292    
    300960  0.15574165    
    301248  0.15322760    
    301536  0.15088131    
    301824  0.14870308    
    302112  0.14668673    
    302400  0.14482301    
    302688  0.14310166    
    302976  0.14151205    
    303264  0.14004387    
    303552  0.13864207    
    303840  0.13729255    
    304128  0.13601598    
    304416  0.13481973    
    304704  0.13370359    
    304992  0.13266486    
    305280  0.13169916    
    305568  0.13080129    
    305856  0.12996608    
    306144  0.12918839    
    306432  0.12846342    
    306720  0.12778772    
    307008  0.12715739    
    307296  0.12656873    
    307584  0.12601872    
    307872  0.12550418    
    308160  0.12502234    
    308448  0.12457072    
    308736  0.12414727    
    309024  0.12374999    
    309312  0.12337697    
    309600  0.12302639    
    309888  0.12269659    
    310176  0.12238609    
    310464  0.12209337    
    310752  0.12181741    
    311040  0.12155702    
    311328  0.12131117    
    311616  0.12107883    
    311904  0.12085898    
    312192  0.12065892    
    312480  0.12047884    
    312768  0.12031264    
    313056  0.12015688    
    313344  0.12000963    
    313632  0.11986985    
    313920  0.11973686    
    314208  0.11961018    
    314496  0.11948941    
    314784  0.11937425    
    315072  0.11926871    
