         1   0.0000000    
       288   181.61522    
       576   192.85011    
       864   183.31825    
      1152   172.71989    
      1440   162.46754    
      1728   152.77557    
      2016   143.67566    
      2304   135.14645    
      2592   127.15294    
      2880   119.65593    
      3168   112.61905    
      3456   106.01001    
      3744   99.799690    
      4032   93.961678    
      4320   88.471809    
      4608   83.308044    
      4896   78.449913    
      5184   73.878578    
      5472   69.576538    
      5760   65.527313    
      6048   61.715565    
      6336   58.126884    
      6624   54.747837    
      6912   51.565811    
      7200   48.568993    
      7488   45.746250    
      7776   43.087200    
      8064   40.582050    
      8352   38.221676    
      8640   35.997471    
      8928   33.901367    
      9216   31.925819    
      9504   30.063715    
      9792   28.308388    
     10080   26.653605    
     10368   25.093504    
     10656   23.622578    
     10944   22.235638    
     11232   20.927847    
     11520   19.694635    
     11808   18.531719    
     12096   17.435072    
     12384   16.400906    
     12672   15.425653    
     12960   14.505969    
     13248   13.638700    
     13536   12.820889    
     13824   12.049737    
     14112   11.322622    
     14400   10.637078    
     14688   9.9907503    
     14976   9.3814592    
     15264   8.8071356    
     15552   8.2658253    
     15840   7.7556973    
     16128   7.2750092    
     16416   6.8221235    
     16704   6.3954968    
     16992   5.9936757    
     17280   5.6153016    
     17568   5.2591004    
     17856   4.9238815    
     18144   4.6085243    
     18432   4.3121085    
     18720   4.0350728    
     19008   3.7926474    
     19296   3.6784959    
     19584   3.7254705    
     19872   3.8519011    
     20160   4.0419455    
     20448   4.2934313    
     20736   4.6046634    
     21024   4.9606338    
     21312   5.3410854    
     21600   5.7453198    
     21888   6.1739383    
     22176   6.6263762    
     22464   7.1020651    
     22752   7.6005740    
     23040   8.1223507    
     23328   8.6504622    
     23616   9.1651421    
     23904   9.6716003    
     24192   10.175833    
     24480   10.681458    
     24768   11.191623    
     25056   11.709224    
     25344   12.237733    
     25632   12.761665    
     25920   13.263618    
     26208   13.751035    
     26496   14.231646    
     26784   14.709622    
     27072   15.188194    
     27360   15.669659    
     27648   16.155626    
     27936   16.626009    
     28224   17.056978    
     28512   17.457018    
     28800   17.833500    
     29088   18.193592    
     29376   18.540045    
     29664   18.875032    
     29952   19.200718    
     30240   19.495625    
     30528   19.737877    
     30816   19.943102    
     31104   20.125202    
     31392   20.296539    
     31680   20.468817    
     31968   20.648365    
     32256   20.840284    
     32544   21.021158    
     32832   21.172285    
     33120   21.310854    
     33408   21.450058    
     33696   21.599207    
     33984   21.764727    
     34272   21.951571    
     34560   22.158651    
     34848   22.353197    
     35136   22.508928    
     35424   22.644434    
     35712   22.773638    
     36000   22.907345    
     36288   23.048210    
     36576   23.197216    
     36864   23.354118    
     37152   23.484854    
     37440   23.565008    
     37728   23.619232    
     38016   23.660730    
     38304   23.698521    
     38592   23.738117    
     38880   23.782393    
     39168   23.832352    
     39456   23.853798    
     39744   23.823973    
     40032   23.770144    
     40320   23.706528    
     40608   23.642469    
     40896   23.583498    
     41184   23.532320    
     41472   23.489725    
     41760   23.420938    
     42048   23.303648    
     42336   23.164431    
     42624   23.020639    
     42912   22.882545    
     43200   22.756191    
     43488   22.645245    
     43776   22.546701    
     44064   22.423763    
     44352   22.254711    
     44640   22.067019    
     44928   21.878048    
     45216   21.697680    
     45504   21.530609    
     45792   21.378284    
     46080   21.240204    
     46368   21.114922    
     46656   21.000566    
     46944   20.895199    
     47232   20.762499    
     47520   20.582466    
     47808   20.384043    
     48096   20.184673    
     48384   19.993633    
     48672   19.815060    
     48960   19.649874    
     49248   19.497322    
     49536   19.355848    
     49824   19.223625    
     50112   19.098925    
     50400   18.979361    
     50688   18.862095    
     50976   18.748819    
     51264   18.639570    
     51552   18.533548    
     51840   18.429722    
     52128   18.327051    
     52416   18.224632    
     52704   18.121780    
     52992   18.017996    
     53280   17.912884    
     53568   17.806187    
     53856   17.697685    
     54144   17.586498    
     54432   17.471142    
     54720   17.354342    
     55008   17.236950    
     55296   17.118910    
     55584   16.999748    
     55872   16.878977    
     56160   16.756189    
     56448   16.631046    
     56736   16.503372    
     57024   16.372316    
     57312   16.236313    
     57600   16.133451    
     57888   16.082144    
     58176   16.049576    
     58464   16.016527    
     58752   15.972892    
     59040   15.914362    
     59328   15.839217    
     59616   15.746652    
     59904   15.640766    
     60192   15.559822    
     60480   15.523441    
     60768   15.499619    
     61056   15.469838    
     61344   15.424695    
     61632   15.360497    
     61920   15.276154    
     62208   15.207208    
     62496   15.176864    
     62784   15.155071    
     63072   15.124278    
     63360   15.075529    
     63648   15.005325    
     63936   14.949157    
     64224   14.926968    
     64512   14.906935    
     64800   14.874076    
     65088   14.820728    
     65376   14.743955    
     65664   14.679141    
     65952   14.647609    
     66240   14.619725    
     66528   14.577631    
     66816   14.510982    
     67104   14.454064    
     67392   14.428396    
     67680   14.404691    
     67968   14.365627    
     68256   14.337324    
     68544   14.337406    
     68832   14.335368    
     69120   14.312881    
     69408   14.294207    
     69696   14.300059    
     69984   14.301890    
     70272   14.282617    
     70560   14.233469    
     70848   14.185052    
     71136   14.159282    
     71424   14.129869    
     71712   14.080309    
     72000   14.042609    
     72288   14.043276    
     72576   14.048554    
     72864   14.036898    
     73152   13.996091    
     73440   13.952833    
     73728   13.928091    
     74016   13.897285    
     74304   13.845006    
     74592   13.793968    
     74880   13.761357    
     75168   13.723959    
     75456   13.697740    
     75744   13.696687    
     76032   13.692987    
     76320   13.668450    
     76608   13.642697    
     76896   13.633210    
     77184   13.615917    
     77472   13.573672    
     77760   13.528188    
     78048   13.498527    
     78336   13.462962    
     78624   13.406799    
     78912   13.349112    
     79200   13.307495    
     79488   13.260952    
     79776   13.194777    
     80064   13.125280    
     80352   13.070950    
     80640   13.012589    
     80928   12.936609    
     81216   12.859758    
     81504   12.798473    
     81792   12.733970    
     82080   12.652591    
     82368   12.544222    
     82656   12.428483    
     82944   12.324154    
     83232   12.216293    
     83520   12.093891    
     83808   11.971506    
     84096   11.864160    
     84384   11.754985    
     84672   11.633143    
     84960   11.491147    
     85248   11.344065    
     85536   11.207638    
     85824   11.069196    
     86112   10.918948    
     86400   10.749191    
     86688   10.573753    
     86976   10.407516    
     87264   10.239899    
     87552   10.062602    
     87840   9.8697157    
     88128   9.6567211    
     88416   9.4361877    
     88704   9.2220030    
     88992   9.0067635    
     89280   8.7844162    
     89568   8.5506935    
     89856   8.3025112    
     90144   8.0389843    
     90432   7.7702861    
     90720   7.5079846    
     91008   7.2480593    
     91296   6.9870191    
     91584   6.7223039    
     91872   6.4528146    
     92160   6.1783123    
     92448   5.8991942    
     92736   5.6163259    
     93024   5.3309274    
     93312   5.0490055    
     93600   4.7773376    
     93888   4.5152459    
     94176   4.2616482    
     94464   4.0157833    
     94752   3.7772267    
     95040   3.5459208    
     95328   3.3220792    
     95616   3.1061065    
     95904   2.8985398    
     96192   2.6999822    
     96480   2.5110757    
     96768   2.3325608    
     97056   2.1652615    
     97344   2.0094941    
     97632   1.8650938    
     97920   1.7316320    
     98208   1.6085415    
     98496   1.4950480    
     98784   1.3903351    
     99072   1.2936597    
     99360   1.2043467    
     99648   1.1217827    
     99936   1.0454098    
    100224  0.97471994    
    100512  0.90925097    
    100800  0.84857953    
    101088  0.79232162    
    101376  0.74012578    
    101664  0.69167095    
    101952  0.64666462    
    102240  0.60483831    
    102528  0.56594598    
    102816  0.52976286    
    103104  0.49608216    
    103392  0.46471456    
    103680  0.43548661    
    103968  0.40823883    
    104256  0.38282469    
    104544  0.35910970    
    104832  0.33697072    
