         1   0.0000000    
       288   2.4553518    
       576   4.6945543    
       864   6.7293248    
      1152   8.5786629    
      1440   10.260037    
      1728   11.782004    
      2016   13.152678    
      2304   14.387256    
      2592   15.499633    
      2880   16.502512    
      3168   17.407537    
      3456   18.219088    
      3744   18.941082    
      4032   19.583643    
      4320   20.155901    
      4608   20.666348    
      4896   21.122704    
      5184   21.526628    
      5472   21.879261    
      5760   22.187380    
      6048   22.457256    
      6336   22.694639    
      6624   22.904917    
      6912   23.088047    
      7200   23.243544    
      7488   23.376253    
      7776   23.490837    
      8064   23.591480    
      8352   23.677374    
      8640   23.747210    
      8928   23.804880    
      9216   23.854044    
      9504   23.898197    
      9792   23.940659    
     10080   23.980091    
     10368   24.014629    
     10656   24.047419    
     10944   24.081484    
     11232   24.119762    
     11520   24.165100    
     11808   24.215635    
     12096   24.268944    
     12384   24.327991    
     12672   24.395496    
     12960   24.474171    
     13248   24.561865    
     13536   24.655750    
     13824   24.758593    
     14112   24.873341    
     14400   25.002697    
     14688   25.149418    
     14976   25.316322    
     15264   25.500996    
     15552   25.700350    
     15840   25.917101    
     16128   26.154097    
     16416   26.414307    
     16704   26.700891    
     16992   27.011257    
     17280   27.341530    
     17568   27.694721    
     17856   28.074055    
     18144   28.483055    
     18432   28.925610    
     18720   29.405365    
     19008   29.918966    
     19296   30.461967    
     19584   31.038412    
     19872   31.652193    
     20160   32.307484    
     20448   33.008907    
     20736   33.761486    
     21024   34.561157    
     21312   35.402370    
     21600   36.290009    
     21888   37.229599    
     22176   38.226509    
     22464   39.286438    
     22752   40.415771    
     23040   41.621536    
     23328   42.898628    
     23616   44.240211    
     23904   45.653088    
     24192   47.145088    
     24480   48.723766    
     24768   50.397343    
     25056   52.174900    
     25344   54.066319    
     25632   56.067245    
     25920   58.171421    
     26208   60.388889    
     26496   62.731045    
     26784   65.208824    
     27072   67.834137    
     27360   70.619308    
     27648   73.577866    
     27936   76.701981    
     28224   79.980148    
     28512   83.425110    
     28800   87.050903    
     29088   90.872169    
     29376   94.902176    
     29664   99.153725    
     29952   103.63923    
     30240   108.34116    
     30528   113.23612    
     30816   118.33079    
     31104   123.62961    
     31392   129.13513    
     31680   134.84659    
     31968   140.75545    
     32256   146.84813    
     32544   153.07086    
     32832   159.36343    
     33120   165.69727    
     33408   172.04031    
     33696   178.35789    
     33984   184.61571    
     34272   190.77849    
     34560   196.80959    
     34848   202.64255    
     35136   208.21486    
     35424   213.50970    
     35712   218.51649    
     36000   223.22523    
     36288   227.62595    
     36576   231.71243    
     36864   235.48132    
     37152   238.90668    
     37440   241.96516    
     37728   244.67267    
     38016   247.04643    
     38304   249.10559    
     38592   250.86908    
     38880   252.35573    
     39168   253.58418    
     39456   254.55234    
     39744   255.25603    
     40032   255.72227    
     40320   255.97685    
     40608   256.04495    
     40896   255.94856    
     41184   255.70779    
     41472   255.34038    
     41760   254.84433    
     42048   254.21088    
     42336   253.46384    
     42624   252.62453    
     42912   251.71107    
     43200   250.74191    
     43488   249.72614    
     43776   248.67342    
     44064   247.57579    
     44352   246.41866    
     44640   245.21948    
     44928   243.99281    
     45216   242.74986    
     45504   241.49983    
     45792   240.24989    
     46080   239.00546    
     46368   237.77065    
     46656   236.54807    
     46944   235.34018    
     47232   234.13168    
     47520   232.90253    
     47808   231.66463    
     48096   230.42780    
     48384   229.19902    
     48672   227.98375    
     48960   226.78580    
     49248   225.60809    
     49536   224.45189    
     49824   223.31834    
     50112   222.20784    
     50400   221.11668    
     50688   220.04861    
     50976   219.00331    
     51264   217.98016    
     51552   216.97849    
     51840   215.99701    
     52128   215.03520    
     52416   214.09216    
     52704   213.16681    
     52992   212.25870    
     53280   211.36700    
     53568   210.49109    
     53856   209.63063    
     54144   208.78107    
     54432   207.94637    
     54720   207.12605    
     55008   206.31972    
     55296   205.52681    
     55584   204.74687    
     55872   203.97916    
     56160   203.22331    
     56448   202.47922    
     56736   201.74620    
     57024   201.02075    
     57312   200.30603    
     57600   199.62169    
     57888   198.98863    
     58176   198.39246    
     58464   197.82246    
     58752   197.27026    
     59040   196.72948    
     59328   196.19250    
     59616   195.66022    
     59904   195.13000    
     60192   194.62132    
     60480   194.15488    
     60768   193.71561    
     61056   193.29199    
     61344   192.87558    
     61632   192.46019    
     61920   192.03827    
     62208   191.63237    
     62496   191.26346    
     62784   190.91534    
     63072   190.57579    
     63360   190.23576    
     63648   189.88899    
     63936   189.55360    
     64224   189.24663    
     64512   188.95488    
     64800   188.66542    
     65088   188.36914    
     65376   188.05893    
     65664   187.75346    
     65952   187.47389    
     66240   187.20264    
     66528   186.92363    
     66816   186.63052    
     67104   186.34116    
     67392   186.07565    
     67680   185.81519    
     67968   185.54547    
     68256   185.28070    
     68544   185.03922    
     68832   184.80029    
     69120   184.54541    
     69408   184.29135    
     69696   184.05704    
     69984   183.82129    
     70272   183.90660    
     70560   186.46231    
     70848   188.75504    
     71136   190.68651    
     71424   192.29578    
     71712   193.61659    
     72000   194.72925    
     72288   195.69850    
     72576   196.52309    
     72864   197.20407    
     73152   197.74411    
     73440   198.18578    
     73728   198.56541    
     74016   198.86952    
     74304   199.08830    
     74592   199.25269    
     74880   199.39345    
     75168   199.49048    
     75456   199.56796    
     75744   199.64832    
     76032   199.70461    
     76320   199.71590    
     76608   199.70776    
     76896   199.70299    
     77184   199.67368    
     77472   199.59985    
     77760   199.50807    
     78048   199.42172    
     78336   199.31451    
     78624   199.16527    
     78912   198.99930    
     79200   198.83975    
     79488   198.66054    
     79776   198.43907    
     80064   198.20027    
     80352   197.96930    
     80640   197.72026    
     80928   197.43184    
     81216   197.12914    
     81504   196.83482    
     81792   196.52367    
     82080   196.17363    
     82368   195.76863    
     82656   195.33774    
     82944   194.90709    
     83232   194.45605    
     83520   193.96751    
     83808   193.46605    
     84096   192.97385    
     84384   192.46986    
     84672   191.93869    
     84960   191.36853    
     85248   190.78543    
     85536   190.21396    
     85824   189.63956    
     86112   189.04964    
     86400   188.43648    
     86688   187.82701    
     86976   187.24730    
     87264   186.69051    
     87552   186.15443    
     87840   185.64186    
     88128   185.16231    
     88416   184.74484    
     88704   184.42203    
     88992   184.21013    
     89280   184.13474    
     89568   184.23073    
     89856   184.54414    
     90144   185.13432    
     90432   185.99887    
     90720   187.14471    
     91008   188.59505    
     91296   190.35901    
     91584   192.42534    
     91872   194.76419    
     92160   197.32930    
     92448   200.06671    
     92736   202.92368    
     93024   205.85403    
     93312   208.58878    
     93600   211.15608    
     93888   213.65631    
     94176   216.12769    
     94464   218.57982    
     94752   221.00937    
     95040   223.41092    
     95328   225.77737    
     95616   228.10201    
     95904   230.37862    
     96192   232.60110    
     96480   234.76418    
     96768   236.86459    
     97056   238.89993    
     97344   240.86809    
     97632   242.76740    
     97920   244.59685    
     98208   246.35544    
     98496   248.04189    
     98784   249.65675    
     99072   251.20082    
     99360   252.67461    
     99648   254.07921    
     99936   255.41565    
    100224   256.68442    
    100512   257.88596    
    100800   259.02191    
    101088   260.09430    
    101376   261.10431    
    101664   262.05386    
    101952   263.08057    
    102240   264.12048    
    102528   265.10941    
    102816   266.03583    
    103104   266.89999    
    103392   267.70218    
    103680   268.44473    
    103968   269.12985    
    104256   269.75952    
    104544   270.33481    
    104832   270.96188    
