       288   122.84892    
       576   122.69778    
       864   122.54837    
      1152   122.39896    
      1440   122.25044    
      1728   122.10323    
      2016   121.95601    
      2304   121.80962    
      2592   121.66460    
      2880   121.51958    
      3168   121.37456    
      3456   121.23151    
      3744   121.08869    
      4032   120.94587    
      4320   120.80318    
      4608   120.66256    
      4896   120.52193    
      5184   120.38131    
      5472   120.24068    
      5760   120.10137    
      6048   119.96294    
      6336   119.82452    
      6624   119.68609    
      6912   119.54766    
      7200   119.40923    
      7488   119.27280    
      7776   119.13657    
      8064   119.00034    
      8352   118.86411    
      8640   118.72788    
      8928   118.59165    
      9216   118.45542    
      9504   118.31919    
      9792   118.18296    
     10080   118.04673    
     10368   117.91050    
     10656   117.77427    
     10944   117.63804    
     11232   117.50181    
     11520   117.36558    
     11808   117.22935    
     12096   117.09312    
     12384   116.95689    
     12672   116.82066    
     12960   116.68443    
     13248   116.54819    
     13536   116.41196    
     13824   116.27573    
     14112   116.13950    
     14400   116.00327    
     14688   115.86560    
     14976   115.72717    
     15264   115.58875    
     15552   115.45032    
     15840   115.31189    
     16128   115.17346    
     16416   115.03349    
     16704   114.89286    
     16992   114.75224    
     17280   114.61161    
     17568   114.47056    
     17856   114.32774    
     18144   114.18491    
     18432   114.04209    
     18720   113.89837    
     19008   113.75335    
     19296   113.60833    
     19584   113.46314    
     19872   113.31593    
     20160   113.16871    
     20448   113.02135    
     20736   112.87194    
     21024   112.72253    
     21312   112.57247    
     21600   112.42086    
     21888   112.26925    
     22176   112.11607    
     22464   111.96227    
     22752   111.80783    
     23040   111.65182    
     23328   111.49582    
     23616   111.33765    
     23904   111.17944    
     24192   111.01949    
     24480   110.85909    
     24768   110.69714    
     25056   110.53455    
     25344   110.37043    
     25632   110.20564    
     25920   110.03919    
     26208   109.87220    
     26496   109.70329    
     26784   109.53399    
     27072   109.36260    
     27360   109.19059    
     27648   109.01701    
     27936   108.84219    
     28224   108.66640    
     28512   108.48869    
     28800   108.31018    
     29088   108.13000    
     29376   107.94844    
     29664   107.76595    
     29952   107.58138    
     30240   107.39568    
     30528   107.20892    
     30816   107.01997    
     31104   106.82993    
     31392   106.63872    
     31680   106.44536    
     31968   106.25075    
     32256   106.05489    
     32544   105.85714    
     32832   105.65781    
     33120   105.45716    
     33408   105.25501    
     33696   105.05082    
     33984   104.84525    
     34272   104.63829    
     34560   104.42955    
     34848   104.21896    
     35136   104.00694    
     35424   103.79345    
     35712   103.57812    
     36000   103.36096    
     36288   103.14232    
     36576   102.92218    
     36864   102.70026    
     37152   102.47642    
     37440   102.25108    
     37728   102.02422    
     38016   101.79571    
     38304   101.56515    
     38592   101.33308    
     38880   101.09952    
     39168   100.86441    
     39456   100.62716    
     39744   100.38843    
     40032   100.14823    
     40320   99.906532    
     40608   99.662689    
     40896   99.417427    
     41184   99.170769    
     41472   98.922478    
     41760   98.672249    
     42048   98.420692    
     42336   98.167847    
     42624   97.912964    
     42912   97.656677    
     43200   97.399200    
     43488   97.139923    
     43776   96.879120    
     44064   96.617264    
     44352   96.353592    
     44640   96.088570    
     44928   95.822670    
     45216   95.554604    
     45504   95.285744    
     45792   95.015480    
     46080   94.743797    
     46368   94.471336    
     46656   94.196983    
     46944   93.922325    
     47232   93.645500    
     47520   93.368645    
     47808   93.089592    
     48096   92.810539    
     48384   92.529564    
     48672   92.248314    
     48960   91.965828    
     49248   91.682381    
     49536   91.398933    
     49824   91.113319    
     50112   90.827675    
     50400   90.542023    
     50688   90.254181    
     50976   89.966339    
     51264   89.678497    
     51552   89.390060    
     51840   89.100021    
     52128   88.809982    
     52416   88.519943    
     52704   88.229904    
     52992   87.939865    
     53280   87.649521    
     53568   87.357285    
     53856   87.065048    
     54144   86.772812    
     54432   86.480576    
     54720   86.188339    
     55008   85.896103    
     55296   85.603867    
     55584   85.311630    
     55872   85.021309    
     56160   84.731270    
     56448   84.441231    
     56736   84.151192    
     57024   83.861153    
     57312   83.571114    
     57600   83.282730    
     57888   82.994888    
     58176   82.707047    
     58464   82.419441    
     58752   82.133797    
     59040   81.848152    
     59328   81.562996    
     59616   81.279549    
     59904   80.996101    
     60192   80.714294    
     60480   80.433044    
     60768   80.152977    
     61056   79.873924    
     61344   79.596008    
     61632   79.319153    
     61920   79.043709    
     62208   78.769051    
     62496   78.496323    
     62784   78.224319    
     63072   77.954056    
     63360   77.685143    
     63648   77.417252    
     63936   77.151382    
     64224   76.886841    
     64512   76.623558    
     64800   76.362083    
     65088   76.102341    
     65376   75.844025    
     65664   75.587204    
     65952   75.332321    
     66240   75.079254    
     66528   74.827797    
     66816   74.578003    
     67104   74.329918    
     67392   74.083824    
     67680   73.839691    
     67968   73.597343    
     68256   73.356812    
     68544   73.118134    
     68832   72.881332    
     69120   72.646431    
     69408   72.413521    
     69696   72.182739    
     69984   71.953903    
     70272   71.727020    
     70560   71.502113    
     70848   71.279198    
     71136   71.058281    
     71424   70.839378    
     71712   70.622498    
     72000   70.407646    
     72288   70.194824    
     72576   69.984039    
     72864   69.775299    
     73152   69.568756    
     73440   69.364258    
     73728   69.161804    
     74016   68.961395    
     74304   68.763031    
     74592   68.566711    
     74880   68.372429    
     75168   68.180183    
     75456   67.989967    
     75744   67.801773    
     76032   67.615593    
     76320   67.431419    
     76608   67.249237    
     76896   67.069061    
     77184   66.891060    
     77472   66.715034    
     77760   66.540970    
     78048   66.368851    
     78336   66.198654    
     78624   66.030373    
     78912   65.863983    
     79200   65.699471    
     79488   65.536873    
     79776   65.376411    
     80064   65.217781    
     80352   65.060959    
     80640   64.905922    
     80928   64.752647    
     81216   64.601097    
     81504   64.451683    
     81792   64.304031    
     82080   64.158051    
     82368   64.013702    
     82656   63.871269    
     82944   63.730404    
     83232   63.591339    
     83520   63.453873    
     83808   63.318130    
     84096   63.183968    
     84384   63.051502    
     84672   62.920540    
     84960   62.791294    
     85248   62.663475    
     85536   62.537338    
     85824   62.412663    
     86112   62.289444    
     86400   62.167843    
     86688   62.047615    
     86976   61.928810    
     87264   61.811558    
     87552   61.695648    
     87840   61.581066    
     88128   61.467918    
     88416   61.356171    
     88704   61.245712    
     88992   61.136532    
     89280   61.028618    
     89568   60.922009    
     89856   60.816719    
     90144   60.712643    
     90432   60.609768    
     90720   60.508080    
     91008   60.407558    
     91296   60.308193    
     91584   60.209965    
     91872   60.112854    
     92160   60.016846    
     92448   59.921921    
     92736   59.828056    
     93024   59.735233    
     93312   59.643429    
     93600   59.552620    
     93888   59.462784    
     94176   59.373894    
     94464   59.286003    
     94752   59.199127    
     95040   59.113140    
     95328   59.028015    
     95616   58.943714    
     95904   58.860218    
     96192   58.777809    
     96480   58.696156    
     96768   58.615215    
     97056   58.535015    
     97344   58.455849    
     97632   58.377308    
     97920   58.299347    
     98208   58.222443    
     98496   58.146107    
     98784   58.070301    
     99072   57.995529    
     99360   57.921162    
     99648   57.847553    
     99936   57.774616    
    100224   57.702106    
    100512   57.630527    
    100800   57.559120    
    101088   57.488808    
    101376   57.418571    
    101664   57.349358    
    101952   57.280190    
    102240   57.212074    
    102528   57.143959    
    102816   57.076828    
    103104   57.009811    
    103392   56.943474    
    103680   56.877556    
    103968   56.811844    
    104256   56.747025    
    104544   56.682205    
    104832   56.618019    
    105120   56.554298    
    105408   56.490578    
    105696   56.427650    
    105984   56.365028    
    106272   56.302406    
    106560   56.240414    
    106848   56.178890    
    107136   56.117367    
    107424   56.055866    
    107712   55.995441    
    108000   55.935017    
    108288   55.874592    
    108576   55.814167    
    108864   55.754715    
    109152   55.695389    
    109440   55.636063    
    109728   55.576736    
    110016   55.517410    
    110304   55.458927    
    110592   55.400700    
    110880   55.342472    
    111168   55.284245    
    111456   55.226017    
    111744   55.167789    
    112032   55.109562    
    112320   55.051750    
    112608   54.994621    
    112896   54.937492    
    113184   54.880363    
    113472   54.823235    
    113760   54.766106    
    114048   54.708977    
    114336   54.651848    
    114624   54.594719    
    114912   54.537590    
    115200   54.480461    
    115488   54.423332    
    115776   54.366203    
    116064   54.309074    
    116352   54.251945    
    116640   54.194817    
    116928   54.137688    
    117216   54.080559    
    117504   54.023430    
    117792   53.966301    
    118080   53.909172    
    118368   53.852043    
    118656   53.794914    
    118944   53.736965    
    119232   53.678738    
    119520   53.620510    
    119808   53.562283    
    120096   53.504055    
    120384   53.445827    
    120672   53.387600    
    120960   53.329285    
    121248   53.269958    
    121536   53.210632    
    121824   53.151306    
    122112   53.091980    
    122400   53.032654    
    122688   52.972565    
    122976   52.912140    
    123264   52.851715    
    123552   52.791290    
    123840   52.730553    
    124128   52.669029    
    124416   52.607506    
    124704   52.545982    
    124992   52.483952    
    125280   52.421329    
    125568   52.358707    
    125856   52.296051    
    126144   52.232330    
    126432   52.168610    
    126720   52.104889    
    127008   52.040184    
    127296   51.975365    
    127584   51.910545    
    127872   51.844639    
    128160   51.778721    
    128448   51.712509    
    128736   51.645493    
    129024   51.578476    
    129312   51.510696    
    129600   51.442581    
    129888   51.374191    
    130176   51.304977    
    130464   51.235764    
    130752   51.165546    
    131040   51.095234    
    131328   51.024185    
    131616   50.952774    
    131904   50.880806    
    132192   50.808296    
    132480   50.735325    
    132768   50.661716    
    133056   50.587673    
    133344   50.512966    
    133632   50.437790    
    133920   50.361984    
    134208   50.285618    
    134496   50.208714    
    134784   50.131104    
    135072   50.053101    
    135360   49.974205    
    135648   49.895081    
    135936   49.814880    
    136224   49.734390    
    136512   49.653091    
    136800   49.571201    
    137088   49.488804    
    137376   49.405487    
    137664   49.321812    
    137952   49.237217    
    138240   49.152061    
    138528   49.066368    
    138816   48.979713    
    139104   48.892635    
    139392   48.804745    
    139680   48.716125    
    139968   48.627052    
    140256   48.536964    
    140544   48.446327    
    140832   48.355141    
    141120   48.262928    
    141408   48.170227    
    141696   48.076843    
    141984   47.982552    
    142272   47.887760    
    142560   47.792179    
    142848   47.695789    
    143136   47.598900    
    143424   47.501122    
    143712   47.402634    
    144000   47.303650    
    144288   47.203674    
    144576   47.103104    
    144864   47.002029    
    145152   46.899879    
    145440   46.797260    
    145728   46.693989    
    146016   46.589817    
    146304   46.485207    
    146592   46.379738    
    146880   46.273613    
    147168   46.167046    
    147456   46.059429    
    147744   45.951450    
    148032   45.842686    
    148320   45.733280    
    148608   45.623417    
    148896   45.512627    
    149184   45.401600    
    149472   45.289539    
    149760   45.177235    
    150048   45.064075    
    150336   44.950558    
    150624   44.836300    
    150912   44.721653    
    151200   44.606297    
    151488   44.490623    
    151776   44.374168    
    152064   44.257595    
    152352   44.140041    
    152640   44.022488    
    152928   43.904079    
    153216   43.785427    
    153504   43.666496    
    153792   43.546745    
    154080   43.426994    
    154368   43.306747    
    154656   43.185898    
    154944   43.065048    
    155232   42.943954    
    155520   42.822006    
    155808   42.700058    
    156096   42.578110    
    156384   42.455925    
    156672   42.332878    
    156960   42.209831    
    157248   42.086784    
    157536   41.963737    
    157824   41.840691    
    158112   41.717644    
    158400   41.593670    
    158688   41.469524    
    158976   41.345379    
    159264   41.221233    
    159552   41.097088    
    159840   40.972942    
    160128   40.848797    
    160416   40.724651    
    160704   40.600506    
    160992   40.476360    
    161280   40.353096    
    161568   40.230049    
    161856   40.107002    
    162144   39.983955    
    162432   39.860909    
    162720   39.737862    
    163008   39.615330    
    163296   39.493382    
    163584   39.371433    
    163872   39.249485    
    164160   39.128155    
    164448   39.007305    
    164736   38.886456    
    165024   38.766098    
    165312   38.646347    
    165600   38.526596    
    165888   38.407684    
    166176   38.289032    
    166464   38.170780    
    166752   38.053226    
    167040   37.935852    
    167328   37.819397    
    167616   37.703068    
    167904   37.587711    
    168192   37.472557    
    168480   37.358299    
    168768   37.244427    
    169056   37.131268    
    169344   37.018764    
    169632   36.906704    
    169920   36.795643    
    170208   36.684990    
    170496   36.575127    
    170784   36.466034    
    171072   36.357449    
    171360   36.249783    
    171648   36.142845    
    171936   36.036491    
    172224   35.931023    
    172512   35.826382    
    172800   35.722385    
    173088   35.619114    
    173376   35.516884    
    173664   35.415344    
    173952   35.314514    
    174240   35.214539    
    174528   35.115532    
    174816   35.017269    
    175104   34.919758    
    175392   34.823078    
    175680   34.727432    
    175968   34.632565    
    176256   34.538483    
    176544   34.445194    
    176832   34.352909    
    177120   34.261517    
    177408   34.170929    
    177696   34.081150    
    177984   33.992180    
    178272   33.904289    
    178560   33.817230    
    178848   33.730984    
    179136   33.645550    
    179424   33.560955    
    179712   33.477432    
    180000   33.394722    
    180288   33.312817    
    180576   33.231716    
    180864   33.151516    
    181152   33.072311    
    181440   32.993900    
    181728   32.916275    
    182016   32.839428    
    182304   32.763622    
    182592   32.688644    
    182880   32.614429    
    183168   32.540966    
    183456   32.468456    
    183744   32.396832    
    184032   32.325935    
    184320   32.255756    
    184608   32.186543    
    184896   32.118164    
    185184   32.050472    
    185472   31.983593    
    185760   31.917479    
    186048   31.852205    
    186336   31.787672    
    186624   31.723890    
    186912   31.660915    
    187200   31.598639    
    187488   31.537138    
    187776   31.476385    
    188064   31.416317    
    188352   31.357000    
    188640   31.298418    
    188928   31.240507    
    189216   31.183264    
    189504   31.126795    
    189792   31.070982    
    190080   31.015820    
    190368   30.961304    
    190656   30.907478    
    190944   30.854326    
    191232   30.801802    
    191520   30.749899    
    191808   30.698612    
    192096   30.647936    
    192384   30.597864    
    192672   30.548401    
    192960   30.499557    
    193248   30.451292    
    193536   30.403599    
    193824   30.356468    
    194112   30.309895    
    194400   30.263868    
    194688   30.218380    
    194976   30.173422    
    195264   30.128984    
    195552   30.085058    
    195840   30.041662    
    196128   29.998785    
    196416   29.956398    
    196704   29.914490    
    196992   29.873047    
    197280   29.832058    
    197568   29.791510    
    197856   29.751410    
    198144   29.711836    
    198432   29.672674    
    198720   29.633907    
    199008   29.595520    
    199296   29.557617    
    199584   29.520140    
    199872   29.483004    
    200160   29.446199    
    200448   29.409935    
    200736   29.373970    
    201024   29.338282    
    201312   29.303125    
    201600   29.268236    
    201888   29.233629    
    202176   29.199512    
    202464   29.165590    
    202752   29.132082    
    203040   29.098869    
    203328   29.065910    
    203616   29.033373    
    203904   29.000963    
    204192   28.969061    
    204480   28.937201    
    204768   28.905890    
    205056   28.874578    
    205344   28.843811    
    205632   28.813049    
    205920   28.782768    
    206208   28.752556    
    206496   28.722700    
    206784   28.693037    
    207072   28.663532    
    207360   28.634418    
    207648   28.605305    
    207936   28.576618    
    208224   28.548054    
    208512   28.519533    
    208800   28.491518    
    209088   28.463503    
    209376   28.435575    
    209664   28.408110    
    209952   28.380644    
    210240   28.353178    
    210528   28.326242    
    210816   28.299326    
    211104   28.272409    
    211392   28.245708    
    211680   28.219341    
    211968   28.192974    
    212256   28.166607    
    212544   28.140408    
    212832   28.114590    
    213120   28.088772    
    213408   28.062954    
    213696   28.037136    
    213984   28.011551    
    214272   27.986282    
    214560   27.961014    
    214848   27.935745    
    215136   27.910477    
    215424   27.885208    
    215712   27.859970    
    216000   27.835251    
    216288   27.810532    
    216576   27.785812    
    216864   27.761093    
    217152   27.736374    
    217440   27.711655    
    217728   27.686935    
    218016   27.662216    
    218304   27.637497    
    218592   27.612778    
    218880   27.588058    
    219168   27.563339    
    219456   27.539152    
    219744   27.514982    
    220032   27.490812    
    220320   27.466642    
    220608   27.442472    
    220896   27.418303    
    221184   27.394133    
    221472   27.369963    
    221760   27.345793    
    222048   27.321297    
    222336   27.296577    
    222624   27.271858    
    222912   27.247139    
    223200   27.222420    
    223488   27.197701    
    223776   27.172981    
    224064   27.148262    
    224352   27.123543    
    224640   27.098824    
    224928   27.074104    
    225216   27.049385    
    225504   27.024599    
    225792   26.999331    
    226080   26.974062    
    226368   26.948793    
    226656   26.923525    
    226944   26.898256    
    227232   26.872988    
    227520   26.847475    
    227808   26.821657    
    228096   26.795839    
    228384   26.770021    
    228672   26.744204    
    228960   26.718246    
    229248   26.691879    
    229536   26.665512    
    229824   26.639145    
    230112   26.612778    
    230400   26.585943    
    230688   26.559027    
    230976   26.532110    
    231264   26.505194    
    231552   26.477751    
    231840   26.450285    
    232128   26.422819    
    232416   26.395117    
    232704   26.367102    
    232992   26.339087    
    233280   26.310974    
    233568   26.282410    
    233856   26.253845    
    234144   26.225203    
    234432   26.196089    
    234720   26.166975    
    235008   26.137705    
    235296   26.108042    
    235584   26.078379    
    235872   26.048399    
    236160   26.018187    
    236448   25.987974    
    236736   25.957218    
    237024   25.926456    
    237312   25.895412    
    237600   25.864101    
    237888   25.832722    
    238176   25.800861    
    238464   25.769001    
    238752   25.736689    
    239040   25.704279    
    239328   25.671547    
    239616   25.638588    
    239904   25.605400    
    240192   25.571892    
    240480   25.538218    
    240768   25.504160    
    241056   25.469975    
    241344   25.435368    
    241632   25.400644    
    241920   25.365488    
    242208   25.330206    
    242496   25.294500    
    242784   25.258642    
    243072   25.222387    
    243360   25.185934    
    243648   25.149130    
    243936   25.112068    
    244224   25.074715    
    244512   25.037031    
    244800   24.999128    
    245088   24.960812    
    245376   24.922359    
    245664   24.883402    
    245952   24.844343    
    246240   24.804792    
    246528   24.765078    
    246816   24.724977    
    247104   24.684601    
    247392   24.643951    
    247680   24.602911    
    247968   24.561712    
    248256   24.520006    
    248544   24.478184    
    248832   24.435886    
    249120   24.393402    
    249408   24.350555    
    249696   24.307411    
    249984   24.264015    
    250272   24.220215    
    250560   24.176270    
    250848   24.131823    
    251136   24.087288    
    251424   24.042244    
    251712   23.997084    
    252000   23.951490    
    252288   23.905720    
    252576   23.859577    
    252864   23.813213    
    253152   23.766521    
    253440   23.719589    
    253728   23.672348    
    254016   23.624872    
    254304   23.577082    
    254592   23.529095    
    254880   23.480755    
    255168   23.432297    
    255456   23.383408    
    255744   23.334518    
    256032   23.285088    
    256320   23.235649    
    256608   23.185858    
    256896   23.135870    
    257184   23.085794    
    257472   23.035257    
    257760   22.984720    
    258048   22.933914    
    258336   22.882828    
    258624   22.831741    
    258912   22.780346    
    259200   22.728710    
    259488   22.677074    
    259776   22.625301    
    260064   22.573116    
    260352   22.520931    
    260640   22.468746    
    260928   22.416409    
    261216   22.363674    
    261504   22.310940    
    261792   22.258205    
    262080   22.205471    
    262368   22.152737    
    262656   22.099571    
    262944   22.046288    
    263232   21.993004    
    263520   21.939720    
    263808   21.886436    
    264096   21.833153    
    264384   21.779869    
    264672   21.726585    
    264960   21.673302    
    265248   21.620018    
    265536   21.566734    
    265824   21.513451    
    266112   21.460167    
    266400   21.406883    
    266688   21.353600    
    266976   21.300316    
    267264   21.247032    
    267552   21.194162    
    267840   21.141428    
    268128   21.088694    
    268416   21.035959    
    268704   20.983225    
    268992   20.930695    
    269280   20.878510    
    269568   20.826324    
    269856   20.774139    
    270144   20.722244    
    270432   20.670609    
    270720   20.618973    
    271008   20.567528    
    271296   20.516441    
    271584   20.465355    
    271872   20.414576    
    272160   20.364038    
    272448   20.313519    
    272736   20.263531    
    273024   20.213543    
    273312   20.163939    
    273600   20.114500    
    273888   20.065344    
    274176   20.016455    
    274464   19.967810    
    274752   19.919470    
    275040   19.871386    
    275328   19.823595    
    275616   19.776117    
    275904   19.728876    
    276192   19.682039    
    276480   19.635347    
    276768   19.589184    
    277056   19.543169    
    277344   19.497576    
    277632   19.452282    
    277920   19.407238    
    278208   19.362684    
    278496   19.318338    
    278784   19.274393    
    279072   19.230820    
    279360   19.187481    
    279648   19.144634    
    279936   19.102091    
    280224   19.059803    
    280512   19.018055    
    280800   18.976582    
    281088   18.935383    
    281376   18.894730    
    281664   18.854353    
    281952   18.814259    
    282240   18.774708    
    282528   18.735449    
    282816   18.696478    
    283104   18.658026    
    283392   18.619894    
    283680   18.582054    
    283968   18.544701    
    284256   18.507702    
    284544   18.470997    
    284832   18.434742    
    285120   18.398876    
    285408   18.363300    
    285696   18.328144    
    285984   18.293404    
    286272   18.258947    
    286560   18.224890    
    286848   18.191263    
    287136   18.157913    
    287424   18.124954    
    287712   18.092424    
    288000   18.060158    
    288288   18.028297    
    288576   17.996840    
    288864   17.965631    
    289152   17.934870    
    289440   17.904453    
    289728   17.874271    
    290016   17.844608    
    290304   17.815199    
    290592   17.786085    
    290880   17.757437    
    291168   17.728991    
    291456   17.700975    
    291744   17.673267    
    292032   17.645802    
    292320   17.618816    
    292608   17.591991    
    292896   17.565624    
    293184   17.539492    
    293472   17.513674    
    293760   17.488216    
    294048   17.462948    
    294336   17.438148    
    294624   17.413435    
    294912   17.389265    
    295200   17.365166    
    295488   17.341545    
    295776   17.318037    
    296064   17.294966    
    296352   17.272020    
    296640   17.249498    
    296928   17.227089    
    297216   17.205116    
    297504   17.183212    
    297792   17.161789    
    298080   17.140366    
    298368   17.119480    
    298656   17.098606    
    298944   17.078156    
    299232   17.057831    
    299520   17.037773    
    299808   17.017998    
    300096   16.998287    
    300384   16.979061    
    300672   16.959835    
    300960   16.940973    
    301248   16.922297    
    301536   16.903677    
    301824   16.885550    
    302112   16.867422    
    302400   16.849531    
    302688   16.831953    
    302976   16.814375    
    303264   16.797142    
    303552   16.780113    
    303840   16.763084    
    304128   16.746429    
    304416   16.729950    
    304704   16.713470    
    304992   16.697302    
    305280   16.681372    
    305568   16.665442    
    305856   16.649652    
    306144   16.634272    
    306432   16.618891    
    306720   16.603510    
    307008   16.588522    
    307296   16.573690    
    307584   16.558859    
    307872   16.544027    
    308160   16.529688    
    308448   16.515406    
    308736   16.501123    
    309024   16.486841    
    309312   16.472965    
    309600   16.459232    
    309888   16.445499    
    310176   16.431767    
    310464   16.418118    
    310752   16.404934    
    311040   16.391750    
    311328   16.378567    
    311616   16.365383    
    311904   16.352200    
    312192   16.339563    
    312480   16.326929    
    312768   16.314295    
    313056   16.301661    
    313344   16.289026    
    313632   16.276419    
    313920   16.264334    
    314208   16.252249    
    314496   16.240164    
    314784   16.228079    
    315072   16.215994    
