       288  0.36172211E-01
       576  0.43819748E-01
       864  0.50312463E-01
      1152  0.55892643E-01
      1440  0.60746890E-01
      1728  0.64983062E-01
      2016  0.68866037E-01
      2304  0.72443157E-01
      2592  0.75752832E-01
      2880  0.78835376E-01
      3168  0.81730656E-01
      3456  0.84416330E-01
      3744  0.87033689E-01
      4032  0.89606710E-01
      4320  0.92167564E-01
      4608  0.94750494E-01
      4896  0.97388461E-01
      5184  0.10005664    
      5472  0.10287160    
      5760  0.10583320    
      6048  0.10893554    
      6336  0.11216715    
      6624  0.11551271    
      6912  0.11890063    
      7200  0.12239457    
      7488  0.12594116    
      7776  0.12954333    
      8064  0.13317826    
      8352  0.13677804    
      8640  0.14040355    
      8928  0.14403467    
      9216  0.14765516    
      9504  0.15125176    
      9792  0.15481371    
     10080  0.15827040    
     10368  0.16170877    
     10656  0.16511686    
     10944  0.16848531    
     11232  0.17180680    
     11520  0.17507577    
     11808  0.17825174    
     12096  0.18137917    
     12384  0.18447012    
     12672  0.18751776    
     12960  0.19051684    
     13248  0.19343041    
     13536  0.19631830    
     13824  0.19915541    
     14112  0.20195501    
     14400  0.20471184    
     14688  0.20742221    
     14976  0.21008331    
     15264  0.21264645    
     15552  0.21518850    
     15840  0.21770188    
     16128  0.22018068    
     16416  0.22262052    
     16704  0.22500128    
     16992  0.22731052    
     17280  0.22960471    
     17568  0.23187599    
     17856  0.23411781    
     18144  0.23630841    
     18432  0.23846343    
     18720  0.24057896    
     19008  0.24262215    
     19296  0.24463432    
     19584  0.24662749    
     19872  0.24859439    
     20160  0.25052902    
     20448  0.25240710    
     20736  0.25424585    
     21024  0.25600892    
     21312  0.25776008    
     21600  0.25946885    
     21888  0.26115027    
     22176  0.26279634    
     22464  0.26440042    
     22752  0.26634023    
     23040  0.26840374    
     23328  0.27018228    
     23616  0.27177134    
     23904  0.27315477    
     24192  0.27435976    
     24480  0.27538556    
     24768  0.27622846    
     25056  0.27685452    
     25344  0.27728766    
     25632  0.27747273    
     25920  0.27749103    
     26208  0.27728346    
     26496  0.27687028    
     26784  0.27622595    
     27072  0.27532324    
     27360  0.27413213    
     27648  0.27256373    
     27936  0.27056742    
     28224  0.26828524    
     28512  0.26566684    
     28800  0.26258445    
     29088  0.25907230    
     29376  0.25507423    
     29664  0.25053787    
     29952  0.24532036    
     30240  0.23984791    
     30528  0.23494901    
     30816  0.23065531    
     31104  0.22693516    
     31392  0.22362626    
     31680  0.22081210    
     31968  0.21842813    
     32256  0.21641749    
     32544  0.21449794    
     32832  0.21308374    
     33120  0.21204725    
     33408  0.21130128    
     33696  0.21078700    
     33984  0.21035218    
     34272  0.21011800    
     34560  0.21005155    
     34848  0.21002713    
     35136  0.21033692    
     35424  0.21086782    
     35712  0.21143772    
     36000  0.21216297    
     36288  0.21300402    
     36576  0.21393691    
     36864  0.21494660    
     37152  0.21593194    
     37440  0.21708804    
     37728  0.21846245    
     38016  0.21997036    
     38304  0.22156449    
     38592  0.22321914    
     38880  0.22492167    
     39168  0.22666685    
     39456  0.22836523    
     39744  0.23022348    
     40032  0.23229310    
     40320  0.23448275    
     40608  0.23674355    
     40896  0.23905049    
     41184  0.24139155    
     41472  0.24376208    
     41760  0.24607299    
     42048  0.24867359    
     42336  0.25141665    
     42624  0.25422624    
     42912  0.25706387    
     43200  0.25976780    
     43488  0.26254061    
     43776  0.26535261    
     44064  0.26809570    
     44352  0.27113268    
     44640  0.27429682    
     44928  0.27750495    
     45216  0.28071696    
     45504  0.28391597    
     45792  0.28709659    
     46080  0.29025882    
     46368  0.29340544    
     46656  0.29654008    
     46944  0.29966673    
     47232  0.30268598    
     47520  0.30601421    
     47808  0.30946705    
     48096  0.31295624    
     48384  0.31644207    
     48672  0.31990796    
     48960  0.32335004    
     49248  0.32676998    
     49536  0.33017197    
     49824  0.33356008    
     50112  0.33693925    
     50400  0.34050268    
     50688  0.34397519    
     50976  0.34739920    
     51264  0.35080051    
     51552  0.35419485    
     51840  0.35759130    
     52128  0.36099565    
     52416  0.36441147    
     52704  0.36784062    
     52992  0.37128481    
     53280  0.37474510    
     53568  0.37822202    
     53856  0.38171583    
     54144  0.38543561    
     54432  0.38907284    
     54720  0.39267185    
     55008  0.39625829    
     55296  0.39984655    
     55584  0.40344507    
     55872  0.40705717    
     56160  0.41068554    
     56448  0.41433081    
     56736  0.41799310    
     57024  0.42189044    
     57312  0.42570174    
     57600  0.42961639    
     57888  0.43311504    
     58176  0.43647039    
     58464  0.43980744    
     58752  0.44318128    
     59040  0.44661218    
     59328  0.45032647    
     59616  0.45399317    
     59904  0.45765376    
     60192  0.46147865    
     60480  0.46491525    
     60768  0.46823293    
     61056  0.47155386    
     61344  0.47492754    
     61632  0.47837043    
     61920  0.48210579    
     62208  0.48595348    
     62496  0.48938227    
     62784  0.49267989    
     63072  0.49597827    
     63360  0.49933186    
     63648  0.50275797    
     63936  0.50640976    
     64224  0.50993288    
     64512  0.51326227    
     64800  0.51655895    
     65088  0.51989359    
     65376  0.52329266    
     65664  0.52691656    
     65952  0.53019273    
     66240  0.53337795    
     66528  0.53679770    
     66816  0.54018801    
     67104  0.54375702    
     67392  0.54696357    
     67680  0.55007309    
     67968  0.55320305    
     68256  0.55655342    
     68544  0.55958271    
     68832  0.56253994    
     69120  0.56573713    
     69408  0.56907767    
     69696  0.57206285    
     69984  0.57495666    
     70272  0.57788020    
     70560  0.58088207    
     70848  0.58412272    
     71136  0.58706707    
     71424  0.58994013    
     71712  0.59303004    
     72000  0.59625280    
     72288  0.59906155    
     72576  0.60174674    
     72864  0.60444742    
     73152  0.60722196    
     73440  0.61023217    
     73728  0.61297286    
     74016  0.61564898    
     74304  0.61835688    
     74592  0.62144506    
     74880  0.62419474    
     75168  0.62683606    
     75456  0.62962329    
     75744  0.63212419    
     76032  0.63455242    
     76320  0.63701051    
     76608  0.63968062    
     76896  0.64211071    
     77184  0.64463687    
     77472  0.64713299    
     77760  0.64979815    
     78048  0.65220910    
     78336  0.65454710    
     78624  0.65690303    
     78912  0.65945029    
     79200  0.66177034    
     79488  0.66402602    
     79776  0.66643560    
     80064  0.66897911    
     80352  0.67127252    
     80640  0.67348266    
     80928  0.67569453    
     81216  0.67807847    
     81504  0.68025118    
     81792  0.68235517    
     82080  0.68458998    
     82368  0.68682295    
     82656  0.68921393    
     82944  0.69139540    
     83232  0.69349730    
     83520  0.69559002    
     83808  0.69783485    
     84096  0.69999760    
     84384  0.70204520    
     84672  0.70405948    
     84960  0.70608479    
     85248  0.70826560    
     85536  0.71026802    
     85824  0.71219552    
     86112  0.71421027    
     86400  0.71620739    
     86688  0.71833640    
     86976  0.72028822    
     87264  0.72215879    
     87552  0.72400367    
     87840  0.72594821    
     88128  0.72788644    
     88416  0.72995406    
     88704  0.73186320    
     88992  0.73369247    
     89280  0.73548990    
     89568  0.73736840    
     89856  0.73923445    
     90144  0.74110359    
     90432  0.74309981    
     90720  0.74496168    
     91008  0.74674952    
     91296  0.74857712    
     91584  0.75037068    
     91872  0.75215054    
     92160  0.75393045    
     92448  0.75571704    
     92736  0.75751495    
     93024  0.75939292    
     93312  0.76137346    
     93600  0.76323652    
     93888  0.76502275    
     94176  0.76675975    
     94464  0.76852840    
     94752  0.77026361    
     95040  0.77197784    
     95328  0.77368039    
     95616  0.77537578    
     95904  0.77706867    
     96192  0.77881551    
     96480  0.78055221    
     96768  0.78228253    
     97056  0.78400749    
     97344  0.78572887    
     97632  0.78744501    
     97920  0.78915536    
     98208  0.79090190    
     98496  0.79262865    
     98784  0.79433531    
     99072  0.79602116    
     99360  0.79768527    
     99648  0.79932588    
     99936  0.80094135    
    100224  0.80256557    
    100512  0.80415344    
    100800  0.80570549    
    101088  0.80722147    
    101376  0.80870074    
    101664  0.81014365    
    101952  0.81148756    
    102240  0.81283492    
    102528  0.81417435    
    102816  0.81549692    
    103104  0.81682163    
    103392  0.81811243    
    103680  0.81936711    
    103968  0.82058275    
    104256  0.82175964    
    104544  0.82289702    
    104832  0.82394731    
    105120  0.82498318    
    105408  0.82599783    
    105696  0.82698631    
    105984  0.82794571    
    106272  0.82887363    
    106560  0.82976979    
    106848  0.83059424    
    107136  0.83140302    
    107424  0.83219105    
    107712  0.83295596    
    108000  0.83369541    
    108288  0.83440894    
    108576  0.83506244    
    108864  0.83570135    
    109152  0.83632213    
    109440  0.83692378    
    109728  0.83750445    
    110016  0.83806497    
    110304  0.83857560    
    110592  0.83907360    
    110880  0.83955753    
    111168  0.84002608    
    111456  0.84047866    
    111744  0.84091598    
    112032  0.84131342    
    112320  0.84170103    
    112608  0.84206951    
    112896  0.84242874    
    113184  0.84277683    
    113472  0.84309411    
    113760  0.84340465    
    114048  0.84370732    
    114336  0.84400296    
    114624  0.84428990    
    114912  0.84457004    
    115200  0.84481686    
    115488  0.84505969    
    115776  0.84529704    
    116064  0.84553152    
    116352  0.84575927    
    116640  0.84598339    
    116928  0.84618592    
    117216  0.84638071    
    117504  0.84657085    
    117792  0.84675741    
    118080  0.84694189    
    118368  0.84710866    
    118656  0.84727269    
    118944  0.84742993    
    119232  0.84758574    
    119520  0.84774125    
    119808  0.84789366    
    120096  0.84804398    
    120384  0.84817564    
    120672  0.84830701    
    120960  0.84843588    
    121248  0.84856397    
    121536  0.84869438    
    121824  0.84881920    
    122112  0.84893012    
    122400  0.84903896    
    122688  0.84914863    
    122976  0.84926039    
    123264  0.84936762    
    123552  0.84947473    
    123840  0.84958190    
    124128  0.84967703    
    124416  0.84976715    
    124704  0.84985715    
    124992  0.84994745    
    125280  0.85003859    
    125568  0.85012650    
    125856  0.85021609    
    126144  0.85029513    
    126432  0.85037434    
    126720  0.85045040    
    127008  0.85052782    
    127296  0.85060728    
    127584  0.85068697    
    127872  0.85076421    
    128160  0.85084158    
    128448  0.85090977    
    128736  0.85097963    
    129024  0.85104710    
    129312  0.85111541    
    129600  0.85118508    
    129888  0.85125649    
    130176  0.85132647    
    130464  0.85139638    
    130752  0.85145885    
    131040  0.85152197    
    131328  0.85158259    
    131616  0.85164905    
    131904  0.85171586    
    132192  0.85178393    
    132480  0.85185766    
    132768  0.85192865    
    133056  0.85198778    
    133344  0.85204822    
    133632  0.85211474    
    133920  0.85218012    
    134208  0.85224831    
    134496  0.85231948    
    134784  0.85239393    
    135072  0.85246819    
    135360  0.85252899    
    135648  0.85259378    
    135936  0.85266417    
    136224  0.85274071    
    136512  0.85281008    
    136800  0.85288560    
    137088  0.85296530    
    137376  0.85304826    
    137664  0.85309744    
    137952  0.85315663    
    138240  0.85321981    
    138528  0.85328734    
    138816  0.85335773    
    139104  0.85341549    
    139392  0.85347384    
    139680  0.85353011    
    139968  0.85354990    
    140256  0.85357374    
    140544  0.85359758    
    140832  0.85359865    
    141120  0.85359412    
    141408  0.85357821    
    141696  0.85354525    
    141984  0.85348988    
    142272  0.85335976    
    142560  0.85319507    
    142848  0.85301346    
    143136  0.85279983    
    143424  0.85254109    
    143712  0.85222417    
    144000  0.85183614    
    144288  0.85136342    
    144576  0.85073173    
    144864  0.85000527    
    145152  0.84920543    
    145440  0.84830236    
    145728  0.84726989    
    146016  0.84609646    
    146304  0.84483105    
    146592  0.84363258    
    146880  0.84246826    
    147168  0.84149337    
    147456  0.84064025    
    147744  0.83987242    
    148032  0.83916777    
    148320  0.83844501    
    148608  0.83779049    
    148896  0.83718574    
    149184  0.83655024    
    149472  0.83606315    
    149760  0.83565140    
    150048  0.83528197    
    150336  0.83494121    
    150624  0.83462614    
    150912  0.83433688    
    151200  0.83407527    
    151488  0.83384538    
    151776  0.83364928    
    152064  0.83349121    
    152352  0.83330154    
    152640  0.83330196    
    152928  0.83339685    
    153216  0.83354670    
    153504  0.83373708    
    153792  0.83396411    
    154080  0.83422679    
    154368  0.83452779    
    154656  0.83486885    
    154944  0.83525234    
    155232  0.83567899    
    155520  0.83625269    
    155808  0.83682239    
    156096  0.83741778    
    156384  0.83805054    
    156672  0.83872646    
    156960  0.83944684    
    157248  0.84021246    
    157536  0.84102303    
    157824  0.84187770    
    158112  0.84277570    
    158400  0.84371650    
    158688  0.84469932    
    158976  0.84572208    
    159264  0.84689683    
    159552  0.84805119    
    159840  0.84921914    
    160128  0.85041296    
    160416  0.85163701    
    160704  0.85289109    
    160992  0.85417557    
    161280  0.85548866    
    161568  0.85682887    
    161856  0.85819501    
    162144  0.85969967    
    162432  0.86116683    
    162720  0.86272085    
    163008  0.86408532    
    163296  0.86540800    
    163584  0.86674511    
    163872  0.86811519    
    164160  0.86952144    
    164448  0.87107587    
    164736  0.87259960    
    165024  0.87412369    
    165312  0.87575328    
    165600  0.87720037    
    165888  0.87860566    
    166176  0.88002187    
    166464  0.88146406    
    166752  0.88293517    
    167040  0.88454187    
    167328  0.88620877    
    167616  0.88767874    
    167904  0.88909847    
    168192  0.89052236    
    168480  0.89196759    
    168768  0.89343452    
    169056  0.89502138    
    169344  0.89654922    
    169632  0.89798069    
    169920  0.89939618    
    170208  0.90082121    
    170496  0.90226161    
    170784  0.90382266    
    171072  0.90521818    
    171360  0.90656900    
    171648  0.90802443    
    171936  0.90944213    
    172224  0.91096443    
    172512  0.91232121    
    172800  0.91363269    
    173088  0.91494381    
    173376  0.91638094    
    173664  0.91767138    
    173952  0.91892564    
    174240  0.92028308    
    174528  0.92172563    
    174816  0.92300802    
    175104  0.92424792    
    175392  0.92548889    
    175680  0.92674428    
    175968  0.92813176    
    176256  0.92938107    
    176544  0.93058908    
    176832  0.93188524    
    177120  0.93327862    
    177408  0.93449295    
    177696  0.93565196    
    177984  0.93680680    
    178272  0.93797296    
    178560  0.93927419    
    178848  0.94045115    
    179136  0.94158828    
    179424  0.94272006    
    179712  0.94406450    
    180000  0.94525146    
    180288  0.94638002    
    180576  0.94761753    
    180864  0.94873303    
    181152  0.94981003    
    181440  0.95088226    
    181728  0.95208508    
    182016  0.95318037    
    182304  0.95431650    
    182592  0.95541263    
    182880  0.95661980    
    183168  0.95771372    
    183456  0.95876312    
    183744  0.95979846    
    184032  0.96095532    
    184320  0.96201062    
    184608  0.96302390    
    184896  0.96409190    
    185184  0.96525240    
    185472  0.96630168    
    185760  0.96730071    
    186048  0.96827811    
    186336  0.96936893    
    186624  0.97036707    
    186912  0.97132170    
    187200  0.97231901    
    187488  0.97328216    
    187776  0.97434616    
    188064  0.97531736    
    188352  0.97623867    
    188640  0.97713119    
    188928  0.97812635    
    189216  0.97909671    
    189504  0.98000187    
    189792  0.98086834    
    190080  0.98170799    
    190368  0.98264688    
    190656  0.98350978    
    190944  0.98432612    
    191232  0.98516202    
    191520  0.98595667    
    191808  0.98683739    
    192096  0.98764455    
    192384  0.98840255    
    192672  0.98912501    
    192960  0.98986411    
    193248  0.99056315    
    193536  0.99134195    
    193824  0.99205673    
    194112  0.99272507    
    194400  0.99335599    
    194688  0.99399585    
    194976  0.99459684    
    195264  0.99516368    
    195552  0.99580592    
    195840  0.99640459    
    196128  0.99696565    
    196416  0.99752986    
    196704  0.99805766    
    196992  0.99855381    
    197280  0.99902219    
    197568  0.99946481    
    197856  0.99988347    
    198144   1.0003055    
    198432   1.0007869    
    198720   1.0012432    
    199008   1.0016725    
    199296   1.0020758    
    199584   1.0024778    
    199872   1.0028526    
    200160   1.0032030    
    200448   1.0035323    
    200736   1.0038425    
    201024   1.0041349    
    201312   1.0044301    
    201600   1.0047077    
    201888   1.0049704    
    202176   1.0052191    
    202464   1.0054553    
    202752   1.0056815    
    203040   1.0058973    
    203328   1.0061169    
    203616   1.0063258    
    203904   1.0065252    
    204192   1.0067160    
    204480   1.0068996    
    204768   1.0070753    
    205056   1.0072457    
    205344   1.0074184    
    205632   1.0075843    
    205920   1.0077440    
    206208   1.0078973    
    206496   1.0080450    
    206784   1.0081878    
    207072   1.0082976    
    207360   1.0083981    
    207648   1.0084932    
    207936   1.0085864    
    208224   1.0086839    
    208512   1.0087798    
    208800   1.0088743    
    209088   1.0089673    
    209376   1.0090586    
    209664   1.0091484    
    209952   1.0092193    
    210240   1.0092843    
    210528   1.0093466    
    210816   1.0094076    
    211104   1.0094693    
    211392   1.0095301    
    211680   1.0095921    
    211968   1.0096399    
    212256   1.0096855    
    212544   1.0097296    
    212832   1.0097733    
    213120   1.0098177    
    213408   1.0098611    
    213696   1.0098976    
    213984   1.0099314    
    214272   1.0099626    
    214560   1.0099965    
    214848   1.0100304    
    215136   1.0100611    
    215424   1.0100873    
    215712   1.0101141    
    216000   1.0101389    
    216288   1.0101628    
    216576   1.0101857    
    216864   1.0102097    
    217152   1.0102321    
    217440   1.0102534    
    217728   1.0102723    
    218016   1.0102897    
    218304   1.0103058    
    218592   1.0103171    
    218880   1.0103309    
    219168   1.0103492    
    219456   1.0103678    
    219744   1.0103853    
    220032   1.0104017    
    220320   1.0104125    
    220608   1.0104206    
    220896   1.0104263    
    221184   1.0104320    
    221472   1.0104383    
    221760   1.0104455    
    222048   1.0104550    
    222336   1.0104687    
    222624   1.0104855    
    222912   1.0105016    
    223200   1.0105164    
    223488   1.0105263    
    223776   1.0105338    
    224064   1.0105393    
    224352   1.0105432    
    224640   1.0105460    
    224928   1.0105475    
    225216   1.0105494    
    225504   1.0105510    
    225792   1.0105528    
    226080   1.0105548    
    226368   1.0105569    
    226656   1.0105591    
    226944   1.0105610    
    227232   1.0105627    
    227520   1.0105643    
    227808   1.0105660    
    228096   1.0105677    
    228384   1.0105691    
    228672   1.0105705    
    228960   1.0105720    
    229248   1.0105731    
    229536   1.0105741    
    229824   1.0105751    
    230112   1.0105760    
    230400   1.0105770    
    230688   1.0105777    
    230976   1.0105784    
    231264   1.0105789    
    231552   1.0105793    
    231840   1.0105809    
    232128   1.0105840    
    232416   1.0105883    
    232704   1.0105938    
    232992   1.0106002    
    233280   1.0106077    
    233568   1.0106155    
    233856   1.0106238    
    234144   1.0106328    
    234432   1.0106426    
    234720   1.0106530    
    235008   1.0106639    
    235296   1.0106747    
    235584   1.0106857    
    235872   1.0106962    
    236160   1.0107068    
    236448   1.0107175    
    236736   1.0107285    
    237024   1.0107394    
    237312   1.0107502    
    237600   1.0107604    
    237888   1.0107700    
    238176   1.0107785    
    238464   1.0107867    
    238752   1.0107945    
    239040   1.0108018    
    239328   1.0108086    
    239616   1.0108147    
    239904   1.0108199    
    240192   1.0108247    
    240480   1.0108281    
    240768   1.0108303    
    241056   1.0108316    
    241344   1.0108320    
    241632   1.0108310    
    241920   1.0108287    
    242208   1.0108261    
    242496   1.0108235    
    242784   1.0108204    
    243072   1.0108173    
    243360   1.0108142    
    243648   1.0108111    
    243936   1.0108080    
    244224   1.0108047    
    244512   1.0108013    
    244800   1.0107977    
    245088   1.0107936    
    245376   1.0107899    
    245664   1.0107877    
    245952   1.0107870    
    246240   1.0107880    
    246528   1.0107908    
    246816   1.0107955    
    247104   1.0108021    
    247392   1.0108056    
    247680   1.0108068    
    247968   1.0108049    
    248256   1.0108039    
    248544   1.0108020    
    248832   1.0107985    
    249120   1.0107961    
    249408   1.0107952    
    249696   1.0107917    
    249984   1.0107878    
    250272   1.0107836    
    250560   1.0107793    
    250848   1.0107750    
    251136   1.0107691    
    251424   1.0107623    
    251712   1.0107584    
    252000   1.0107479    
    252288   1.0107338    
    252576   1.0107223    
    252864   1.0107106    
    253152   1.0106970    
    253440   1.0106814    
    253728   1.0106653    
    254016   1.0106477    
    254304   1.0106202    
    254592   1.0105900    
    254880   1.0105592    
    255168   1.0105268    
    255456   1.0104932    
    255744   1.0104575    
    256032   1.0104188    
    256320   1.0103763    
    256608   1.0103292    
    256896   1.0102768    
    257184   1.0102196    
    257472   1.0101355    
    257760   1.0100445    
    258048   1.0099499    
    258336   1.0098521    
    258624   1.0097476    
    258912   1.0096365    
    259200   1.0095168    
    259488   1.0093859    
    259776   1.0092443    
    260064   1.0090905    
    260352   1.0089226    
    260640   1.0087574    
    260928   1.0085733    
    261216   1.0083709    
    261504   1.0081507    
    261792   1.0079136    
    262080   1.0076580    
    262368   1.0073843    
    262656   1.0070922    
    262944   1.0067815    
    263232   1.0064509    
    263520   1.0061008    
    263808   1.0057292    
    264096   1.0053350    
    264384   1.0049593    
    264672   1.0045415    
    264960   1.0040845    
    265248   1.0035897    
    265536   1.0030576    
    265824   1.0024962    
    266112   1.0019715    
    266400   1.0015579    
    266688   1.0011826    
    266976   1.0008366    
    267264   1.0005909    
    267552   1.0003463    
    267840   1.0002378    
    268128   1.0000796    
    268416  0.99993014    
    268704  0.99981475    
    268992  0.99974066    
    269280  0.99970919    
    269568  0.99979681    
    269856  0.99988616    
    270144  0.99999863    
    270432   1.0002561    
    270720   1.0004474    
    271008   1.0006448    
    271296   1.0008725    
    271584   1.0011382    
    271872   1.0014397    
    272160   1.0018550    
    272448   1.0023761    
    272736   1.0028059    
    273024   1.0032252    
    273312   1.0036627    
    273600   1.0041270    
    273888   1.0046154    
    274176   1.0052484    
    274464   1.0058801    
    274752   1.0064574    
    275040   1.0070301    
    275328   1.0076146    
    275616   1.0082123    
    275904   1.0089501    
    276192   1.0095962    
    276480   1.0102215    
    276768   1.0109307    
    277056   1.0116076    
    277344   1.0124102    
    277632   1.0131145    
    277920   1.0137895    
    278208   1.0144615    
    278496   1.0152740    
    278784   1.0159954    
    279072   1.0166901    
    279360   1.0174590    
    279648   1.0183303    
    279936   1.0190960    
    280224   1.0198238    
    280512   1.0205430    
    280800   1.0212593    
    281088   1.0221134    
    281376   1.0228746    
    281664   1.0236006    
    281952   1.0243856    
    282240   1.0252904    
    282528   1.0260773    
    282816   1.0268183    
    283104   1.0275390    
    283392   1.0282511    
    283680   1.0290987    
    283968   1.0298611    
    284256   1.0305836    
    284544   1.0312853    
    284832   1.0321853    
    285120   1.0329734    
    285408   1.0337054    
    285696   1.0345542    
    285984   1.0353175    
    286272   1.0360384    
    286560   1.0367353    
    286848   1.0375601    
    287136   1.0383097    
    287424   1.0390794    
    287712   1.0397977    
    288000   1.0406278    
    288288   1.0413781    
    288576   1.0420812    
    288864   1.0427536    
    289152   1.0435475    
    289440   1.0442718    
    289728   1.0449517    
    290016   1.0456553    
    290304   1.0464568    
    290592   1.0471812    
    290880   1.0478545    
    291168   1.0484915    
    291456   1.0492427    
    291744   1.0499310    
    292032   1.0505747    
    292320   1.0512345    
    292608   1.0518461    
    292896   1.0525613    
    293184   1.0532175    
    293472   1.0538272    
    293760   1.0544002    
    294048   1.0550787    
    294336   1.0557507    
    294624   1.0563648    
    294912   1.0569336    
    295200   1.0574641    
    295488   1.0580941    
    295776   1.0586805    
    296064   1.0592240    
    296352   1.0597684    
    296640   1.0602669    
    296928   1.0608526    
    297216   1.0613972    
    297504   1.0618992    
    297792   1.0623611    
    298080   1.0628209    
    298368   1.0632384    
    298656   1.0637369    
    298944   1.0642051    
    299232   1.0646356    
    299520   1.0650282    
    299808   1.0654142    
    300096   1.0657589    
    300384   1.0660691    
    300672   1.0664477    
    300960   1.0668072    
    301248   1.0671372    
    301536   1.0674579    
    301824   1.0677427    
    302112   1.0679959    
    302400   1.0682223    
    302688   1.0684265    
    302976   1.0686105    
    303264   1.0687946    
    303552   1.0690309    
    303840   1.0692635    
    304128   1.0694808    
    304416   1.0696797    
    304704   1.0698742    
    304992   1.0700499    
    305280   1.0702096    
    305568   1.0703560    
    305856   1.0704911    
    306144   1.0706174    
    306432   1.0707456    
    306720   1.0708653    
    307008   1.0709770    
    307296   1.0710829    
    307584   1.0711836    
    307872   1.0712794    
    308160   1.0713713    
    308448   1.0714663    
    308736   1.0715564    
    309024   1.0716425    
    309312   1.0717249    
    309600   1.0718040    
    309888   1.0718800    
    310176   1.0719533    
    310464   1.0720282    
    310752   1.0721002    
    311040   1.0721697    
    311328   1.0722363    
    311616   1.0723007    
    311904   1.0723627    
    312192   1.0724072    
    312480   1.0724453    
    312768   1.0724814    
    313056   1.0725162    
    313344   1.0725547    
    313632   1.0725927    
    313920   1.0726312    
    314208   1.0726672    
    314496   1.0727056    
    314784   1.0727426    
    315072   1.0727690    
