       288  0.26224247E-08
       576  0.22343305E-08
       864  0.18997712E-08
      1152  0.16120505E-08
      1440  0.13651095E-08
      1728  0.11649590E-08
      2016  0.99198516E-09
      2304  0.84281671E-09
      2592  0.71445116E-09
      2880  0.60423255E-09
      3168  0.51052240E-09
      3456  0.43678366E-09
      3744  0.37588183E-09
      4032  0.32637112E-09
      4320  0.28673236E-09
      4608  0.25547423E-09
      4896  0.23118119E-09
      5184  0.21450007E-09
      5472  0.20167479E-09
      5760  0.19187944E-09
      6048  0.18442206E-09
      6336  0.17873900E-09
      6624  0.17438166E-09
      6912  0.17253671E-09
      7200  0.17094165E-09
      7488  0.16961600E-09
      7776  0.16900470E-09
      8064  0.16872632E-09
      8352  0.16864904E-09
      8640  0.16856436E-09
      8928  0.16852578E-09
      9216  0.16850833E-09
      9504  0.16850038E-09
      9792  0.16849638E-09
     10080  0.16849602E-09
     10368  0.16849602E-09
     10656  0.16849602E-09
     10944  0.16849602E-09
     11232  0.16849602E-09
     11520  0.16849602E-09
     11808  0.16849602E-09
     12096  0.16849602E-09
     12384  0.16849602E-09
     12672  0.16849602E-09
     12960  0.16849602E-09
     13248  0.16849602E-09
     13536  0.16849602E-09
     13824  0.16849602E-09
     14112  0.16849602E-09
     14400  0.16849602E-09
     14688  0.16849602E-09
     14976  0.16849602E-09
     15264  0.16849602E-09
     15552  0.16849602E-09
     15840  0.16849602E-09
     16128  0.16849602E-09
     16416  0.16849602E-09
     16704  0.16849602E-09
     16992  0.16849602E-09
     17280  0.16849602E-09
     17568  0.16849602E-09
     17856  0.16849602E-09
     18144  0.16849602E-09
     18432  0.16849602E-09
     18720  0.16849602E-09
     19008  0.16849602E-09
     19296  0.16849602E-09
     19584  0.16849602E-09
     19872  0.16849602E-09
     20160  0.16849602E-09
     20448  0.16849602E-09
     20736  0.16849602E-09
     21024  0.16849602E-09
     21312  0.16849602E-09
     21600  0.16849602E-09
     21888  0.16849602E-09
     22176  0.16849602E-09
     22464  0.16849602E-09
     22752  0.16849602E-09
     23040  0.16849602E-09
     23328  0.16849602E-09
     23616  0.16849602E-09
     23904  0.16849602E-09
     24192  0.16849602E-09
     24480  0.16849602E-09
     24768  0.16849602E-09
     25056  0.16849602E-09
     25344  0.16849602E-09
     25632  0.16849602E-09
     25920  0.16849602E-09
     26208  0.16849602E-09
     26496  0.16849602E-09
     26784  0.16849602E-09
     27072  0.16849602E-09
     27360  0.16849602E-09
     27648  0.16849602E-09
     27936  0.16849602E-09
     28224  0.16849602E-09
     28512  0.16849602E-09
     28800  0.16849602E-09
     29088  0.16849602E-09
     29376  0.16849602E-09
     29664  0.16849602E-09
     29952  0.16849602E-09
     30240  0.16849602E-09
     30528  0.16849602E-09
     30816  0.16849602E-09
     31104  0.16849602E-09
     31392  0.16849602E-09
     31680  0.16849602E-09
     31968  0.16849602E-09
     32256  0.16849602E-09
     32544  0.16849602E-09
     32832  0.16849602E-09
     33120  0.16849602E-09
     33408  0.16849602E-09
     33696  0.16849602E-09
     33984  0.16849602E-09
     34272  0.16849602E-09
     34560  0.16849602E-09
     34848  0.16849602E-09
     35136  0.16849602E-09
     35424  0.16849602E-09
     35712  0.16849602E-09
     36000  0.16849602E-09
     36288  0.16849602E-09
     36576  0.16849602E-09
     36864  0.16849602E-09
     37152  0.16849602E-09
     37440  0.16849602E-09
     37728  0.16849602E-09
     38016  0.16849602E-09
     38304  0.16849602E-09
     38592  0.16849602E-09
     38880  0.16849602E-09
     39168  0.16849602E-09
     39456  0.16849602E-09
     39744  0.16849602E-09
     40032  0.16849602E-09
     40320  0.16849602E-09
     40608  0.16849602E-09
     40896  0.16849602E-09
     41184  0.16849602E-09
     41472  0.16849602E-09
     41760  0.16849602E-09
     42048  0.16849602E-09
     42336  0.16849602E-09
     42624  0.16849602E-09
     42912  0.16849602E-09
     43200  0.16849602E-09
     43488  0.16849602E-09
     43776  0.16849602E-09
     44064  0.16849602E-09
     44352  0.16849602E-09
     44640  0.16849602E-09
     44928  0.16849602E-09
     45216  0.16849602E-09
     45504  0.16849602E-09
     45792  0.16849602E-09
     46080  0.16849602E-09
     46368  0.16849602E-09
     46656  0.16849602E-09
     46944  0.16849602E-09
     47232  0.16849602E-09
     47520  0.16849602E-09
     47808  0.16849602E-09
     48096  0.16849602E-09
     48384  0.16849602E-09
     48672  0.16849602E-09
     48960  0.16849602E-09
     49248  0.16849602E-09
     49536  0.16849602E-09
     49824  0.16849602E-09
     50112  0.16849602E-09
     50400  0.16849602E-09
     50688  0.16849602E-09
     50976  0.16849602E-09
     51264  0.16849602E-09
     51552  0.16849602E-09
     51840  0.16849602E-09
     52128  0.16849602E-09
     52416  0.16849602E-09
     52704  0.16849602E-09
     52992  0.16849602E-09
     53280  0.16849602E-09
     53568  0.16849602E-09
     53856  0.16849602E-09
     54144  0.16849602E-09
     54432  0.16849602E-09
     54720  0.16849602E-09
     55008  0.16849602E-09
     55296  0.16849602E-09
     55584  0.16849602E-09
     55872  0.16849602E-09
     56160  0.16849602E-09
     56448  0.16849602E-09
     56736  0.16849602E-09
     57024  0.16849602E-09
     57312  0.16849602E-09
     57600  0.16849602E-09
     57888  0.16849602E-09
     58176  0.16849602E-09
     58464  0.16849602E-09
     58752  0.16849602E-09
     59040  0.16849602E-09
     59328  0.16849602E-09
     59616  0.16849602E-09
     59904  0.16849602E-09
     60192  0.16849602E-09
     60480  0.16849602E-09
     60768  0.16849602E-09
     61056  0.16849602E-09
     61344  0.16849602E-09
     61632  0.16849602E-09
     61920  0.16849602E-09
     62208  0.16849602E-09
     62496  0.16849602E-09
     62784  0.16849602E-09
     63072  0.16849602E-09
     63360  0.16849602E-09
     63648  0.16849602E-09
     63936  0.16849602E-09
     64224  0.16849602E-09
     64512  0.16849602E-09
     64800  0.16849602E-09
     65088  0.16849602E-09
     65376  0.16849602E-09
     65664  0.16849602E-09
     65952  0.16849602E-09
     66240  0.16849602E-09
     66528  0.16849602E-09
     66816  0.16849602E-09
     67104  0.16849602E-09
     67392  0.16849602E-09
     67680  0.16849602E-09
     67968  0.16849602E-09
     68256  0.16849602E-09
     68544  0.16849602E-09
     68832  0.16849602E-09
     69120  0.16849602E-09
     69408  0.16849602E-09
     69696  0.16849602E-09
     69984  0.16849602E-09
     70272  0.16849602E-09
     70560  0.16849602E-09
     70848  0.16849602E-09
     71136  0.16849602E-09
     71424  0.16849602E-09
     71712  0.16849602E-09
     72000  0.16849602E-09
     72288  0.16849602E-09
     72576  0.16849602E-09
     72864  0.16849602E-09
     73152  0.16849602E-09
     73440  0.16849602E-09
     73728  0.16849602E-09
     74016  0.16849602E-09
     74304  0.16849602E-09
     74592  0.16849602E-09
     74880  0.16849602E-09
     75168  0.16849602E-09
     75456  0.16849602E-09
     75744  0.16849602E-09
     76032  0.16849602E-09
     76320  0.16849602E-09
     76608  0.16849602E-09
     76896  0.16849602E-09
     77184  0.16849602E-09
     77472  0.16849602E-09
     77760  0.16849602E-09
     78048  0.16849602E-09
     78336  0.16849602E-09
     78624  0.16849602E-09
     78912  0.16849602E-09
     79200  0.16849602E-09
     79488  0.16849602E-09
     79776  0.16849602E-09
     80064  0.16849602E-09
     80352  0.16849602E-09
     80640  0.16849602E-09
     80928  0.16849602E-09
     81216  0.16849602E-09
     81504  0.16849602E-09
     81792  0.16849602E-09
     82080  0.16849602E-09
     82368  0.16849602E-09
     82656  0.16849602E-09
     82944  0.16849602E-09
     83232  0.16849602E-09
     83520  0.16849602E-09
     83808  0.16849602E-09
     84096  0.16849602E-09
     84384  0.16849602E-09
     84672  0.16849602E-09
     84960  0.16849602E-09
     85248  0.16849602E-09
     85536  0.16849602E-09
     85824  0.16849602E-09
     86112  0.16849602E-09
     86400  0.16849602E-09
     86688  0.16849602E-09
     86976  0.16849602E-09
     87264  0.16849602E-09
     87552  0.16849602E-09
     87840  0.16849602E-09
     88128  0.16849602E-09
     88416  0.16849602E-09
     88704  0.16849602E-09
     88992  0.16849602E-09
     89280  0.16849602E-09
     89568  0.16849602E-09
     89856  0.16849602E-09
     90144  0.16849602E-09
     90432  0.16849602E-09
     90720  0.16849602E-09
     91008  0.16849602E-09
     91296  0.16849602E-09
     91584  0.16849602E-09
     91872  0.16849602E-09
     92160  0.16849602E-09
     92448  0.16849602E-09
     92736  0.16849602E-09
     93024  0.16849602E-09
     93312  0.16849602E-09
     93600  0.16849602E-09
     93888  0.16849602E-09
     94176  0.16849602E-09
     94464  0.16849602E-09
     94752  0.16849602E-09
     95040  0.16849602E-09
     95328  0.16849602E-09
     95616  0.16849602E-09
     95904  0.16849602E-09
     96192  0.16849602E-09
     96480  0.16849602E-09
     96768  0.16849602E-09
     97056  0.16849602E-09
     97344  0.16849602E-09
     97632  0.16849602E-09
     97920  0.16849602E-09
     98208  0.16849602E-09
     98496  0.16849602E-09
     98784  0.16849602E-09
     99072  0.16849602E-09
     99360  0.16849602E-09
     99648  0.16849602E-09
     99936  0.16849602E-09
    100224  0.16849602E-09
    100512  0.16849602E-09
    100800  0.16849602E-09
    101088  0.16849602E-09
    101376  0.16849602E-09
    101664  0.16849602E-09
    101952  0.16849602E-09
    102240  0.16849602E-09
    102528  0.16849602E-09
    102816  0.16849602E-09
    103104  0.16849602E-09
    103392  0.16849602E-09
    103680  0.16849602E-09
    103968  0.16849602E-09
    104256  0.16849602E-09
    104544  0.16849602E-09
    104832  0.16849602E-09
    105120  0.16849602E-09
    105408  0.16849602E-09
    105696  0.16849602E-09
    105984  0.16849602E-09
    106272  0.16849602E-09
    106560  0.16849602E-09
    106848  0.16849602E-09
    107136  0.16849602E-09
    107424  0.16849602E-09
    107712  0.16849602E-09
    108000  0.16849602E-09
    108288  0.16849602E-09
    108576  0.16849602E-09
    108864  0.16849602E-09
    109152  0.16849602E-09
    109440  0.16849602E-09
    109728  0.16849602E-09
    110016  0.16849602E-09
    110304  0.16849602E-09
    110592  0.16849602E-09
    110880  0.16849602E-09
    111168  0.16849602E-09
    111456  0.16849602E-09
    111744  0.16849602E-09
    112032  0.16849602E-09
    112320  0.16849602E-09
    112608  0.16849602E-09
    112896  0.16849602E-09
    113184  0.16849602E-09
    113472  0.16849602E-09
    113760  0.16849602E-09
    114048  0.16849602E-09
    114336  0.16849602E-09
    114624  0.16849602E-09
    114912  0.16849602E-09
    115200  0.16849602E-09
    115488  0.16849602E-09
    115776  0.16849602E-09
    116064  0.16849602E-09
    116352  0.16849602E-09
    116640  0.16849602E-09
    116928  0.16849602E-09
    117216  0.16849602E-09
    117504  0.16849602E-09
    117792  0.16849602E-09
    118080  0.16849602E-09
    118368  0.16849602E-09
    118656  0.16849602E-09
    118944  0.16849602E-09
    119232  0.16849602E-09
    119520  0.16849602E-09
    119808  0.16849602E-09
    120096  0.16849602E-09
    120384  0.16849602E-09
    120672  0.16849602E-09
    120960  0.16849602E-09
    121248  0.16849602E-09
    121536  0.16849602E-09
    121824  0.16849602E-09
    122112  0.16849602E-09
    122400  0.16849602E-09
    122688  0.16849602E-09
    122976  0.16849602E-09
    123264  0.16849602E-09
    123552  0.16849602E-09
    123840  0.16849602E-09
    124128  0.16849602E-09
    124416  0.16849602E-09
    124704  0.16849602E-09
    124992  0.16849602E-09
    125280  0.16849602E-09
    125568  0.16849602E-09
    125856  0.16849602E-09
    126144  0.16849602E-09
    126432  0.16849602E-09
    126720  0.16849602E-09
    127008  0.16849602E-09
    127296  0.16849602E-09
    127584  0.16849602E-09
    127872  0.16849602E-09
    128160  0.16849602E-09
    128448  0.16849602E-09
    128736  0.16849602E-09
    129024  0.16849602E-09
    129312  0.16849602E-09
    129600  0.16849602E-09
    129888  0.16849602E-09
    130176  0.16849602E-09
    130464  0.16849602E-09
    130752  0.16849602E-09
    131040  0.16849602E-09
    131328  0.16849602E-09
    131616  0.16849602E-09
    131904  0.16849602E-09
    132192  0.16849602E-09
    132480  0.16849602E-09
    132768  0.16849602E-09
    133056  0.16849602E-09
    133344  0.16849602E-09
    133632  0.16849602E-09
    133920  0.16849602E-09
    134208  0.16849602E-09
    134496  0.16849602E-09
    134784  0.16849602E-09
    135072  0.16849602E-09
    135360  0.16849602E-09
    135648  0.16849602E-09
    135936  0.16849602E-09
    136224  0.16849602E-09
    136512  0.16849602E-09
    136800  0.16849602E-09
    137088  0.16849602E-09
    137376  0.16849602E-09
    137664  0.16849602E-09
    137952  0.16849602E-09
    138240  0.16849602E-09
    138528  0.16849602E-09
    138816  0.16849602E-09
    139104  0.16849602E-09
    139392  0.16849602E-09
    139680  0.16849602E-09
    139968  0.16849602E-09
    140256  0.16849602E-09
    140544  0.16849602E-09
    140832  0.16849602E-09
    141120  0.16849602E-09
    141408  0.16849602E-09
    141696  0.16849602E-09
    141984  0.16849602E-09
    142272  0.16849602E-09
    142560  0.16849602E-09
    142848  0.16849602E-09
    143136  0.16849602E-09
    143424  0.16849602E-09
    143712  0.16849602E-09
    144000  0.16849602E-09
    144288  0.16849602E-09
    144576  0.16849602E-09
    144864  0.16849602E-09
    145152  0.16849602E-09
    145440  0.16849602E-09
    145728  0.16849602E-09
    146016  0.16849602E-09
    146304  0.16849602E-09
    146592  0.16849602E-09
    146880  0.16849602E-09
    147168  0.16849602E-09
    147456  0.16849602E-09
    147744  0.16849602E-09
    148032  0.16849602E-09
    148320  0.16849602E-09
    148608  0.16849602E-09
    148896  0.16849602E-09
    149184  0.16849602E-09
    149472  0.16849602E-09
    149760  0.16849602E-09
    150048  0.16849602E-09
    150336  0.16849602E-09
    150624  0.16849602E-09
    150912  0.16849602E-09
    151200  0.16849602E-09
    151488  0.16849602E-09
    151776  0.16849602E-09
    152064  0.16849602E-09
    152352  0.16849602E-09
    152640  0.16849602E-09
    152928  0.16849602E-09
    153216  0.16849602E-09
    153504  0.16849602E-09
    153792  0.16849602E-09
    154080  0.16849602E-09
    154368  0.16849602E-09
    154656  0.16849602E-09
    154944  0.16849602E-09
    155232  0.16849602E-09
    155520  0.16849602E-09
    155808  0.16849602E-09
    156096  0.16849602E-09
    156384  0.16849602E-09
    156672  0.16849602E-09
    156960  0.16849602E-09
    157248  0.16849602E-09
    157536  0.16849602E-09
    157824  0.16849602E-09
    158112  0.16849602E-09
    158400  0.16849602E-09
    158688  0.16849602E-09
    158976  0.16849602E-09
    159264  0.16849602E-09
    159552  0.16849602E-09
    159840  0.16849602E-09
    160128  0.16849602E-09
    160416  0.16849602E-09
    160704  0.16849602E-09
    160992  0.16849602E-09
    161280  0.16849602E-09
    161568  0.16849602E-09
    161856  0.16849602E-09
    162144  0.16849602E-09
    162432  0.16849602E-09
    162720  0.16849602E-09
    163008  0.16849602E-09
    163296  0.16849602E-09
    163584  0.16849602E-09
    163872  0.16849602E-09
    164160  0.16849602E-09
    164448  0.16849602E-09
    164736  0.16849602E-09
    165024  0.16849602E-09
    165312  0.16849602E-09
    165600  0.16849602E-09
    165888  0.16849602E-09
    166176  0.16849602E-09
    166464  0.16849602E-09
    166752  0.16849602E-09
    167040  0.16849602E-09
    167328  0.16849602E-09
    167616  0.16849602E-09
    167904  0.16849602E-09
    168192  0.16849602E-09
    168480  0.16849602E-09
    168768  0.16849602E-09
    169056  0.16849602E-09
    169344  0.16849602E-09
    169632  0.16849602E-09
    169920  0.16849602E-09
    170208  0.16849602E-09
    170496  0.16849602E-09
    170784  0.16849602E-09
    171072  0.16849602E-09
    171360  0.16849602E-09
    171648  0.16849602E-09
    171936  0.16849602E-09
    172224  0.16849602E-09
    172512  0.16849602E-09
    172800  0.16849602E-09
    173088  0.16849602E-09
    173376  0.16849602E-09
    173664  0.16849602E-09
    173952  0.16849602E-09
    174240  0.16849602E-09
    174528  0.16849602E-09
    174816  0.16849602E-09
    175104  0.16849602E-09
    175392  0.16849602E-09
    175680  0.16849602E-09
    175968  0.16849602E-09
    176256  0.16849602E-09
    176544  0.16849602E-09
    176832  0.16849602E-09
    177120  0.16849602E-09
    177408  0.16849602E-09
    177696  0.16849602E-09
    177984  0.16849602E-09
    178272  0.16849602E-09
    178560  0.16849602E-09
    178848  0.16849602E-09
    179136  0.16849602E-09
    179424  0.16849602E-09
    179712  0.16849602E-09
    180000  0.16849602E-09
    180288  0.16849602E-09
    180576  0.16849602E-09
    180864  0.16849602E-09
    181152  0.16849602E-09
    181440  0.16849602E-09
    181728  0.16849602E-09
    182016  0.16849602E-09
    182304  0.16849602E-09
    182592  0.16849602E-09
    182880  0.16849602E-09
    183168  0.16849602E-09
    183456  0.16849602E-09
    183744  0.16849602E-09
    184032  0.16849602E-09
    184320  0.16849602E-09
    184608  0.16849602E-09
    184896  0.16849602E-09
    185184  0.16849602E-09
    185472  0.16849602E-09
    185760  0.16849602E-09
    186048  0.16849602E-09
    186336  0.16849602E-09
    186624  0.16849602E-09
    186912  0.16849602E-09
    187200  0.16849602E-09
    187488  0.16849602E-09
    187776  0.16849602E-09
    188064  0.16849602E-09
    188352  0.16849602E-09
    188640  0.16849602E-09
    188928  0.16849602E-09
    189216  0.16849602E-09
    189504  0.16849602E-09
    189792  0.16849602E-09
    190080  0.16849602E-09
    190368  0.16849602E-09
    190656  0.16849602E-09
    190944  0.16849602E-09
    191232  0.16849602E-09
    191520  0.16849602E-09
    191808  0.16849602E-09
    192096  0.16849602E-09
    192384  0.16849602E-09
    192672  0.16849602E-09
    192960  0.16849602E-09
    193248  0.16849602E-09
    193536  0.16849602E-09
    193824  0.16849602E-09
    194112  0.16849602E-09
    194400  0.16849602E-09
    194688  0.16849602E-09
    194976  0.16849602E-09
    195264  0.16849602E-09
    195552  0.16849602E-09
    195840  0.16849602E-09
    196128  0.16849602E-09
    196416  0.16849602E-09
    196704  0.16849602E-09
    196992  0.16849602E-09
    197280  0.16849602E-09
    197568  0.16849602E-09
    197856  0.16849602E-09
    198144  0.16849602E-09
    198432  0.16849602E-09
    198720  0.16849602E-09
    199008  0.16849602E-09
    199296  0.16849602E-09
    199584  0.16849602E-09
    199872  0.16849602E-09
    200160  0.16849602E-09
    200448  0.16849602E-09
    200736  0.16849602E-09
    201024  0.16849602E-09
    201312  0.16849602E-09
    201600  0.16849602E-09
    201888  0.16849602E-09
    202176  0.16849602E-09
    202464  0.16849602E-09
    202752  0.16849602E-09
    203040  0.16849602E-09
    203328  0.16849602E-09
    203616  0.16849602E-09
    203904  0.16849602E-09
    204192  0.16849602E-09
    204480  0.16849602E-09
    204768  0.16849602E-09
    205056  0.16849602E-09
    205344  0.16849602E-09
    205632  0.16849602E-09
    205920  0.16849602E-09
    206208  0.16849602E-09
    206496  0.16849602E-09
    206784  0.16849602E-09
    207072  0.16849602E-09
    207360  0.16849602E-09
    207648  0.16849602E-09
    207936  0.16849602E-09
    208224  0.16849602E-09
    208512  0.16849602E-09
    208800  0.16849602E-09
    209088  0.16849602E-09
    209376  0.16849602E-09
    209664  0.16849602E-09
    209952  0.16849602E-09
    210240  0.16849602E-09
    210528  0.16849602E-09
    210816  0.16849602E-09
    211104  0.16849602E-09
    211392  0.16849602E-09
    211680  0.16849602E-09
    211968  0.16849602E-09
    212256  0.16849602E-09
    212544  0.16849602E-09
    212832  0.16849602E-09
    213120  0.16849602E-09
    213408  0.16849602E-09
    213696  0.16849602E-09
    213984  0.16849602E-09
    214272  0.16849602E-09
    214560  0.16849602E-09
    214848  0.16849602E-09
    215136  0.16849602E-09
    215424  0.16849602E-09
    215712  0.16849602E-09
    216000  0.16849602E-09
    216288  0.16849602E-09
    216576  0.16849602E-09
    216864  0.16849602E-09
    217152  0.16849602E-09
    217440  0.16849602E-09
    217728  0.16849602E-09
    218016  0.16849602E-09
    218304  0.16849602E-09
    218592  0.16849602E-09
    218880  0.16849602E-09
    219168  0.16849602E-09
    219456  0.16849602E-09
    219744  0.16849602E-09
    220032  0.16849602E-09
    220320  0.16849602E-09
    220608  0.16849602E-09
    220896  0.16849602E-09
    221184  0.16849602E-09
    221472  0.16849602E-09
    221760  0.16849602E-09
    222048  0.16849602E-09
    222336  0.16849602E-09
    222624  0.16849602E-09
    222912  0.16849602E-09
    223200  0.16849602E-09
    223488  0.16849602E-09
    223776  0.16849602E-09
    224064  0.16849602E-09
    224352  0.16849602E-09
    224640  0.16849602E-09
    224928  0.16849602E-09
    225216  0.16849602E-09
    225504  0.16849602E-09
    225792  0.16849602E-09
    226080  0.16849602E-09
    226368  0.16849602E-09
    226656  0.16849602E-09
    226944  0.16849602E-09
    227232  0.16849602E-09
    227520  0.16849602E-09
    227808  0.16849602E-09
    228096  0.16849602E-09
    228384  0.16849602E-09
    228672  0.16849602E-09
    228960  0.16849602E-09
    229248  0.16849602E-09
    229536  0.16849602E-09
    229824  0.16849602E-09
    230112  0.16849602E-09
    230400  0.16849602E-09
    230688  0.16849602E-09
    230976  0.16849602E-09
    231264  0.16849602E-09
    231552  0.16849602E-09
    231840  0.16849602E-09
    232128  0.16849602E-09
    232416  0.16849602E-09
    232704  0.16849602E-09
    232992  0.16849602E-09
    233280  0.16849602E-09
    233568  0.16849602E-09
    233856  0.16849602E-09
    234144  0.16849602E-09
    234432  0.16849602E-09
    234720  0.16849602E-09
    235008  0.16849602E-09
    235296  0.16849602E-09
    235584  0.16849602E-09
    235872  0.16849602E-09
    236160  0.16849602E-09
    236448  0.16849602E-09
    236736  0.16849602E-09
    237024  0.16849602E-09
    237312  0.16849602E-09
    237600  0.16849602E-09
    237888  0.16849602E-09
    238176  0.16849602E-09
    238464  0.16849602E-09
    238752  0.16849602E-09
    239040  0.16849602E-09
    239328  0.16849602E-09
    239616  0.16849602E-09
    239904  0.16849602E-09
    240192  0.16849602E-09
    240480  0.16849602E-09
    240768  0.16849602E-09
    241056  0.16849602E-09
    241344  0.16849602E-09
    241632  0.16849602E-09
    241920  0.16849602E-09
    242208  0.16849602E-09
    242496  0.16849602E-09
    242784  0.16849602E-09
    243072  0.16849602E-09
    243360  0.16849602E-09
    243648  0.16849602E-09
    243936  0.16849602E-09
    244224  0.16849602E-09
    244512  0.16849602E-09
    244800  0.16849602E-09
    245088  0.16849602E-09
    245376  0.16849602E-09
    245664  0.16849602E-09
    245952  0.16849602E-09
    246240  0.16849602E-09
    246528  0.16849602E-09
    246816  0.16849602E-09
    247104  0.16849602E-09
    247392  0.16849602E-09
    247680  0.16849602E-09
    247968  0.16849602E-09
    248256  0.16849602E-09
    248544  0.16849602E-09
    248832  0.16849602E-09
    249120  0.16849602E-09
    249408  0.16849602E-09
    249696  0.16849602E-09
    249984  0.16849602E-09
    250272  0.16849602E-09
    250560  0.16849602E-09
    250848  0.16849602E-09
    251136  0.16849602E-09
    251424  0.16849602E-09
    251712  0.16849602E-09
    252000  0.16849602E-09
    252288  0.16849602E-09
    252576  0.16849602E-09
    252864  0.16849602E-09
    253152  0.16849602E-09
    253440  0.16849602E-09
    253728  0.16849602E-09
    254016  0.16849602E-09
    254304  0.16849602E-09
    254592  0.16849602E-09
    254880  0.16849602E-09
    255168  0.16849602E-09
    255456  0.16849602E-09
    255744  0.16849602E-09
    256032  0.16849602E-09
    256320  0.16849602E-09
    256608  0.16849602E-09
    256896  0.16849602E-09
    257184  0.16849602E-09
    257472  0.16849602E-09
    257760  0.16849602E-09
    258048  0.16849602E-09
    258336  0.16849602E-09
    258624  0.16849602E-09
    258912  0.16849602E-09
    259200  0.16849602E-09
    259488  0.16849602E-09
    259776  0.16849602E-09
    260064  0.16849602E-09
    260352  0.16849602E-09
    260640  0.16849602E-09
    260928  0.16849602E-09
    261216  0.16849602E-09
    261504  0.16849602E-09
    261792  0.16849602E-09
    262080  0.16849602E-09
    262368  0.16849602E-09
    262656  0.16849602E-09
    262944  0.16849602E-09
    263232  0.16849602E-09
    263520  0.16849602E-09
    263808  0.16849602E-09
    264096  0.16849602E-09
    264384  0.16849602E-09
    264672  0.16849602E-09
    264960  0.16849602E-09
    265248  0.16849602E-09
    265536  0.16849602E-09
    265824  0.16849602E-09
    266112  0.16849602E-09
    266400  0.16849602E-09
    266688  0.16849602E-09
    266976  0.16849602E-09
    267264  0.16849602E-09
    267552  0.16849602E-09
    267840  0.16849602E-09
    268128  0.16849602E-09
    268416  0.16849602E-09
    268704  0.16849602E-09
    268992  0.16849602E-09
    269280  0.16849602E-09
    269568  0.16849602E-09
    269856  0.16849602E-09
    270144  0.16849602E-09
    270432  0.16849602E-09
    270720  0.16849602E-09
    271008  0.16849602E-09
    271296  0.16849602E-09
    271584  0.16849602E-09
    271872  0.16849602E-09
    272160  0.16849602E-09
    272448  0.16849602E-09
    272736  0.16849602E-09
    273024  0.16849602E-09
    273312  0.16849602E-09
    273600  0.16849602E-09
    273888  0.16849602E-09
    274176  0.16849602E-09
    274464  0.16849602E-09
    274752  0.16849602E-09
    275040  0.16849602E-09
    275328  0.16849602E-09
    275616  0.16849602E-09
    275904  0.16849602E-09
    276192  0.16849602E-09
    276480  0.16849602E-09
    276768  0.16849602E-09
    277056  0.16849602E-09
    277344  0.16849602E-09
    277632  0.16849602E-09
    277920  0.16849602E-09
    278208  0.16849602E-09
    278496  0.16849602E-09
    278784  0.16849602E-09
    279072  0.16849602E-09
    279360  0.16849602E-09
    279648  0.16849602E-09
    279936  0.16849602E-09
    280224  0.16849602E-09
    280512  0.16849602E-09
    280800  0.16849602E-09
    281088  0.16849602E-09
    281376  0.16849602E-09
    281664  0.16849602E-09
    281952  0.16849602E-09
    282240  0.16849602E-09
    282528  0.16849602E-09
    282816  0.16849602E-09
    283104  0.16849602E-09
    283392  0.16849602E-09
    283680  0.16849602E-09
    283968  0.16849602E-09
    284256  0.16849602E-09
    284544  0.16849602E-09
    284832  0.16849602E-09
    285120  0.16849602E-09
    285408  0.16849602E-09
    285696  0.16849602E-09
    285984  0.16849602E-09
    286272  0.16849602E-09
    286560  0.16849602E-09
    286848  0.16849602E-09
    287136  0.16849602E-09
    287424  0.16849602E-09
    287712  0.16849602E-09
    288000  0.16849602E-09
    288288  0.16849602E-09
    288576  0.16849602E-09
    288864  0.16849602E-09
    289152  0.16849602E-09
    289440  0.16849602E-09
    289728  0.16849602E-09
    290016  0.16849602E-09
    290304  0.16849602E-09
    290592  0.16849602E-09
    290880  0.16849602E-09
    291168  0.16849602E-09
    291456  0.16849602E-09
    291744  0.16849602E-09
    292032  0.16849602E-09
    292320  0.16849602E-09
    292608  0.16849602E-09
    292896  0.16849602E-09
    293184  0.16849602E-09
    293472  0.16849602E-09
    293760  0.16849602E-09
    294048  0.16849602E-09
    294336  0.16849602E-09
    294624  0.16849602E-09
    294912  0.16849602E-09
    295200  0.16849602E-09
    295488  0.16849602E-09
    295776  0.16849602E-09
    296064  0.16849602E-09
    296352  0.16849602E-09
    296640  0.16849602E-09
    296928  0.16849602E-09
    297216  0.16849602E-09
    297504  0.16849602E-09
    297792  0.16849602E-09
    298080  0.16849602E-09
    298368  0.16849602E-09
    298656  0.16849602E-09
    298944  0.16849602E-09
    299232  0.16849602E-09
    299520  0.16849602E-09
    299808  0.16849602E-09
    300096  0.16849602E-09
    300384  0.16849602E-09
    300672  0.16849602E-09
    300960  0.16849602E-09
    301248  0.16849602E-09
    301536  0.16849602E-09
    301824  0.16849602E-09
    302112  0.16849602E-09
    302400  0.16849602E-09
    302688  0.16849602E-09
    302976  0.16849602E-09
    303264  0.16849602E-09
    303552  0.16849602E-09
    303840  0.16849602E-09
    304128  0.16849602E-09
    304416  0.16849602E-09
    304704  0.16849602E-09
    304992  0.16849602E-09
    305280  0.16849602E-09
    305568  0.16849602E-09
    305856  0.16849602E-09
    306144  0.16849602E-09
    306432  0.16849602E-09
    306720  0.16849602E-09
    307008  0.16849602E-09
    307296  0.16849602E-09
    307584  0.16849602E-09
    307872  0.16849602E-09
    308160  0.16849602E-09
    308448  0.16849602E-09
    308736  0.16849602E-09
    309024  0.16849602E-09
    309312  0.16849602E-09
    309600  0.16849602E-09
    309888  0.16849602E-09
    310176  0.16849602E-09
    310464  0.16849602E-09
    310752  0.16849602E-09
    311040  0.16849602E-09
    311328  0.16849602E-09
    311616  0.16849602E-09
    311904  0.16849602E-09
    312192  0.16849602E-09
    312480  0.16849602E-09
    312768  0.16849602E-09
    313056  0.16849602E-09
    313344  0.16849602E-09
    313632  0.16849602E-09
    313920  0.16849602E-09
    314208  0.16849602E-09
    314496  0.16849602E-09
    314784  0.16849602E-09
    315072  0.16849602E-09
