       288  0.26306024E-08
       576  0.22519193E-08
       864  0.19273561E-08
      1152  0.16498035E-08
      1440  0.14129004E-08
      1728  0.12230463E-08
      2016  0.10598920E-08
      2304  0.91997121E-09
      2592  0.80023982E-09
      2880  0.69801070E-09
      3168  0.61092492E-09
      3456  0.54235139E-09
      3744  0.48411208E-09
      4032  0.43558490E-09
      4320  0.39570919E-09
      4608  0.36333558E-09
      4896  0.33735287E-09
      5184  0.31986208E-09
      5472  0.30597871E-09
      5760  0.29508987E-09
      6048  0.28665781E-09
      6336  0.28022604E-09
      6624  0.27540917E-09
      6912  0.27459043E-09
      7200  0.27415645E-09
      7488  0.27429439E-09
      7776  0.27462080E-09
      8064  0.27509287E-09
      8352  0.27844724E-09
      8640  0.28125402E-09
      8928  0.28362190E-09
      9216  0.28563824E-09
      9504  0.28736877E-09
      9792  0.28886524E-09
     10080  0.29346028E-09
     10368  0.29714994E-09
     10656  0.30012268E-09
     10944  0.30252689E-09
     11232  0.30447952E-09
     11520  0.30607264E-09
     11808  0.31057326E-09
     12096  0.31446717E-09
     12384  0.31752662E-09
     12672  0.31993413E-09
     12960  0.32183231E-09
     13248  0.32671180E-09
     13536  0.33050337E-09
     13824  0.33384165E-09
     14112  0.33643580E-09
     14400  0.33845513E-09
     14688  0.34003211E-09
     14976  0.34127159E-09
     15264  0.34626768E-09
     15552  0.35011866E-09
     15840  0.35309106E-09
     16128  0.35539285E-09
     16416  0.35718550E-09
     16704  0.35905307E-09
     16992  0.36429290E-09
     17280  0.36832953E-09
     17568  0.37145209E-09
     17856  0.37388292E-09
     18144  0.37627160E-09
     18432  0.37815182E-09
     18720  0.37965225E-09
     19008  0.38486248E-09
     19296  0.38938025E-09
     19584  0.39288045E-09
     19872  0.39561474E-09
     20160  0.39777717E-09
     20448  0.40004569E-09
     20736  0.40186007E-09
     21024  0.40752504E-09
     21312  0.41188972E-09
     21600  0.41582340E-09
     21888  0.41888107E-09
     22176  0.42127993E-09
     22464  0.42318327E-09
     22752  0.50921523E-09
     23040  0.64814054E-09
     23328  0.76015266E-09
     23616  0.84479274E-09
     23904  0.91031166E-09
     24192  0.95944708E-09
     24480  0.99604647E-09
     24768  0.10230551E-08
     25056  0.10445597E-08
     25344  0.10599831E-08
     25632  0.10809357E-08
     25920  0.10957932E-08
     26208  0.11078309E-08
     26496  0.11157666E-08
     26784  0.11205368E-08
     27072  0.11228478E-08
     27360  0.11232343E-08
     27648  0.11240503E-08
     27936  0.11348548E-08
     28224  0.11410510E-08
     28512  0.11436979E-08
     28800  0.11455780E-08
     29088  0.11447749E-08
     29376  0.11418901E-08
     29664  0.11373735E-08
     29952  0.11335825E-08
     30240  0.11395692E-08
     30528  0.11404465E-08
     30816  0.11375587E-08
     31104  0.11319710E-08
     31392  0.11265260E-08
     31680  0.11192193E-08
     31968  0.11107260E-08
     32256  0.11015537E-08
     32544  0.11055856E-08
     32832  0.11052240E-08
     33120  0.11020178E-08
     33408  0.10970505E-08
     33696  0.10910793E-08
     33984  0.10867062E-08
     34272  0.10814748E-08
     34560  0.10758640E-08
     34848  0.10815185E-08
     35136  0.10834610E-08
     35424  0.10831159E-08
     35712  0.10835434E-08
     36000  0.10824948E-08
     36288  0.10806309E-08
     36576  0.10783691E-08
     36864  0.10759771E-08
     37152  0.10849182E-08
     37440  0.10921609E-08
     37728  0.10962683E-08
     38016  0.10984682E-08
     38304  0.10995374E-08
     38592  0.10999640E-08
     38880  0.11000505E-08
     39168  0.10999833E-08
     39456  0.11112581E-08
     39744  0.11207331E-08
     40032  0.11269196E-08
     40320  0.11311092E-08
     40608  0.11341030E-08
     40896  0.11363956E-08
     41184  0.11382925E-08
     41472  0.11399810E-08
     41760  0.11531361E-08
     42048  0.11621357E-08
     42336  0.11686305E-08
     42624  0.11736273E-08
     42912  0.11777307E-08
     43200  0.11837189E-08
     43488  0.11884524E-08
     43776  0.11924418E-08
     44064  0.12078398E-08
     44352  0.12187499E-08
     44640  0.12269648E-08
     44928  0.12335547E-08
     45216  0.12391475E-08
     45504  0.12441215E-08
     45792  0.12487025E-08
     46080  0.12530234E-08
     46368  0.12571676E-08
     46656  0.12611852E-08
     46944  0.12651097E-08
     47232  0.12813726E-08
     47520  0.12931308E-08
     47808  0.13021897E-08
     48096  0.13096052E-08
     48384  0.13159986E-08
     48672  0.13217266E-08
     48960  0.13270054E-08
     49248  0.13319649E-08
     49536  0.13366853E-08
     49824  0.13412172E-08
     50112  0.13455931E-08
     50400  0.13470893E-08
     50688  0.13495849E-08
     50976  0.13526241E-08
     51264  0.13559449E-08
     51552  0.13593996E-08
     51840  0.13629025E-08
     52128  0.13664053E-08
     52416  0.13698829E-08
     52704  0.13733205E-08
     52992  0.13767122E-08
     53280  0.13800555E-08
     53568  0.13833490E-08
     53856  0.13865922E-08
     54144  0.13869540E-08
     54432  0.13884424E-08
     54720  0.13905561E-08
     55008  0.13930094E-08
     55296  0.13956387E-08
     55584  0.13983531E-08
     55872  0.14011003E-08
     56160  0.14038524E-08
     56448  0.14065950E-08
     56736  0.14093222E-08
     57024  0.14092280E-08
     57312  0.14102836E-08
     57600  0.13975987E-08
     57888  0.13904251E-08
     58176  0.13864103E-08
     58464  0.13842548E-08
     58752  0.13832333E-08
     59040  0.13829362E-08
     59328  0.13803616E-08
     59616  0.13793029E-08
     59904  0.13791587E-08
     60192  0.13651485E-08
     60480  0.13566579E-08
     60768  0.13513713E-08
     61056  0.13480187E-08
     61344  0.13458901E-08
     61632  0.13445833E-08
     61920  0.13412165E-08
     62208  0.13250278E-08
     62496  0.13149154E-08
     62784  0.13083553E-08
     63072  0.13039619E-08
     63360  0.13009647E-08
     63648  0.12989265E-08
     63936  0.12834307E-08
     64224  0.12708560E-08
     64512  0.12626611E-08
     64800  0.12571292E-08
     65088  0.12533066E-08
     65376  0.12506470E-08
     65664  0.12348955E-08
     65952  0.12246157E-08
     66240  0.12176187E-08
     66528  0.12103459E-08
     66816  0.12055059E-08
     67104  0.11885404E-08
     67392  0.11773860E-08
     67680  0.11697384E-08
     67968  0.11643325E-08
     68256  0.11470751E-08
     68544  0.11355102E-08
     68832  0.11274265E-08
     69120  0.11194468E-08
     69408  0.11008925E-08
     69696  0.10884879E-08
     69984  0.10798410E-08
     70272  0.10736312E-08
     70560  0.10691054E-08
     70848  0.10531881E-08
     71136  0.10424820E-08
     71424  0.10350123E-08
     71712  0.10277510E-08
     72000  0.10078902E-08
     72288  0.99459241E-09
     72576  0.98531960E-09
     72864  0.97866548E-09
     73152  0.97382935E-09
     73440  0.95853836E-09
     73728  0.94818053E-09
     74016  0.94093922E-09
     74304  0.93579633E-09
     74592  0.91897356E-09
     74880  0.90775509E-09
     75168  0.90004498E-09
     75456  0.88353119E-09
     75744  0.87227714E-09
     76032  0.86435986E-09
     76320  0.85868757E-09
     76608  0.84394014E-09
     76896  0.83385021E-09
     77184  0.82522766E-09
     77472  0.81928175E-09
     77760  0.80486423E-09
     78048  0.79507223E-09
     78336  0.78825441E-09
     78624  0.78345980E-09
     78912  0.77020840E-09
     79200  0.76117840E-09
     79488  0.75489226E-09
     79776  0.74915352E-09
     80064  0.73575290E-09
     80352  0.72668932E-09
     80640  0.72044226E-09
     80928  0.71611650E-09
     81216  0.70400857E-09
     81504  0.69575956E-09
     81792  0.69005351E-09
     82080  0.68490535E-09
     82368  0.68151179E-09
     82656  0.67060457E-09
     82944  0.66328038E-09
     83232  0.65833705E-09
     83520  0.65505035E-09
     83808  0.64456629E-09
     84096  0.63637490E-09
     84384  0.63089767E-09
     84672  0.62729205E-09
     84960  0.62503391E-09
     85248  0.61578198E-09
     85536  0.60963601E-09
     85824  0.60561534E-09
     86112  0.60210337E-09
     86400  0.60008115E-09
     86688  0.59153404E-09
     86976  0.58597155E-09
     87264  0.58247529E-09
     87552  0.58046407E-09
     87840  0.57863792E-09
     88128  0.57799504E-09
     88416  0.57105842E-09
     88704  0.56673344E-09
     88992  0.56424748E-09
     89280  0.56309585E-09
     89568  0.56207172E-09
     89856  0.56208849E-09
     90144  0.56289828E-09
     90432  0.55758986E-09
     90720  0.55439081E-09
     91008  0.55268462E-09
     91296  0.55122668E-09
     91584  0.55078236E-09
     91872  0.55107191E-09
     92160  0.55188942E-09
     92448  0.55308724E-09
     92736  0.55455379E-09
     93024  0.55543720E-09
     93312  0.55041205E-09
     93600  0.54688226E-09
     93888  0.54439270E-09
     94176  0.54261706E-09
     94464  0.54058280E-09
     94752  0.53903265E-09
     95040  0.53778793E-09
     95328  0.53671595E-09
     95616  0.53571930E-09
     95904  0.53472216E-09
     96192  0.53298577E-09
     96480  0.53130506E-09
     96768  0.52961097E-09
     97056  0.52784893E-09
     97344  0.52597798E-09
     97632  0.52396454E-09
     97920  0.52178284E-09
     98208  0.51877419E-09
     98496  0.51569443E-09
     98784  0.51250071E-09
     99072  0.50916049E-09
     99360  0.50565024E-09
     99648  0.50195303E-09
     99936  0.49805743E-09
    100224  0.49335852E-09
    100512  0.48857607E-09
    100800  0.48368737E-09
    101088  0.47867577E-09
    101376  0.47353277E-09
    101664  0.46825605E-09
    101952  0.46770671E-09
    102240  0.46609888E-09
    102528  0.46360391E-09
    102816  0.46036847E-09
    103104  0.45598131E-09
    103392  0.45118381E-09
    103680  0.44604143E-09
    103968  0.44061277E-09
    104256  0.43495174E-09
    104544  0.42910583E-09
    104832  0.42757187E-09
    105120  0.42502943E-09
    105408  0.42167145E-09
    105696  0.41765455E-09
    105984  0.41311576E-09
    106272  0.40817016E-09
    106560  0.40291578E-09
    106848  0.40162637E-09
    107136  0.39930381E-09
    107424  0.39615847E-09
    107712  0.39236828E-09
    108000  0.38808282E-09
    108288  0.38342857E-09
    108576  0.38250794E-09
    108864  0.38055117E-09
    109152  0.37777556E-09
    109440  0.37437128E-09
    109728  0.37049308E-09
    110016  0.36626852E-09
    110304  0.36564615E-09
    110592  0.36401593E-09
    110880  0.36160913E-09
    111168  0.35860956E-09
    111456  0.35517342E-09
    111744  0.35142389E-09
    112032  0.35116796E-09
    112320  0.34993855E-09
    112608  0.34834841E-09
    112896  0.34610662E-09
    113184  0.34338632E-09
    113472  0.34393982E-09
    113760  0.34342412E-09
    114048  0.34208888E-09
    114336  0.34013484E-09
    114624  0.33773040E-09
    114912  0.33500200E-09
    115200  0.33597269E-09
    115488  0.33587855E-09
    115776  0.33497366E-09
    116064  0.33346484E-09
    116352  0.33151570E-09
    116640  0.32925401E-09
    116928  0.33027028E-09
    117216  0.33067285E-09
    117504  0.33024944E-09
    117792  0.32921202E-09
    118080  0.32772779E-09
    118368  0.32939806E-09
    118656  0.33000491E-09
    118944  0.33017389E-09
    119232  0.32965888E-09
    119520  0.32864364E-09
    119808  0.32727132E-09
    120096  0.32565467E-09
    120384  0.32767913E-09
    120672  0.32864717E-09
    120960  0.32882552E-09
    121248  0.32842531E-09
    121536  0.32760747E-09
    121824  0.32687467E-09
    122112  0.32926986E-09
    122400  0.33058709E-09
    122688  0.33110323E-09
    122976  0.33103142E-09
    123264  0.33091335E-09
    123552  0.33039629E-09
    123840  0.32960004E-09
    124128  0.33205866E-09
    124416  0.33386771E-09
    124704  0.33481995E-09
    124992  0.33514649E-09
    125280  0.33501926E-09
    125568  0.33496406E-09
    125856  0.33457759E-09
    126144  0.33742037E-09
    126432  0.33918063E-09
    126720  0.34053757E-09
    127008  0.34120334E-09
    127296  0.34136727E-09
    127584  0.34117076E-09
    127872  0.34112904E-09
    128160  0.34078751E-09
    128448  0.34372677E-09
    128736  0.34555406E-09
    129024  0.34697559E-09
    129312  0.34767891E-09
    129600  0.34785563E-09
    129888  0.34764785E-09
    130176  0.34759104E-09
    130464  0.34719935E-09
    130752  0.34972591E-09
    131040  0.35115508E-09
    131328  0.35221223E-09
    131616  0.35254571E-09
    131904  0.35234549E-09
    132192  0.35175060E-09
    132480  0.35086320E-09
    132768  0.35020914E-09
    133056  0.35283196E-09
    133344  0.35412329E-09
    133632  0.35445027E-09
    133920  0.35453257E-09
    134208  0.35397033E-09
    134496  0.35294798E-09
    134784  0.35160003E-09
    135072  0.35050216E-09
    135360  0.35274381E-09
    135648  0.35356421E-09
    135936  0.35340875E-09
    136224  0.35259470E-09
    136512  0.35182190E-09
    136800  0.35061035E-09
    137088  0.34912798E-09
    137376  0.34749278E-09
    137664  0.34996098E-09
    137952  0.35089509E-09
    138240  0.35084788E-09
    138528  0.35019104E-09
    138816  0.34917133E-09
    139104  0.34844908E-09
    139392  0.34743089E-09
    139680  0.34625602E-09
    139968  0.34867259E-09
    140256  0.34965475E-09
    140544  0.34975137E-09
    140832  0.34981287E-09
    141120  0.34935033E-09
    141408  0.34858139E-09
    141696  0.34763606E-09
    141984  0.34658867E-09
    142272  0.34903783E-09
    142560  0.35049258E-09
    142848  0.35081341E-09
    143136  0.35045120E-09
    143424  0.34967307E-09
    143712  0.34863062E-09
    144000  0.34740646E-09
    144288  0.34604078E-09
    144576  0.34789260E-09
    144864  0.34868836E-09
    145152  0.34831618E-09
    145440  0.34723624E-09
    145728  0.34569472E-09
    146016  0.34381847E-09
    146304  0.34176306E-09
    146592  0.33995162E-09
    146880  0.34176370E-09
    147168  0.34300643E-09
    147456  0.34427294E-09
    147744  0.34580169E-09
    148032  0.34766243E-09
    148320  0.35032593E-09
    148608  0.35300390E-09
    148896  0.35581077E-09
    149184  0.36188011E-09
    149472  0.36691589E-09
    149760  0.37151496E-09
    150048  0.37592088E-09
    150336  0.38022782E-09
    150624  0.38446424E-09
    150912  0.38863893E-09
    151200  0.39276002E-09
    151488  0.39683470E-09
    151776  0.40086470E-09
    152064  0.40485329E-09
    152352  0.41232670E-09
    152640  0.41847303E-09
    152928  0.42398871E-09
    153216  0.42915096E-09
    153504  0.43406359E-09
    153792  0.43877113E-09
    154080  0.44330359E-09
    154368  0.44767703E-09
    154656  0.45190493E-09
    154944  0.45600218E-09
    155232  0.45998541E-09
    155520  0.46315710E-09
    155808  0.46664766E-09
    156096  0.47020804E-09
    156384  0.47374321E-09
    156672  0.47721926E-09
    156960  0.48062293E-09
    157248  0.48395055E-09
    157536  0.48720394E-09
    157824  0.49038590E-09
    158112  0.49349447E-09
    158400  0.49652860E-09
    158688  0.49948662E-09
    158976  0.50236709E-09
    159264  0.50437771E-09
    159552  0.50677640E-09
    159840  0.50927040E-09
    160128  0.51174814E-09
    160416  0.51416871E-09
    160704  0.51651727E-09
    160992  0.51879467E-09
    161280  0.52099863E-09
    161568  0.52312998E-09
    161856  0.52519067E-09
    162144  0.52636601E-09
    162432  0.52795140E-09
    162720  0.52478250E-09
    163008  0.52342275E-09
    163296  0.52288751E-09
    163584  0.52280807E-09
    163872  0.52303784E-09
    164160  0.52350851E-09
    164448  0.52335697E-09
    164736  0.52384669E-09
    165024  0.52464671E-09
    165312  0.52062732E-09
    165600  0.51857058E-09
    165888  0.51748367E-09
    166176  0.51697363E-09
    166464  0.51687127E-09
    166752  0.51708854E-09
    167040  0.51676269E-09
    167328  0.51208054E-09
    167616  0.50963656E-09
    167904  0.50832188E-09
    168192  0.50768156E-09
    168480  0.50751292E-09
    168768  0.50771076E-09
    169056  0.50316468E-09
    169344  0.49994442E-09
    169632  0.49832005E-09
    169920  0.49757654E-09
    170208  0.49739823E-09
    170496  0.49762983E-09
    170784  0.49310817E-09
    171072  0.49073673E-09
    171360  0.48952525E-09
    171648  0.48828275E-09
    171936  0.48797927E-09
    172224  0.48315013E-09
    172512  0.48059884E-09
    172800  0.47929277E-09
    173088  0.47875798E-09
    173376  0.47372067E-09
    173664  0.47099002E-09
    173952  0.46955778E-09
    174240  0.46822785E-09
    174528  0.46285178E-09
    174816  0.45997145E-09
    175104  0.45848111E-09
    175392  0.45785220E-09
    175680  0.45781157E-09
    175968  0.45322091E-09
    176256  0.45082924E-09
    176544  0.44968756E-09
    176832  0.44865525E-09
    177120  0.44247433E-09
    177408  0.43909765E-09
    177696  0.43730150E-09
    177984  0.43647549E-09
    178272  0.43630025E-09
    178560  0.43170056E-09
    178848  0.42927351E-09
    179136  0.42811235E-09
    179424  0.42774698E-09
    179712  0.42243209E-09
    180000  0.41964274E-09
    180288  0.41829151E-09
    180576  0.41301776E-09
    180864  0.41010587E-09
    181152  0.40858764E-09
    181440  0.40794729E-09
    181728  0.40317960E-09
    182016  0.40057296E-09
    182304  0.39866488E-09
    182592  0.39787695E-09
    182880  0.39311074E-09
    183168  0.39051026E-09
    183456  0.38920184E-09
    183744  0.38870118E-09
    184032  0.38414769E-09
    184320  0.38163664E-09
    184608  0.38036208E-09
    184896  0.37932607E-09
    185184  0.37455000E-09
    185472  0.37190631E-09
    185760  0.37054937E-09
    186048  0.36999775E-09
    186336  0.36553977E-09
    186624  0.36303152E-09
    186912  0.36172543E-09
    187200  0.36067926E-09
    187488  0.36037986E-09
    187776  0.35619491E-09
    188064  0.35385631E-09
    188352  0.35266734E-09
    188640  0.35221145E-09
    188928  0.34798944E-09
    189216  0.34509567E-09
    189504  0.34357070E-09
    189792  0.34290926E-09
    190080  0.34280390E-09
    190368  0.33893524E-09
    190656  0.33674261E-09
    190944  0.33562889E-09
    191232  0.33477696E-09
    191520  0.33459152E-09
    191808  0.33082867E-09
    192096  0.32870393E-09
    192384  0.32764852E-09
    192672  0.32729969E-09
    192960  0.32700664E-09
    193248  0.32720907E-09
    193536  0.32389519E-09
    193824  0.32204481E-09
    194112  0.32117006E-09
    194400  0.32094916E-09
    194688  0.32077177E-09
    194976  0.32104167E-09
    195264  0.32161432E-09
    195552  0.31874517E-09
    195840  0.31711239E-09
    196128  0.31632566E-09
    196416  0.31573283E-09
    196704  0.31565803E-09
    196992  0.31592881E-09
    197280  0.31642639E-09
    197568  0.31706734E-09
    197856  0.31779501E-09
    198144  0.31821548E-09
    198432  0.31535033E-09
    198720  0.31346667E-09
    199008  0.31227318E-09
    199296  0.31155206E-09
    199584  0.31079628E-09
    199872  0.31033620E-09
    200160  0.31005856E-09
    200448  0.30988465E-09
    200736  0.30975750E-09
    201024  0.30963623E-09
    201312  0.30916456E-09
    201600  0.30873593E-09
    201888  0.30831268E-09
    202176  0.30786917E-09
    202464  0.30738667E-09
    202752  0.30685127E-09
    203040  0.30625313E-09
    203328  0.30527336E-09
    203616  0.30429595E-09
    203904  0.30329941E-09
    204192  0.30226829E-09
    204480  0.30119163E-09
    204768  0.30006317E-09
    205056  0.29887734E-09
    205344  0.29732974E-09
    205632  0.29578931E-09
    205920  0.29423891E-09
    206208  0.29266864E-09
    206496  0.29106922E-09
    206784  0.28943417E-09
    207072  0.29070993E-09
    207360  0.29128527E-09
    207648  0.29129424E-09
    207936  0.29084712E-09
    208224  0.28975039E-09
    208512  0.28841868E-09
    208800  0.28689581E-09
    209088  0.28521999E-09
    209376  0.28342070E-09
    209664  0.28152020E-09
    209952  0.28241767E-09
    210240  0.28260047E-09
    210528  0.28221284E-09
    210816  0.28136987E-09
    211104  0.28016767E-09
    211392  0.27868358E-09
    211680  0.27697925E-09
    211968  0.27794544E-09
    212256  0.27813929E-09
    212544  0.27771938E-09
    212832  0.27681768E-09
    213120  0.27554095E-09
    213408  0.27397482E-09
    213696  0.27500829E-09
    213984  0.27522890E-09
    214272  0.27481287E-09
    214560  0.27390154E-09
    214848  0.27260805E-09
    215136  0.27102484E-09
    215424  0.27202565E-09
    215712  0.27221475E-09
    216000  0.27177049E-09
    216288  0.27084235E-09
    216576  0.26954608E-09
    216864  0.26797281E-09
    217152  0.26897998E-09
    217440  0.26918129E-09
    217728  0.26901426E-09
    218016  0.26831809E-09
    218304  0.26722341E-09
    218592  0.26860497E-09
    218880  0.26910521E-09
    219168  0.26893340E-09
    219456  0.26825442E-09
    219744  0.26719588E-09
    220032  0.26585703E-09
    220320  0.26733810E-09
    220608  0.26794153E-09
    220896  0.26788238E-09
    221184  0.26732508E-09
    221472  0.26640115E-09
    221760  0.26521396E-09
    222048  0.26660119E-09
    222336  0.26741886E-09
    222624  0.26756233E-09
    222912  0.26720373E-09
    223200  0.26647923E-09
    223488  0.26826180E-09
    223776  0.26916083E-09
    224064  0.26965280E-09
    224352  0.26959374E-09
    224640  0.26913122E-09
    224928  0.26837996E-09
    225216  0.26742439E-09
    225504  0.26936040E-09
    225792  0.27042457E-09
    226080  0.27084443E-09
    226368  0.27079228E-09
    226656  0.27039868E-09
    226944  0.27003369E-09
    227232  0.27220992E-09
    227520  0.27349614E-09
    227808  0.27412669E-09
    228096  0.27427877E-09
    228384  0.27435620E-09
    228672  0.27411856E-09
    228960  0.27365957E-09
    229248  0.27585431E-09
    229536  0.27746797E-09
    229824  0.27838631E-09
    230112  0.27879940E-09
    230400  0.27885111E-09
    230688  0.27893138E-09
    230976  0.27875227E-09
    231264  0.28121952E-09
    231552  0.28279537E-09
    231840  0.28400435E-09
    232128  0.28466224E-09
    232416  0.28492106E-09
    232704  0.28489258E-09
    232992  0.28496538E-09
    233280  0.28481142E-09
    233568  0.28736041E-09
    233856  0.28899230E-09
    234144  0.29025871E-09
    234432  0.29095079E-09
    234720  0.29122790E-09
    235008  0.29120334E-09
    235296  0.29127656E-09
    235584  0.29109307E-09
    235872  0.29332950E-09
    236160  0.29467004E-09
    236448  0.29567787E-09
    236736  0.29611186E-09
    237024  0.29612651E-09
    237312  0.29583289E-09
    237600  0.29531350E-09
    237888  0.29496328E-09
    238176  0.29736036E-09
    238464  0.29866193E-09
    238752  0.29918093E-09
    239040  0.29947875E-09
    239328  0.29926722E-09
    239616  0.29869485E-09
    239904  0.29786759E-09
    240192  0.29722794E-09
    240480  0.29942132E-09
    240768  0.30043706E-09
    241056  0.30065275E-09
    241344  0.30033170E-09
    241632  0.30002220E-09
    241920  0.29936861E-09
    242208  0.29850469E-09
    242496  0.29752265E-09
    242784  0.30002117E-09
    243072  0.30124772E-09
    243360  0.30166314E-09
    243648  0.30157910E-09
    243936  0.30120359E-09
    244224  0.30106578E-09
    244512  0.30071176E-09
    244800  0.30025138E-09
    245088  0.30297287E-09
    245376  0.30448788E-09
    245664  0.30526451E-09
    245952  0.30601333E-09
    246240  0.30636432E-09
    246528  0.30649591E-09
    246816  0.30651745E-09
    247104  0.30649672E-09
    247392  0.30974656E-09
    247680  0.31215897E-09
    247968  0.31365222E-09
    248256  0.31460057E-09
    248544  0.31523467E-09
    248832  0.31569550E-09
    249120  0.31606903E-09
    249408  0.31640632E-09
    249696  0.32006328E-09
    249984  0.32285857E-09
    250272  0.32468989E-09
    250560  0.32594952E-09
    250848  0.32687555E-09
    251136  0.32761246E-09
    251424  0.32824621E-09
    251712  0.32882816E-09
    252000  0.33277756E-09
    252288  0.33536038E-09
    252576  0.33712647E-09
    252864  0.33840800E-09
    253152  0.33940578E-09
    253440  0.34075337E-09
    253728  0.34180311E-09
    254016  0.34267983E-09
    254304  0.34690945E-09
    254592  0.34968597E-09
    254880  0.35159245E-09
    255168  0.35297959E-09
    255456  0.35405864E-09
    255744  0.35495434E-09
    256032  0.35573985E-09
    256320  0.35645661E-09
    256608  0.35712786E-09
    256896  0.35776537E-09
    257184  0.35837422E-09
    257472  0.36248632E-09
    257760  0.36510903E-09
    258048  0.36683329E-09
    258336  0.36801520E-09
    258624  0.36886594E-09
    258912  0.36950532E-09
    259200  0.37000078E-09
    259488  0.37039008E-09
    259776  0.37068992E-09
    260064  0.37090780E-09
    260352  0.37104428E-09
    260640  0.37053208E-09
    260928  0.37019010E-09
    261216  0.36990050E-09
    261504  0.36959372E-09
    261792  0.36922945E-09
    262080  0.36878389E-09
    262368  0.36824271E-09
    262656  0.36759895E-09
    262944  0.36684847E-09
    263232  0.36598893E-09
    263520  0.36502043E-09
    263808  0.36394526E-09
    264096  0.36276659E-09
    264384  0.36098563E-09
    264672  0.35940106E-09
    264960  0.35785752E-09
    265248  0.35626799E-09
    265536  0.35460876E-09
    265824  0.35291023E-09
    266112  0.35148587E-09
    266400  0.35126993E-09
    266688  0.35235223E-09
    266976  0.35429723E-09
    267264  0.35633416E-09
    267552  0.35901454E-09
    267840  0.35892198E-09
    268128  0.36037295E-09
    268416  0.36257580E-09
    268704  0.36516182E-09
    268992  0.36795450E-09
    269280  0.37086323E-09
    269568  0.37332390E-09
    269856  0.37611500E-09
    270144  0.37900094E-09
    270432  0.37847914E-09
    270720  0.37937406E-09
    271008  0.38092746E-09
    271296  0.38280751E-09
    271584  0.38486131E-09
    271872  0.38701622E-09
    272160  0.38869463E-09
    272448  0.38711287E-09
    272736  0.38717726E-09
    273024  0.38802228E-09
    273312  0.38926914E-09
    273600  0.39074544E-09
    273888  0.39236464E-09
    274176  0.39034814E-09
    274464  0.38939837E-09
    274752  0.38961287E-09
    275040  0.39040018E-09
    275328  0.39149750E-09
    275616  0.39277995E-09
    275904  0.39034792E-09
    276192  0.38960399E-09
    276480  0.38973050E-09
    276768  0.38980333E-09
    277056  0.39049911E-09
    277344  0.38760731E-09
    277632  0.38653034E-09
    277920  0.38640496E-09
    278208  0.38681647E-09
    278496  0.38362946E-09
    278784  0.38230566E-09
    279072  0.38198664E-09
    279360  0.38172002E-09
    279648  0.37817474E-09
    279936  0.37664699E-09
    280224  0.37619843E-09
    280512  0.37636200E-09
    280800  0.37689799E-09
    281088  0.37371450E-09
    281376  0.37234527E-09
    281664  0.37197501E-09
    281952  0.37167952E-09
    282240  0.36716349E-09
    282528  0.36500386E-09
    282816  0.36413594E-09
    283104  0.36400793E-09
    283392  0.36433018E-09
    283680  0.36098258E-09
    283968  0.35945563E-09
    284256  0.35895784E-09
    284544  0.35906247E-09
    284832  0.35510167E-09
    285120  0.35326500E-09
    285408  0.35260692E-09
    285696  0.34869213E-09
    285984  0.34678233E-09
    286272  0.34601919E-09
    286560  0.34593001E-09
    286848  0.34236441E-09
    287136  0.34063496E-09
    287424  0.33951250E-09
    287712  0.33926795E-09
    288000  0.33565012E-09
    288288  0.33388342E-09
    288576  0.33319458E-09
    288864  0.33314063E-09
    289152  0.32964090E-09
    289440  0.32790332E-09
    289728  0.32720837E-09
    290016  0.32670977E-09
    290304  0.32300707E-09
    290592  0.32114619E-09
    290880  0.32037412E-09
    291168  0.32024933E-09
    291456  0.31676667E-09
    291744  0.31498323E-09
    292032  0.31422681E-09
    292320  0.31368630E-09
    292608  0.31371336E-09
    292896  0.31035763E-09
    293184  0.30860647E-09
    293472  0.30783393E-09
    293760  0.30765418E-09
    294048  0.30420458E-09
    294336  0.30195746E-09
    294624  0.30087693E-09
    294912  0.30050293E-09
    295200  0.30055919E-09
    295488  0.29732516E-09
    295776  0.29556893E-09
    296064  0.29474792E-09
    296352  0.29416278E-09
    296640  0.29411168E-09
    296928  0.29092553E-09
    297216  0.28919292E-09
    297504  0.28839819E-09
    297792  0.28820571E-09
    298080  0.28806785E-09
    298368  0.28832858E-09
    298656  0.28551009E-09
    298944  0.28401367E-09
    299232  0.28340191E-09
    299520  0.28337727E-09
    299808  0.28342115E-09
    300096  0.28384431E-09
    300384  0.28451944E-09
    300672  0.28216640E-09
    300960  0.28093827E-09
    301248  0.28047931E-09
    301536  0.28022271E-09
    301824  0.28040725E-09
    302112  0.28087513E-09
    302400  0.28152233E-09
    302688  0.28227684E-09
    302976  0.28308961E-09
    303264  0.28364092E-09
    303552  0.28124575E-09
    303840  0.27973412E-09
    304128  0.27884128E-09
    304416  0.27836744E-09
    304704  0.27787955E-09
    304992  0.27764033E-09
    305280  0.27755256E-09
    305568  0.27754773E-09
    305856  0.27757929E-09
    306144  0.27761232E-09
    306432  0.27735145E-09
    306720  0.27712027E-09
    307008  0.27688829E-09
    307296  0.27663377E-09
    307584  0.27634070E-09
    307872  0.27599856E-09
    308160  0.27559913E-09
    308448  0.27487695E-09
    308736  0.27414992E-09
    309024  0.27340122E-09
    309312  0.27261721E-09
    309600  0.27178942E-09
    309888  0.27091135E-09
    310176  0.26998045E-09
    310464  0.26874294E-09
    310752  0.26750674E-09
    311040  0.26625788E-09
    311328  0.26498576E-09
    311616  0.26368510E-09
    311904  0.26235120E-09
    312192  0.26363620E-09
    312480  0.26427513E-09
    312768  0.26439848E-09
    313056  0.26410568E-09
    313344  0.26324706E-09
    313632  0.26217553E-09
    313920  0.26093247E-09
    314208  0.25954933E-09
    314496  0.25805189E-09
    314784  0.25646385E-09
    315072  0.25740199E-09
