         1  0.30649887E-08
        24  0.27516103E-08
        48  0.24518902E-08
        72  0.22033224E-08
        96  0.19970268E-08
       120  0.18256351E-08
       144  0.16830375E-08
       168  0.15641708E-08
       192  0.14648480E-08
       216  0.13816077E-08
       240  0.13115939E-08
       264  0.12524526E-08
       288  0.12022474E-08
       312  0.11593881E-08
       336  0.11225718E-08
       360  0.10907322E-08
       384  0.10629992E-08
       408  0.10386642E-08
       432  0.10171509E-08
       456  0.99799347E-09
       480  0.98081510E-09
       504  0.96531272E-09
       528  0.95124275E-09
       552  0.93841068E-09
       576  0.92666103E-09
       600  0.91587110E-09
       624  0.90594371E-09
       648  0.89680252E-09
       672  0.88838770E-09
       696  0.88065327E-09
       720  0.87356300E-09
       744  0.86708957E-09
       768  0.86121116E-09
       792  0.85591151E-09
       816  0.85117730E-09
       840  0.84699736E-09
       864  0.84336227E-09
       888  0.84026358E-09
       912  0.83769203E-09
       936  0.83563789E-09
       960  0.83409024E-09
       984  0.83303636E-09
      1008  0.83246110E-09
      1032  0.83234630E-09
      1056  0.92433655E-09
      1080  0.99920905E-09
      1104  0.10593404E-08
      1128  0.11068785E-08
      1152  0.11437449E-08
      1176  0.11716441E-08
      1200  0.11920741E-08
      1224  0.12269055E-08
      1248  0.12529882E-08
      1272  0.12718669E-08
      1296  0.12848710E-08
      1320  0.12931349E-08
      1344  0.12976201E-08
      1368  0.12991362E-08
      1392  0.12983592E-08
      1416  0.12958502E-08
      1440  0.12920716E-08
      1464  0.12874001E-08
      1488  0.12821415E-08
      1512  0.12765392E-08
      1536  0.12707867E-08
      1560  0.12650332E-08
      1584  0.12593931E-08
      1608  0.12539499E-08
      1632  0.12487618E-08
      1656  0.12438650E-08
      1680  0.12392795E-08
      1704  0.12350081E-08
      1728  0.12310416E-08
      1752  0.12273573E-08
      1776  0.12239232E-08
      1800  0.12206968E-08
      1824  0.12176264E-08
      1848  0.12146499E-08
      1872  0.12116963E-08
      1896  0.12086844E-08
      1920  0.12055238E-08
      1944  0.12021132E-08
      1968  0.11983408E-08
      1992  0.11940838E-08
      2016  0.11892093E-08
      2040  0.11835755E-08
      2064  0.11770304E-08
      2088  0.11694187E-08
      2112  0.11605829E-08
      2136  0.11503709E-08
      2160  0.11386433E-08
      2184  0.11252844E-08
      2208  0.11102126E-08
      2232  0.10933955E-08
      2256  0.10748576E-08
      2280  0.10546908E-08
      2304  0.10330543E-08
      2328  0.10101687E-08
      2352  0.98630248E-09
      2376  0.96175157E-09
      2400  0.93681773E-09
      2424  0.91178803E-09
      2448  0.90116525E-09
      2472  0.88174457E-09
      2496  0.85903817E-09
      2520  0.83566681E-09
      2544  0.81270418E-09
      2568  0.79055029E-09
      2592  0.76934481E-09
      2616  0.74913442E-09
      2640  0.72993311E-09
      2664  0.71174217E-09
      2688  0.69455630E-09
      2712  0.67836464E-09
      2736  0.66315287E-09
      2760  0.64890171E-09
      2784  0.63558814E-09
      2808  0.62318600E-09
      2832  0.61166511E-09
      2856  0.60099337E-09
      2880  0.59113575E-09
      2904  0.58205568E-09
      2928  0.57371435E-09
      2952  0.56607324E-09
      2976  0.55909216E-09
      3000  0.55273125E-09
      3024  0.54695076E-09
      3048  0.54171156E-09
      3072  0.53697558E-09
      3096  0.53270532E-09
      3120  0.52886490E-09
      3144  0.52541999E-09
      3168  0.53752686E-09
      3192  0.54676463E-09
      3216  0.55555305E-09
      3240  0.56386318E-09
      3264  0.57163907E-09
      3288  0.57883937E-09
      3312  0.58543731E-09
      3336  0.59141925E-09
      3360  0.59678379E-09
      3384  0.60154026E-09
      3408  0.60570648E-09
      3432  0.60930844E-09
      3456  0.61237759E-09
      3480  0.61494981E-09
      3504  0.61706418E-09
      3528  0.61876126E-09
      3552  0.62008215E-09
      3576  0.62106781E-09
      3600  0.62175765E-09
      3624  0.62218986E-09
      3648  0.62240030E-09
      3672  0.62242222E-09
      3696  0.62228694E-09
      3720  0.62202177E-09
      3744  0.62165223E-09
      3768  0.62120048E-09
      3792  0.62068645E-09
      3816  0.62012739E-09
      3840  0.61953820E-09
      3864  0.61893185E-09
      3888  0.61831879E-09
      3912  0.61770822E-09
      3936  0.61710753E-09
      3960  0.61652300E-09
      3984  0.61595878E-09
      4008  0.61541910E-09
      4032  0.61490668E-09
      4056  0.61442323E-09
      4080  0.61397010E-09
      4104  0.61354810E-09
      4128  0.61315736E-09
      4152  0.61279759E-09
      4176  0.61246841E-09
      4200  0.61216893E-09
      4224  0.61189814E-09
      4248  0.61165512E-09
      4272  0.61143834E-09
      4296  0.61124655E-09
      4320  0.61107819E-09
      4344  0.61093147E-09
      4368  0.61080513E-09
      4392  0.61069760E-09
      4416  0.61060729E-09
      4440  0.61053201E-09
      4464  0.61047040E-09
      4488  0.61042066E-09
      4512  0.61038102E-09
      4536  0.61034966E-09
      4560  0.61032474E-09
      4584  0.61030442E-09
      4608  0.61028654E-09
      4632  0.61026917E-09
      4656  0.61024991E-09
      4680  0.61022692E-09
      4704  0.61019795E-09
      4728  0.61016053E-09
      4752  0.61011218E-09
      4776  0.61005034E-09
      4800  0.60997257E-09
      4824  0.60987648E-09
      4848  0.60975885E-09
      4872  0.60961708E-09
      4896  0.60944833E-09
      4920  0.60924971E-09
      4944  0.60901834E-09
      4968  0.60875144E-09
      4992  0.60844607E-09
      5016  0.60809952E-09
      5040  0.60770933E-09
      5064  0.60727301E-09
      5088  0.60678823E-09
      5112  0.60625321E-09
      5136  0.60566618E-09
      5160  0.60502620E-09
      5184  0.60433275E-09
      5208  0.60358568E-09
      5232  0.60278516E-09
      5256  0.60193273E-09
      5280  0.60103011E-09
      5304  0.60007987E-09
      5328  0.59908561E-09
      5352  0.59805128E-09
      5376  0.59698230E-09
      5400  0.59588440E-09
      5424  0.78345863E-09
      5448  0.82402557E-09
      5472  0.80493856E-09
      5496  0.78836981E-09
      5520  0.77407153E-09
      5544  0.76187928E-09
      5568  0.75161499E-09
      5592  0.74309997E-09
      5616  0.73616330E-09
      5640  0.73064593E-09
      5664  0.72640227E-09
      5688  0.72330175E-09
      5712  0.72122769E-09
      5736  0.72007650E-09
      5760  0.71975753E-09
      5784  0.72019085E-09
      5808  0.72130740E-09
      5832  0.72304690E-09
      5856  0.72535788E-09
      5880  0.72819600E-09
      5904  0.72827699E-09
      5928  0.73084366E-09
      5952  0.73390094E-09
      5976  0.73743550E-09
      6000  0.74142881E-09
      6024  0.74586443E-09
      6048  0.75072848E-09
      6072  0.75600992E-09
      6096  0.76169981E-09
      6120  0.76779183E-09
      6144  0.77428230E-09
      6168  0.78116985E-09
      6192  0.78845508E-09
      6216  0.79614099E-09
      6240  0.80423251E-09
      6264  0.81273671E-09
      6288  0.82166224E-09
      6312  0.83101970E-09
      6336  0.84082141E-09
      6360  0.85108126E-09
      6384  0.86181451E-09
      6408  0.87303831E-09
      6432  0.88477065E-09
      6456  0.89703150E-09
      6480  0.90984126E-09
      6504  0.92322222E-09
      6528  0.93719665E-09
      6552  0.95178831E-09
      6576  0.96702146E-09
      6600  0.98292041E-09
      6624  0.93661490E-09
      6648  0.90736796E-09
      6672  0.88216162E-09
      6696  0.85988028E-09
      6720  0.84040885E-09
      6744  0.82361673E-09
      6768  0.80932910E-09
      6792  0.79735235E-09
      6816  0.78749268E-09
      6840  0.77956641E-09
      6864  0.77340334E-09
      6888  0.76884965E-09
      6912  0.76576773E-09
      6936  0.76403545E-09
      6960  0.76354473E-09
      6984  0.76420126E-09
      7008  0.76592199E-09
      7032  0.76863482E-09
      7056  0.77227702E-09
      7080  0.77679385E-09
      7104  0.78213813E-09
      7128  0.78826917E-09
      7152  0.79515128E-09
      7176  0.80275375E-09
      7200  0.81104962E-09
      7224  0.82001522E-09
      7248  0.82962909E-09
      7272  0.83987056E-09
      7296  0.85072022E-09
      7320  0.86215823E-09
      7344  0.87416285E-09
      7368  0.88670982E-09
      7392  0.89977131E-09
      7416  0.91331415E-09
      7440  0.92729902E-09
      7464  0.94167851E-09
      7488  0.95639507E-09
      7512  0.97138197E-09
      7536  0.98655784E-09
      7560  0.10018297E-08
      7584  0.10170883E-08
      7608  0.10322084E-08
      7632  0.10470474E-08
      7656  0.10614460E-08
      7680  0.10752264E-08
      7704  0.10881933E-08
      7728  0.11001368E-08
      7752  0.11108332E-08
      7776  0.11200522E-08
      7800  0.11275645E-08
      7824  0.11331592E-08
      7848  0.11366661E-08
      7872  0.11379897E-08
      7896  0.11371493E-08
      7920  0.11343018E-08
      7944  0.11138533E-08
      7968  0.10973334E-08
      7992  0.10831728E-08
      8016  0.10704327E-08
      8040  0.10585615E-08
      8064  0.10472335E-08
      8088  0.10362496E-08
      8112  0.10254853E-08
      8136  0.10148608E-08
      8160  0.10043235E-08
      8184  0.99383701E-09
      8208  0.98337671E-09
      8232  0.97292530E-09
      8256  0.96246933E-09
      8280  0.95199981E-09
      8304  0.94150898E-09
      8328  0.93099273E-09
      8352  0.92044744E-09
      8376  0.90987023E-09
      8400  0.89926039E-09
      8424  0.88861701E-09
      8448  0.87794122E-09
      8472  0.86723417E-09
      8496  0.85649798E-09
      8520  0.84573532E-09
      8544  0.83494944E-09
      8568  0.82414442E-09
      8592  0.81332496E-09
      8616  0.80249596E-09
      8640  0.79166323E-09
      8664  0.78083273E-09
      8688  0.77001028E-09
      8712  0.75920298E-09
      8736  0.74841483E-09
