       288  0.17035873E-09
       576  0.15020386E-09
       864  0.13356222E-09
      1152  0.11984104E-09
      1440  0.10854310E-09
      1728  0.10026330E-09
      2016  0.93420473E-10
      2304  0.87785001E-10
      2592  0.83159535E-10
      2880  0.79376429E-10
      3168  0.76293798E-10
      3456  0.74578475E-10
      3744  0.73321460E-10
      4032  0.72572927E-10
      4320  0.72328699E-10
      4608  0.72564427E-10
      4896  0.73241350E-10
      5184  0.75062810E-10
      5472  0.77065701E-10
      5760  0.79212671E-10
      6048  0.81461990E-10
      6336  0.83770414E-10
      6624  0.86095062E-10
      6912  0.89290256E-10
      7200  0.92243914E-10
      7488  0.95072311E-10
      7776  0.97653031E-10
      8064  0.99998614E-10
      8352  0.10315759E-09
      8640  0.10588582E-09
      8928  0.10824146E-09
      9216  0.11027356E-09
      9504  0.11202399E-09
      9792  0.11352880E-09
     10080  0.11613154E-09
     10368  0.11825407E-09
     10656  0.11998340E-09
     10944  0.12138961E-09
     11232  0.12252994E-09
     11520  0.12345104E-09
     11808  0.12548676E-09
     12096  0.12721692E-09
     12384  0.12855933E-09
     12672  0.12959428E-09
     12960  0.13038562E-09
     13248  0.13235717E-09
     13536  0.13385769E-09
     13824  0.13514534E-09
     14112  0.13611090E-09
     14400  0.13682663E-09
     14688  0.13734948E-09
     14976  0.13772394E-09
     15264  0.13960468E-09
     15552  0.14101194E-09
     15840  0.14205712E-09
     16128  0.14282585E-09
     16416  0.14338519E-09
     16704  0.14396684E-09
     16992  0.14590226E-09
     17280  0.14735041E-09
     17568  0.14842881E-09
     17856  0.14922855E-09
     18144  0.15000677E-09
     18432  0.15058287E-09
     18720  0.15100897E-09
     19008  0.15291560E-09
     19296  0.15454074E-09
     19584  0.15576097E-09
     19872  0.15667781E-09
     20160  0.15736847E-09
     20448  0.15809913E-09
     20736  0.15865351E-09
     21024  0.16073488E-09
     21312  0.16230302E-09
     21600  0.16369862E-09
     21888  0.16475066E-09
     22176  0.16554615E-09
     22464  0.16614997E-09
     22752  0.16683779E-09
     23040  0.16735778E-09
     23328  0.16948733E-09
     23616  0.17106930E-09
     23904  0.17247301E-09
     24192  0.17350467E-09
     24480  0.17425497E-09
     24768  0.17479086E-09
     25056  0.17540855E-09
     25344  0.17582737E-09
     25632  0.17771959E-09
     25920  0.17904554E-09
     26208  0.18019507E-09
     26496  0.18094548E-09
     26784  0.18138965E-09
     27072  0.18159466E-09
     27360  0.18160910E-09
     27648  0.18173719E-09
     27936  0.18353756E-09
     28224  0.18462096E-09
     28512  0.18516796E-09
     28800  0.18558116E-09
     29088  0.18559881E-09
     29376  0.18531372E-09
     29664  0.18479354E-09
     29952  0.18437203E-09
     30240  0.18563223E-09
     30528  0.18609114E-09
     30816  0.18597035E-09
     31104  0.18542673E-09
     31392  0.18485419E-09
     31680  0.18394299E-09
     31968  0.18277614E-09
     32256  0.18141014E-09
     32544  0.18205376E-09
     32832  0.18178237E-09
     33120  0.18086367E-09
     33408  0.17947396E-09
     33696  0.17772622E-09
     33984  0.17596427E-09
     34272  0.17383951E-09
     34560  0.17145455E-09
     34848  0.17066611E-09
     35136  0.16925580E-09
     35424  0.16756407E-09
     35712  0.16605749E-09
     36000  0.16450817E-09
     36288  0.16303670E-09
     36576  0.16170970E-09
     36864  0.16056205E-09
     37152  0.16117913E-09
     37440  0.16163552E-09
     37728  0.16181990E-09
     38016  0.16191222E-09
     38304  0.16200902E-09
     38592  0.16215811E-09
     38880  0.16238089E-09
     39168  0.16268437E-09
     39456  0.16463976E-09
     39744  0.16634011E-09
     40032  0.16766290E-09
     40320  0.16879802E-09
     40608  0.16984787E-09
     40896  0.17086618E-09
     41184  0.17188036E-09
     41472  0.17290418E-09
     41760  0.17558686E-09
     42048  0.17767796E-09
     42336  0.17946047E-09
     42624  0.18108375E-09
     42912  0.18262540E-09
     43200  0.18443187E-09
     43488  0.18607378E-09
     43776  0.18762839E-09
     44064  0.19089236E-09
     44352  0.19349558E-09
     44640  0.19575302E-09
     44928  0.19782768E-09
     45216  0.19980541E-09
     45504  0.20173083E-09
     45792  0.20362753E-09
     46080  0.20550811E-09
     46368  0.20738079E-09
     46656  0.20925181E-09
     46944  0.21112614E-09
     47232  0.20264587E-09
     47520  0.18522328E-09
     47808  0.17291793E-09
     48096  0.16513488E-09
     48384  0.16066978E-09
     48672  0.15849086E-09
     48960  0.15783193E-09
     49248  0.15815343E-09
     49536  0.15909057E-09
     49824  0.16040269E-09
     50112  0.16193293E-09
     50400  0.16324586E-09
     50688  0.16475871E-09
     50976  0.16637054E-09
     51264  0.16802428E-09
     51552  0.16968905E-09
     51840  0.17135003E-09
     52128  0.17300099E-09
     52416  0.17464150E-09
     52704  0.17627320E-09
     52992  0.17789883E-09
     53280  0.17952220E-09
     53568  0.18114638E-09
     53856  0.18277424E-09
     54144  0.18402732E-09
     54432  0.18545109E-09
     54720  0.18697369E-09
     55008  0.18855430E-09
     55296  0.19017100E-09
     55584  0.19181090E-09
     55872  0.19346683E-09
     56160  0.19513448E-09
     56448  0.19681098E-09
     56736  0.19849543E-09
     57024  0.19978313E-09
     57312  0.20124803E-09
     57600  0.20072156E-09
     57888  0.20098206E-09
     58176  0.20168354E-09
     58464  0.20264120E-09
     58752  0.20375493E-09
     59040  0.20497014E-09
     59328  0.20583578E-09
     59616  0.20693286E-09
     59904  0.20817066E-09
     60192  0.20727134E-09
     60480  0.20720263E-09
     60768  0.20760781E-09
     61056  0.20829458E-09
     61344  0.20915740E-09
     61632  0.21013698E-09
     61920  0.21077382E-09
     62208  0.20934332E-09
     62496  0.20886119E-09
     62784  0.20892410E-09
     63072  0.20931133E-09
     63360  0.20990053E-09
     63648  0.21062199E-09
     63936  0.20909101E-09
     64224  0.20799762E-09
     64512  0.20759114E-09
     64800  0.20758861E-09
     65088  0.20783027E-09
     65376  0.20822377E-09
     65664  0.20634919E-09
     65952  0.20533994E-09
     66240  0.20482331E-09
     66528  0.20418622E-09
     66816  0.20389027E-09
     67104  0.20143780E-09
     67392  0.19988905E-09
     67680  0.19884060E-09
     67968  0.19806463E-09
     68256  0.19515750E-09
     68544  0.19316786E-09
     68832  0.19177655E-09
     69120  0.19044967E-09
     69408  0.18739296E-09
     69696  0.18546796E-09
     69984  0.18426445E-09
     70272  0.18355152E-09
     70560  0.18319511E-09
     70848  0.18093325E-09
     71136  0.17961072E-09
     71424  0.17888124E-09
     71712  0.17821306E-09
     72000  0.17536682E-09
     72288  0.17367201E-09
     72576  0.17268541E-09
     72864  0.17216090E-09
     73152  0.17195970E-09
     73440  0.16989654E-09
     73728  0.16869932E-09
     74016  0.16804914E-09
     74304  0.16776673E-09
     74592  0.16535809E-09
     74880  0.16394412E-09
     75168  0.16315310E-09
     75456  0.16073665E-09
     75744  0.15925795E-09
     76032  0.15837275E-09
     76320  0.15788541E-09
     76608  0.15569718E-09
     76896  0.15434831E-09
     77184  0.15324690E-09
     77472  0.15263134E-09
     77760  0.15040720E-09
     78048  0.14903104E-09
     78336  0.14820052E-09
     78624  0.14774053E-09
     78912  0.14565703E-09
     79200  0.14435540E-09
     79488  0.14356287E-09
     79776  0.14285742E-09
     80064  0.14066250E-09
     80352  0.13928353E-09
     80640  0.13843668E-09
     80928  0.13795387E-09
     81216  0.13594630E-09
     81504  0.13467097E-09
     81792  0.13388038E-09
     82080  0.13318496E-09
     82368  0.13282848E-09
     82656  0.13098533E-09
     82944  0.12983312E-09
     83232  0.12914393E-09
     83520  0.12877981E-09
     83808  0.12697945E-09
     84096  0.12561362E-09
     84384  0.12477999E-09
     84672  0.12431747E-09
     84960  0.12412719E-09
     85248  0.12252803E-09
     85536  0.12154039E-09
     85824  0.12097615E-09
     86112  0.12050926E-09
     86400  0.12034458E-09
     86688  0.11885548E-09
     86976  0.11796146E-09
     87264  0.11748560E-09
     87552  0.11731553E-09
     87840  0.11718357E-09
     88128  0.11729988E-09
     88416  0.11612784E-09
     88704  0.11548426E-09
     88992  0.11522042E-09
     89280  0.11523876E-09
     89568  0.11528868E-09
     89856  0.11556651E-09
     90144  0.11603108E-09
     90432  0.11522924E-09
     90720  0.11486325E-09
     91008  0.11481516E-09
     91296  0.11482305E-09
     91584  0.11505419E-09
     91872  0.11545211E-09
     92160  0.11597517E-09
     92448  0.11659192E-09
     92736  0.11727744E-09
     93024  0.11784690E-09
     93312  0.11714525E-09
     93600  0.11675150E-09
     93888  0.11657623E-09
     94176  0.11655363E-09
     94464  0.11647135E-09
     94752  0.11649334E-09
     95040  0.11658269E-09
     95328  0.11671129E-09
     95616  0.11685768E-09
     95904  0.11700529E-09
     96192  0.11698661E-09
     96480  0.11697898E-09
     96768  0.11696707E-09
     97056  0.11693944E-09
     97344  0.11688688E-09
     97632  0.11680180E-09
     97920  0.11667788E-09
     98208  0.11636251E-09
     98496  0.11602708E-09
     98784  0.11566201E-09
     99072  0.11525943E-09
     99360  0.11481301E-09
     99648  0.11431759E-09
     99936  0.11376920E-09
    100224  0.11302245E-09
    100512  0.11224310E-09
    100800  0.11142429E-09
    101088  0.11056069E-09
    101376  0.10964838E-09
    101664  0.10868466E-09
    101952  0.10881900E-09
    102240  0.10870824E-09
    102528  0.10838459E-09
    102816  0.10787455E-09
    103104  0.10706998E-09
    103392  0.10614302E-09
    103680  0.10510566E-09
    103968  0.10396854E-09
    104256  0.10274112E-09
    104544  0.10143213E-09
    104832  0.10112977E-09
    105120  0.10057602E-09
    105408  0.99809161E-10
    105696  0.98865548E-10
    105984  0.97777141E-10
    106272  0.96570869E-10
    106560  0.95269737E-10
    106848  0.94902745E-10
    107136  0.94285801E-10
    107424  0.93463300E-10
    107712  0.92473841E-10
    108000  0.91350386E-10
    108288  0.90121452E-10
    108576  0.89766965E-10
    108864  0.89161109E-10
    109152  0.88352943E-10
    109440  0.87383732E-10
    109728  0.86289129E-10
    110016  0.85098970E-10
    110304  0.84742650E-10
    110592  0.84146828E-10
    110880  0.83362803E-10
    111168  0.82432221E-10
    111456  0.81390526E-10
    111744  0.80267466E-10
    112032  0.79942650E-10
    112320  0.79392951E-10
    112608  0.78762781E-10
    112896  0.77979637E-10
    113184  0.77082292E-10
    113472  0.76921060E-10
    113760  0.76520082E-10
    114048  0.75933808E-10
    114336  0.75208541E-10
    114624  0.74380488E-10
    114912  0.73479799E-10
    115200  0.73399037E-10
    115488  0.73086363E-10
    115776  0.72598032E-10
    116064  0.71979075E-10
    116352  0.71265861E-10
    116640  0.70487047E-10
    116928  0.70415812E-10
    117216  0.70220718E-10
    117504  0.69852325E-10
    117792  0.69356514E-10
    118080  0.68769469E-10
    118368  0.68849586E-10
    118656  0.68711314E-10
    118944  0.68488555E-10
    119232  0.68126754E-10
    119520  0.67664888E-10
    119808  0.67133459E-10
    120096  0.66555719E-10
    120384  0.66729344E-10
    120672  0.66691680E-10
    120960  0.66497759E-10
    121248  0.66191184E-10
    121536  0.65804931E-10
    121824  0.65442422E-10
    122112  0.65709556E-10
    122400  0.65765178E-10
    122688  0.65665050E-10
    122976  0.65453122E-10
    123264  0.65238072E-10
    123552  0.64948026E-10
    123840  0.64607458E-10
    124128  0.64907094E-10
    124416  0.65084667E-10
    124704  0.65098836E-10
    124992  0.64995155E-10
    125280  0.64807437E-10
    125568  0.64638732E-10
    125856  0.64410019E-10
    126144  0.64802989E-10
    126432  0.64991908E-10
    126720  0.65107350E-10
    127008  0.65094125E-10
    127296  0.64988993E-10
    127584  0.64819448E-10
    127872  0.64683106E-10
    128160  0.64493716E-10
    128448  0.64923657E-10
    128736  0.65147401E-10
    129024  0.65297705E-10
    129312  0.65316315E-10
    129600  0.65239904E-10
    129888  0.65095734E-10
    130176  0.64982353E-10
    130464  0.64809685E-10
    130752  0.65180521E-10
    131040  0.65350482E-10
    131328  0.65453733E-10
    131616  0.65426713E-10
    131904  0.65304748E-10
    132192  0.65114455E-10
    132480  0.64874169E-10
    132768  0.64678589E-10
    133056  0.65085395E-10
    133344  0.65250284E-10
    133632  0.65242874E-10
    133920  0.65193677E-10
    134208  0.65030016E-10
    134496  0.64786558E-10
    134784  0.64488213E-10
    135072  0.64237060E-10
    135360  0.64593116E-10
    135648  0.64692758E-10
    135936  0.64619581E-10
    136224  0.64432529E-10
    136512  0.64255774E-10
    136800  0.64002199E-10
    137088  0.63703327E-10
    137376  0.63379996E-10
    137664  0.63793568E-10
    137952  0.63932311E-10
    138240  0.63897956E-10
    138528  0.63758429E-10
    138816  0.63558048E-10
    139104  0.63412324E-10
    139392  0.63214808E-10
    139680  0.62990071E-10
    139968  0.63405836E-10
    140256  0.63564931E-10
    140544  0.63569552E-10
    140832  0.63568581E-10
    141120  0.63474039E-10
    141408  0.63323895E-10
    141696  0.63139292E-10
    141984  0.62931521E-10
    142272  0.63332915E-10
    142560  0.63548174E-10
    142848  0.63557930E-10
    143136  0.63441905E-10
    143424  0.63243723E-10
    143712  0.62985853E-10
    144000  0.62678994E-10
    144288  0.62327678E-10
    144576  0.62515472E-10
    144864  0.62541965E-10
    145152  0.62463222E-10
    145440  0.62395408E-10
    145728  0.62386984E-10
    146016  0.62455499E-10
    146304  0.62603540E-10
    146592  0.62826515E-10
    146880  0.63678084E-10
    147168  0.64370363E-10
    147456  0.65007666E-10
    147744  0.65633450E-10
    148032  0.66262586E-10
    148320  0.66991246E-10
    148608  0.67672222E-10
    148896  0.68335552E-10
    149184  0.69593671E-10
    149472  0.70628371E-10
    149760  0.71561326E-10
    150048  0.72442136E-10
    150336  0.73291331E-10
    150624  0.74118246E-10
    150912  0.74926350E-10
    151200  0.75717994E-10
    151488  0.76495851E-10
    151776  0.77263272E-10
    152064  0.78021624E-10
    152352  0.79453812E-10
    152640  0.80634714E-10
    152928  0.81699821E-10
    153216  0.82702768E-10
    153504  0.83663264E-10
    153792  0.84588808E-10
    154080  0.85483357E-10
    154368  0.86351051E-10
    154656  0.87194321E-10
    154944  0.88015539E-10
    155232  0.88816773E-10
    155520  0.89462333E-10
    155808  0.90174049E-10
    156096  0.90903507E-10
    156384  0.91631501E-10
    156672  0.92351196E-10
    156960  0.93060795E-10
    157248  0.93759361E-10
    157536  0.94446735E-10
    157824  0.95122889E-10
    158112  0.95788537E-10
    158400  0.96443943E-10
    158688  0.97088650E-10
    158976  0.97722434E-10
    159264  0.98188430E-10
    159552  0.98735492E-10
    159840  0.99306452E-10
    160128  0.99878605E-10
    160416  0.10044363E-09
    160704  0.10099895E-09
    160992  0.10154361E-09
    161280  0.10207826E-09
    161568  0.10260282E-09
    161856  0.10311764E-09
    162144  0.10346101E-09
    162432  0.10389049E-09
    162720  0.10338093E-09
    163008  0.10322281E-09
    163296  0.10322063E-09
    163584  0.10330305E-09
    163872  0.10344403E-09
    164160  0.10363301E-09
    164448  0.10369852E-09
    164736  0.10389659E-09
    165024  0.10416200E-09
    165312  0.10346821E-09
    165600  0.10315938E-09
    165888  0.10303760E-09
    166176  0.10302726E-09
    166464  0.10309773E-09
    166752  0.10323407E-09
    167040  0.10326352E-09
    167328  0.10241939E-09
    167616  0.10201807E-09
    167904  0.10183739E-09
    168192  0.10178920E-09
    168480  0.10183621E-09
    168768  0.10195948E-09
    169056  0.10112512E-09
    169344  0.10054786E-09
    169632  0.10028691E-09
    169920  0.10020191E-09
    170208  0.10023240E-09
    170496  0.10034925E-09
    170784  0.99504356E-10
    171072  0.99086593E-10
    171360  0.98896988E-10
    171648  0.98696079E-10
    171936  0.98687759E-10
    172224  0.97760092E-10
    172512  0.97286623E-10
    172800  0.97059569E-10
    173088  0.96987654E-10
    173376  0.95996107E-10
    173664  0.95464289E-10
    173952  0.95190397E-10
    174240  0.94935171E-10
    174528  0.93854924E-10
    174816  0.93275963E-10
    175104  0.92975877E-10
    175392  0.92852559E-10
    175680  0.92854918E-10
    175968  0.91933502E-10
    176256  0.91455066E-10
    176544  0.91228351E-10
    176832  0.91024126E-10
    177120  0.89770254E-10
    177408  0.89078446E-10
    177696  0.88702198E-10
    177984  0.88523688E-10
    178272  0.88482902E-10
    178560  0.87544527E-10
    178848  0.87044857E-10
    179136  0.86800858E-10
    179424  0.86720804E-10
    179712  0.85634437E-10
    180000  0.85058127E-10
    180288  0.84772724E-10
    180576  0.83687363E-10
    180864  0.83076150E-10
    181152  0.82745637E-10
    181440  0.82595937E-10
    181728  0.81609525E-10
    182016  0.81059777E-10
    182304  0.80650896E-10
    182592  0.80473732E-10
    182880  0.79492753E-10
    183168  0.78949090E-10
    183456  0.78666844E-10
    183744  0.78551374E-10
    184032  0.77616850E-10
    184320  0.77093963E-10
    184608  0.76821070E-10
    184896  0.76598942E-10
    185184  0.75620475E-10
    185472  0.75071685E-10
    185760  0.74782500E-10
    186048  0.74658453E-10
    186336  0.73745642E-10
    186624  0.73224926E-10
    186912  0.72946385E-10
    187200  0.72721447E-10
    187488  0.72651545E-10
    187776  0.71799434E-10
    188064  0.71319187E-10
    188352  0.71069761E-10
    188640  0.70969494E-10
    188928  0.70109252E-10
    189216  0.69514186E-10
    189504  0.69193609E-10
    189792  0.69047802E-10
    190080  0.69017202E-10
    190368  0.68228249E-10
    190656  0.67776174E-10
    190944  0.67540716E-10
    191232  0.67358535E-10
    191520  0.67312884E-10
    191808  0.66546657E-10
    192096  0.66109118E-10
    192384  0.65885478E-10
    192672  0.65804154E-10
    192960  0.65735591E-10
    193248  0.65769910E-10
    193536  0.65096289E-10
    193824  0.64716045E-10
    194112  0.64530638E-10
    194400  0.64476292E-10
    194688  0.64431564E-10
    194976  0.64478235E-10
    195264  0.64587329E-10
    195552  0.64003920E-10
    195840  0.63667613E-10
    196128  0.63499254E-10
    196416  0.63368782E-10
    196704  0.63342130E-10
    196992  0.63384874E-10
    197280  0.63473990E-10
    197568  0.63592721E-10
    197856  0.63729078E-10
    198144  0.63805468E-10
    198432  0.63220075E-10
    198720  0.62830324E-10
    199008  0.62577325E-10
    199296  0.62417800E-10
    199584  0.62251149E-10
    199872  0.62143617E-10
    200160  0.62072729E-10
    200448  0.62022408E-10
    200736  0.61981323E-10
    201024  0.61941723E-10
    201312  0.61832844E-10
    201600  0.61732709E-10
    201888  0.61633663E-10
    202176  0.61530614E-10
    202464  0.61419619E-10
    202752  0.61298078E-10
    203040  0.61164213E-10
    203328  0.60955067E-10
    203616  0.60746991E-10
    203904  0.60535660E-10
    204192  0.60317973E-10
    204480  0.60091904E-10
    204768  0.59855711E-10
    205056  0.59608561E-10
    205344  0.59290441E-10
    205632  0.58974700E-10
    205920  0.58657898E-10
    206208  0.58337418E-10
    206496  0.58011682E-10
    206784  0.57679771E-10
    207072  0.57930161E-10
    207360  0.58040271E-10
    207648  0.58037370E-10
    207936  0.57943358E-10
    208224  0.57720970E-10
    208512  0.57452400E-10
    208800  0.57146409E-10
    209088  0.56809925E-10
    209376  0.56449071E-10
    209664  0.56068612E-10
    209952  0.56246955E-10
    210240  0.56282649E-10
    210528  0.56204263E-10
    210816  0.56035517E-10
    211104  0.55795406E-10
    211392  0.55499338E-10
    211680  0.55159880E-10
    211968  0.55353798E-10
    212256  0.55392843E-10
    212544  0.55309538E-10
    212832  0.55130192E-10
    213120  0.54876180E-10
    213408  0.54564808E-10
    213696  0.54772766E-10
    213984  0.54818379E-10
    214272  0.54736573E-10
    214560  0.54555756E-10
    214848  0.54298857E-10
    215136  0.53984470E-10
    215424  0.54186516E-10
    215712  0.54225895E-10
    216000  0.54139162E-10
    216288  0.53955198E-10
    216576  0.53697862E-10
    216864  0.53386018E-10
    217152  0.53589258E-10
    217440  0.53631367E-10
    217728  0.53598716E-10
    218016  0.53460212E-10
    218304  0.53242414E-10
    218592  0.53519578E-10
    218880  0.53620889E-10
    219168  0.53587773E-10
    219456  0.53452662E-10
    219744  0.53242112E-10
    220032  0.52976585E-10
    220320  0.53272643E-10
    220608  0.53393547E-10
    220896  0.53381865E-10
    221184  0.53271075E-10
    221472  0.53087378E-10
    221760  0.52850800E-10
    222048  0.53128824E-10
    222336  0.53291867E-10
    222624  0.53320161E-10
    222912  0.53248444E-10
    223200  0.53103622E-10
    223488  0.53459830E-10
    223776  0.53639312E-10
    224064  0.53736383E-10
    224352  0.53723640E-10
    224640  0.53630395E-10
    224928  0.53479565E-10
    225216  0.53289002E-10
    225504  0.53674672E-10
    225792  0.53886142E-10
    226080  0.53968503E-10
    226368  0.53956443E-10
    226656  0.53877059E-10
    226944  0.53803177E-10
    227232  0.54236612E-10
    227520  0.54491901E-10
    227808  0.54615840E-10
    228096  0.54644282E-10
    228384  0.54657386E-10
    228672  0.54608058E-10
    228960  0.54514740E-10
    229248  0.54951276E-10
    229536  0.55270698E-10
    229824  0.55451716E-10
    230112  0.55532027E-10
    230400  0.55539802E-10
    230688  0.55552365E-10
    230976  0.55514236E-10
    231264  0.56004743E-10
    231552  0.56316871E-10
    231840  0.56554820E-10
    232128  0.56682773E-10
    232416  0.56731599E-10
    232704  0.56723987E-10
    232992  0.56735401E-10
    233280  0.56701480E-10
    233568  0.57207024E-10
    233856  0.57530151E-10
    234144  0.57778973E-10
    234432  0.57914055E-10
    234720  0.57966468E-10
    235008  0.57958811E-10
    235296  0.57970545E-10
    235584  0.57932263E-10
    235872  0.58376831E-10
    236160  0.58641911E-10
    236448  0.58839898E-10
    236736  0.58923776E-10
    237024  0.58924941E-10
    237312  0.58865336E-10
    237600  0.58760490E-10
    237888  0.58688394E-10
    238176  0.59164819E-10
    238464  0.59423327E-10
    238752  0.59526002E-10
    239040  0.59584254E-10
    239328  0.59541268E-10
    239616  0.59427172E-10
    239904  0.59263330E-10
    240192  0.59135551E-10
    240480  0.59572437E-10
    240768  0.59774838E-10
    241056  0.59817672E-10
    241344  0.59753924E-10
    241632  0.59692001E-10
    241920  0.59561987E-10
    242208  0.59390194E-10
    242496  0.59195690E-10
    242784  0.59693146E-10
    243072  0.59936674E-10
    243360  0.60019593E-10
    243648  0.60002475E-10
    243936  0.59926765E-10
    244224  0.59896726E-10
    244512  0.59824479E-10
    244800  0.59731969E-10
    245088  0.60273772E-10
    245376  0.60573865E-10
    245664  0.60726764E-10
    245952  0.60872640E-10
    246240  0.60939510E-10
    246528  0.60962659E-10
    246816  0.60963928E-10
    247104  0.60956691E-10
    247392  0.61601238E-10
    247680  0.62077447E-10
    247968  0.62370428E-10
    248256  0.62555058E-10
    248544  0.62677308E-10
    248832  0.62765119E-10
    249120  0.62835528E-10
    249408  0.62898985E-10
    249696  0.63624349E-10
    249984  0.64176248E-10
    250272  0.64536321E-10
    250560  0.64782929E-10
    250848  0.64963465E-10
    251136  0.65106545E-10
    251424  0.65229433E-10
    251712  0.65342148E-10
    252000  0.66126001E-10
    252288  0.66637383E-10
    252576  0.66986111E-10
    252864  0.67238680E-10
    253152  0.67435217E-10
    253440  0.67700456E-10
    253728  0.67907430E-10
    254016  0.68080958E-10
    254304  0.68924852E-10
    254592  0.69479318E-10
    254880  0.69860916E-10
    255168  0.70139956E-10
    255456  0.70358178E-10
    255744  0.70540643E-10
    256032  0.70701917E-10
    256320  0.70850624E-10
    256608  0.70991490E-10
    256896  0.71127049E-10
    257184  0.71258353E-10
    257472  0.72094115E-10
    257760  0.72635668E-10
    258048  0.72999336E-10
    258336  0.73256949E-10
    258624  0.73449670E-10
    258912  0.73601764E-10
    259200  0.73726934E-10
    259488  0.73832739E-10
    259776  0.73922979E-10
    260064  0.73999383E-10
    260352  0.74062374E-10
    260640  0.73998321E-10
    260928  0.73969698E-10
    261216  0.73954232E-10
    261504  0.73938779E-10
    261792  0.73915117E-10
    262080  0.73878140E-10
    262368  0.73824502E-10
    262656  0.73752122E-10
    262944  0.73659405E-10
    263232  0.73545378E-10
    263520  0.73409466E-10
    263808  0.73251349E-10
    264096  0.73071202E-10
    264384  0.72764433E-10
    264672  0.72492207E-10
    264960  0.72228348E-10
    265248  0.71959758E-10
    265536  0.71680988E-10
    265824  0.71390394E-10
    266112  0.71088267E-10
    266400  0.70774976E-10
    266688  0.70450111E-10
    266976  0.70115788E-10
    267264  0.69690489E-10
    267552  0.69333948E-10
    267840  0.68529772E-10
    268128  0.68251328E-10
    268416  0.68305861E-10
    268704  0.68562246E-10
    268992  0.68947945E-10
    269280  0.69420601E-10
    269568  0.69864108E-10
    269856  0.70407194E-10
    270144  0.71000456E-10
    270432  0.70981457E-10
    270720  0.71242998E-10
    271008  0.71639125E-10
    271296  0.72106321E-10
    271584  0.72616704E-10
    271872  0.73154108E-10
    272160  0.73611409E-10
    272448  0.73455832E-10
    272736  0.73608231E-10
    273024  0.73906062E-10
    273312  0.74280450E-10
    273600  0.74700204E-10
    273888  0.75149199E-10
    274176  0.74903528E-10
    274464  0.74856982E-10
    274752  0.75027033E-10
    275040  0.75305359E-10
    275328  0.75644255E-10
    275616  0.76021266E-10
    275904  0.75678817E-10
    276192  0.75654372E-10
    276480  0.75791803E-10
    276768  0.75917939E-10
    277056  0.76166642E-10
    277344  0.75713338E-10
    277632  0.75605203E-10
    277920  0.75676444E-10
    278208  0.75850527E-10
    278496  0.75316774E-10
    278784  0.75140137E-10
    279072  0.75155444E-10
    279360  0.75181833E-10
    279648  0.74560684E-10
    279936  0.74329640E-10
    280224  0.74306741E-10
    280512  0.74404788E-10
    280800  0.74579780E-10
    281088  0.74019554E-10
    281376  0.73811679E-10
    281664  0.73796816E-10
    281952  0.73797468E-10
    282240  0.72957702E-10
    282528  0.72576556E-10
    282816  0.72445952E-10
    283104  0.72461585E-10
    283392  0.72569471E-10
    283680  0.71947219E-10
    283968  0.71682951E-10
    284256  0.71621147E-10
    284544  0.71680412E-10
    284832  0.70927299E-10
    285120  0.70593031E-10
    285408  0.70491189E-10
    285696  0.69735495E-10
    285984  0.69375283E-10
    286272  0.69241855E-10
    286560  0.69244784E-10
    286848  0.68551415E-10
    287136  0.68222608E-10
    287424  0.68015073E-10
    287712  0.67985596E-10
    288000  0.67279807E-10
    288288  0.66941896E-10
    288576  0.66818211E-10
    288864  0.66821895E-10
    289152  0.66131906E-10
    289440  0.65790408E-10
    289728  0.65654676E-10
    290016  0.65558878E-10
    290304  0.64816152E-10
    290592  0.64438857E-10
    290880  0.64277153E-10
    291168  0.64244672E-10
    291456  0.63537453E-10
    291744  0.63167895E-10
    292032  0.63001958E-10
    292320  0.62881166E-10
    292608  0.62876669E-10
    292896  0.62196581E-10
    293184  0.61838722E-10
    293472  0.61677809E-10
    293760  0.61637875E-10
    294048  0.60943535E-10
    294336  0.60491848E-10
    294624  0.60273744E-10
    294912  0.60198499E-10
    295200  0.60212148E-10
    295488  0.59567025E-10
    295776  0.59218193E-10
    296064  0.59057474E-10
    296352  0.58946265E-10
    296640  0.58942864E-10
    296928  0.58310898E-10
    297216  0.57970812E-10
    297504  0.57819145E-10
    297792  0.57789371E-10
    298080  0.57773786E-10
    298368  0.57840163E-10
    298656  0.57287126E-10
    298944  0.56999933E-10
    299232  0.56890073E-10
    299520  0.56897761E-10
    299808  0.56920260E-10
    300096  0.57018133E-10
    300384  0.57166216E-10
    300672  0.56701852E-10
    300960  0.56462439E-10
    301248  0.56376306E-10
    301536  0.56331256E-10
    301824  0.56373912E-10
    302112  0.56472910E-10
    302400  0.56607725E-10
    302688  0.56763726E-10
    302976  0.56930998E-10
    303264  0.57046552E-10
    303552  0.56565499E-10
    303840  0.56261943E-10
    304128  0.56082462E-10
    304416  0.55987083E-10
    304704  0.55890161E-10
    304992  0.55843150E-10
    305280  0.55826566E-10
    305568  0.55826677E-10
    305856  0.55834101E-10
    306144  0.55841911E-10
    306432  0.55791736E-10
    306720  0.55747278E-10
    307008  0.55702418E-10
    307296  0.55652895E-10
    307584  0.55595743E-10
    307872  0.55528637E-10
    308160  0.55450033E-10
    308448  0.55307696E-10
    308736  0.55164262E-10
    309024  0.55016259E-10
    309312  0.54861175E-10
    309600  0.54697299E-10
    309888  0.54523393E-10
    310176  0.54338856E-10
    310464  0.54093910E-10
    310752  0.53849120E-10
    311040  0.53601720E-10
    311328  0.53349641E-10
    311616  0.53091760E-10
    311904  0.52827343E-10
    312192  0.53091927E-10
    312480  0.53225275E-10
    312768  0.53253714E-10
    313056  0.53198491E-10
    313344  0.53030372E-10
    313632  0.52819086E-10
    313920  0.52573248E-10
    314208  0.52299304E-10
    314496  0.52002423E-10
    314784  0.51687286E-10
    315072  0.51882353E-10
