         1  0.19438481E-09
       288  0.19688309E-09
       576  0.20195792E-09
       864  0.21078468E-09
      1152  0.22205471E-09
      1440  0.23439617E-09
      1728  0.24924859E-09
      2016  0.26342786E-09
      2304  0.27656527E-09
      2592  0.28843852E-09
      2880  0.29893135E-09
      3168  0.30654776E-09
      3456  0.31467931E-09
      3744  0.32137679E-09
      4032  0.32672090E-09
      4320  0.33080766E-09
      4608  0.33374123E-09
      4896  0.33562952E-09
      5184  0.34004255E-09
      5472  0.34309211E-09
      5760  0.34493919E-09
      6048  0.34573489E-09
      6336  0.34561876E-09
      6624  0.34471909E-09
      6912  0.34676953E-09
      7200  0.34765213E-09
      7488  0.34800476E-09
      7776  0.34744016E-09
      8064  0.34610825E-09
      8352  0.34780279E-09
      8640  0.34834058E-09
      8928  0.34790726E-09
      9216  0.34667091E-09
      9504  0.34477840E-09
      9792  0.34235720E-09
     10080  0.34365594E-09
     10368  0.34387415E-09
     10656  0.34320413E-09
     10944  0.34181535E-09
     11232  0.33985262E-09
     11520  0.33744121E-09
     11808  0.33831890E-09
     12096  0.33872319E-09
     12384  0.33827327E-09
     12672  0.33714143E-09
     12960  0.33547490E-09
     13248  0.33700964E-09
     13536  0.33752950E-09
     13824  0.33772340E-09
     14112  0.33718281E-09
     14400  0.33606767E-09
     14688  0.33451270E-09
     14976  0.33262995E-09
     15264  0.33457054E-09
     15552  0.33552403E-09
     15840  0.33569586E-09
     16128  0.33525899E-09
     16416  0.33435715E-09
     16704  0.33362388E-09
     16992  0.33606323E-09
     17280  0.33750541E-09
     17568  0.33816588E-09
     17856  0.33821992E-09
     18144  0.33833075E-09
     18432  0.33799108E-09
     18720  0.33731862E-09
     19008  0.33991765E-09
     19296  0.34210237E-09
     19584  0.34343073E-09
     19872  0.34408415E-09
     20160  0.34421271E-09
     20448  0.34448175E-09
     20736  0.34432629E-09
     21024  0.34735673E-09
     21312  0.34936742E-09
     21600  0.35112430E-09
     21888  0.35214365E-09
     22176  0.35259587E-09
     22464  0.35261519E-09
     22752  0.35287551E-09
     23040  0.35275927E-09
     23328  0.35589562E-09
     23616  0.35798550E-09
     23904  0.35982872E-09
     24192  0.36090667E-09
     24480  0.36138964E-09
     24768  0.36141237E-09
     25056  0.36167300E-09
     25344  0.36150813E-09
     25632  0.36425116E-09
     25920  0.36592349E-09
     26208  0.36736506E-09
     26496  0.36800524E-09
     26784  0.36801773E-09
     27072  0.36753797E-09
     27360  0.36666761E-09
     27648  0.36611689E-09
     27936  0.36882322E-09
     28224  0.37021866E-09
     28512  0.37060841E-09
     28800  0.37086814E-09
     29088  0.37036713E-09
     29376  0.36929332E-09
     29664  0.36779005E-09
     29952  0.36663794E-09
     30240  0.36883671E-09
     30528  0.36964581E-09
     30816  0.36945799E-09
     31104  0.36856668E-09
     31392  0.36786893E-09
     31680  0.36665640E-09
     31968  0.36511333E-09
     32256  0.36337833E-09
     32544  0.36609848E-09
     32832  0.36737574E-09
     33120  0.36768996E-09
     33408  0.36738804E-09
     33696  0.36671433E-09
     33984  0.36656925E-09
     34272  0.36610745E-09
     34560  0.36548506E-09
     34848  0.36872641E-09
     35136  0.37067502E-09
     35424  0.37180234E-09
     35712  0.37317932E-09
     36000  0.37401768E-09
     36288  0.37454237E-09
     36576  0.37490186E-09
     36864  0.37519324E-09
     37152  0.37948980E-09
     37440  0.38321063E-09
     37728  0.38580611E-09
     38016  0.38769257E-09
     38304  0.38914441E-09
     38592  0.39033926E-09
     38880  0.39139159E-09
     39168  0.39237349E-09
     39456  0.39746412E-09
     39744  0.40193177E-09
     40032  0.40518325E-09
     40320  0.40766424E-09
     40608  0.40966175E-09
     40896  0.41136036E-09
     41184  0.41287707E-09
     41472  0.41428586E-09
     41760  0.41991605E-09
     42048  0.42398673E-09
     42336  0.42706685E-09
     42624  0.42951856E-09
     42912  0.43157325E-09
     43200  0.43429799E-09
     43488  0.43653395E-09
     43776  0.43845802E-09
     44064  0.44462412E-09
     44352  0.44907369E-09
     44640  0.45243434E-09
     44928  0.45510073E-09
     45216  0.45732318E-09
     45504  0.45926032E-09
     45792  0.46101178E-09
     46080  0.46263932E-09
     46368  0.46418139E-09
     46656  0.46566234E-09
     46944  0.46709636E-09
     47232  0.47316268E-09
     47520  0.47752424E-09
     47808  0.48080079E-09
     48096  0.48338594E-09
     48384  0.48552895E-09
     48672  0.48737997E-09
     48960  0.48903714E-09
     49248  0.49055998E-09
     49536  0.49198495E-09
     49824  0.49333598E-09
     50112  0.49462784E-09
     50400  0.49482429E-09
     50688  0.49536203E-09
     50976  0.49610044E-09
     51264  0.49695176E-09
     51552  0.49786020E-09
     51840  0.49879006E-09
     52128  0.49971999E-09
     52416  0.50063581E-09
     52704  0.50152976E-09
     52992  0.50239618E-09
     53280  0.50323201E-09
     53568  0.50403520E-09
     53856  0.50480597E-09
     54144  0.50447574E-09
     54432  0.50451177E-09
     54720  0.50476423E-09
     55008  0.50513738E-09
     55296  0.50557336E-09
     55584  0.50603616E-09
     55872  0.50650478E-09
     56160  0.50696575E-09
     56448  0.50741272E-09
     56736  0.50784210E-09
     57024  0.50720877E-09
     57312  0.50695176E-09
     57600  0.50165438E-09
     57888  0.49838178E-09
     58176  0.49633125E-09
     58464  0.49502163E-09
     58752  0.49416349E-09
     59040  0.49358606E-09
     59328  0.49216536E-09
     59616  0.49125243E-09
     59904  0.49065424E-09
     60192  0.48502863E-09
     60480  0.48139653E-09
     60768  0.47897109E-09
     61056  0.47728554E-09
     61344  0.47606374E-09
     61632  0.47514298E-09
     61920  0.47345777E-09
     62208  0.46713017E-09
     62496  0.46296636E-09
     62784  0.46011880E-09
     63072  0.45808854E-09
     63360  0.45658097E-09
     63648  0.45542184E-09
     63936  0.44946458E-09
     64224  0.44452178E-09
     64512  0.44113965E-09
     64800  0.43873244E-09
     65088  0.43695464E-09
     65376  0.43560419E-09
     65664  0.42962447E-09
     65952  0.42557027E-09
     66240  0.42270440E-09
     66528  0.41975612E-09
     66816  0.41765752E-09
     67104  0.41130596E-09
     67392  0.40699685E-09
     67680  0.40395445E-09
     67968  0.40172943E-09
     68256  0.39537573E-09
     68544  0.39100886E-09
     68832  0.38788237E-09
     69120  0.38480122E-09
     69408  0.37802741E-09
     69696  0.37338796E-09
     69984  0.37008238E-09
     70272  0.36764786E-09
     70560  0.36581518E-09
     70848  0.36004205E-09
     71136  0.35606318E-09
     71424  0.35322137E-09
     71712  0.35046047E-09
     72000  0.34334960E-09
     72288  0.33849396E-09
     72576  0.33504671E-09
     72864  0.33252187E-09
     73152  0.33063757E-09
     73440  0.32517308E-09
     73728  0.32139125E-09
     74016  0.31869105E-09
     74304  0.31672578E-09
     74592  0.31076633E-09
     74880  0.30670583E-09
     75168  0.30385996E-09
     75456  0.29802896E-09
     75744  0.29398853E-09
     76032  0.29109765E-09
     76320  0.28898528E-09
     76608  0.28379715E-09
     76896  0.28018060E-09
     77184  0.27705935E-09
     77472  0.27485245E-09
     77760  0.26978894E-09
     78048  0.26628852E-09
     78336  0.26380867E-09
     78624  0.26203237E-09
     78912  0.25741539E-09
     79200  0.25421715E-09
     79488  0.25195460E-09
     79776  0.24988384E-09
     80064  0.24524027E-09
     80352  0.24205191E-09
     80640  0.23982402E-09
     80928  0.23826277E-09
     81216  0.23410546E-09
     81504  0.23123860E-09
     81792  0.22923471E-09
     82080  0.22742538E-09
     82368  0.22622208E-09
     82656  0.22252165E-09
     82944  0.22002290E-09
     83232  0.21833942E-09
     83520  0.21723551E-09
     83808  0.21374028E-09
     84096  0.21100008E-09
     84384  0.20917554E-09
     84672  0.20799786E-09
     84960  0.20730016E-09
     85248  0.20428008E-09
     85536  0.20230079E-09
     85824  0.20104841E-09
     86112  0.19998130E-09
     86400  0.19943944E-09
     86688  0.19672748E-09
     86976  0.19501971E-09
     87264  0.19402502E-09
     87552  0.19355882E-09
     87840  0.19318108E-09
     88128  0.19324094E-09
     88416  0.19120107E-09
     88704  0.19005325E-09
     88992  0.18956280E-09
     89280  0.18957245E-09
     89568  0.18966492E-09
     89856  0.19016039E-09
     90144  0.19098076E-09
     90432  0.18972579E-09
     90720  0.18920469E-09
     91008  0.18922475E-09
     91296  0.18935382E-09
     91584  0.18986993E-09
     91872  0.19068239E-09
     92160  0.19172490E-09
     92448  0.19294717E-09
     92736  0.19431143E-09
     93024  0.19550603E-09
     93312  0.19460379E-09
     93600  0.19423778E-09
     93888  0.19425984E-09
     94176  0.19456063E-09
     94464  0.19478082E-09
     94752  0.19519748E-09
     95040  0.19574979E-09
     95328  0.19639096E-09
     95616  0.19708513E-09
     95904  0.19780416E-09
     96192  0.19825840E-09
     96480  0.19875068E-09
     96768  0.19925542E-09
     97056  0.19975258E-09
     97344  0.20022670E-09
     97632  0.20066561E-09
     97920  0.20106021E-09
     98208  0.20114146E-09
     98496  0.20121210E-09
     98784  0.20125612E-09
     99072  0.20125956E-09
     99360  0.20121103E-09
     99648  0.20110050E-09
     99936  0.20091982E-09
    100224  0.20040219E-09
    100512  0.19984665E-09
    100800  0.19924024E-09
    101088  0.19857244E-09
    101376  0.19783490E-09
    101664  0.19702115E-09
    101952  0.19824714E-09
    102240  0.19905173E-09
    102528  0.19948773E-09
    102816  0.19960136E-09
    103104  0.19917769E-09
    103392  0.19854217E-09
    103680  0.19771458E-09
    103968  0.19671219E-09
    104256  0.19554999E-09
    104544  0.19424135E-09
    104832  0.19490434E-09
