       288  0.34014222E+16
       576  0.34258589E+16
       864  0.34459537E+16
      1152  0.34649858E+16
      1440  0.34839097E+16
      1728  0.35049813E+16
      2016  0.35263518E+16
      2304  0.35480566E+16
      2592  0.35700898E+16
      2880  0.35924449E+16
      3168  0.36151145E+16
      3456  0.36399480E+16
      3744  0.36652757E+16
      4032  0.36914514E+16
      4320  0.37187013E+16
      4608  0.37471737E+16
      4896  0.37769467E+16
      5184  0.38097023E+16
      5472  0.38435627E+16
      5760  0.38784618E+16
      6048  0.39143154E+16
      6336  0.39510376E+16
      6624  0.39885458E+16
      6912  0.40281929E+16
      7200  0.40682934E+16
      7488  0.41088315E+16
      7776  0.41497920E+16
      8064  0.41911775E+16
      8352  0.42342378E+16
      8640  0.42775552E+16
      8928  0.43211685E+16
      9216  0.43651143E+16
      9504  0.44094075E+16
      9792  0.44540628E+16
     10080  0.45002037E+16
     10368  0.45465810E+16
     10656  0.45932313E+16
     10944  0.46401807E+16
     11232  0.46874457E+16
     11520  0.47350307E+16
     11808  0.47839729E+16
     12096  0.48331278E+16
     12384  0.48825124E+16
     12672  0.49321386E+16
     12960  0.49820134E+16
     13248  0.50331256E+16
     13536  0.50843903E+16
     13824  0.51358210E+16
     14112  0.51874137E+16
     14400  0.52391681E+16
     14688  0.52910781E+16
     14976  0.53431299E+16
     15264  0.53962807E+16
     15552  0.54494609E+16
     15840  0.55026761E+16
     16128  0.55559208E+16
     16416  0.56091817E+16
     16704  0.56624446E+16
     16992  0.57166600E+16
     17280  0.57707648E+16
     17568  0.58247622E+16
     17856  0.58786372E+16
     18144  0.59323715E+16
     18432  0.59859324E+16
     18720  0.60393033E+16
     19008  0.60934961E+16
     19296  0.61473829E+16
     19584  0.62009557E+16
     19872  0.62541939E+16
     20160  0.63070822E+16
     20448  0.63595924E+16
     20736  0.64116813E+16
     21024  0.64644465E+16
     21312  0.65166900E+16
     21600  0.65683928E+16
     21888  0.66195287E+16
     22176  0.66700643E+16
     22464  0.67199767E+16
     22752  0.67686032E+16
     23040  0.68147001E+16
     23328  0.68601413E+16
     23616  0.69040010E+16
     23904  0.69463827E+16
     24192  0.69872804E+16
     24480  0.70266363E+16
     24768  0.70643638E+16
     25056  0.71003562E+16
     25344  0.71344733E+16
     25632  0.71683530E+16
     25920  0.72002201E+16
     26208  0.72299176E+16
     26496  0.72572567E+16
     26784  0.72820381E+16
     27072  0.73040321E+16
     27360  0.73229869E+16
     27648  0.73386157E+16
     27936  0.73537861E+16
     28224  0.73653095E+16
     28512  0.73728493E+16
     28800  0.73760211E+16
     29088  0.73743858E+16
     29376  0.73674817E+16
     29664  0.73548035E+16
     29952  0.73370572E+16
     30240  0.73459961E+16
     30528  0.73681624E+16
     30816  0.73932971E+16
     31104  0.74200086E+16
     31392  0.74474062E+16
     31680  0.74749691E+16
     31968  0.75023345E+16
     32256  0.75292994E+16
     32544  0.75606510E+16
     32832  0.75898359E+16
     33120  0.76174278E+16
     33408  0.76437930E+16
     33696  0.76691795E+16
     33984  0.76937838E+16
     34272  0.77177545E+16
     34560  0.77411052E+16
     34848  0.77689511E+16
     35136  0.77943451E+16
     35424  0.78180635E+16
     35712  0.78405959E+16
     36000  0.78622828E+16
     36288  0.78832310E+16
     36576  0.79035172E+16
     36864  0.79232070E+16
     37152  0.79475111E+16
     37440  0.79693118E+16
     37728  0.79895288E+16
     38016  0.80085743E+16
     38304  0.80267146E+16
     38592  0.80441157E+16
     38880  0.80608859E+16
     39168  0.80770913E+16
     39456  0.80978634E+16
     39744  0.81160934E+16
     40032  0.81327487E+16
     40320  0.81482455E+16
     40608  0.81628489E+16
     40896  0.81767212E+16
     41184  0.81899491E+16
     41472  0.82026016E+16
     41760  0.82196316E+16
     42048  0.82340590E+16
     42336  0.82468349E+16
     42624  0.82584844E+16
     42912  0.82692976E+16
     43200  0.82794927E+16
     43488  0.82892064E+16
     43776  0.82984072E+16
     44064  0.83118424E+16
     44352  0.83227441E+16
     44640  0.83320975E+16
     44928  0.83404276E+16
     45216  0.83480345E+16
     45504  0.83550530E+16
     45792  0.83615851E+16
     46080  0.83676808E+16
     46368  0.83733630E+16
     46656  0.83786507E+16
     46944  0.83835598E+16
     47232  0.83926882E+16
     47520  0.83993658E+16
     47808  0.84046148E+16
     48096  0.84089361E+16
     48384  0.84125900E+16
     48672  0.84157135E+16
     48960  0.84183705E+16
     49248  0.84206044E+16
     49536  0.84224255E+16
     49824  0.84238444E+16
     50112  0.84248683E+16
     50400  0.84254492E+16
     50688  0.84255522E+16
     50976  0.84252639E+16
     51264  0.84246014E+16
     51552  0.84235712E+16
     51840  0.84221571E+16
     52128  0.84203543E+16
     52416  0.84181493E+16
     52704  0.84155487E+16
     52992  0.84125363E+16
     53280  0.84091138E+16
     53568  0.84052682E+16
     53856  0.84010033E+16
     54144  0.83962638E+16
     54432  0.83910159E+16
     54720  0.83853347E+16
     55008  0.83792401E+16
     55296  0.83727241E+16
     55584  0.83657754E+16
     55872  0.83583832E+16
     56160  0.83505379E+16
     56448  0.83422309E+16
     56736  0.83334520E+16
     57024  0.83241663E+16
     57312  0.83143239E+16
     57600  0.82993258E+16
     57888  0.82860372E+16
     58176  0.82733375E+16
     58464  0.82606824E+16
     58752  0.82478131E+16
     59040  0.82345830E+16
     59328  0.82208944E+16
     59616  0.82066598E+16
     59904  0.81919393E+16
     60192  0.81719430E+16
     60480  0.81536604E+16
     60768  0.81359657E+16
     61056  0.81182989E+16
     61344  0.81003846E+16
     61632  0.80820901E+16
     61920  0.80633029E+16
     62208  0.80390428E+16
     62496  0.80164926E+16
     62784  0.79945474E+16
     63072  0.79726474E+16
     63360  0.79505165E+16
     63648  0.79279964E+16
     63936  0.79000404E+16
     64224  0.78737585E+16
     64512  0.78480289E+16
     64800  0.78223488E+16
     65088  0.77964582E+16
     65376  0.77702009E+16
     65664  0.77384396E+16
     65952  0.77084140E+16
     66240  0.76790252E+16
     66528  0.76496991E+16
     66816  0.76200929E+16
     67104  0.75850035E+16
     67392  0.75516960E+16
     67680  0.75191085E+16
     67968  0.74866708E+16
     68256  0.74489078E+16
     68544  0.74130266E+16
     68832  0.73779351E+16
     69120  0.73430379E+16
     69408  0.73027469E+16
     69696  0.72643702E+16
     69984  0.72268591E+16
     70272  0.71896362E+16
     70560  0.71523902E+16
     70848  0.71097240E+16
     71136  0.70688768E+16
     71424  0.70288858E+16
     71712  0.69892014E+16
     72000  0.69429290E+16
     72288  0.68991015E+16
     72576  0.68565416E+16
     72864  0.68145798E+16
     73152  0.67728349E+16
     73440  0.67258850E+16
     73728  0.66808157E+16
     74016  0.66367461E+16
     74304  0.65931613E+16
     74592  0.65445729E+16
     74880  0.64979092E+16
     75168  0.64523417E+16
     75456  0.64021888E+16
     75744  0.63542371E+16
     76032  0.63075815E+16
     76320  0.62616672E+16
     76608  0.62110526E+16
     76896  0.61624787E+16
     77184  0.61151454E+16
     77472  0.60685402E+16
     77760  0.60173276E+16
     78048  0.59681658E+16
     78336  0.59203150E+16
     78624  0.58733173E+16
     78912  0.58219071E+16
     79200  0.57725488E+16
     79488  0.57245536E+16
     79776  0.56774754E+16
     80064  0.56261232E+16
     80352  0.55768266E+16
     80640  0.55289522E+16
     80928  0.54820871E+16
     81216  0.54312014E+16
     81504  0.53823752E+16
     81792  0.53350274E+16
     82080  0.52887567E+16
     82368  0.52432837E+16
     82656  0.51938685E+16
     82944  0.51463796E+16
     83232  0.51003435E+16
     83520  0.50554106E+16
     83808  0.50069365E+16
     84096  0.49604650E+16
     84384  0.49155267E+16
     84672  0.48717980E+16
     84960  0.48290626E+16
     85248  0.47829481E+16
     85536  0.47387260E+16
     85824  0.46960228E+16
     86112  0.46545527E+16
     86400  0.46141172E+16
     86688  0.45706017E+16
     86976  0.45289281E+16
     87264  0.44887782E+16
     87552  0.44499069E+16
     87840  0.44121426E+16
     88128  0.43753605E+16
     88416  0.43358355E+16
     88704  0.42980003E+16
     88992  0.42616196E+16
     89280  0.42265109E+16
     89568  0.41925331E+16
     89856  0.41595864E+16
     90144  0.41276002E+16
     90432  0.40933162E+16
     90720  0.40605265E+16
     91008  0.40290949E+16
     91296  0.39988816E+16
     91584  0.39697942E+16
     91872  0.39417602E+16
     92160  0.39147266E+16
     92448  0.38886516E+16
     92736  0.38635185E+16
     93024  0.38393094E+16
     93312  0.38133646E+16
     93600  0.37886328E+16
     93888  0.37650733E+16
     94176  0.37426393E+16
     94464  0.37212799E+16
     94752  0.37009755E+16
     95040  0.36817023E+16
     95328  0.36634471E+16
     95616  0.36462031E+16
     95904  0.36299794E+16
     96192  0.36147698E+16
     96480  0.36005768E+16
     96768  0.35873875E+16
     97056  0.35751917E+16
     97344  0.35639700E+16
     97632  0.35537021E+16
     97920  0.35443667E+16
     98208  0.35359432E+16
     98496  0.35284141E+16
     98784  0.35217685E+16
     99072  0.35159904E+16
     99360  0.35110700E+16
     99648  0.35069962E+16
     99936  0.35037645E+16
    100224  0.35013580E+16
    100512  0.34997766E+16
    100800  0.34990207E+16
    101088  0.34990838E+16
    101376  0.34999595E+16
    101664  0.35016527E+16
    101952  0.35056887E+16
    102240  0.35104572E+16
    102528  0.35159663E+16
    102816  0.35222213E+16
    103104  0.35292254E+16
    103392  0.35369874E+16
    103680  0.35455124E+16
    103968  0.35548086E+16
    104256  0.35648782E+16
    104544  0.35757267E+16
    104832  0.35886508E+16
    105120  0.36022825E+16
    105408  0.36166403E+16
    105696  0.36317323E+16
    105984  0.36475681E+16
    106272  0.36641593E+16
    106560  0.36815085E+16
    106848  0.37007819E+16
    107136  0.37207487E+16
    107424  0.37414284E+16
    107712  0.37628294E+16
    108000  0.37849630E+16
    108288  0.38078415E+16
    108576  0.38325271E+16
    108864  0.38578873E+16
    109152  0.38839408E+16
    109440  0.39106982E+16
    109728  0.39381709E+16
    110016  0.39663671E+16
    110304  0.39962676E+16
    110592  0.40268188E+16
    110880  0.40580395E+16
    111168  0.40899358E+16
    111456  0.41225230E+16
    111744  0.41557972E+16
    112032  0.41906766E+16
    112320  0.42261735E+16
    112608  0.42622925E+16
    112896  0.42990459E+16
    113184  0.43364365E+16
    113472  0.43753210E+16
    113760  0.44147706E+16
    114048  0.44547916E+16
    114336  0.44953973E+16
    114624  0.45365871E+16
    114912  0.45783627E+16
    115200  0.46215249E+16
    115488  0.46651833E+16
    115776  0.47093409E+16
    116064  0.47540059E+16
    116352  0.47991820E+16
    116640  0.48448552E+16
    116928  0.48917943E+16
    117216  0.49391404E+16
    117504  0.49868973E+16
    117792  0.50350616E+16
    118080  0.50836334E+16
    118368  0.51333438E+16
    118656  0.51833673E+16
    118944  0.52337070E+16
    119232  0.52843560E+16
    119520  0.53353082E+16
    119808  0.53865552E+16
    120096  0.54380857E+16
    120384  0.54905928E+16
    120672  0.55432716E+16
    120960  0.55961217E+16
    121248  0.56491377E+16
    121536  0.57023046E+16
    121824  0.57556137E+16
    122112  0.58097394E+16
    122400  0.58638915E+16
    122688  0.59180714E+16
    122976  0.59722717E+16
    123264  0.60264769E+16
    123552  0.60806671E+16
    123840  0.61348191E+16
    124128  0.61896196E+16
    124416  0.62442720E+16
    124704  0.62987714E+16
    124992  0.63531065E+16
    125280  0.64072671E+16
    125568  0.64612355E+16
    125856  0.65149822E+16
    126144  0.65691922E+16
    126432  0.66230736E+16
    126720  0.66766212E+16
    127008  0.67298192E+16
    127296  0.67826532E+16
    127584  0.68351113E+16
    127872  0.68871696E+16
    128160  0.69388005E+16
    128448  0.69907143E+16
    128736  0.70420912E+16
    129024  0.70929296E+16
    129312  0.71432038E+16
    129600  0.71929117E+16
    129888  0.72420305E+16
    130176  0.72905406E+16
    130464  0.73384133E+16
    130752  0.73863339E+16
    131040  0.74335082E+16
    131328  0.74799379E+16
    131616  0.75256009E+16
    131904  0.75704812E+16
    132192  0.76145626E+16
    132480  0.76578284E+16
    132768  0.77002396E+16
    133056  0.77427034E+16
    133344  0.77841858E+16
    133632  0.78246922E+16
    133920  0.78642054E+16
    134208  0.79027006E+16
    134496  0.79401635E+16
    134784  0.79765564E+16
    135072  0.80118626E+16
    135360  0.80471930E+16
    135648  0.80812762E+16
    135936  0.81141177E+16
    136224  0.81457147E+16
    136512  0.81760264E+16
    136800  0.82050218E+16
    137088  0.82326706E+16
    137376  0.82589258E+16
    137664  0.82853092E+16
    137952  0.83100922E+16
    138240  0.83332996E+16
    138528  0.83549156E+16
    138816  0.83749146E+16
    139104  0.83932503E+16
    139392  0.84098369E+16
    139680  0.84246315E+16
    139968  0.84397482E+16
    140256  0.84528188E+16
    140544  0.84638596E+16
    140832  0.84728216E+16
    141120  0.84796350E+16
    141408  0.84842462E+16
    141696  0.84865735E+16
    141984  0.84865252E+16
    142272  0.84871587E+16
    142560  0.84850134E+16
    142848  0.84800924E+16
    143136  0.84723787E+16
    143424  0.84618195E+16
    143712  0.84483242E+16
    144000  0.84317773E+16
    144288  0.84120628E+16
    144576  0.83936186E+16
    144864  0.83715097E+16
    145152  0.83458049E+16
    145440  0.83165481E+16
    145728  0.82837764E+16
    146016  0.82481035E+16
    146304  0.82180876E+16
    146592  0.82059108E+16
    146880  0.82054405E+16
    147168  0.82061530E+16
    147456  0.82077550E+16
    147744  0.82100131E+16
    148032  0.82127269E+16
    148320  0.82156685E+16
    148608  0.82187474E+16
    148896  0.82218972E+16
    149184  0.82308415E+16
    149472  0.82381596E+16
    149760  0.82442944E+16
    150048  0.82495407E+16
    150336  0.82541256E+16
    150624  0.82581945E+16
    150912  0.82618528E+16
    151200  0.82651932E+16
    151488  0.82682748E+16
    151776  0.82711294E+16
    152064  0.82737751E+16
    152352  0.82821073E+16
    152640  0.82885707E+16
    152928  0.82936565E+16
    153216  0.82977056E+16
    153504  0.83009531E+16
    153792  0.83035693E+16
    154080  0.83056883E+16
    154368  0.83073757E+16
    154656  0.83086781E+16
    154944  0.83096305E+16
    155232  0.83102544E+16
    155520  0.83105797E+16
    155808  0.83105529E+16
    156096  0.83101969E+16
    156384  0.83095232E+16
    156672  0.83085337E+16
    156960  0.83072194E+16
    157248  0.83055777E+16
    157536  0.83035956E+16
    157824  0.83012833E+16
    158112  0.82986241E+16
    158400  0.82956161E+16
    158688  0.82922413E+16
    158976  0.82885004E+16
    159264  0.82843874E+16
    159552  0.82798487E+16
    159840  0.82749197E+16
    160128  0.82695998E+16
    160416  0.82638870E+16
    160704  0.82577736E+16
    160992  0.82512507E+16
    161280  0.82443111E+16
    161568  0.82369516E+16
    161856  0.82291573E+16
    162144  0.82209357E+16
    162432  0.82122244E+16
    162720  0.81970213E+16
    163008  0.81832076E+16
    163296  0.81702309E+16
    163584  0.81576767E+16
    163872  0.81452573E+16
    164160  0.81327718E+16
    164448  0.81200985E+16
    164736  0.81070901E+16
    165024  0.80937172E+16
    165312  0.80738304E+16
    165600  0.80553905E+16
    165888  0.80378128E+16
    166176  0.80206576E+16
    166464  0.80036189E+16
    166752  0.79864874E+16
    167040  0.79691400E+16
    167328  0.79452503E+16
    167616  0.79228628E+16
    167904  0.79013515E+16
    168192  0.78802745E+16
    168480  0.78593161E+16
    168768  0.78382514E+16
    169056  0.78107797E+16
    169344  0.77848414E+16
    169632  0.77597910E+16
    169920  0.77351835E+16
    170208  0.77106930E+16
    170496  0.76861097E+16
    170784  0.76551087E+16
    171072  0.76256446E+16
    171360  0.75970804E+16
    171648  0.75689795E+16
    171936  0.75409774E+16
    172224  0.75067106E+16
    172512  0.74740720E+16
    172800  0.74424149E+16
    173088  0.74112544E+16
    173376  0.73741287E+16
    173664  0.73388160E+16
    173952  0.73046103E+16
    174240  0.72710312E+16
    174528  0.72315433E+16
    174816  0.71939215E+16
    175104  0.71574572E+16
    175392  0.71216404E+16
    175680  0.70861189E+16
    175968  0.70446161E+16
    176256  0.70048087E+16
    176544  0.69660542E+16
    176832  0.69279331E+16
    177120  0.68826099E+16
    177408  0.68395518E+16
    177696  0.67979840E+16
    177984  0.67573392E+16
    178272  0.67172145E+16
    178560  0.66715026E+16
    178848  0.66275716E+16
    179136  0.65848060E+16
    179424  0.65427588E+16
    179712  0.64954154E+16
    180000  0.64499510E+16
    180288  0.64057295E+16
    180576  0.63566273E+16
    180864  0.63096586E+16
    181152  0.62641513E+16
    181440  0.62196195E+16
    181728  0.61701865E+16
    182016  0.61227293E+16
    182304  0.60766792E+16
    182592  0.60315836E+16
    182880  0.59817121E+16
    183168  0.59337921E+16
    183456  0.58872539E+16
    183744  0.58416876E+16
    184032  0.57915723E+16
    184320  0.57433988E+16
    184608  0.56966331E+16
    184896  0.56509175E+16
    185184  0.56008951E+16
    185472  0.55528226E+16
    185760  0.55061916E+16
    186048  0.54606327E+16
    186336  0.54110076E+16
    186624  0.53633216E+16
    186912  0.53171062E+16
    187200  0.52720444E+16
    187488  0.52278900E+16
    187776  0.51798336E+16
    188064  0.51335699E+16
    188352  0.50887095E+16
    188640  0.50449518E+16
    188928  0.49977088E+16
    189216  0.49523502E+16
    189504  0.49085104E+16
    189792  0.48658833E+16
    190080  0.48242662E+16
    190368  0.47794112E+16
    190656  0.47363020E+16
    190944  0.46946414E+16
    191232  0.46542112E+16
    191520  0.46148543E+16
    191808  0.45726466E+16
    192096  0.45321402E+16
    192384  0.44930802E+16
    192672  0.44552625E+16
    192960  0.44185681E+16
    193248  0.43829153E+16
    193536  0.43448531E+16
    193824  0.43083767E+16
    194112  0.42732978E+16
    194400  0.42394744E+16
    194688  0.42068254E+16
    194976  0.41752964E+16
    195264  0.41448399E+16
    195552  0.41125909E+16
    195840  0.40818338E+16
    196128  0.40524463E+16
    196416  0.40243438E+16
    196704  0.39974646E+16
    196992  0.39717342E+16
    197280  0.39470889E+16
    197568  0.39234701E+16
    197856  0.39008238E+16
    198144  0.38791240E+16
    198432  0.38562654E+16
    198720  0.38345927E+16
    199008  0.38140072E+16
    199296  0.37944283E+16
    199584  0.37757986E+16
    199872  0.37580779E+16
    200160  0.37412343E+16
    200448  0.37252318E+16
    200736  0.37100553E+16
    201024  0.36956830E+16
    201312  0.36821087E+16
    201600  0.36693261E+16
    201888  0.36573308E+16
    202176  0.36461110E+16
    202464  0.36356678E+16
    202752  0.36259966E+16
    203040  0.36171004E+16
    203328  0.36089810E+16
    203616  0.36016460E+16
    203904  0.35950943E+16
    204192  0.35893332E+16
    204480  0.35843596E+16
    204768  0.35801838E+16
    205056  0.35768066E+16
    205344  0.35742366E+16
    205632  0.35724835E+16
    205920  0.35715501E+16
    206208  0.35714422E+16
    206496  0.35721646E+16
    206784  0.35737207E+16
    207072  0.35768281E+16
    207360  0.35806646E+16
    207648  0.35852605E+16
    207936  0.35906437E+16
    208224  0.35968346E+16
    208512  0.36038515E+16
    208800  0.36117024E+16
    209088  0.36204005E+16
    209376  0.36299525E+16
    209664  0.36403630E+16
    209952  0.36521481E+16
    210240  0.36647190E+16
    210528  0.36780986E+16
    210816  0.36923096E+16
    211104  0.37073637E+16
    211392  0.37232690E+16
    211680  0.37400350E+16
    211968  0.37580741E+16
    212256  0.37769126E+16
    212544  0.37965745E+16
    212832  0.38170749E+16
    213120  0.38384182E+16
    213408  0.38606156E+16
    213696  0.38840036E+16
    213984  0.39081956E+16
    214272  0.39332035E+16
    214560  0.39590383E+16
    214848  0.39857068E+16
    215136  0.40132075E+16
    215424  0.40418302E+16
    215712  0.40712416E+16
    216000  0.41014481E+16
    216288  0.41324559E+16
    216576  0.41642706E+16
    216864  0.41968842E+16
    217152  0.42305414E+16
    217440  0.42649535E+16
    217728  0.43001223E+16
    218016  0.43360489E+16
    218304  0.43727322E+16
    218592  0.44103766E+16
    218880  0.44487290E+16
    219168  0.44877917E+16
    219456  0.45275639E+16
    219744  0.45680333E+16
    220032  0.46092000E+16
    220320  0.46512300E+16
    220608  0.46939032E+16
    220896  0.47372099E+16
    221184  0.47811452E+16
    221472  0.48257012E+16
    221760  0.48708650E+16
    222048  0.49167803E+16
    222336  0.49632481E+16
    222624  0.50102576E+16
    222912  0.50577964E+16
    223200  0.51058523E+16
    223488  0.51545519E+16
    223776  0.52037147E+16
    224064  0.52533237E+16
    224352  0.53033655E+16
    224640  0.53538233E+16
    224928  0.54046795E+16
    225216  0.54559152E+16
    225504  0.55076384E+16
    225792  0.55596757E+16
    226080  0.56120131E+16
    226368  0.56646345E+16
    226656  0.57175163E+16
    226944  0.57706418E+16
    227232  0.58241002E+16
    227520  0.58777347E+16
    227808  0.59315265E+16
    228096  0.59854616E+16
    228384  0.60395100E+16
    228672  0.60936529E+16
    228960  0.61478683E+16
    229248  0.62022388E+16
    229536  0.62566099E+16
    229824  0.63109729E+16
    230112  0.63652951E+16
    230400  0.64195674E+16
    230688  0.64737564E+16
    230976  0.65278408E+16
    231264  0.65818983E+16
    231552  0.66357894E+16
    231840  0.66894937E+16
    232128  0.67429956E+16
    232416  0.67962703E+16
    232704  0.68492939E+16
    232992  0.69020506E+16
    233280  0.69545147E+16
    233568  0.70067565E+16
    233856  0.70586445E+16
    234144  0.71101729E+16
    234432  0.71613120E+16
    234720  0.72120468E+16
    235008  0.72623623E+16
    235296  0.73122377E+16
    235584  0.73616513E+16
    235872  0.74106692E+16
    236160  0.74591814E+16
    236448  0.75071728E+16
    236736  0.75546300E+16
    237024  0.76015370E+16
    237312  0.76478856E+16
    237600  0.76936571E+16
    237888  0.77388326E+16
    238176  0.77835003E+16
    238464  0.78275371E+16
    238752  0.78709356E+16
    239040  0.79136855E+16
    239328  0.79557832E+16
    239616  0.79972135E+16
    239904  0.80379658E+16
    240192  0.80780378E+16
    240480  0.81175236E+16
    240768  0.81562943E+16
    241056  0.81943531E+16
    241344  0.82316951E+16
    241632  0.82683129E+16
    241920  0.83042081E+16
    242208  0.83393700E+16
    242496  0.83738022E+16
    242784  0.84076218E+16
    243072  0.84406818E+16
    243360  0.84729939E+16
    243648  0.85045555E+16
    243936  0.85353686E+16
    244224  0.85654366E+16
    244512  0.85947541E+16
    244800  0.86233285E+16
    245088  0.86513000E+16
    245376  0.86785065E+16
    245664  0.87049592E+16
    245952  0.87306613E+16
    246240  0.87556167E+16
    246528  0.87798237E+16
    246816  0.88032919E+16
    247104  0.88260209E+16
    247392  0.88482006E+16
    247680  0.88696213E+16
    247968  0.88902902E+16
    248256  0.89102221E+16
    248544  0.89294185E+16
    248832  0.89478825E+16
    249120  0.89656197E+16
    249408  0.89826315E+16
    249696  0.89991596E+16
    249984  0.90149323E+16
    250272  0.90299583E+16
    250560  0.90442498E+16
    250848  0.90578047E+16
    251136  0.90706273E+16
    251424  0.90827177E+16
    251712  0.90940628E+16
    252000  0.91050128E+16
    252288  0.91151780E+16
    252576  0.91245732E+16
    252864  0.91332029E+16
    253152  0.91410605E+16
    253440  0.91481375E+16
    253728  0.91544060E+16
    254016  0.91598617E+16
    254304  0.91650006E+16
    254592  0.91692580E+16
    254880  0.91726392E+16
    255168  0.91751421E+16
    255456  0.91767581E+16
    255744  0.91774561E+16
    256032  0.91772123E+16
    256320  0.91760086E+16
    256608  0.91737849E+16
    256896  0.91705165E+16
    257184  0.91661635E+16
    257472  0.91616227E+16
    257760  0.91558534E+16
    258048  0.91488666E+16
    258336  0.91406385E+16
    258624  0.91311402E+16
    258912  0.91203265E+16
    259200  0.91081364E+16
    259488  0.90945213E+16
    259776  0.90794181E+16
    260064  0.90627579E+16
    260352  0.90444796E+16
    260640  0.90245273E+16
    260928  0.90028576E+16
    261216  0.89793834E+16
    261504  0.89540265E+16
    261792  0.89267180E+16
    262080  0.88973796E+16
    262368  0.88659512E+16
    262656  0.88323715E+16
    262944  0.87965821E+16
    263232  0.87585325E+16
    263520  0.87181845E+16
    263808  0.86754898E+16
    264096  0.86304361E+16
    264384  0.85830374E+16
    264672  0.85333398E+16
    264960  0.84813310E+16
    265248  0.84270410E+16
    265536  0.83705643E+16
    265824  0.83128383E+16
    266112  0.82656146E+16
    266400  0.82385284E+16
    266688  0.82174793E+16
    266976  0.81995902E+16
    267264  0.81840623E+16
    267552  0.81702068E+16
    267840  0.81517620E+16
    268128  0.81357370E+16
    268416  0.81213365E+16
    268704  0.81079936E+16
    268992  0.80952886E+16
    269280  0.80829218E+16
    269568  0.80707079E+16
    269856  0.80584217E+16
    270144  0.80459211E+16
    270432  0.80270952E+16
    270720  0.80096770E+16
    271008  0.79930898E+16
    271296  0.79769268E+16
    271584  0.79608921E+16
    271872  0.79447897E+16
    272160  0.79285118E+16
    272448  0.79057544E+16
    272736  0.78844014E+16
    273024  0.78638639E+16
    273312  0.78437232E+16
    273600  0.78236877E+16
    273888  0.78035540E+16
    274176  0.77770068E+16
    274464  0.77519349E+16
    274752  0.77277457E+16
    275040  0.77039832E+16
    275328  0.76803405E+16
    275616  0.76566028E+16
    275904  0.76264295E+16
    276192  0.75977424E+16
    276480  0.75699212E+16
    276768  0.75425837E+16
    277056  0.75153724E+16
    277344  0.74818873E+16
    277632  0.74499928E+16
    277920  0.74190492E+16
    278208  0.73886065E+16
    278496  0.73521814E+16
    278784  0.73175371E+16
    279072  0.72839848E+16
    279360  0.72510859E+16
    279648  0.72123083E+16
    279936  0.71753656E+16
    280224  0.71395633E+16
    280512  0.71044053E+16
    280800  0.70695495E+16
    281088  0.70287279E+16
    281376  0.69895831E+16
    281664  0.69514690E+16
    281952  0.69139986E+16
    282240  0.68693664E+16
    282528  0.68269552E+16
    282816  0.67859920E+16
    283104  0.67459253E+16
    283392  0.67063778E+16
    283680  0.66612913E+16
    283968  0.66179562E+16
    284256  0.65757581E+16
    284544  0.65342575E+16
    284832  0.64875309E+16
    285120  0.64426684E+16
    285408  0.63990143E+16
    285696  0.63505343E+16
    285984  0.63041321E+16
    286272  0.62591283E+16
    286560  0.62150566E+16
    286848  0.61661729E+16
    287136  0.61192219E+16
    287424  0.60736335E+16
    287712  0.60289803E+16
    288000  0.59796650E+16
    288288  0.59322523E+16
    288576  0.58861641E+16
    288864  0.58410031E+16
    289152  0.57914214E+16
    289440  0.57437247E+16
    289728  0.56973745E+16
    290016  0.56520368E+16
    290304  0.56025594E+16
    290592  0.55549733E+16
    290880  0.55087642E+16
    291168  0.54635737E+16
    291456  0.54144843E+16
    291744  0.53672644E+16
    292032  0.53214505E+16
    292320  0.52767464E+16
    292608  0.52329372E+16
    292896  0.51854552E+16
    293184  0.51397149E+16
    293472  0.50953312E+16
    293760  0.50520202E+16
    294048  0.50054628E+16
    294336  0.49607248E+16
    294624  0.49174605E+16
    294912  0.48753811E+16
    295200  0.48343073E+16
    295488  0.47902914E+16
    295776  0.47479806E+16
    296064  0.47070775E+16
    296352  0.46674006E+16
    296640  0.46288334E+16
    296928  0.45877853E+16
    297216  0.45484241E+16
    297504  0.45104925E+16
    297792  0.44738320E+16
    298080  0.44383524E+16
    298368  0.44040101E+16
    298656  0.43677461E+16
    298944  0.43331112E+16
    299232  0.42998832E+16
    299520  0.42679071E+16
    299808  0.42370805E+16
    300096  0.42073210E+16
    300384  0.41785433E+16
    300672  0.41483041E+16
    300960  0.41194000E+16
    301248  0.40916508E+16
    301536  0.40649380E+16
    301824  0.40391797E+16
    302112  0.40143057E+16
    302400  0.39902592E+16
    302688  0.39669998E+16
    302976  0.39445036E+16
    303264  0.39227552E+16
    303552  0.39001583E+16
    303840  0.38785871E+16
    304128  0.38579388E+16
    304416  0.38381495E+16
    304704  0.38191724E+16
    304992  0.38009883E+16
    305280  0.37835720E+16
    305568  0.37669123E+16
    305856  0.37509952E+16
    306144  0.37358197E+16
    306432  0.37213900E+16
    306720  0.37077076E+16
    307008  0.36947717E+16
    307296  0.36825887E+16
    307584  0.36711598E+16
    307872  0.36604903E+16
    308160  0.36505864E+16
    308448  0.36414558E+16
    308736  0.36331102E+16
    309024  0.36255553E+16
    309312  0.36187958E+16
    309600  0.36128371E+16
    309888  0.36076893E+16
    310176  0.36033594E+16
    310464  0.35998531E+16
    310752  0.35971844E+16
    311040  0.35953566E+16
    311328  0.35943749E+16
    311616  0.35942471E+16
    311904  0.35949784E+16
    312192  0.35970198E+16
    312480  0.35998440E+16
    312768  0.36034781E+16
    313056  0.36079467E+16
    313344  0.36132607E+16
    313632  0.36194422E+16
    313920  0.36264951E+16
    314208  0.36344276E+16
    314496  0.36432476E+16
    314784  0.36529561E+16
    315072  0.36638637E+16
