         1   71.400002    
       288   71.405533    
       576   71.420197    
       864   71.441948    
      1152   71.468880    
      1440   71.500038    
      1728   71.534592    
      2016   71.571724    
      2304   71.610649    
      2592   71.651314    
      2880   71.693092    
      3168   71.735519    
      3456   71.778915    
      3744   71.822922    
      4032   71.867249    
      4320   71.911819    
      4608   71.956825    
      4896   72.001915    
      5184   72.047379    
      5472   72.093163    
      5760   72.139046    
      6048   72.184937    
      6336   72.230774    
      6624   72.276283    
      6912   72.321564    
      7200   72.367142    
      7488   72.412682    
      7776   72.457115    
      8064   72.501381    
      8352   72.545700    
      8640   72.590065    
      8928   72.634415    
      9216   72.678619    
      9504   72.722565    
      9792   72.766510    
     10080   72.810455    
     10368   72.854401    
     10656   72.898346    
     10944   72.942291    
     11232   72.986237    
     11520   73.030182    
     11808   73.074127    
     12096   73.118073    
     12384   73.162254    
     12672   73.206497    
     12960   73.250771    
     13248   73.295769    
     13536   73.341515    
     13824   73.387482    
     14112   73.433624    
     14400   73.479767    
     14688   73.526154    
     14976   73.572662    
     15264   73.620369    
     15552   73.668571    
     15840   73.717293    
     16128   73.767197    
     16416   73.817459    
     16704   73.868256    
     16992   73.920265    
     17280   73.973373    
     17568   74.027695    
     17856   74.083000    
     18144   74.139519    
     18432   74.197037    
     18720   74.255836    
     19008   74.316139    
     19296   74.378021    
     19584   74.441879    
     19872   74.507774    
     20160   74.575668    
     20448   74.645622    
     20736   74.717728    
     21024   74.792252    
     21312   74.869232    
     21600   74.949684    
     21888   75.033035    
     22176   75.119331    
     22464   75.209183    
     22752   75.302017    
     23040   75.398590    
     23328   75.499466    
     23616   75.605225    
     23904   75.716003    
     24192   75.831940    
     24480   75.952995    
     24768   76.079765    
     25056   76.212021    
     25344   76.350471    
     25632   76.496361    
     25920   76.650070    
     26208   76.811943    
     26496   76.982361    
     26784   77.161552    
     27072   77.349915    
     27360   77.548119    
     27648   77.756432    
     27936   77.976860    
     28224   78.210464    
     28512   78.457367    
     28800   78.718124    
     29088   78.993370    
     29376   79.283539    
     29664   79.589172    
     29952   79.911087    
     30240   80.251617    
     30528   80.611710    
     30816   80.991280    
     31104   81.390030    
     31392   81.808006    
     31680   82.244919    
     31968   82.700111    
     32256   83.172272    
     32544   83.661674    
     32832   84.167206    
     33120   84.685318    
     33408   85.212654    
     33696   85.746452    
     33984   86.284744    
     34272   86.825829    
     34560   87.368462    
     34848   87.913437    
     35136   88.460434    
     35424   89.008797    
     35712   89.558464    
     36000   90.109589    
     36288   90.662003    
     36576   91.215958    
     36864   91.771645    
     37152   92.330521    
     37440   92.892899    
     37728   93.458687    
     38016   94.027847    
     38304   94.600266    
     38592   95.176147    
     38880   95.755554    
     39168   96.338318    
     39456   96.925934    
     39744   97.518478    
     40032   98.115631    
     40320   98.717117    
     40608   99.322716    
     40896   99.932533    
     41184   100.54634    
     41472   101.16371    
     41760   101.78612    
     42048   102.41325    
     42336   103.04469    
     42624   103.67993    
     42912   104.31923    
     43200   104.96244    
     43488   105.60895    
     43776   106.25837    
     44064   106.91216    
     44352   107.56985    
     44640   108.23139    
     44928   108.89597    
     45216   109.56358    
     45504   110.23434    
     45792   110.90759    
     46080   111.58318    
     46368   112.26109    
     46656   112.94119    
     46944   113.62332    
     47232   114.30821    
     47520   114.99609    
     47808   115.68698    
     48096   116.38022    
     48384   117.07558    
     48672   117.77264    
     48960   118.47134    
     49248   119.17193    
     49536   119.87431    
     49824   120.57780    
     50112   121.28298    
     50400   121.98927    
     50688   122.69675    
     50976   123.40560    
     51264   124.11553    
     51552   124.82667    
     51840   125.53888    
     52128   126.25216    
     52416   126.96651    
     52704   127.68180    
     52992   128.39767    
     53280   129.11517    
     53568   129.83365    
     53856   130.55272    
     54144   131.27200    
     54432   131.99168    
     54720   132.71281    
     55008   133.43498    
     55296   134.15781    
     55584   134.88104    
     55872   135.60464    
     56160   136.32849    
     56448   137.05266    
     56736   137.77704    
     57024   138.50244    
     57312   139.22844    
     57600   139.95287    
     57888   140.67662    
     58176   141.39995    
     58464   142.12292    
     58752   142.84569    
     59040   143.56819    
     59328   144.29027    
     59616   145.01204    
     59904   145.73343    
     60192   146.45274    
     60480   147.17110    
     60768   147.88834    
     61056   148.60361    
     61344   149.31819    
     61632   150.03236    
     61920   150.74588    
     62208   151.45648    
     62496   152.16554    
     62784   152.87253    
     63072   153.57784    
     63360   154.28203    
     63648   154.98387    
     63936   155.68353    
     64224   156.38007    
     64512   157.07442    
     64800   157.76616    
     65088   158.45619    
     65376   159.14345    
     65664   159.82767    
     65952   160.50861    
     66240   161.18639    
     66528   161.86041    
     66816   162.53200    
     67104   163.19926    
     67392   163.86234    
     67680   164.52153    
     67968   165.17683    
     68256   165.82724    
     68544   166.47272    
     68832   167.11363    
     69120   167.75000    
     69408   168.38052    
     69696   169.00517    
     69984   169.62498    
     70272   170.26393    
     70560   171.15131    
     70848   172.06198    
     71136   172.97008    
     71424   173.87663    
     71712   174.78067    
     72000   175.68187    
     72288   176.57936    
     72576   177.47395    
     72864   178.36697    
     73152   179.25854    
     73440   180.14696    
     73728   181.03227    
     74016   181.91571    
     74304   182.79742    
     74592   183.67570    
     74880   184.55038    
     75168   185.42290    
     75456   186.29135    
     75744   187.15579    
     76032   188.01700    
     76320   188.87643    
     76608   189.73161    
     76896   190.58269    
     77184   191.43033    
     77472   192.27548    
     77760   193.11623    
     78048   193.95268    
     78336   194.78543    
     78624   195.61552    
     78912   196.44095    
     79200   197.26137    
     79488   198.07794    
     79776   198.89111    
     80064   199.69843    
     80352   200.50008    
     80640   201.29707    
     80928   202.09010    
     81216   202.87674    
     81504   203.65738    
     81792   204.43250    
     82080   205.20248    
     82368   205.96738    
     82656   206.72549    
     82944   207.47585    
     83232   208.22029    
     83520   208.95860    
     83808   209.68861    
     84096   210.40962    
     84384   211.12230    
     84672   211.82698    
     84960   212.52397    
     85248   213.21155    
     85536   213.88823    
     85824   214.55533    
     86112   215.21281    
     86400   215.86011    
     86688   216.49524    
     86976   217.11742    
     87264   217.72697    
     87552   218.32433    
     87840   218.90907    
     88128   219.47969    
     88416   220.03436    
     88704   220.57161    
     88992   221.09177    
     89280   221.59395    
     89568   222.07698    
     89856   222.53839    
     90144   222.97632    
     90432   223.38962    
     90720   223.77882    
     91008   224.14372    
     91296   224.48422    
     91584   224.80086    
     91872   225.09479    
     92160   225.36801    
     92448   225.62241    
     92736   225.85997    
     93024   226.08240    
     93312   226.29808    
     93600   226.50652    
     93888   226.70546    
     94176   226.89438    
     94464   227.07347    
     94752   227.24316    
     95040   227.40395    
     95328   227.55661    
     95616   227.70142    
     95904   227.83908    
     96192   227.97009    
     96480   228.09473    
     96768   228.21324    
     97056   228.32626    
     97344   228.43419    
     97632   228.53716    
     97920   228.63562    
     98208   228.72980    
     98496   228.81993    
     98784   228.90617    
     99072   228.98891    
     99360   229.06839    
     99648   229.14473    
     99936   229.21817    
    100224   229.28900    
    100512   229.35725    
    100800   229.42302    
    101088   229.48657    
    101376   229.54810    
    101664   229.60760    
    101952   229.66200    
    102240   229.71312    
    102528   229.76259    
    102816   229.81065    
    103104   229.85753    
    103392   229.90303    
    103680   229.94753    
    103968   229.99095    
    104256   230.03328    
    104544   230.07474    
    104832   230.11302    
