         1  0.55226421    
       288  0.55409217    
       576  0.55548733    
       864  0.55690891    
      1152  0.55835611    
      1440  0.55982828    
      1728  0.56152046    
      2016  0.56322879    
      2304  0.56495339    
      2592  0.56669354    
      2880  0.56844884    
      3168  0.57021886    
      3456  0.57217956    
      3744  0.57414740    
      4032  0.57612181    
      4320  0.57810253    
      4608  0.58008838    
      4896  0.58207846    
      5184  0.58423430    
      5472  0.58638781    
      5760  0.58853817    
      6048  0.59068441    
      6336  0.59282529    
      6624  0.59495944    
      6912  0.59723771    
      7200  0.59950382    
      7488  0.60175645    
      7776  0.60399431    
      8064  0.60621578    
      8352  0.60856491    
      8640  0.61089259    
      8928  0.61319768    
      9216  0.61547863    
      9504  0.61773390    
      9792  0.61996180    
     10080  0.62230259    
     10368  0.62461239    
     10656  0.62688947    
     10944  0.62913263    
     11232  0.63134021    
     11520  0.63351047    
     11808  0.63578230    
     12096  0.63801461    
     12384  0.64020568    
     12672  0.64235425    
     12960  0.64445883    
     13248  0.64665920    
     13536  0.64881420    
     13824  0.65092283    
     14112  0.65298420    
     14400  0.65499669    
     14688  0.65695965    
     14976  0.65887153    
     15264  0.66087848    
     15552  0.66283560    
     15840  0.66474187    
     16128  0.66659689    
     16416  0.66839975    
     16704  0.67015100    
     16992  0.67200375    
     17280  0.67380738    
     17568  0.67556179    
     17856  0.67726696    
     18144  0.67892367    
     18432  0.68053174    
     18720  0.68209124    
     19008  0.68377417    
     19296  0.68541634    
     19584  0.68701929    
     19872  0.68858391    
     20160  0.69011205    
     20448  0.69160652    
     20736  0.69306809    
     21024  0.69469422    
     21312  0.69630182    
     21600  0.69789457    
     21888  0.69947571    
     22176  0.70104915    
     22464  0.70261902    
     22752  0.70419079    
     23040  0.70576793    
     23328  0.70759314    
     23616  0.70944768    
     23904  0.71133810    
     24192  0.71326935    
     24480  0.71524704    
     24768  0.71727586    
     25056  0.71936214    
     25344  0.72150761    
     25632  0.72398740    
     25920  0.72654969    
     26208  0.72919565    
     26496  0.73192149    
     26784  0.73472160    
     27072  0.73758680    
     27360  0.74050367    
     27648  0.74345565    
     27936  0.74684978    
     28224  0.75026125    
     28512  0.75365716    
     28800  0.75699925    
     29088  0.76024181    
     29376  0.76333398    
     29664  0.76622099    
     29952  0.76884842    
     30240  0.77177376    
     30528  0.77435970    
     30816  0.77654654    
     31104  0.77827787    
     31392  0.77950567    
     31680  0.78018743    
     31968  0.78029197    
     32256  0.77980083    
     32544  0.77954406    
     32832  0.77870691    
     33120  0.77729869    
     33408  0.77534074    
     33696  0.77286673    
     33984  0.76992536    
     34272  0.76656389    
     34560  0.76284188    
     34848  0.75976592    
     35136  0.75641084    
     35424  0.75283039    
     35712  0.74908221    
     36000  0.74521476    
     36288  0.74127591    
     36576  0.73731029    
     36864  0.73335654    
     37152  0.73039162    
     37440  0.72742343    
     37728  0.72447431    
     38016  0.72156340    
     38304  0.71870768    
     38592  0.71592122    
     38880  0.71321458    
     39168  0.71059573    
     39456  0.70896769    
     39744  0.70734888    
     40032  0.70574391    
     40320  0.70415813    
     40608  0.70259655    
     40896  0.70106179    
     41184  0.69955748    
     41472  0.69808412    
     41760  0.69749624    
     42048  0.69685256    
     42336  0.69616085    
     42624  0.69542801    
     42912  0.69466001    
     43200  0.69386864    
     43488  0.69305313    
     43776  0.69221908    
     44064  0.69218582    
     44352  0.69205439    
     44640  0.69183755    
     44928  0.69154531    
     45216  0.69118762    
     45504  0.69077414    
     45792  0.69031316    
     46080  0.68981361    
     46368  0.68928170    
     46656  0.68872499    
     46944  0.68815053    
     47232  0.68835592    
     47520  0.68846619    
     47808  0.68849450    
     48096  0.68845195    
     48384  0.68834931    
     48672  0.68819678    
     48960  0.68800271    
     49248  0.68777633    
     49536  0.68752414    
     49824  0.68725371    
     50112  0.68697053    
     50400  0.68667614    
     50688  0.68637997    
     50976  0.68608683    
     51264  0.68580043    
     51552  0.68552482    
     51840  0.68526238    
     52128  0.68501586    
     52416  0.68478811    
     52704  0.68458176    
     52992  0.68439811    
     53280  0.68423945    
     53568  0.68410599    
     53856  0.68400097    
     54144  0.68391913    
     54432  0.68386710    
     54720  0.68384600    
     55008  0.68385613    
     55296  0.68389899    
     55584  0.68397450    
     55872  0.68408322    
     56160  0.68422669    
     56448  0.68440396    
     56736  0.68461657    
     57024  0.68486238    
     57312  0.68514425    
     57600  0.68461597    
     57888  0.68421954    
     58176  0.68394464    
     58464  0.68378448    
     58752  0.68372995    
     59040  0.68377435    
     59328  0.68390697    
     59616  0.68412668    
     59904  0.68442810    
     60192  0.68392044    
     60480  0.68358380    
     60768  0.68340391    
     61056  0.68336892    
     61344  0.68346602    
     61632  0.68368614    
     61920  0.68401712    
     62208  0.68353003    
     62496  0.68324244    
     62784  0.68313730    
     63072  0.68319917    
     63360  0.68341404    
     63648  0.68376958    
     63936  0.68330169    
     64224  0.68304825    
     64512  0.68299896    
     64800  0.68313563    
     65088  0.68344247    
     65376  0.68390507    
     65664  0.68352282    
     65952  0.68337733    
     66240  0.68344635    
     66528  0.68370926    
     66816  0.68415225    
     67104  0.68373823    
     67392  0.68358201    
     67680  0.68366104    
     67968  0.68395448    
     68256  0.68339336    
     68544  0.68311948    
     68832  0.68310601    
     69120  0.68332773    
     69408  0.68268234    
     69696  0.68234593    
     69984  0.68229067    
     70272  0.68258983    
     70560  0.68381912    
     70848  0.68401754    
     71136  0.68437147    
     71424  0.68488699    
     71712  0.68556648    
     72000  0.68497360    
     72288  0.68468517    
     72576  0.68468207    
     72864  0.68494558    
     73152  0.68545693    
     73440  0.68502003    
     73728  0.68491101    
     74016  0.68510205    
     74304  0.68556750    
     74592  0.68507457    
     74880  0.68492794    
     75168  0.68509644    
     75456  0.68431568    
     75744  0.68391198    
     76032  0.68384999    
     76320  0.68409771    
     76608  0.68337154    
     76896  0.68301541    
     77184  0.68298870    
     77472  0.68326581    
     77760  0.68253791    
     78048  0.68217313    
     78336  0.68213582    
     78624  0.68239307    
     78912  0.68162340    
     79200  0.68120557    
     79488  0.68110251    
     79776  0.68127984    
     80064  0.68039972    
     80352  0.67985672    
     80640  0.67961460    
     80928  0.67963809    
     81216  0.67858368    
     81504  0.67784333    
     81792  0.67737973    
     82080  0.67715317    
     82368  0.67713338    
     82656  0.67598087    
     82944  0.67508000    
     83232  0.67439270    
     83520  0.67388165    
     83808  0.67221934    
     84096  0.67076242    
     84384  0.66947770    
     84672  0.66832566    
     84960  0.66726881    
     85248  0.66501492    
     85536  0.66288877    
     85824  0.66085100    
     86112  0.65886009    
     86400  0.65688384    
     86688  0.65369469    
     86976  0.65056056    
     87264  0.64744866    
     87552  0.64433026    
     87840  0.64117795    
     88128  0.63797331    
     88416  0.63362151    
     88704  0.62928945    
     88992  0.62496555    
     89280  0.62064385    
     89568  0.61631918    
     89856  0.61199558    
     90144  0.60767877    
     90432  0.60247892    
     90720  0.59740084    
     91008  0.59245604    
     91296  0.58765322    
     91584  0.58301008    
     91872  0.57854104    
     92160  0.57426131    
     92448  0.57018417    
     92736  0.56632113    
     93024  0.56268018    
     93312  0.55862200    
     93600  0.55486232    
     93888  0.55139178    
     94176  0.54820120    
     94464  0.54527903    
     94752  0.54261684    
     95040  0.54020417    
     95328  0.53802949    
     95616  0.53608000    
     95904  0.53434336    
     96192  0.53280568    
     96480  0.53145498    
     96768  0.53027952    
     97056  0.52926695    
     97344  0.52840656    
     97632  0.52768761    
     97920  0.52710021    
     98208  0.52663392    
     98496  0.52628082    
     98784  0.52603322    
     99072  0.52588397    
     99360  0.52582663    
     99648  0.52585548    
     99936  0.52596521    
    100224  0.52614945    
    100512  0.52640516    
    100800  0.52672881    
    101088  0.52711672    
    101376  0.52756584    
    101664  0.52807373    
    101952  0.52891225    
    102240  0.52978569    
    102528  0.53069675    
    102816  0.53164548    
    103104  0.53263032    
    103392  0.53365147    
    103680  0.53470796    
    103968  0.53579992    
    104256  0.53692651    
    104544  0.53808725    
    104832  0.53949690    
