         1  0.37052208    
       288  0.60132849    
       576  0.65418780    
       864  0.66548383    
      1152  0.67199969    
      1440  0.67726207    
      1728  0.68218350    
      2016  0.68682182    
      2304  0.69127977    
      2592  0.69560713    
      2880  0.69982135    
      3168  0.70393217    
      3456  0.70812523    
      3744  0.71222568    
      4032  0.71624011    
      4320  0.72017395    
      4608  0.72403169    
      4896  0.72781777    
      5184  0.73169833    
      5472  0.73550963    
      5760  0.73925495    
      6048  0.74293709    
      6336  0.74655807    
      6624  0.75011963    
      6912  0.75377697    
      7200  0.75737482    
      7488  0.76091504    
      7776  0.76439828    
      8064  0.76782501    
      8352  0.77134269    
      8640  0.77480263    
      8928  0.77820498    
      9216  0.78154975    
      9504  0.78483689    
      9792  0.78806567    
     10080  0.79137921    
     10368  0.79463285    
     10656  0.79782552    
     10944  0.80095679    
     11232  0.80402571    
     11520  0.80703074    
     11808  0.81011385    
     12096  0.81313163    
     12384  0.81608307    
     12672  0.81896639    
     12960  0.82178068    
     13248  0.82466841    
     13536  0.82748532    
     13824  0.83023065    
     14112  0.83290267    
     14400  0.83549994    
     14688  0.83802068    
     14976  0.84046334    
     15264  0.84297675    
     15552  0.84541178    
     15840  0.84776652    
     16128  0.85003954    
     16416  0.85222882    
     16704  0.85433316    
     16992  0.85650957    
     17280  0.85860068    
     17568  0.86060506    
     17856  0.86252093    
     18144  0.86434656    
     18432  0.86607945    
     18720  0.86771876    
     19008  0.86945629    
     19296  0.87121916    
     19584  0.87304616    
     19872  0.87486219    
     20160  0.87665510    
     20448  0.87842613    
     20736  0.88017553    
     21024  0.88207567    
     21312  0.88393050    
     21600  0.88574088    
     21888  0.88750821    
     22176  0.88923359    
     22464  0.89091778    
     22752  0.89256275    
     23040  0.89416921    
     23328  0.89590323    
     23616  0.89757329    
     23904  0.89918351    
     24192  0.90073830    
     24480  0.90224081    
     24768  0.90369421    
     25056  0.90510190    
     25344  0.90646690    
     25632  0.90792918    
     25920  0.90932822    
     26208  0.91066974    
     26496  0.91195941    
     26784  0.91320121    
     27072  0.91439891    
     27360  0.91555619    
     27648  0.91667712    
     27936  0.91791379    
     28224  0.91908932    
     28512  0.92020977    
     28800  0.92128080    
     29088  0.92230773    
     29376  0.92329335    
     29664  0.92423981    
     29952  0.92514956    
     30240  0.92616469    
     30528  0.92711174    
     30816  0.92799711    
     31104  0.92882675    
     31392  0.92960674    
     31680  0.93034291    
     31968  0.93103963    
     32256  0.93170047    
     32544  0.93246490    
     32832  0.93316758    
     33120  0.93381828    
     33408  0.93442523    
     33696  0.93499589    
     33984  0.93553692    
     34272  0.93605387    
     34560  0.93654954    
     34848  0.93715703    
     35136  0.93771160    
     35424  0.93822336    
     35712  0.93870127    
     36000  0.93915290    
     36288  0.93958241    
     36576  0.93999290    
     36864  0.94038677    
     37152  0.94088989    
     37440  0.94134372    
     37728  0.94176012    
     38016  0.94214612    
     38304  0.94250751    
     38592  0.94284868    
     38880  0.94317299    
     39168  0.94348264    
     39456  0.94389570    
     39744  0.94426191    
     40032  0.94459331    
     40320  0.94489717    
     40608  0.94517899    
     40896  0.94544286    
     41184  0.94569182    
     41472  0.94592792    
     41760  0.94626153    
     42048  0.94654995    
     42336  0.94680429    
     42624  0.94703275    
     42912  0.94724149    
     43200  0.94743574    
     43488  0.94761914    
     43776  0.94779223    
     44064  0.94805759    
     44352  0.94827980    
     44640  0.94847000    
     44928  0.94863617    
     45216  0.94878435    
     45504  0.94891840    
     45792  0.94904101    
     46080  0.94915384    
     46368  0.94925797    
     46656  0.94935381    
     46944  0.94944215    
     47232  0.94961923    
     47520  0.94975621    
     47808  0.94986391    
     48096  0.94995028    
     48384  0.95002073    
     48672  0.95007885    
     48960  0.95012677    
     49248  0.95016587    
     49536  0.95019686    
     49824  0.95022023    
     50112  0.95023620    
     50400  0.95024401    
     50688  0.95024294    
     50976  0.95023417    
     51264  0.95021844    
     51552  0.95019621    
     51840  0.95016724    
     52128  0.95013160    
     52416  0.95008898    
     52704  0.95003963    
     52992  0.94998306    
     53280  0.94991928    
     53568  0.94984812    
     53856  0.94976944    
     54144  0.94968218    
     54432  0.94958556    
     54720  0.94948065    
     55008  0.94936800    
     55296  0.94924766    
     55584  0.94911969    
     55872  0.94898379    
     56160  0.94883960    
     56448  0.94868702    
     56736  0.94852573    
     57024  0.94835502    
     57312  0.94817322    
     57600  0.94788051    
     57888  0.94761282    
     58176  0.94735855    
     58464  0.94710940    
     58752  0.94685924    
     59040  0.94660461    
     59328  0.94634193    
     59616  0.94606882    
     59904  0.94578552    
     60192  0.94538283    
     60480  0.94500571    
     60768  0.94464195    
     61056  0.94428235    
     61344  0.94392073    
     61632  0.94355291    
     61920  0.94317532    
     62208  0.94266796    
     62496  0.94218576    
     62784  0.94171643    
     63072  0.94125074    
     63360  0.94078231    
     63648  0.94030631    
     63936  0.93969494    
     64224  0.93910855    
     64512  0.93853366    
     64800  0.93796110    
     65088  0.93738461    
     65376  0.93679947    
     65664  0.93606794    
     65952  0.93536270    
     66240  0.93467009    
     66528  0.93397939    
     66816  0.93328160    
     67104  0.93242908    
     67392  0.93160421    
     67680  0.93079329    
     67968  0.92998528    
     68256  0.92901945    
     68544  0.92808563    
     68832  0.92716801    
     69120  0.92625391    
     69408  0.92517036    
     69696  0.92411917    
     69984  0.92308497    
     70272  0.92205554    
     70560  0.92102182    
     70848  0.91980326    
     71136  0.91861421    
     71424  0.91743976    
     71712  0.91626823    
     72000  0.91485769    
     72288  0.91349173    
     72576  0.91215247    
     72864  0.91082513    
     73152  0.90949833    
     73440  0.90796512    
     73728  0.90646476    
     74016  0.90498233    
     74304  0.90350515    
     74592  0.90181297    
     74880  0.90015578    
     75168  0.89851928    
     75456  0.89666945    
     75744  0.89486682    
     76032  0.89309394    
     76320  0.89133638    
     76608  0.88934851    
     76896  0.88740474    
     77184  0.88548827    
     77472  0.88358474    
     77760  0.88143635    
     78048  0.87933356    
     78336  0.87726122    
     78624  0.87520653    
     78912  0.87289858    
     79200  0.87063992    
     79488  0.86841559    
     79776  0.86621237    
     80064  0.86374456    
     80352  0.86132979    
     80640  0.85895371    
     80928  0.85660440    
     81216  0.85398626    
     81504  0.85142708    
     81792  0.84891295    
     82080  0.84643114    
     82368  0.84397030    
     82656  0.84122497    
     82944  0.83853817    
     83232  0.83589864    
     83520  0.83329558    
     83808  0.83041406    
     84096  0.82760155    
     84384  0.82484674    
     84672  0.82213938    
     84960  0.81947058    
     85248  0.81651890    
     85536  0.81364167    
     85824  0.81082940    
     86112  0.80807203    
     86400  0.80536109    
     86688  0.80237269    
     86976  0.79946685    
     87264  0.79663503    
     87552  0.79386944    
     87840  0.79116261    
     88128  0.78850907    
     88416  0.78559077    
     88704  0.78276008    
     88992  0.78001183    
     89280  0.77734017    
     89568  0.77473855    
     89856  0.77220172    
     90144  0.76972586    
     90432  0.76701117    
     90720  0.76438588    
     91008  0.76184642    
     91296  0.75938618    
     91584  0.75700200    
     91872  0.75469011    
     92160  0.75244790    
     92448  0.75027323    
     92736  0.74816418    
     93024  0.74612010    
     93312  0.74387848    
     93600  0.74172246    
     93888  0.73965126    
     94176  0.73766363    
     94464  0.73575711    
     94752  0.73393142    
     95040  0.73218596    
     95328  0.73052084    
     95616  0.72893620    
     95904  0.72743261    
     96192  0.72601050    
     96480  0.72467083    
     96768  0.72341526    
     97056  0.72224581    
     97344  0.72116423    
     97632  0.72017074    
     97920  0.71926582    
     98208  0.71844840    
     98496  0.71771848    
     98784  0.71707511    
     99072  0.71651745    
     99360  0.71604449    
     99648  0.71565557    
     99936  0.71535015    
    100224  0.71512657    
    100512  0.71498466    
    100800  0.71492362    
    101088  0.71494305    
    101376  0.71504229    
    101664  0.71522057    
    101952  0.71564853    
    102240  0.71614921    
    102528  0.71672201    
    102816  0.71736634    
    103104  0.71808082    
    103392  0.71886528    
    103680  0.71971810    
    103968  0.72063971    
    104256  0.72162843    
    104544  0.72268319    
    104832  0.72394896    
