         1  0.69120443    
        24  0.69874203    
        48  0.69936311    
        72  0.70002401    
        96  0.70072138    
       120  0.70145100    
       144  0.70220888    
       168  0.70299041    
       192  0.70379162    
       216  0.70460773    
       240  0.70543349    
       264  0.70626426    
       288  0.70709407    
       312  0.70791733    
       336  0.70872808    
       360  0.70951980    
       384  0.71028543    
       408  0.71101809    
       432  0.71171010    
       456  0.71235365    
       480  0.71294063    
       504  0.71346247    
       528  0.71391010    
       552  0.71427500    
       576  0.71454751    
       600  0.71471846    
       624  0.71477759    
       648  0.71471596    
       672  0.71452349    
       696  0.71419072    
       720  0.71370828    
       744  0.71306682    
       768  0.71225786    
       792  0.71127343    
       816  0.71010584    
       840  0.70874870    
       864  0.70719671    
       888  0.70544547    
       912  0.70349222    
       936  0.70133585    
       960  0.69897628    
       984  0.69641626    
      1008  0.69365990    
      1032  0.69071341    
      1056  0.69678485    
      1080  0.70257509    
      1104  0.70807993    
      1128  0.71330237    
      1152  0.71824789    
      1176  0.72292393    
      1200  0.72733831    
      1224  0.73155648    
      1248  0.73553026    
      1272  0.73926437    
      1296  0.74276400    
      1320  0.74603379    
      1344  0.74907839    
      1368  0.75190198    
      1392  0.75450802    
      1416  0.75690025    
      1440  0.75908130    
      1464  0.76105368    
      1488  0.76282012    
      1512  0.76438195    
      1536  0.76574153    
      1560  0.76690018    
      1584  0.76785898    
      1608  0.76861930    
      1632  0.76918232    
      1656  0.76954919    
      1680  0.76972103    
      1704  0.76969868    
      1728  0.76948380    
      1752  0.76907742    
      1776  0.76848102    
      1800  0.76769638    
      1824  0.76672518    
      1848  0.76556921    
      1872  0.76423097    
      1896  0.76271266    
      1920  0.76101708    
      1944  0.75914693    
      1968  0.75710529    
      1992  0.75489497    
      2016  0.75251937    
      2040  0.74998152    
      2064  0.74728477    
      2088  0.74443257    
      2112  0.74142766    
      2136  0.73827350    
      2160  0.73497283    
      2184  0.73152816    
      2208  0.72794199    
      2232  0.72421682    
      2256  0.72035515    
      2280  0.71635938    
      2304  0.71223193    
      2328  0.70797616    
      2352  0.70359492    
      2376  0.69909286    
      2400  0.69447517    
      2424  0.68974817    
      2448  0.68554437    
      2472  0.68121326    
      2496  0.67675424    
      2520  0.67217594    
      2544  0.66749191    
      2568  0.66271818    
      2592  0.65787351    
      2616  0.65297800    
      2640  0.64805257    
      2664  0.64311999    
      2688  0.63820195    
      2712  0.63332129    
      2736  0.62849963    
      2760  0.62375778    
      2784  0.61911482    
      2808  0.61458862    
      2832  0.61019486    
      2856  0.60594642    
      2880  0.60185456    
      2904  0.59792769    
      2928  0.59417176    
      2952  0.59059060    
      2976  0.58718526    
      3000  0.58395612    
      3024  0.58090019    
      3048  0.57801342    
      3072  0.57529128    
      3096  0.57272696    
      3120  0.57031310    
      3144  0.56804276    
      3168  0.57611609    
      3192  0.58314377    
      3216  0.58923352    
      3240  0.59448290    
      3264  0.59897923    
      3288  0.60280049    
      3312  0.60601562    
      3336  0.60868847    
      3360  0.61087513    
      3384  0.61262822    
      3408  0.61399484    
      3432  0.61501753    
      3456  0.61573631    
      3480  0.61618686    
      3504  0.61640227    
      3528  0.61641234    
      3552  0.61624432    
      3576  0.61592299    
      3600  0.61547136    
      3624  0.61490846    
      3648  0.61425352    
      3672  0.61352241    
      3696  0.61272991    
      3720  0.61188883    
      3744  0.61101043    
      3768  0.61010540    
      3792  0.60918188    
      3816  0.60824847    
      3840  0.60731113    
      3864  0.60637611    
      3888  0.60544842    
      3912  0.60453218    
      3936  0.60363156    
      3960  0.60274899    
      3984  0.60188723    
      4008  0.60104883    
      4032  0.60023504    
      4056  0.59944773    
      4080  0.59868860    
      4104  0.59795785    
      4128  0.59725690    
      4152  0.59658587    
      4176  0.59594584    
      4200  0.59533674    
      4224  0.59475935    
      4248  0.59421349    
      4272  0.59370005    
      4296  0.59321856    
      4320  0.59276944    
      4344  0.59235281    
      4368  0.59196872    
      4392  0.59161723    
      4416  0.59129834    
      4440  0.59101212    
      4464  0.59075862    
      4488  0.59053838    
      4512  0.59035063    
      4536  0.59019578    
      4560  0.59007424    
      4584  0.58998567    
      4608  0.58993053    
      4632  0.58990848    
      4656  0.58991975    
      4680  0.58996445    
      4704  0.59004265    
      4728  0.59015435    
      4752  0.59029996    
      4776  0.59047961    
      4800  0.59069264    
      4824  0.59094018    
      4848  0.59122139    
      4872  0.59153730    
      4896  0.59188724    
      4920  0.59227210    
      4944  0.59269142    
      4968  0.59314561    
      4992  0.59363472    
      5016  0.59415901    
      5040  0.59471875    
      5064  0.59531367    
      5088  0.59594470    
      5112  0.59661132    
      5136  0.59731394    
      5160  0.59805286    
      5184  0.59882843    
      5208  0.59964085    
      5232  0.60049033    
      5256  0.60137701    
      5280  0.60230166    
      5304  0.60326397    
      5328  0.60426497    
      5352  0.60530460    
      5376  0.60638338    
      5400  0.60750151    
      5424  0.59667885    
      5448  0.58813357    
      5472  0.58070862    
      5496  0.57431984    
      5520  0.56887931    
      5544  0.56429660    
      5568  0.56048179    
      5592  0.55735028    
      5616  0.55482203    
      5640  0.55282533    
      5664  0.55129445    
      5688  0.55017155    
      5712  0.54940450    
      5736  0.54894805    
      5760  0.54876244    
      5784  0.54881322    
      5808  0.54907012    
      5832  0.54950780    
      5856  0.55010366    
      5880  0.55083847    
      5904  0.55102813    
      5928  0.55142200    
      5952  0.55199617    
      5976  0.55272949    
      6000  0.55360472    
      6024  0.55460560    
      6048  0.55571985    
      6072  0.55693626    
      6096  0.55824494    
      6120  0.55963838    
      6144  0.56110942    
      6168  0.56265247    
      6192  0.56426281    
      6216  0.56593645    
      6240  0.56767035    
      6264  0.56946158    
      6288  0.57130790    
      6312  0.57320750    
      6336  0.57515931    
      6360  0.57716203    
      6384  0.57921523    
      6408  0.58131802    
      6432  0.58346975    
      6456  0.58567071    
      6480  0.58792067    
      6504  0.59021926    
      6528  0.59256679    
      6552  0.59496331    
      6576  0.59740895    
      6600  0.59990412    
      6624  0.58631444    
      6648  0.57434750    
      6672  0.56391490    
      6696  0.55489993    
      6720  0.54717368    
      6744  0.54060733    
      6768  0.53507626    
      6792  0.53046381    
      6816  0.52666306    
      6840  0.52357841    
      6864  0.52112317    
      6888  0.51922119    
      6912  0.51780581    
      6936  0.51681912    
      6960  0.51620913    
      6984  0.51593208    
      7008  0.51594937    
      7032  0.51622796    
      7056  0.51673925    
      7080  0.51745892    
      7104  0.51836562    
      7128  0.51944119    
      7152  0.52067077    
      7176  0.52204025    
      7200  0.52353883    
      7224  0.52515680    
      7248  0.52688587    
      7272  0.52871811    
      7296  0.53064775    
      7320  0.53266841    
      7344  0.53477520    
      7368  0.53696263    
      7392  0.53922606    
      7416  0.54156005    
      7440  0.54395974    
      7464  0.54641974    
      7488  0.54893422    
      7512  0.55149698    
      7536  0.55410194    
      7560  0.55674207    
      7584  0.55940974    
      7608  0.56209767    
      7632  0.56479770    
      7656  0.56750131    
      7680  0.57019985    
      7704  0.57288414    
      7728  0.57554442    
      7752  0.57817119    
      7776  0.58075356    
      7800  0.58328044    
      7824  0.58574104    
      7848  0.58812582    
      7872  0.59042859    
      7896  0.59264898    
      7920  0.59479308    
      7944  0.59669960    
      7968  0.59855068    
      7992  0.60035282    
      8016  0.60210991    
      8040  0.60382426    
      8064  0.60549808    
      8088  0.60713285    
      8112  0.60873014    
      8136  0.61029172    
      8160  0.61181951    
      8184  0.61331570    
      8208  0.61478221    
      8232  0.61622167    
      8256  0.61763644    
      8280  0.61902875    
      8304  0.62040144    
      8328  0.62175679    
      8352  0.62309730    
      8376  0.62442565    
      8400  0.62574375    
      8424  0.62705421    
      8448  0.62835920    
      8472  0.62966031    
      8496  0.63096017    
      8520  0.63225973    
      8544  0.63356096    
      8568  0.63486516    
      8592  0.63617325    
      8616  0.63748670    
      8640  0.63880587    
      8664  0.64013177    
      8688  0.64146435    
      8712  0.64280343    
      8736  0.64414924    
