         1  0.95005852    
       288  0.94594783    
       576  0.94012773    
       864  0.93391371    
      1152  0.92763662    
      1440  0.92140085    
      1728  0.91605783    
      2016  0.91092986    
      2304  0.90604103    
      2592  0.90140456    
      2880  0.89702386    
      3168  0.89503258    
      3456  0.89606208    
      3744  0.89659584    
      4032  0.89671850    
      4320  0.89649594    
      4608  0.89598030    
      4896  0.89521378    
      5184  0.89530551    
      5472  0.89505917    
      5760  0.89452624    
      6048  0.89374781    
      6336  0.89275855    
      6624  0.89158744    
      6912  0.89140278    
      7200  0.89091951    
      7488  0.89032620    
      7776  0.88949865    
      8064  0.88847250    
      8352  0.88846332    
      8640  0.88813102    
      8928  0.88752908    
      9216  0.88670123    
      9504  0.88568425    
      9792  0.88450933    
     10080  0.88460630    
     10368  0.88437116    
     10656  0.88386315    
     10944  0.88313156    
     11232  0.88221663    
     11520  0.88115275    
     11808  0.88125771    
     12096  0.88121277    
     12384  0.88088435    
     12672  0.88032806    
     12960  0.87958968    
     13248  0.88000637    
     13536  0.88007289    
     13824  0.88003260    
     14112  0.87974095    
     14400  0.87925112    
     14688  0.87860674    
     14976  0.87784374    
     15264  0.87848377    
     15552  0.87876832    
     15840  0.87877691    
     16128  0.87857145    
     16416  0.87820202    
     16704  0.87789774    
     16992  0.87875307    
     17280  0.87924683    
     17568  0.87946314    
     17856  0.87946755    
     18144  0.87949681    
     18432  0.87937009    
     18720  0.87912869    
     19008  0.88005704    
     19296  0.88083053    
     19584  0.88130373    
     19872  0.88154453    
     20160  0.88160688    
     20448  0.88172019    
     20736  0.88169050    
     21024  0.88274914    
     21312  0.88345170    
     21600  0.88406503    
     21888  0.88443190    
     22176  0.88461220    
     22464  0.88465148    
     22752  0.88477033    
     23040  0.88476694    
     23328  0.88581836    
     23616  0.88651967    
     23904  0.88713670    
     24192  0.88750905    
     24480  0.88769406    
     24768  0.88773531    
     25056  0.88785022    
     25344  0.88783312    
     25632  0.88871175    
     25920  0.88925391    
     26208  0.88972133    
     26496  0.88994545    
     26784  0.88998038    
     27072  0.88986731    
     27360  0.88963562    
     27648  0.88949913    
     27936  0.89033967    
     28224  0.89078206    
     28512  0.89092445    
     28800  0.89102674    
     29088  0.89090449    
     29376  0.89061081    
     29664  0.89018619    
     29952  0.88986278    
     30240  0.89054096    
     30528  0.89080155    
     30816  0.89076483    
     31104  0.89051706    
     31392  0.89032501    
     31680  0.88997698    
     31968  0.88952601    
     32256  0.88901234    
     32544  0.88985229    
     32832  0.89025015    
     33120  0.89035863    
     33408  0.89028108    
     33696  0.89009166    
     33984  0.89006031    
     34272  0.88993424    
     34560  0.88975990    
     34848  0.89074373    
     35136  0.89133227    
     35424  0.89167452    
     35712  0.89208615    
     36000  0.89233929    
     36288  0.89250082    
     36576  0.89261401    
     36864  0.89270735    
     37152  0.89393276    
     37440  0.89497316    
     37728  0.89568824    
     38016  0.89620256    
     38304  0.89659494    
     38592  0.89691520    
     38880  0.89719516    
     39168  0.89745480    
     39456  0.89877176    
     39744  0.89989924    
     40032  0.90070343    
     40320  0.90130675    
     40608  0.90178543    
     40896  0.90218723    
     41184  0.90254211    
     41472  0.90286881    
     41760  0.90416735    
     42048  0.90508300    
     42336  0.90576130    
     42624  0.90629131    
     42912  0.90672839    
     43200  0.90730411    
     43488  0.90776998    
     43776  0.90816599    
     44064  0.90943193    
     44352  0.91032130    
     44640  0.91097772    
     44928  0.91148818    
     45216  0.91190618    
     45504  0.91226512    
     45792  0.91258574    
     46080  0.91288078    
     46368  0.91315824    
     46656  0.91342306    
     46944  0.91367817    
     47232  0.91477627    
     47520  0.91554463    
     47808  0.91610944    
     48096  0.91654646    
     48384  0.91690189    
     48672  0.91720432    
     48960  0.91747177    
     49248  0.91771472    
     49536  0.91794050    
     49824  0.91815305    
     50112  0.91835511    
     50400  0.91837591    
     50688  0.91845274    
     50976  0.91856277    
     51264  0.91869128    
     51552  0.91882914    
     51840  0.91897041    
     52128  0.91911131    
     52416  0.91924977    
     52704  0.91938418    
     52992  0.91951388    
     53280  0.91963822    
     53568  0.91975695    
     53856  0.91986990    
     54144  0.91980755    
     54432  0.91980273    
     54720  0.91983199    
     55008  0.91988039    
     55296  0.91993874    
     55584  0.92000127    
     55872  0.92006463    
     56160  0.92012662    
     56448  0.92018610    
     56736  0.92024207    
     57024  0.92013162    
     57312  0.92007869    
     57600  0.91922152    
     57888  0.91867834    
     58176  0.91833109    
     58464  0.91810507    
     58752  0.91795391    
     59040  0.91784942    
     59328  0.91760373    
     59616  0.91744107    
     59904  0.91733062    
     60192  0.91636044    
     60480  0.91571808    
     60768  0.91528106    
     61056  0.91497272    
     61344  0.91474599    
     61632  0.91457230    
     61920  0.91425937    
     62208  0.91308689    
     62496  0.91229397    
     62784  0.91174090    
     63072  0.91134018    
     63360  0.91103828    
     63648  0.91080302    
     63936  0.90961045    
     64224  0.90859479    
     64512  0.90788358    
     64800  0.90736824    
     65088  0.90698171    
     65376  0.90668321    
     65664  0.90537357    
     65952  0.90446115    
     66240  0.90380311    
     66528  0.90311724    
     66816  0.90261984    
     67104  0.90110457    
     67392  0.90004593    
     67680  0.89928234    
     67968  0.89871424    
     68256  0.89707583    
     68544  0.89591581    
     68832  0.89506716    
     69120  0.89421773    
     69408  0.89231157    
     69696  0.89096296    
     69984  0.88997912    
     70272  0.88924122    
     70560  0.88867754    
     70848  0.88688201    
     71136  0.88560712    
     71424  0.88467634    
     71712  0.88375807    
     72000  0.88133872    
     72288  0.87962466    
     72576  0.87837535    
     72864  0.87744182    
     73152  0.87673378    
     73440  0.87465173    
     73728  0.87316597    
     74016  0.87208086    
     74304  0.87127745    
     74592  0.86879736    
     74880  0.86704832    
     75168  0.86579132    
     75456  0.86315334    
     75744  0.86126095    
     76032  0.85987240    
     76320  0.85883850    
     76608  0.85624719    
     76896  0.85438091    
     77184  0.85272998    
     77472  0.85153770    
     77760  0.84873968    
     78048  0.84673959    
     78336  0.84528780    
     78624  0.84422708    
     78912  0.84142178    
     79200  0.83941519    
     79488  0.83796197    
     79776  0.83660728    
     80064  0.83350152    
     80352  0.83129585    
     80640  0.82971656    
     80928  0.82858884    
     81216  0.82553256    
     81504  0.82335699    
     81792  0.82180089    
     82080  0.82037127    
     82368  0.81940407    
     82656  0.81638765    
     82944  0.81428874    
     83232  0.81284344    
     83520  0.81187975    
     83808  0.80878955    
     84096  0.80629218    
     84384  0.80458856    
     84672  0.80346847    
     84960  0.80279309    
     85248  0.79986352    
     85536  0.79789108    
     85824  0.79661822    
     86112  0.79551935    
     86400  0.79495031    
     86688  0.79210877    
     86976  0.79027325    
     87264  0.78918326    
     87552  0.78866112    
     87840  0.78823370    
     88128  0.78828472    
     88416  0.78601068    
     88704  0.78470260    
     88992  0.78413004    
     89280  0.78412569    
     89568  0.78421581    
     89856  0.78476262    
     90144  0.78567207    
     90432  0.78423816    
     90720  0.78362715    
     91008  0.78363329    
     91296  0.78376418    
     91584  0.78433532    
     91872  0.78523767    
     92160  0.78638875    
     92448  0.78772563    
     92736  0.78919911    
     93024  0.79047173    
     93312  0.78948224    
     93600  0.78906721    
     93888  0.78907233    
     94176  0.78937978    
     94464  0.78959936    
     94752  0.79003006    
     95040  0.79060417    
     95328  0.79126954    
     95616  0.79198658    
     95904  0.79272467    
     96192  0.79318172    
     96480  0.79367596    
     96768  0.79418045    
     97056  0.79467452    
     97344  0.79514223    
     97632  0.79557186    
     97920  0.79595470    
     98208  0.79601866    
     98496  0.79607153    
     98784  0.79609686    
     99072  0.79608130    
     99360  0.79601264    
     99648  0.79588115    
     99936  0.79567820    
    100224  0.79513073    
    100512  0.79454148    
    100800  0.79389632    
    101088  0.79318321    
    101376  0.79239225    
    101664  0.79151487    
    101952  0.79278624    
    102240  0.79360390    
    102528  0.79403591    
    102816  0.79413432    
    103104  0.79367787    
    103392  0.79299867    
    103680  0.79211342    
    103968  0.79103512    
    104256  0.78977412    
    104544  0.78833866    
    104832  0.78904146    
