       288  0.93738973    
       576  0.92916369    
       864  0.92057574    
      1152  0.91178560    
      1440  0.90297186    
      1728  0.89537048    
      2016  0.88816416    
      2304  0.88147032    
      2592  0.87537062    
      2880  0.86991119    
      3168  0.86510634    
      3456  0.86236757    
      3744  0.86024231    
      4032  0.85891730    
      4320  0.85845912    
      4608  0.85885239    
      4896  0.86002469    
      5184  0.86323500    
      5472  0.86658001    
      5760  0.86998159    
      6048  0.87336075    
      6336  0.87665021    
      6624  0.87979656    
      6912  0.88392603    
      7200  0.88749605    
      7488  0.89072078    
      7776  0.89350522    
      8064  0.89591527    
      8352  0.89902526    
      8640  0.90156573    
      8928  0.90365922    
      9216  0.90539593    
      9504  0.90684366    
      9792  0.90805435    
     10080  0.91009486    
     10368  0.91169643    
     10656  0.91296142    
     10944  0.91396570    
     11232  0.91476506    
     11520  0.91540170    
     11808  0.91677392    
     12096  0.91791070    
     12384  0.91877425    
     12672  0.91943014    
     12960  0.91992688    
     13248  0.92112494    
     13536  0.92201596    
     13824  0.92276871    
     14112  0.92332602    
     14400  0.92373616    
     14688  0.92403466    
     14976  0.92424864    
     15264  0.92527461    
     15552  0.92602658    
     15840  0.92657673    
     16128  0.92697722    
     16416  0.92726660    
     16704  0.92756546    
     16992  0.92852741    
     17280  0.92923123    
     17568  0.92974687    
     17856  0.93012416    
     18144  0.93048793    
     18432  0.93075371    
     18720  0.93094766    
     19008  0.93180293    
     19296  0.93251646    
     19584  0.93304110    
     19872  0.93342811    
     20160  0.93371457    
     20448  0.93401527    
     20736  0.93423867    
     21024  0.93507916    
     21312  0.93569547    
     21600  0.93623328    
     21888  0.93662924    
     22176  0.93692136    
     22464  0.93713695    
     22752  0.93738222    
     23040  0.93570268    
     23328  0.93248564    
     23616  0.92909801    
     23904  0.92598277    
     24192  0.92317379    
     24480  0.92072147    
     24768  0.91862673    
     25056  0.91699129    
     25344  0.91561908    
     25632  0.91526639    
     25920  0.91489792    
     26208  0.91465116    
     26496  0.91435021    
     26784  0.91399711    
     27072  0.91358960    
     27360  0.91312242    
     27648  0.91273659    
     27936  0.91313821    
     28224  0.91317880    
     28512  0.91292787    
     28800  0.91257459    
     29088  0.91195571    
     29376  0.91109598    
     29664  0.91000521    
     29952  0.90883744    
     30240  0.90831190    
     30528  0.90727347    
     30816  0.90586847    
     31104  0.90421391    
     31392  0.90256643    
     31680  0.90078139    
     31968  0.89893073    
     32256  0.89706957    
     32544  0.89649934    
     32832  0.89561653    
     33120  0.89457208    
     33408  0.89346385    
     33696  0.89235681    
     33984  0.89149356    
     34272  0.89062375    
     34560  0.88979006    
     34848  0.89016682    
     35136  0.89024192    
     35424  0.89017171    
     35712  0.89025533    
     36000  0.89025170    
     36288  0.89022362    
     36576  0.89020723    
     36864  0.89022219    
     37152  0.89140630    
     37440  0.89244008    
     37728  0.89319688    
     38016  0.89380985    
     38304  0.89435303    
     38592  0.89486712    
     38880  0.89537406    
     39168  0.89588571    
     39456  0.89745456    
     39744  0.89884531    
     40032  0.89994353    
     40320  0.90088308    
     40608  0.90173638    
     40896  0.90254271    
     41184  0.90332341    
     41472  0.90409023    
     41760  0.90578997    
     42048  0.90712684    
     42336  0.90826607    
     42624  0.90929353    
     42912  0.91025376    
     43200  0.91134948    
     43488  0.91233087    
     43776  0.91324329    
     44064  0.91494179    
     44352  0.91629010    
     44640  0.91744280    
     44928  0.91848063    
     45216  0.91944438    
     45504  0.92035604    
     45792  0.92122746    
     46080  0.92206568    
     46368  0.92287517    
     46656  0.92365915    
     46944  0.92441994    
     47232  0.92587471    
     47520  0.92703301    
     47808  0.92802614    
     48096  0.92891926    
     48384  0.92974651    
     48672  0.93052614    
     48960  0.93126810    
     49248  0.93197840    
     49536  0.93266129    
     49824  0.93331963    
     50112  0.93395585    
     50400  0.93444008    
     50688  0.93496776    
     50976  0.93551135    
     51264  0.93605644    
     51552  0.93659586    
     51840  0.93712622    
     52128  0.93764615    
     52416  0.93815535    
     52704  0.93865389    
     52992  0.93914205    
     53280  0.93962032    
     53568  0.94008905    
     53856  0.94054860    
     54144  0.94088018    
     54432  0.94125938    
     54720  0.94166005    
     55008  0.94206822    
     55296  0.94247663    
     55584  0.94288164    
     55872  0.94328153    
     56160  0.94367552    
     56448  0.94406331    
     56736  0.94444495    
     57024  0.94471204    
     57312  0.94502419    
     57600  0.94480091    
     57888  0.94478589    
     58176  0.94488353    
     58464  0.94504374    
     58752  0.94524062    
     59040  0.94546038    
     59328  0.94558775    
     59616  0.94577628    
     59904  0.94599992    
     60192  0.94568026    
     60480  0.94557160    
     60768  0.94558114    
     61056  0.94565994    
     61344  0.94578224    
     61632  0.94593412    
     61920  0.94600183    
     62208  0.94555509    
     62496  0.94534838    
     62784  0.94527924    
     63072  0.94529271    
     63360  0.94535947    
     63648  0.94546342    
     63936  0.94499964    
     64224  0.94464982    
     64512  0.94448215    
     64800  0.94442463    
     65088  0.94443768    
     65376  0.94449937    
     65664  0.94397628    
     65952  0.94368976    
     66240  0.94354445    
     66528  0.94337946    
     66816  0.94332564    
     67104  0.94269544    
     67392  0.94232994    
     67680  0.94212472    
     67968  0.94202262    
     68256  0.94131953    
     68544  0.94088888    
     68832  0.94062680    
     69120  0.94036168    
     69408  0.93952024    
     69696  0.93899405    
     69984  0.93866384    
     70272  0.93846285    
     70560  0.93835390    
     70848  0.93757766    
     71136  0.93709213    
     71424  0.93679017    
     71712  0.93649334    
     72000  0.93539786    
     72288  0.93468976    
     72576  0.93422550    
     72864  0.93392360    
     73152  0.93373746    
     73440  0.93282622    
     73728  0.93223828    
     74016  0.93185949    
     74304  0.93162441    
     74592  0.93051648    
     74880  0.92980355    
     75168  0.92934525    
     75456  0.92816955    
     75744  0.92738581    
     76032  0.92685902    
     76320  0.92650998    
     76608  0.92536223    
     76896  0.92459512    
     77184  0.92394048    
     77472  0.92352110    
     77760  0.92228699    
     78048  0.92146593    
     78336  0.92091984    
     78624  0.92056578    
     78912  0.91933185    
     79200  0.91850758    
     79488  0.91795886    
     79776  0.91745800    
     80064  0.91608638    
     80352  0.91517234    
     80640  0.91456693    
     80928  0.91417819    
     81216  0.91283143    
     81504  0.91192704    
     81792  0.91132504    
     82080  0.91078198    
     82368  0.91046107    
     82656  0.90913147    
     82944  0.90825582    
     83232  0.90769285    
     83520  0.90735298    
     83808  0.90597117    
     84096  0.90488613    
     84384  0.90418464    
     84672  0.90375584    
     84960  0.90352821    
     85248  0.90220022    
     85536  0.90133613    
     85824  0.90080076    
     86112  0.90033919    
     86400  0.90011966    
     86688  0.89879489    
     86976  0.89795327    
     87264  0.89745802    
     87552  0.89721721    
     87840  0.89700460    
     88128  0.89700067    
     88416  0.89586288    
     88704  0.89518231    
     88992  0.89483315    
     89280  0.89472830    
     89568  0.89464426    
     89856  0.89475405    
     90144  0.89501035    
     90432  0.89411789    
     90720  0.89361489    
     91008  0.89339334    
     91296  0.89321607    
     91584  0.89323354    
     91872  0.89339191    
     92160  0.89365047    
     92448  0.89398009    
     92736  0.89435846    
     93024  0.89462394    
     93312  0.89376122    
     93600  0.89317697    
     93888  0.89279008    
     94176  0.89254028    
     94464  0.89223546    
     94752  0.89202482    
     95040  0.89187372    
     95328  0.89175612    
     95616  0.89165276    
     95904  0.89154887    
     96192  0.89129364    
     96480  0.89104909    
     96768  0.89080077    
     97056  0.89053798    
     97344  0.89025176    
     97632  0.88993484    
     97920  0.88958091    
     98208  0.88904744    
     98496  0.88849324    
     98784  0.88790792    
     99072  0.88728285    
     99360  0.88661087    
     99648  0.88588607    
     99936  0.88510364    
    100224  0.88411838    
    100512  0.88309306    
    100800  0.88201994    
    101088  0.88089246    
    101376  0.87970573    
    101664  0.87845576    
    101952  0.87841499    
    102240  0.87809569    
    102528  0.87753773    
    102816  0.87677258    
    103104  0.87568051    
    103392  0.87445086    
    103680  0.87309426    
    103968  0.87162066    
    104256  0.87003857    
    104544  0.86835551    
    104832  0.86796963    
    105120  0.86726254    
    105408  0.86628538    
    105696  0.86507756    
    105984  0.86367154    
    106272  0.86209428    
    106560  0.86036932    
    106848  0.85999137    
    107136  0.85924613    
    107424  0.85819507    
    107712  0.85689002    
    108000  0.85537291    
    108288  0.85367870    
    108576  0.85338593    
    108864  0.85268837    
    109152  0.85166168    
    109440  0.85036618    
    109728  0.84885162    
    110016  0.84715897    
    110304  0.84694803    
    110592  0.84630966    
    110880  0.84533143    
    111168  0.84408152    
    111456  0.84261501    
    111744  0.84097648    
    112032  0.84090042    
    112320  0.84037852    
    112608  0.83968639    
    112896  0.83868301    
    113184  0.83743852    
    113472  0.83773220    
    113760  0.83751893    
    114048  0.83691394    
    114336  0.83600545    
    114624  0.83486462    
    114912  0.83354604    
    115200  0.83405256    
    115488  0.83403057    
    115776  0.83360529    
    116064  0.83287430    
    116352  0.83191246    
    116640  0.83077788    
    116928  0.83131874    
    117216  0.83154297    
    117504  0.83134478    
    117792  0.83083081    
    118080  0.83008128    
    118368  0.83095819    
    118656  0.83128381    
    118944  0.83138579    
    119232  0.83113688    
    119520  0.83062953    
    119808  0.82993281    
    120096  0.82910132    
    120384  0.83017147    
    120672  0.83068401    
    120960  0.83078742    
    121248  0.83059192    
    121536  0.83017987    
    121824  0.82981032    
    122112  0.83105755    
    122400  0.83173960    
    122688  0.83201164    
    122976  0.83198482    
    123264  0.83193469    
    123552  0.83168077    
    123840  0.83128268    
    124128  0.83254015    
    124416  0.83345568    
    124704  0.83393711    
    124992  0.83410686    
    125280  0.83405161    
    125568  0.83403242    
    125856  0.83384758    
    126144  0.83525330    
    126432  0.83611459    
    126720  0.83677441    
    127008  0.83709979    
    127296  0.83718419    
    127584  0.83709663    
    127872  0.83708346    
    128160  0.83692670    
    128448  0.83832604    
    128736  0.83918720    
    129024  0.83985150    
    129312  0.84018064    
    129600  0.84026718    
    129888  0.84017640    
    130176  0.84015530    
    130464  0.83997989    
    130752  0.84114075    
    131040  0.84179240    
    131328  0.84227115    
    131616  0.84242475    
    131904  0.84233940    
    132192  0.84207654    
    132480  0.84168071    
    132768  0.84138924    
    133056  0.84257191    
    133344  0.84314996    
    133632  0.84329808    
    133920  0.84333801    
    134208  0.84309280    
    134496  0.84264183    
    134784  0.84204179    
    135072  0.84155035    
    135360  0.84256005    
    135648  0.84292847    
    135936  0.84286129    
    136224  0.84250188    
    136512  0.84215915    
    136800  0.84161639    
    137088  0.84094673    
    137376  0.84020120    
    137664  0.84133065    
    137952  0.84175533    
    138240  0.84173459    
    138528  0.84143817    
    138816  0.84097636    
    139104  0.84064794    
    139392  0.84018159    
    139680  0.83963901    
    139968  0.84074873    
    140256  0.84119135    
    140544  0.84123003    
    140832  0.84125280    
    141120  0.84103626    
    141408  0.84067786    
    141696  0.84023505    
    141984  0.83974051    
    142272  0.84084755    
    142560  0.84148759    
    142848  0.84160888    
    143136  0.84141839    
    143424  0.84103477    
    143712  0.84052384    
    144000  0.83991969    
    144288  0.83923799    
    144576  0.84002936    
    144864  0.84031439    
    145152  0.84004831    
    145440  0.83944285    
    145728  0.83860701    
    146016  0.83760417    
    146304  0.83657128    
    146592  0.83573711    
    146880  0.83666581    
    147168  0.83731329    
    147456  0.83796024    
    147744  0.83871347    
    148032  0.83960021    
    148320  0.84082967    
    148608  0.84203362    
    148896  0.84326518    
    149184  0.84586996    
    149472  0.84795576    
    149760  0.84980559    
    150048  0.85153258    
    150336  0.85317898    
    150624  0.85476047    
    150912  0.85628390    
    151200  0.85775650    
    151488  0.85918170    
    151776  0.86056274    
    152064  0.86190325    
    152352  0.86437410    
    152640  0.86633718    
    152928  0.86805284    
    153216  0.86962044    
    153504  0.87107992    
    153792  0.87245101    
    154080  0.87374580    
    154368  0.87497228    
    154656  0.87613750    
    154944  0.87724870    
    155232  0.87831259    
    155520  0.87914968    
    155808  0.88006085    
    156096  0.88097864    
    156384  0.88187903    
    156672  0.88275379    
    156960  0.88360077    
    157248  0.88442016    
    157536  0.88521332    
    157824  0.88598180    
    158112  0.88672602    
    158400  0.88744634    
    158688  0.88814324    
    158976  0.88881707    
    159264  0.88929552    
    159552  0.88985777    
    159840  0.89043748    
    160128  0.89101005    
    160416  0.89156669    
    160704  0.89210498    
    160992  0.89262515    
    161280  0.89312744    
    161568  0.89361233    
    161856  0.89408040    
    162144  0.89437026    
    162432  0.89474308    
    162720  0.89416611    
    163008  0.89395040    
    163296  0.89390010    
    163584  0.89394099    
    163872  0.89404446    
    164160  0.89419693    
    164448  0.89422470    
    164736  0.89438385    
    165024  0.89460593    
    165312  0.89385712    
    165600  0.89350158    
    165888  0.89334208    
    166176  0.89329994    
    166464  0.89334136    
    166752  0.89344859    
    167040  0.89344501    
    167328  0.89253795    
    167616  0.89209044    
    167904  0.89187789    
    168192  0.89180672    
    168480  0.89183497    
    168768  0.89194030    
    169056  0.89103049    
    169344  0.89039570    
    169632  0.89010513    
    169920  0.89000642    
    170208  0.89003128    
    170496  0.89014572    
    170784  0.88920456    
    171072  0.88873529    
    171360  0.88852453    
    171648  0.88830394    
    171936  0.88829708    
    172224  0.88724625    
    172512  0.88671315    
    172800  0.88646829    
    173088  0.88640362    
    173376  0.88525921    
    173664  0.88465720    
    173952  0.88436705    
    174240  0.88409925    
    174528  0.88281596    
    174816  0.88214505    
    175104  0.88182342    
    175392  0.88172096    
    175680  0.88176948    
    175968  0.88063228    
    176256  0.88005960    
    176544  0.87981439    
    176832  0.87959594    
    177120  0.87797511    
    177408  0.87709814    
    177696  0.87665325    
    177984  0.87647802    
    178272  0.87648433    
    178560  0.87522680    
    178848  0.87458003    
    179136  0.87429708    
    179424  0.87424481    
    179712  0.87272036    
    180000  0.87193322    
    180288  0.87157732    
    180576  0.86999643    
    180864  0.86913210    
    181152  0.86870313    
    181440  0.86855274    
    181728  0.86705518    
    182016  0.86624712    
    182304  0.86566323    
    182592  0.86545223    
    182880  0.86387819    
    183168  0.86302924    
    183456  0.86262524    
    183744  0.86250383    
    184032  0.86093009    
    184320  0.86007130    
    184608  0.85965770    
    184896  0.85932875    
    185184  0.85759073    
    185472  0.85663462    
    185760  0.85616523    
    186048  0.85600489    
    186336  0.85430384    
    186624  0.85335255    
    186912  0.85287708    
    187200  0.85250318    
    187488  0.85243219    
    187776  0.85075212    
    188064  0.84981984    
    188352  0.84936690    
    188640  0.84922361    
    188928  0.84744692    
    189216  0.84622055    
    189504  0.84559071    
    189792  0.84534419    
    190080  0.84534669    
    190368  0.84363234    
    190656  0.84266526    
    190944  0.84219331    
    191232  0.84184051    
    191520  0.84180129    
    191808  0.84005052    
    192096  0.83906543    
    192384  0.83859521    
    192672  0.83847022    
    192960  0.83837098    
    193248  0.83851570    
    193536  0.83690858    
    193824  0.83601665    
    194112  0.83561450    
    194400  0.83554476    
    194688  0.83549589    
    194976  0.83567554    
    195264  0.83600825    
    195552  0.83457261    
    195840  0.83376127    
    196128  0.83338761    
    196416  0.83311331    
    196704  0.83311135    
    196992  0.83329117    
    197280  0.83358949    
    197568  0.83396095    
    197856  0.83437550    
    198144  0.83462924    
    198432  0.83315921    
    198720  0.83218914    
    199008  0.83158010    
    199296  0.83122188    
    199584  0.83084208    
    199872  0.83062100    
    200160  0.83049828    
    200448  0.83043110    
    200736  0.83038825    
    201024  0.83034748    
    201312  0.83011323    
    201600  0.82990110    
    201888  0.82969034    
    202176  0.82946730    
    202464  0.82922083    
    202752  0.82894313    
    203040  0.82862818    
    203328  0.82809669    
    203616  0.82756239    
    203904  0.82701319    
    204192  0.82643968    
    204480  0.82583553    
    204768  0.82519609    
    205056  0.82451767    
    205344  0.82361895    
    205632  0.82271451    
    205920  0.82179427    
    206208  0.82085150    
    206496  0.81988013    
    206784  0.81887549    
    207072  0.81968343    
    207360  0.82005078    
    207648  0.82006687    
    207936  0.81980062    
    208224  0.81912798    
    208512  0.81830204    
    208800  0.81734651    
    209088  0.81628144    
    209376  0.81512302    
    209664  0.81388271    
    209952  0.81448215    
    210240  0.81460994    
    210528  0.81436181    
    210816  0.81381220    
    211104  0.81301939    
    211392  0.81202960    
    211680  0.81087840    
    211968  0.81154203    
    212256  0.81167805    
    212544  0.81139809    
    212832  0.81078839    
    213120  0.80991584    
    213408  0.80883354    
    213696  0.80955553    
    213984  0.80971217    
    214272  0.80942756    
    214560  0.80879664    
    214848  0.80789268    
    215136  0.80677336    
    215424  0.80748719    
    215712  0.80762333    
    216000  0.80731159    
    216288  0.80665386    
    216576  0.80572635    
    216864  0.80458790    
    217152  0.80532199    
    217440  0.80546993    
    217728  0.80535120    
    218016  0.80484802    
    218304  0.80405062    
    218592  0.80505961    
    218880  0.80542475    
    219168  0.80530173    
    219456  0.80481040    
    219744  0.80403841    
    220032  0.80305278    
    220320  0.80414504    
    220608  0.80458796    
    220896  0.80454612    
    221184  0.80413997    
    221472  0.80346155    
    221760  0.80258250    
    222048  0.80360991    
    222336  0.80421156    
    222624  0.80431753    
    222912  0.80405611    
    223200  0.80352449    
    223488  0.80483043    
    223776  0.80548376    
    224064  0.80584002    
    224352  0.80579859    
    224640  0.80546582    
    224928  0.80492210    
    225216  0.80422598    
    225504  0.80563396    
    225792  0.80639976    
    226080  0.80670041    
    226368  0.80666405    
    226656  0.80638355    
    226944  0.80612272    
    227232  0.80767226    
    227520  0.80857724    
    227808  0.80901861    
    228096  0.80912554    
    228384  0.80918074    
    228672  0.80901611    
    228960  0.80869669    
    229248  0.81021804    
    229536  0.81132215    
    229824  0.81194568    
    230112  0.81222522    
    230400  0.81226093    
    230688  0.81231612    
    230976  0.81219661    
    231264  0.81384569    
    231552  0.81488383    
    231840  0.81567329    
    232128  0.81610012    
    232416  0.81626821    
    232704  0.81625062    
    232992  0.81629831    
    233280  0.81619984    
    233568  0.81783050    
    233856  0.81886154    
    234144  0.81965309    
    234432  0.82008308    
    234720  0.82025522    
    235008  0.82024115    
    235296  0.82028776    
    235584  0.82017589    
    235872  0.82154703    
    236160  0.82235962    
    236448  0.82296616    
    236736  0.82322699    
    237024  0.82323718    
    237312  0.82306296    
    237600  0.82275313    
    237888  0.82254428    
    238176  0.82397562    
    238464  0.82474416    
    238752  0.82504916    
    239040  0.82522309    
    239328  0.82510114    
    239616  0.82476771    
    239904  0.82428217    
    240192  0.82390505    
    240480  0.82519597    
    240768  0.82578892    
    241056  0.82591456    
    241344  0.82572943    
    241632  0.82555050    
    241920  0.82516998    
    242208  0.82466453    
    242496  0.82408613    
    242784  0.82555223    
    243072  0.82626277    
    243360  0.82650262    
    243648  0.82645518    
    243936  0.82623923    
    244224  0.82616043    
    244512  0.82595652    
    244800  0.82569045    
    245088  0.82725751    
    245376  0.82811832    
    245664  0.82855630    
    245952  0.82897687    
    246240  0.82917362    
    246528  0.82924765    
    246816  0.82926059    
    247104  0.82924986    
    247392  0.83104318    
    247680  0.83235019    
    247968  0.83314943    
    248256  0.83365333    
    248544  0.83398879    
    248832  0.83423191    
    249120  0.83442807    
    249408  0.83460492    
    249696  0.83649474    
    249984  0.83791155    
    250272  0.83882582    
    250560  0.83944875    
    250848  0.83990353    
    251136  0.84026337    
    251424  0.84057134    
    251712  0.84085286    
    252000  0.84274060    
    252288  0.84395134    
    252576  0.84476787    
    252864  0.84535450    
    253152  0.84580791    
    253440  0.84641653    
    253728  0.84688705    
    254016  0.84727770    
    254304  0.84913778    
    254592  0.85033488    
    254880  0.85114527    
    255168  0.85172892    
    255456  0.85217965    
    255744  0.85255164    
    256032  0.85287637    
    256320  0.85317171    
    256608  0.85344732    
    256896  0.85370839    
    257184  0.85395706    
    257472  0.85561436    
    257760  0.85665017    
    258048  0.85732257    
    258336  0.85777956    
    258624  0.85810661    
    258912  0.85835123    
    259200  0.85854042    
    259488  0.85868865    
    259776  0.85880262    
    260064  0.85888493    
    260352  0.85893613    
    260640  0.85874057    
    260928  0.85860962    
    261216  0.85849822    
    261504  0.85837978    
    261792  0.85823840    
    262080  0.85806489    
    262368  0.85785359    
    262656  0.85760140    
    262944  0.85730559    
    263232  0.85696489    
    263520  0.85657835    
    263808  0.85614574    
    264096  0.85566729    
    264384  0.85494220    
    264672  0.85428399    
    264960  0.85361779    
    265248  0.85290772    
    265536  0.85215747    
    265824  0.85139620    
    266112  0.85090452    
    266400  0.85100561    
    266688  0.85157949    
    266976  0.85244876    
    267264  0.85331023    
    267552  0.85440469    
    267840  0.85435295    
    268128  0.85491496    
    268416  0.85576516    
    268704  0.85675174    
    268992  0.85780454    
    269280  0.85888451    
    269568  0.85978001    
    269856  0.86078829    
    270144  0.86181951    
    270432  0.86160171    
    270720  0.86190259    
    271008  0.86244160    
    271296  0.86309499    
    271584  0.86380601    
    271872  0.86454767    
    272160  0.86511815    
    272448  0.86455691    
    272736  0.86457187    
    273024  0.86486101    
    273312  0.86528987    
    273600  0.86579669    
    273888  0.86635011    
    274176  0.86566246    
    274464  0.86534005    
    274752  0.86542100    
    275040  0.86570048    
    275328  0.86608601    
    275616  0.86653382    
    275904  0.86571503    
    276192  0.86547315    
    276480  0.86553216    
    276768  0.86557299    
    277056  0.86582935    
    277344  0.86484808    
    277632  0.86449254    
    277920  0.86446989    
    278208  0.86463523    
    278496  0.86353397    
    278784  0.86308593    
    279072  0.86299622    
    279360  0.86292511    
    279648  0.86166716    
    279936  0.86113429    
    280224  0.86099684    
    280512  0.86108506    
    280800  0.86131036    
    281088  0.86015785    
    281376  0.85967338    
    281664  0.85956341    
    281952  0.85948151    
    282240  0.85778505    
    282528  0.85697669    
    282816  0.85666871    
    283104  0.85665047    
    283392  0.85680795    
    283680  0.85551268    
    283968  0.85493231    
    284256  0.85476434    
    284544  0.85483879    
    284832  0.85325330    
    285120  0.85252512    
    285408  0.85228425    
    285696  0.85066170    
    285984  0.84987581    
    286272  0.84958059    
    286560  0.84957671    
    286848  0.84804577    
    287136  0.84731042    
    287424  0.84684145    
    287712  0.84676647    
    288000  0.84515136    
    288288  0.84436899    
    288576  0.84408373    
    288864  0.84409434    
    289152  0.84247535    
    289440  0.84167731    
    289728  0.84137732    
    290016  0.84117007    
    290304  0.83938599    
    290592  0.83849245    
    290880  0.83813995    
    291168  0.83811206    
    291456  0.83636880    
    291744  0.83547920    
    292032  0.83511925    
    292320  0.83487153    
    292608  0.83492136    
    292896  0.83317393    
    293184  0.83226532    
    293472  0.83188146    
    293760  0.83181942    
    294048  0.82994860    
    294336  0.82871950    
    294624  0.82814056    
    294912  0.82796210    
    295200  0.82802814    
    295488  0.82619166    
    295776  0.82519311    
    296064  0.82473993    
    296352  0.82442373    
    296640  0.82442421    
    296928  0.82253367    
    297216  0.82150286    
    297504  0.82104290    
    297792  0.82095432    
    298080  0.82089871    
    298368  0.82108885    
    298656  0.81935263    
    298944  0.81843179    
    299232  0.81807071    
    299520  0.81808519    
    299808  0.81814277    
    300096  0.81844240    
    300384  0.81890041    
    300672  0.81741691    
    300960  0.81664526    
    301248  0.81637114    
    301536  0.81622815    
    301824  0.81637323    
    302112  0.81670189    
    302400  0.81714487    
    302688  0.81765413    
    302976  0.81819618    
    303264  0.81856793    
    303552  0.81704032    
    303840  0.81606889    
    304128  0.81549680    
    304416  0.81519902    
    304704  0.81489033    
    304992  0.81474620    
    305280  0.81470233    
    305568  0.81471318    
    305856  0.81474757    
    306144  0.81478238    
    306432  0.81462020    
    306720  0.81447697    
    307008  0.81433225    
    307296  0.81417173    
    307584  0.81398493    
    307872  0.81376410    
    308160  0.81350338    
    308448  0.81302208    
    308736  0.81253463    
    309024  0.81202912    
    309312  0.81149632    
    309600  0.81092960    
    309888  0.81032395    
    310176  0.80967671    
    310464  0.80880696    
    310752  0.80792981    
    311040  0.80703503    
    311328  0.80611467    
    311616  0.80516398    
    311904  0.80417901    
    312192  0.80514044    
    312480  0.80561781    
    312768  0.80571210    
    313056  0.80550116    
    313344  0.80487084    
    313632  0.80407685    
    313920  0.80314690    
    314208  0.80210137    
    314496  0.80095637    
    314784  0.79972702    
    315072  0.80046111    
