         1  0.94502658    
       288  0.95415747    
       576  0.95975733    
       864  0.96344405    
      1152  0.96598923    
      1440  0.96779680    
      1728  0.96941942    
      2016  0.97059828    
      2304  0.97145367    
      2592  0.97206503    
      2880  0.97248715    
      3168  0.97275901    
      3456  0.97319162    
      3744  0.97347414    
      4032  0.97363490    
      4320  0.97369534    
      4608  0.97367197    
      4896  0.97357786    
      5184  0.97370303    
      5472  0.97373283    
      5760  0.97368270    
      6048  0.97356516    
      6336  0.97339022    
      6624  0.97316629    
      6912  0.97318822    
      7200  0.97312981    
      7488  0.97303993    
      7776  0.97288817    
      8064  0.97268438    
      8352  0.97272944    
      8640  0.97269076    
      8928  0.97258264    
      9216  0.97241676    
      9504  0.97220266    
      9792  0.97194862    
     10080  0.97200269    
     10368  0.97197318    
     10656  0.97187555    
     10944  0.97172219    
     11232  0.97152334    
     11520  0.97128767    
     11808  0.97133183    
     12096  0.97133887    
     12384  0.97127646    
     12672  0.97115844    
     12960  0.97099602    
     13248  0.97110862    
     13536  0.97113645    
     13824  0.97113830    
     14112  0.97107947    
     14400  0.97097278    
     14688  0.97082895    
     14976  0.97065657    
     15264  0.97081697    
     15552  0.97089231    
     15840  0.97090167    
     16128  0.97086000    
     16416  0.97077924    
     16704  0.97071391    
     16992  0.97092199    
     17280  0.97104412    
     17568  0.97110051    
     17856  0.97110665    
     18144  0.97111881    
     18432  0.97109401    
     18720  0.97104204    
     19008  0.97126466    
     19296  0.97145206    
     19584  0.97157079    
     19872  0.97163779    
     20160  0.97166616    
     20448  0.97171032    
     20736  0.97172475    
     21024  0.97199404    
     21312  0.97218353    
     21600  0.97235590    
     21888  0.97247386    
     22176  0.97255135    
     22464  0.97259885    
     22752  0.97266799    
     23040  0.97271216    
     23328  0.97299129    
     23616  0.97319496    
     23904  0.97338343    
     24192  0.97351974    
     24480  0.97361678    
     24768  0.97368461    
     25056  0.97377223    
     25344  0.97383392    
     25632  0.97408098    
     25920  0.97425997    
     26208  0.97442734    
     26496  0.97454578    
     26784  0.97462660    
     27072  0.97467852    
     27360  0.97470802    
     27648  0.97475988    
     27936  0.97498792    
     28224  0.97514039    
     28512  0.97523457    
     28800  0.97532099    
     29088  0.97536045    
     29376  0.97536135    
     29664  0.97532910    
     29952  0.97530496    
     30240  0.97541451    
     30528  0.97543317    
     30816  0.97537297    
     31104  0.97523952    
     31392  0.97506845    
     31680  0.97480708    
     31968  0.97444791    
     32256  0.97397852    
     32544  0.97356999    
     32832  0.97296089    
     33120  0.97216421    
     33408  0.97119546    
     33696  0.97007585    
     33984  0.96886235    
     34272  0.96753263    
     34560  0.96612370    
     34848  0.96481127    
     35136  0.96343440    
     35424  0.96204084    
     35712  0.96068543    
     36000  0.95932585    
     36288  0.95799142    
     36576  0.95669460    
     36864  0.95544368    
     37152  0.95438898    
     37440  0.95338678    
     37728  0.95241094    
     38016  0.95149094    
     38304  0.95063007    
     38592  0.94982868    
     38880  0.94908559    
     39168  0.94839948    
     39456  0.94790578    
     39744  0.94746327    
     40032  0.94703764    
     40320  0.94665229    
     40608  0.94630545    
     40896  0.94599402    
     41184  0.94571519    
     41472  0.94546604    
     41760  0.94537157    
     42048  0.94527650    
     42336  0.94519711    
     42624  0.94513160    
     42912  0.94507784    
     43200  0.94505727    
     43488  0.94502193    
     43776  0.94499326    
     44064  0.94508862    
     44352  0.94516921    
     44640  0.94524825    
     44928  0.94532484    
     45216  0.94539917    
     45504  0.94547063    
     45792  0.94553924    
     46080  0.94560528    
     46368  0.94566923    
     46656  0.94573140    
     46944  0.94579220    
     47232  0.94596088    
     47520  0.94611251    
     47808  0.94625753    
     48096  0.94639581    
     48384  0.94652826    
     48672  0.94665539    
     48960  0.94677776    
     49248  0.94689602    
     49536  0.94701087    
     49824  0.94712299    
     50112  0.94723338    
     50400  0.94732755    
     50688  0.94743633    
     50976  0.94754517    
     51264  0.94765443    
     51552  0.94776493    
     51840  0.94787699    
     52128  0.94799101    
     52416  0.94810766    
     52704  0.94822711    
     52992  0.94834960    
     53280  0.94847560    
     53568  0.94860524    
     53856  0.94873893    
     54144  0.94886339    
     54432  0.94900566    
     54720  0.94915241    
     55008  0.94930345    
     55296  0.94945961    
     55584  0.94962043    
     55872  0.94978625    
     56160  0.94995713    
     56448  0.95013326    
     56736  0.95031488    
     57024  0.95048934    
     57312  0.95068210    
     57600  0.95077729    
     57888  0.95089126    
     58176  0.95101774    
     58464  0.95115709    
     58752  0.95130926    
     59040  0.95147407    
     59328  0.95163846    
     59616  0.95182812    
     59904  0.95202982    
     60192  0.95213658    
     60480  0.95226783    
     60768  0.95241678    
     61056  0.95258307    
     61344  0.95276660    
     61632  0.95296645    
     61920  0.95316815    
     62208  0.95328981    
     62496  0.95344061    
     62784  0.95361245    
     63072  0.95380473    
     63360  0.95401692    
     63648  0.95424855    
     63936  0.95438635    
     64224  0.95454055    
     64512  0.95473433    
     64800  0.95495129    
     65088  0.95519048    
     65376  0.95545125    
     65664  0.95561677    
     65952  0.95581806    
     66240  0.95604497    
     66528  0.95627868    
     66816  0.95655376    
     67104  0.95673203    
     67392  0.95695031    
     67680  0.95719612    
     67968  0.95746821    
     68256  0.95764345    
     68544  0.95786238    
     68832  0.95811164    
     69120  0.95836979    
     69408  0.95854890    
     69696  0.95877647    
     69984  0.95903653    
     70272  0.95824140    
     70560  0.95502132    
     70848  0.95164013    
     71136  0.94936150    
     71424  0.94789296    
     71712  0.94698566    
     72000  0.94629270    
     72288  0.94592357    
     72576  0.94578308    
     72864  0.94581676    
     73152  0.94598663    
     73440  0.94607502    
     73728  0.94627655    
     74016  0.94655854    
     74304  0.94691151    
     74592  0.94709998    
     74880  0.94740474    
     75168  0.94776893    
     75456  0.94798261    
     75744  0.94828075    
     76032  0.94863468    
     76320  0.94904232    
     76608  0.94929016    
     76896  0.94962406    
     77184  0.94997501    
     77472  0.95041144    
     77760  0.95067859    
     78048  0.95103490    
     78336  0.95144314    
     78624  0.95189995    
     78912  0.95217580    
     79200  0.95254326    
     79488  0.95296192    
     79776  0.95338511    
     80064  0.95365053    
     80352  0.95401549    
     80640  0.95443171    
     80928  0.95489097    
     81216  0.95514673    
     81504  0.95549864    
     81792  0.95590109    
     82080  0.95629972    
     82368  0.95676923    
     82656  0.95702720    
     82944  0.95738250    
     83232  0.95778728    
     83520  0.95822769    
     83808  0.95843852    
     84096  0.95869601    
     84384  0.95903218    
     84672  0.95941204    
     84960  0.95982313    
     85248  0.95998949    
     85536  0.96024650    
     85824  0.96055120    
     86112  0.96083993    
     86400  0.96117598    
     86688  0.96126199    
     86976  0.96143627    
     87264  0.96165723    
     87552  0.96190530    
     87840  0.96212471    
     88128  0.96237546    
     88416  0.96235663    
     88704  0.96241307    
     88992  0.96250767    
     89280  0.96261978    
     89568  0.96269280    
     89856  0.96278006    
     90144  0.96286672    
     90432  0.96265155    
     90720  0.96249211    
     91008  0.96236092    
     91296  0.96219724    
     91584  0.96204996    
     91872  0.96190727    
     92160  0.96176314    
     92448  0.96161485    
     92736  0.96146119    
     93024  0.96126163    
     93312  0.96075916    
     93600  0.96034026    
     93888  0.95998269    
     94176  0.95966685    
     94464  0.95933336    
     94752  0.95902920    
     95040  0.95874327    
     95328  0.95846790    
     95616  0.95819777    
     95904  0.95792907    
     96192  0.95761341    
     96480  0.95730525    
     96768  0.95699978    
     97056  0.95669335    
     97344  0.95638341    
     97632  0.95606768    
     97920  0.95574450    
     98208  0.95536453    
     98496  0.95498425    
     98784  0.95460016    
     99072  0.95420951    
     99360  0.95381004    
     99648  0.95339996    
     99936  0.95297760    
    100224  0.95248926    
    100512  0.95199531    
    100800  0.95149261    
    101088  0.95097864    
    101376  0.95045131    
    101664  0.94990879    
    101952  0.94981396    
    102240  0.94962221    
    102528  0.94934636    
    102816  0.94899875    
    103104  0.94853163    
    103392  0.94801825    
    103680  0.94746250    
    103968  0.94686729    
    104256  0.94623488    
    104544  0.94556707    
    104832  0.94539106    
