         1  0.94502658    
       288  0.94572413    
       576  0.94708800    
       864  0.94930375    
      1152  0.95187670    
      1440  0.95441049    
      1728  0.95712715    
      2016  0.95943481    
      2304  0.96136177    
      2592  0.96295226    
      2880  0.96425265    
      3168  0.96514082    
      3456  0.96604162    
      3744  0.96674931    
      4032  0.96729320    
      4320  0.96769726    
      4608  0.96798116    
      4896  0.96816134    
      5184  0.96857452    
      5472  0.96885383    
      5760  0.96902061    
      6048  0.96909195    
      6336  0.96908152    
      6624  0.96900088    
      6912  0.96918416    
      7200  0.96926236    
      7488  0.96929353    
      7776  0.96924365    
      8064  0.96912527    
      8352  0.96927571    
      8640  0.96932310    
      8928  0.96928489    
      9216  0.96917540    
      9504  0.96900618    
      9792  0.96878701    
     10080  0.96890497    
     10368  0.96892470    
     10656  0.96886402    
     10944  0.96873748    
     11232  0.96855694    
     11520  0.96833229    
     11808  0.96841443    
     12096  0.96845210    
     12384  0.96841013    
     12672  0.96830410    
     12960  0.96814662    
     13248  0.96829170    
     13536  0.96834058    
     13824  0.96835870    
     14112  0.96830797    
     14400  0.96820283    
     14688  0.96805501    
     14976  0.96787423    
     15264  0.96806055    
     15552  0.96815133    
     15840  0.96816760    
     16128  0.96812612    
     16416  0.96804017    
     16704  0.96796989    
     16992  0.96820241    
     17280  0.96833831    
     17568  0.96840012    
     17856  0.96840519    
     18144  0.96841550    
     18432  0.96838379    
     18720  0.96832073    
     19008  0.96856296    
     19296  0.96876371    
     19584  0.96888453    
     19872  0.96894366    
     20160  0.96895522    
     20448  0.96897948    
     20736  0.96896547    
     21024  0.96923625    
     21312  0.96941328    
     21600  0.96956635    
     21888  0.96965444    
     22176  0.96969336    
     22464  0.96969503    
     22752  0.96971738    
     23040  0.96970737    
     23328  0.96997434    
     23616  0.97014964    
     23904  0.97030252    
     24192  0.97039121    
     24480  0.97043079    
     24768  0.97043264    
     25056  0.97045398    
     25344  0.97044051    
     25632  0.97066307    
     25920  0.97079718    
     26208  0.97091174    
     26496  0.97096235    
     26784  0.97096336    
     27072  0.97092545    
     27360  0.97085643    
     27648  0.97081262    
     27936  0.97102678    
     28224  0.97113597    
     28512  0.97116631    
     28800  0.97118652    
     29088  0.97114754    
     29376  0.97106367    
     29664  0.97094536    
     29952  0.97085410    
     30240  0.97102785    
     30528  0.97109127    
     30816  0.97107655    
     31104  0.97100663    
     31392  0.97095162    
     31680  0.97085553    
     31968  0.97073239    
     32256  0.97059262    
     32544  0.97081113    
     32832  0.97091264    
     33120  0.97093749    
     33408  0.97091359    
     33696  0.97086012    
     33984  0.97084862    
     34272  0.97081184    
     34560  0.97076213    
     34848  0.97101915    
     35136  0.97117150    
     35424  0.97125894    
     35712  0.97136497    
     36000  0.97142917    
     36288  0.97146916    
     36576  0.97149652    
     36864  0.97151870    
     37152  0.97184116    
     37440  0.97211456    
     37728  0.97230214    
     38016  0.97243690    
     38304  0.97253978    
     38592  0.97262383    
     38880  0.97269744    
     39168  0.97276574    
     39456  0.97311455    
     39744  0.97341341    
     40032  0.97362673    
     40320  0.97378725    
     40608  0.97391504    
     40896  0.97402281    
     41184  0.97411823    
     41472  0.97420621    
     41760  0.97455204    
     42048  0.97479635    
     42336  0.97497815    
     42624  0.97512096    
     42912  0.97523946    
     43200  0.97539479    
     43488  0.97552079    
     43776  0.97562820    
     44064  0.97596622    
     44352  0.97620434    
     44640  0.97638112    
     44928  0.97651947    
     45216  0.97663361    
     45504  0.97673213    
     45792  0.97682053    
     46080  0.97690207    
     46368  0.97697884    
     46656  0.97705203    
     46944  0.97712249    
     47232  0.97741580    
     47520  0.97762209    
     47808  0.97777456    
     48096  0.97789341    
     48384  0.97799098    
     48672  0.97807461    
     48960  0.97814888    
     49248  0.97821671    
     49536  0.97827983    
     49824  0.97833931    
     50112  0.97839588    
     50400  0.97840446    
     50688  0.97842789    
     50976  0.97846001    
     51264  0.97849691    
     51552  0.97853613    
     51840  0.97857618    
     52128  0.97861600    
     52416  0.97865516    
     52704  0.97869319    
     52992  0.97872996    
     53280  0.97876525    
     53568  0.97879910    
     53856  0.97883147    
     54144  0.97881764    
     54432  0.97881913    
     54720  0.97882974    
     55008  0.97884536    
     55296  0.97886360    
     55584  0.97888291    
     55872  0.97890246    
     56160  0.97892165    
     56448  0.97894025    
     56736  0.97895801    
     57024  0.97893173    
     57312  0.97892106    
     57600  0.97869849    
     57888  0.97855860    
     58176  0.97847003    
     58464  0.97841305    
     58752  0.97837555    
     59040  0.97835028    
     59328  0.97828776    
     59616  0.97824746    
     59904  0.97822094    
     60192  0.97796834    
     60480  0.97780210    
     60768  0.97768968    
     61056  0.97761089    
     61344  0.97755343    
     61632  0.97750992    
     61920  0.97742987    
     62208  0.97712415    
     62496  0.97691840    
     62784  0.97677559    
     63072  0.97667265    
     63360  0.97659558    
     63648  0.97653604    
     63936  0.97622502    
     64224  0.97596067    
     64512  0.97577637    
     64800  0.97564346    
     65088  0.97554439    
     65376  0.97546858    
     65664  0.97512710    
     65952  0.97489017    
     66240  0.97471994    
     66528  0.97454238    
     66816  0.97441447    
     67104  0.97401935    
     67392  0.97374427    
     67680  0.97354650    
     67968  0.97340000    
     68256  0.97297257    
     68544  0.97267067    
     68832  0.97245044    
     69120  0.97222984    
     69408  0.97173220    
     69696  0.97138095    
     69984  0.97112536    
     70272  0.97093415    
     70560  0.97078854    
     70848  0.97032011    
     71136  0.96998847    
     71424  0.96974701    
     71712  0.96950871    
     72000  0.96887720    
     72288  0.96843076    
     72576  0.96810591    
     72864  0.96786380    
     73152  0.96768063    
     73440  0.96713752    
     73728  0.96675080    
     74016  0.96646911    
     74304  0.96626103    
     74592  0.96561402    
     74880  0.96515882    
     75168  0.96483248    
     75456  0.96414441    
     75744  0.96365166    
     76032  0.96329069    
     76320  0.96302235    
     76608  0.96234637    
     76896  0.96186030    
     77184  0.96143067    
     77472  0.96112096    
     77760  0.96039128    
     78048  0.95987058    
     78336  0.95949340    
     78624  0.95921880    
     78912  0.95848733    
     79200  0.95796508    
     79488  0.95758760    
     79776  0.95723611    
     80064  0.95642638    
     80352  0.95585245    
     80640  0.95544231    
     80928  0.95515037    
     81216  0.95435393    
     81504  0.95378798    
     81792  0.95338404    
     82080  0.95301318    
     82368  0.95276326    
     82656  0.95197773    
     82944  0.95143235    
     83232  0.95105785    
     83520  0.95080912    
     83808  0.95000476    
     84096  0.94935548    
     84384  0.94891369    
     84672  0.94862449    
     84960  0.94845158    
     85248  0.94768947    
     85536  0.94717765    
     85824  0.94684863    
     86112  0.94656503    
     86400  0.94641984    
     86688  0.94568121    
     86976  0.94520551    
     87264  0.94492465    
     87552  0.94479197    
     87840  0.94468403    
     88128  0.94470114    
     88416  0.94411117    
     88704  0.94377363    
     88992  0.94362819    
     89280  0.94363105    
     89568  0.94365853    
     89856  0.94380534    
     90144  0.94404674    
     90432  0.94367659    
     90720  0.94352150    
     91008  0.94352746    
     91296  0.94356596    
     91584  0.94371939    
     91872  0.94395918    
     92160  0.94426388    
     92448  0.94461697    
     92736  0.94500583    
     93024  0.94534183    
     93312  0.94508845    
     93600  0.94498497    
     93888  0.94499123    
     94176  0.94507623    
     94464  0.94513834    
     94752  0.94525546    
     95040  0.94540989    
     95328  0.94558811    
     95616  0.94577980    
     95904  0.94597685    
     96192  0.94610065    
     96480  0.94623417    
     96768  0.94637036    
     97056  0.94650382    
     97344  0.94663048    
     97632  0.94674724    
     97920  0.94685173    
     98208  0.94687319    
     98496  0.94689184    
     98784  0.94690347    
     99072  0.94690436    
     99360  0.94689161    
     99648  0.94686240    
     99936  0.94681460    
    100224  0.94667721    
    100512  0.94652903    
    100800  0.94636625    
    101088  0.94618589    
    101376  0.94598526    
    101664  0.94576216    
    101952  0.94609761    
    102240  0.94631547    
    102528  0.94643277    
    102816  0.94646329    
    103104  0.94634944    
    103392  0.94617766    
    103680  0.94595242    
    103968  0.94567698    
    104256  0.94535410    
    104544  0.94498599    
    104832  0.94517308    
