         1  0.94502658    
        24  0.95195085    
        48  0.95672041    
        72  0.95985144    
        96  0.96198392    
       120  0.96346259    
       144  0.96449018    
       168  0.96519375    
       192  0.96565741    
       216  0.96593904    
       240  0.96608007    
       264  0.96611089    
       288  0.96605456    
       312  0.96592885    
       336  0.96574771    
       360  0.96552247    
       384  0.96526217    
       408  0.96497440    
       432  0.96466559    
       456  0.96434098    
       480  0.96400535    
       504  0.96366268    
       528  0.96331650    
       552  0.96296996    
       576  0.96262586    
       600  0.96228683    
       624  0.96195519    
       648  0.96163309    
       672  0.96132243    
       696  0.96102512    
       720  0.96074289    
       744  0.96047723    
       768  0.96022958    
       792  0.96000123    
       816  0.95979333    
       840  0.95960683    
       864  0.95944268    
       888  0.95930141    
       912  0.95918363    
       936  0.95908946    
       960  0.95901906    
       984  0.95897222    
      1008  0.95894849    
      1032  0.95894724    
      1056  0.96303689    
      1080  0.96581006    
      1104  0.96775389    
      1128  0.96914154    
      1152  0.97013879    
      1176  0.97085226    
      1200  0.97135407    
      1224  0.97216970    
      1248  0.97275126    
      1272  0.97315782    
      1296  0.97343159    
      1320  0.97360337    
      1344  0.97369665    
      1368  0.97372925    
      1392  0.97371554    
      1416  0.97366661    
      1440  0.97359157    
      1464  0.97349775    
      1488  0.97339106    
      1512  0.97327638    
      1536  0.97315753    
      1560  0.97303766    
      1584  0.97291917    
      1608  0.97280395    
      1632  0.97269338    
      1656  0.97258836    
      1680  0.97248960    
      1704  0.97239715    
      1728  0.97231102    
      1752  0.97223091    
      1776  0.97215605    
      1800  0.97208571    
      1824  0.97201866    
      1848  0.97195357    
      1872  0.97188884    
      1896  0.97182262    
      1920  0.97175264    
      1944  0.97167665    
      1968  0.97159177    
      1992  0.97149497    
      2016  0.97138274    
      2040  0.97125131    
      2064  0.97109640    
      2088  0.97091341    
      2112  0.97069734    
      2136  0.97044271    
      2160  0.97014397    
      2184  0.96979535    
      2208  0.96939135    
      2232  0.96892673    
      2256  0.96839714    
      2280  0.96779931    
      2304  0.96713150    
      2328  0.96639365    
      2352  0.96558738    
      2376  0.96471608    
      2400  0.96378422    
      2424  0.96279752    
      2448  0.96236712    
      2472  0.96154636    
      2496  0.96053815    
      2520  0.95944285    
      2544  0.95830554    
      2568  0.95714593    
      2592  0.95597380    
      2616  0.95479548    
      2640  0.95361608    
      2664  0.95244068    
      2688  0.95127434    
      2712  0.95012224    
      2736  0.94898939    
      2760  0.94788080    
      2784  0.94680125    
      2808  0.94575512    
      2832  0.94474649    
      2856  0.94377893    
      2880  0.94285548    
      2904  0.94197857    
      2928  0.94115007    
      2952  0.94037127    
      2976  0.93964285    
      3000  0.93896490    
      3024  0.93833709    
      3048  0.93775851    
      3072  0.93722779    
      3096  0.93674350    
      3120  0.93630356    
      3144  0.93590593    
      3168  0.93736964    
      3192  0.93844765    
      3216  0.93944156    
      3240  0.94035441    
      3264  0.94118637    
      3288  0.94193882    
      3312  0.94261426    
      3336  0.94321609    
      3360  0.94374818    
      3384  0.94421494    
      3408  0.94462109    
      3432  0.94497126    
      3456  0.94527036    
      3480  0.94552308    
      3504  0.94573408    
      3528  0.94590777    
      3552  0.94604856    
      3576  0.94616032    
      3600  0.94624692    
      3624  0.94631189    
      3648  0.94635844    
      3672  0.94638962    
      3696  0.94640803    
      3720  0.94641620    
      3744  0.94641626    
      3768  0.94641024    
      3792  0.94639987    
      3816  0.94638664    
      3840  0.94637185    
      3864  0.94635671    
      3888  0.94634217    
      3912  0.94632912    
      3936  0.94631815    
      3960  0.94630998    
      3984  0.94630498    
      4008  0.94630361    
      4032  0.94630611    
      4056  0.94631284    
      4080  0.94632393    
      4104  0.94633955    
      4128  0.94635975    
      4152  0.94638467    
      4176  0.94641429    
      4200  0.94644874    
      4224  0.94648790    
      4248  0.94653189    
      4272  0.94658065    
      4296  0.94663423    
      4320  0.94669253    
      4344  0.94675559    
      4368  0.94682348    
      4392  0.94689608    
      4416  0.94697344    
      4440  0.94705558    
      4464  0.94714254    
      4488  0.94723427    
      4512  0.94733089    
      4536  0.94743240    
      4560  0.94753879    
      4584  0.94765013    
      4608  0.94776654    
      4632  0.94788802    
      4656  0.94801462    
      4680  0.94814646    
      4704  0.94828361    
      4728  0.94842613    
      4752  0.94857419    
      4776  0.94872773    
      4800  0.94888699    
      4824  0.94905204    
      4848  0.94922292    
      4872  0.94939983    
      4896  0.94958287    
      4920  0.94977206    
      4944  0.94996768    
      4968  0.95016974    
      4992  0.95037836    
      5016  0.95059377    
      5040  0.95081598    
      5064  0.95104522    
      5088  0.95128155    
      5112  0.95152509    
      5136  0.95177597    
      5160  0.95203441    
      5184  0.95230043    
      5208  0.95257419    
      5232  0.95285583    
      5256  0.95314544    
      5280  0.95344305    
      5304  0.95374888    
      5328  0.95406300    
      5352  0.95438540    
      5376  0.95471627    
      5400  0.95505553    
      5424  0.95248646    
      5448  0.94578111    
      5472  0.94007856    
      5496  0.93568355    
      5520  0.93226385    
      5544  0.92959988    
      5568  0.92752892    
      5592  0.92592746    
      5616  0.92470098    
      5640  0.92377710    
      5664  0.92309999    
      5688  0.92262632    
      5712  0.92232198    
      5736  0.92216009    
      5760  0.92211902    
      5784  0.92218113    
      5808  0.92233211    
      5832  0.92255998    
      5856  0.92285496    
      5880  0.92320865    
      5904  0.92332417    
      5928  0.92369020    
      5952  0.92409700    
      5976  0.92454422    
      6000  0.92502999    
      6024  0.92555243    
      6048  0.92610925    
      6072  0.92669827    
      6096  0.92731750    
      6120  0.92796493    
      6144  0.92863882    
      6168  0.92933756    
      6192  0.93005967    
      6216  0.93080384    
      6240  0.93156898    
      6264  0.93235403    
      6288  0.93315804    
      6312  0.93398023    
      6336  0.93481988    
      6360  0.93567628    
      6384  0.93654877    
      6408  0.93743682    
      6432  0.93833983    
      6456  0.93925726    
      6480  0.94018853    
      6504  0.94113308    
      6528  0.94209027    
      6552  0.94305950    
      6576  0.94404000    
      6600  0.94503105    
      6624  0.94249076    
      6648  0.94078833    
      6672  0.93920511    
      6696  0.93771285    
      6720  0.93634033    
      6744  0.93510854    
      6768  0.93402958    
      6792  0.93310845    
      6816  0.93234551    
      6840  0.93173748    
      6864  0.93127882    
      6888  0.93096226    
      6912  0.93077976    
      6936  0.93072248    
      6960  0.93078142    
      6984  0.93094772    
      7008  0.93121260    
      7032  0.93156767    
      7056  0.93200487    
      7080  0.93251669    
      7104  0.93309599    
      7128  0.93373615    
      7152  0.93443102    
      7176  0.93517488    
      7200  0.93596232    
      7224  0.93678832    
      7248  0.93764830    
      7272  0.93853778    
      7296  0.93945253    
      7320  0.94038856    
      7344  0.94134194    
      7368  0.94230878    
      7392  0.94328529    
      7416  0.94426751    
      7440  0.94525170    
      7464  0.94623375    
      7488  0.94720960    
      7512  0.94817501    
      7536  0.94912559    
      7560  0.95005691    
      7584  0.95096415    
      7608  0.95184255    
      7632  0.95268691    
      7656  0.95349205    
      7680  0.95425254    
      7704  0.95496255    
      7728  0.95561618    
      7752  0.95620716    
      7776  0.95672899    
      7800  0.95717508    
      7824  0.95753914    
      7848  0.95781583    
      7872  0.95800185    
      7896  0.95809752    
      7920  0.95810825    
      7944  0.95743954    
      7968  0.95690274    
      7992  0.95644212    
      8016  0.95602286    
      8040  0.95562410    
      8064  0.95523345    
      8088  0.95484334    
      8112  0.95444912    
      8136  0.95404774    
      8160  0.95363718    
      8184  0.95321602    
      8208  0.95278323    
      8232  0.95233798    
      8256  0.95187968    
      8280  0.95140761    
      8304  0.95092136    
      8328  0.95042026    
      8352  0.94990391    
      8376  0.94937181    
      8400  0.94882339    
      8424  0.94825822    
      8448  0.94767582    
      8472  0.94707572    
      8496  0.94645739    
      8520  0.94582039    
      8544  0.94516426    
      8568  0.94448858    
      8592  0.94379294    
      8616  0.94307691    
      8640  0.94234020    
      8664  0.94158232    
      8688  0.94080299    
      8712  0.94000190    
      8736  0.93917853    
