         1   106.00000    
        24   234.20131    
        48   261.90179    
        72   291.12613    
        96   321.20728    
       120   351.58813    
       144   381.76102    
       168   411.27362    
       192   439.74463    
       216   466.87772    
       240   492.46719    
       264   516.39520    
       288   538.62183    
       312   559.17102    
       336   578.11450    
       360   595.55640    
       384   611.61938    
       408   626.43390    
       432   640.12970    
       456   652.82892    
       480   664.64276    
       504   675.66937    
       528   685.99359    
       552   695.68549    
       576   704.80273    
       600   713.39056    
       624   721.48309    
       648   729.10535    
       672   736.27411    
       696   742.99884    
       720   749.28387    
       744   755.12903    
       768   760.53094    
       792   765.48370    
       816   769.98035    
       840   774.01355    
       864   777.57648    
       888   780.66309    
       912   783.26947    
       936   785.39417    
       960   787.03906    
       984   788.20892    
      1008   788.91321    
      1032   789.16559    
      1056   729.50653    
      1080   672.94250    
      1104   631.67737    
      1128   601.64917    
      1152   579.65216    
      1176   563.55261    
      1200   551.89746    
      1224   541.25153    
      1248   529.26697    
      1272   519.76624    
      1296   512.91150    
      1320   508.27466    
      1344   505.40686    
      1368   503.93021    
      1392   503.53775    
      1416   503.98108    
      1440   505.05783    
      1464   506.60318    
      1488   508.48206    
      1512   510.58438    
      1536   512.82080    
      1560   515.11945    
      1584   517.42316    
      1608   519.68756    
      1632   521.87921    
      1656   523.97437    
      1680   525.95734    
      1704   527.82025    
      1728   529.56122    
      1752   531.18481    
      1776   532.70081    
      1800   534.12390    
      1824   535.47394    
      1848   536.77533    
      1872   538.05792    
      1896   539.35583    
      1920   540.70874    
      1944   542.16162    
      1968   543.76556    
      1992   545.57794    
      2016   547.66321    
      2040   550.09247    
      2064   552.94580    
      2088   556.31055    
      2112   560.28265    
      2136   564.96484    
      2160   570.46619    
      2184   576.89917    
      2208   584.37610    
      2232   593.00305    
      2256   602.87445    
      2280   614.06519    
      2304   626.62329    
      2328   640.56512    
      2352   655.87238    
      2376   672.49280    
      2400   690.34619    
      2424   709.32971    
      2448   722.63556    
      2472   736.88434    
      2496   755.57013    
      2520   776.56897    
      2544   798.68414    
      2568   821.37671    
      2592   844.39740    
      2616   867.60620    
      2640   890.89722    
      2664   914.17273    
      2688   937.33496    
      2712   960.28540    
      2736   982.92462    
      2760   1005.1550    
      2784   1026.8824    
      2808   1048.0175    
      2832   1068.4783    
      2856   1088.1907    
      2880   1107.0908    
      2904   1125.1249    
      2928   1142.2516    
      2952   1158.4395    
      2976   1173.6696    
      3000   1187.9333    
      3024   1201.2334    
      3048   1213.5809    
      3072   1224.9955    
      3096   1235.5046    
      3120   1245.1418    
      3144   1253.9454    
      3168   1226.2465    
      3192   1205.1908    
      3216   1186.1241    
      3240   1168.5111    
      3264   1152.3595    
      3288   1137.6791    
      3312   1124.4523    
      3336   1112.6409    
      3360   1102.1885    
      3384   1093.0266    
      3408   1085.0776    
      3432   1078.2582    
      3456   1072.4800    
      3480   1067.6549    
      3504   1063.6941    
      3528   1060.5122    
      3552   1058.0248    
      3576   1056.1527    
      3600   1054.8209    
      3624   1053.9591    
      3648   1053.5017    
      3672   1053.3890    
      3696   1053.5657    
      3720   1053.9823    
      3744   1054.5940    
      3768   1055.3612    
      3792   1056.2485    
      3816   1057.2249    
      3840   1058.2634    
      3864   1059.3403    
      3888   1060.4360    
      3912   1061.5341    
      3936   1062.6198    
      3960   1063.6813    
      3984   1064.7097    
      4008   1065.6976    
      4032   1066.6387    
      4056   1067.5292    
      4080   1068.3658    
      4104   1069.1467    
      4128   1069.8708    
      4152   1070.5382    
      4176   1071.1492    
      4200   1071.7050    
      4224   1072.2068    
      4248   1072.6564    
      4272   1073.0558    
      4296   1073.4075    
      4320   1073.7140    
      4344   1073.9784    
      4368   1074.2028    
      4392   1074.3906    
      4416   1074.5439    
      4440   1074.6665    
      4464   1074.7612    
      4488   1074.8313    
      4512   1074.8799    
      4536   1074.9100    
      4560   1074.9253    
      4584   1074.9288    
      4608   1074.9241    
      4632   1074.9152    
      4656   1074.9059    
      4680   1074.8994    
      4704   1074.9000    
      4728   1074.9119    
      4752   1074.9390    
      4776   1074.9865    
      4800   1075.0580    
      4824   1075.1583    
      4848   1075.2921    
      4872   1075.4650    
      4896   1075.6812    
      4920   1075.9462    
      4944   1076.2648    
      4968   1076.6420    
      4992   1077.0834    
      5016   1077.5934    
      5040   1078.1770    
      5064   1078.8384    
      5088   1079.5823    
      5112   1080.4125    
      5136   1081.3319    
      5160   1082.3434    
      5184   1083.4484    
      5208   1084.6477    
      5232   1085.9418    
      5256   1087.3290    
      5280   1088.8069    
      5304   1090.3722    
      5328   1092.0189    
      5352   1093.7408    
      5376   1095.5293    
      5400   1097.3745    
      5424   1003.4601    
      5448   806.06372    
      5472   817.44281    
      5496   834.26276    
      5520   849.62860    
      5544   863.27740    
      5568   875.20270    
      5592   885.43860    
      5616   894.04523    
      5640   901.10114    
      5664   906.69781    
      5688   910.93286    
      5712   913.90729    
      5736   915.72119    
      5760   916.47205    
      5784   916.25299    
      5808   915.15100    
      5832   913.24707    
      5856   910.61517    
      5880   907.32269    
      5904   912.05389    
      5928   909.04950    
      5952   905.31256    
      5976   901.00250    
      6000   896.15765    
      6024   890.81354    
      6048   885.00330    
      6072   878.75757    
      6096   872.10553    
      6120   865.07379    
      6144   857.68628    
      6168   849.96484    
      6192   841.92987    
      6216   833.59930    
      6240   824.98981    
      6264   816.11633    
      6288   806.99286    
      6312   797.63239    
      6336   788.04681    
      6360   778.24744    
      6384   768.24561    
      6408   758.05139    
      6432   747.67548    
      6456   737.12799    
      6480   726.41974    
      6504   715.56104    
      6528   704.56317    
      6552   693.43732    
      6576   682.19568    
      6600   670.85040    
      6624   698.36206    
      6648   723.22369    
      6672   744.93195    
      6696   764.98981    
      6720   783.38452    
      6744   799.96844    
      6768   814.65167    
      6792   827.40070    
      6816   838.22522    
      6840   847.16608    
      6864   854.28766    
      6888   859.67053    
      6912   863.40680    
      6936   865.59515    
      6960   866.33844    
      6984   865.74023    
      7008   863.90332    
      7032   860.92816    
      7056   856.91113    
      7080   851.94543    
      7104   846.11877    
      7128   839.51416    
      7152   832.20984    
      7176   824.27936    
      7200   815.79150    
      7224   806.81097    
      7248   797.39819    
      7272   787.61127    
      7296   777.50476    
      7320   767.13068    
      7344   756.53992    
      7368   745.78180    
      7392   734.90509    
      7416   723.95819    
      7440   712.98956    
      7464   702.04865    
      7488   691.18579    
      7512   680.45209    
      7536   669.90076    
      7560   659.58594    
      7584   649.56390    
      7608   639.89264    
      7632   630.63208    
      7656   621.84393    
      7680   613.59229    
      7704   605.94336    
      7728   598.96558    
      7752   592.72937    
      7776   587.30695    
      7800   582.77039    
      7824   579.18829    
      7848   576.61987    
      7872   575.10492    
      7896   574.65173    
      7920   575.22229    
      7944   578.41064    
      7968   585.50476    
      7992   593.11090    
      8016   600.42780    
      8040   607.38031    
      8064   614.06213    
      8088   620.58136    
      8112   627.02441    
      8136   633.45496    
      8160   639.91858    
      8184   646.44916    
      8208   653.07178    
      8232   659.80615    
      8256   666.66846    
      8280   673.67261    
      8304   680.83112    
      8328   688.15509    
      8352   695.65509    
      8376   703.34143    
      8400   711.22430    
      8424   719.31372    
      8448   727.61951    
      8472   736.15118    
      8496   744.91907    
      8520   753.93286    
      8544   763.20233    
      8568   772.73730    
      8592   782.54791    
      8616   792.64368    
      8640   803.03479    
      8664   813.73047    
      8688   824.74048    
      8712   836.07404    
      8736   847.74103    
