         1   106.00000    
       288   213.31648    
       576   207.89491    
       864   197.45573    
      1152   187.15871    
      1440   178.56558    
      1728   170.41452    
      2016   164.03772    
      2304   159.29825    
      2592   156.06404    
      2880   153.80341    
      3168   152.14125    
      3456   150.87308    
      3744   149.87776    
      4032   149.07901    
      4320   148.42651    
      4608   147.88554    
      4896   147.43152    
      5184   147.04646    
      5472   146.71700    
      5760   146.43300    
      6048   146.18645    
      6336   145.97124    
      6624   145.78235    
      6912   145.61581    
      7200   145.46846    
      7488   145.33768    
      7776   145.22105    
      8064   145.11664    
      8352   145.02336    
      8640   144.93945    
      8928   144.86378    
      9216   144.79567    
      9504   144.73401    
      9792   144.67844    
     10080   144.62790    
     10368   144.58202    
     10656   144.54030    
     10944   144.50217    
     11232   144.46701    
     11520   144.43611    
     11808   144.40709    
     12096   144.38072    
     12384   144.35667    
     12672   144.33470    
     12960   144.31377    
     13248   144.29619    
     13536   144.27861    
     13824   144.26237    
     14112   144.24919    
     14400   144.23601    
     14688   144.22282    
     14976   144.21083    
     15264   144.20204    
     15552   144.19325    
     15840   144.18446    
     16128   144.17567    
     16416   144.16689    
     16704   144.15810    
     16992   144.15167    
     17280   144.09723    
     17568   143.90245    
     17856   143.44601    
     18144   142.67633    
     18432   141.65622    
     18720   140.50673    
     19008   138.03108    
     19296   115.62590    
     19584   95.538826    
     19872   91.637619    
     20160   91.038063    
     20448   90.954308    
     20736   91.065346    
     21024   91.152534    
     21312   91.442352    
     21600   91.831688    
     21888   92.331947    
     22176   92.957314    
     22464   93.705208    
     22752   94.520737    
     23040   95.456749    
     23328   96.208565    
     23616   97.140053    
     23904   98.132111    
     24192   99.257515    
     24480   100.51714    
     24768   101.89957    
     25056   103.27983    
     25344   104.77074    
     25632   105.81034    
     25920   107.00120    
     26208   108.15309    
     26496   109.40358    
     26784   110.72876    
     27072   112.10170    
     27360   113.50026    
     27648   114.72500    
     27936   115.02467    
     28224   115.53452    
     28512   116.19061    
     28800   116.75753    
     29088   117.44592    
     29376   118.22106    
     29664   119.05535    
     29952   119.71333    
     30240   119.29617    
     30528   119.24313    
     30816   119.44398    
     31104   119.82266    
     31392   120.10368    
     31680   120.52708    
     31968   121.04363    
     32256   121.61512    
     32544   120.74054    
     32832   120.32630    
     33120   120.21346    
     33408   120.29314    
     33696   120.49058    
     33984   120.51369    
     34272   120.64309    
     34560   120.82958    
     34848   119.78871    
     35136   119.16884    
     35424   118.81010    
     35712   118.37115    
     36000   118.10610    
     36288   117.94328    
     36576   117.83533    
     36864   117.75156    
     37152   116.46088    
     37440   115.36098    
     37728   114.60977    
     38016   114.07425    
     38304   113.66980    
     38592   113.34309    
     38880   113.06026    
     39168   112.80019    
     39456   111.40887    
     39744   110.21275    
     40032   109.36412    
     40320   108.73094    
     40608   108.23133    
     40896   107.81411    
     41184   107.44739    
     41472   107.11121    
     41760   105.73214    
     42048   104.76153    
     42336   104.04317    
     42624   103.48260    
     42912   103.02123    
     43200   102.40815    
     43488   101.91621    
     43776   101.50075    
     44064   100.15076    
     44352   99.203163    
     44640   98.503593    
     44928   97.959648    
     45216   97.514343    
     45504   97.132271    
     45792   96.791351    
     46080   96.477982    
     46368   96.183662    
     46656   95.903046    
     46944   95.632942    
     47232   94.456863    
     47520   93.632133    
     47808   93.025398    
     48096   92.555496    
     48384   92.172302    
     48672   91.845940    
     48960   91.557106    
     49248   91.294113    
     49536   91.049789    
     49824   90.819489    
     50112   90.600288    
     50400   90.575645    
     50688   90.489433    
     50976   90.367126    
     51264   90.224754    
     51552   90.072334    
     51840   89.916214    
     52128   89.760147    
     52416   89.606575    
     52704   89.456818    
     52992   89.311836    
     53280   89.172073    
     53568   89.037857    
     53856   88.909111    
     54144   88.967812    
     54432   88.963264    
     54720   88.921280    
     55008   88.858368    
     55296   88.784492    
     55584   88.705811    
     55872   88.625877    
     56160   88.546959    
     56448   88.470116    
     56736   88.395958    
     57024   88.500587    
     57312   88.541183    
     57600   89.444656    
     57888   90.010017    
     58176   90.365707    
     58464   90.591858    
     58752   90.737907    
     59040   90.833664    
     59328   91.080429    
     59616   91.236259    
     59904   91.335320    
     60192   92.353203    
     60480   93.019295    
     60768   93.466270    
     61056   93.776100    
     61344   93.998589    
     61632   94.163719    
     61920   94.477875    
     62208   95.706200    
     62496   96.527924    
     62784   97.094223    
     63072   97.498207    
     63360   97.796524    
     63648   98.023422    
     63936   99.267334    
     64224   100.32469    
     64512   101.05669    
     64800   101.57944    
     65088   101.96436    
     65376   102.25421    
     65664   103.61624    
     65952   104.55586    
     66240   105.22649    
     66528   105.93042    
     66816   106.43118    
     67104   108.00659    
     67392   109.09689    
     67680   109.87583    
     67968   110.44813    
     68256   112.14935    
     68544   113.34460    
     68832   114.21253    
     69120   115.08752    
     69408   117.07041    
     69696   118.46214    
     69984   119.46972    
     70272   120.21813    
     70560   120.78230    
     70848   122.63885    
     71136   123.94501    
     71424   124.89072    
     71712   125.83241    
     72000   128.34068    
     72288   130.10352    
     72576   131.38135    
     72864   132.32965    
     73152   133.04138    
     73440   135.18954    
     73728   136.70815    
     74016   137.80873    
     74304   138.61562    
     74592   141.18436    
     74880   142.97844    
     75168   144.25606    
     75456   146.97371    
     75744   148.90700    
     76032   150.31839    
     76320   151.36295    
     76608   154.02992    
     76896   155.93262    
     77184   157.62756    
     77472   158.84229    
     77760   161.72267    
     78048   163.75716    
     78336   165.22255    
     78624   166.28168    
     78912   169.15778    
     79200   171.18849    
     79488   172.64775    
     79776   174.02301    
     80064   177.21858    
     80352   179.45387    
     80640   181.03954    
     80928   182.15912    
     81216   185.28555    
     81504   187.47566    
     81792   189.02936    
     82080   190.47542    
     82368   191.44466    
     82656   194.53970    
     82944   196.64737    
     83232   198.08018    
     83520   199.02063    
     83808   202.17850    
     84096   204.70461    
     84384   206.42035    
     84672   207.53633    
     84960   208.19756    
     85248   211.21503    
     85536   213.19463    
     85824   214.46156    
     86112   215.57835    
     86400   216.16713    
     86688   219.13799    
     86976   221.00305    
     87264   222.10852    
     87552   222.64467    
     87840   223.11200    
     88128   223.11195    
     88416   225.57455    
     88704   226.94492    
     88992   227.57082    
     89280   227.63058    
     89568   227.61475    
     89856   227.16260    
     90144   226.34079    
     90432   228.04781    
     90720   228.75488    
     91008   228.82285    
     91296   228.76601    
     91584   228.29903    
     91872   227.49687    
     92160   226.44489    
     92448   225.20973    
     92736   223.84259    
     93024   222.65752    
     93312   224.15450    
     93600   224.80663    
     93888   224.96373    
     94176   224.80792    
     94464   224.68649    
     94752   224.46507    
     95040   224.12468    
     95328   223.71638    
     95616   223.27232    
     95904   222.79729    
     96192   222.34076    
     96480   221.78061    
     96768   220.85501    
     97056   219.77852    
     97344   218.11292    
     97632   215.26033    
     97920   210.94968    
     98208   206.36104    
     98496   202.49281    
     98784   199.17091    
     99072   196.28265    
     99360   193.74899    
     99648   191.51129    
     99936   189.52426    
    100224   187.75201    
    100512   186.16551    
    100800   184.74075    
    101088   183.45764    
    101376   182.29941    
    101664   181.25168    
    101952   180.30211    
    102240   179.44000    
    102528   178.65610    
    102816   177.94244    
    103104   177.29193    
    103392   176.69836    
    103680   176.15620    
    103968   175.66060    
    104256   175.20720    
    104544   174.79211    
    104832   174.41193    
