         1   106.00000    
        24   205.09515    
        48   183.62665    
        72   168.67540    
        96   157.96301    
       120   150.14694    
       144   144.37617    
       168   140.09412    
       192   136.92654    
       216   134.61447    
       240   132.97302    
       264   131.86621    
       288   131.19101    
       312   130.86736    
       336   130.83134    
       360   131.03107    
       384   131.42360    
       408   131.97290    
       432   132.64844    
       456   133.42407    
       480   134.27727    
       504   135.18849    
       528   136.14067    
       552   137.11893    
       576   138.11012    
       600   139.10269    
       624   140.08630    
       648   141.05185    
       672   141.99103    
       696   142.89665    
       720   143.76213    
       744   144.58153    
       768   145.34970    
       792   146.06204    
       816   146.71445    
       840   147.30345    
       864   147.82619    
       888   148.28038    
       912   148.66428    
       936   148.97664    
       960   149.21722    
       984   149.38622    
      1008   149.48457    
      1032   149.51401    
      1056   140.11227    
      1080   130.62004    
      1104   123.59925    
      1128   118.47192    
      1152   114.71679    
      1176   111.97601    
      1200   110.00142    
      1224   108.07703    
      1248   105.91415    
      1272   104.26077    
      1296   103.09505    
      1320   102.32062    
      1344   101.85239    
      1368   101.62257    
      1392   101.57733    
      1416   101.67360    
      1440   101.87657    
      1464   102.15796    
      1488   102.49470    
      1512   102.86799    
      1536   103.26256    
      1560   103.66620    
      1584   104.06918    
      1608   104.46387    
      1632   104.84461    
      1656   105.20734    
      1680   105.54942    
      1704   105.86948    
      1728   106.16724    
      1752   106.44356    
      1776   106.70018    
      1800   106.93972    
      1824   107.16568    
      1848   107.38239    
      1872   107.59506    
      1896   107.80970    
      1920   108.03323    
      1944   108.27357    
      1968   108.53958    
      1992   108.84123    
      2016   109.18971    
      2040   109.59733    
      2064   110.07767    
      2088   110.64557    
      2112   111.31709    
      2136   112.10932    
      2160   113.04004    
      2184   114.12720    
      2208   115.38819    
      2232   116.83890    
      2256   118.49248    
      2280   120.35812    
      2304   122.43999    
      2328   124.73624    
      2352   127.23901    
      2376   129.93456    
      2400   132.80432    
      2424   135.82642    
      2448   138.02153    
      2472   140.24342    
      2496   143.11761    
      2520   146.32898    
      2544   149.67903    
      2568   153.07523    
      2592   156.47440    
      2616   159.85246    
      2640   163.19223    
      2664   166.47878    
      2688   169.69809    
      2712   172.83690    
      2736   175.88278    
      2760   178.82420    
      2784   181.65106    
      2808   184.35452    
      2832   186.92738    
      2856   189.36407    
      2880   191.66069    
      2904   193.81493    
      2928   195.82603    
      2952   197.69479    
      2976   199.42336    
      3000   201.01486    
      3024   202.47369    
      3048   203.80486    
      3072   205.01416    
      3096   206.10785    
      3120   207.09244    
      3144   207.97469    
      3168   204.95682    
      3192   202.46925    
      3216   200.17836    
      3240   198.03226    
      3264   196.03760    
      3288   194.20107    
      3312   192.52548    
      3336   191.01042    
      3360   189.65256    
      3384   188.44641    
      3408   187.38454    
      3432   186.45827    
      3456   185.65817    
      3480   184.97404    
      3504   184.39548    
      3528   183.91211    
      3552   183.51360    
      3576   183.19000    
      3600   182.93181    
      3624   182.73004    
      3648   182.57628    
      3672   182.46274    
      3696   182.38231    
      3720   182.32849    
      3744   182.29543    
      3768   182.27788    
      3792   182.27116    
      3816   182.27116    
      3840   182.27434    
      3864   182.27760    
      3888   182.27818    
      3912   182.27391    
      3936   182.26280    
      3960   182.24321    
      3984   182.21387    
      4008   182.17360    
      4032   182.12154    
      4056   182.05698    
      4080   181.97932    
      4104   181.88811    
      4128   181.78300    
      4152   181.66370    
      4176   181.53003    
      4200   181.38181    
      4224   181.21890    
      4248   181.04128    
      4272   180.84874    
      4296   180.64127    
      4320   180.41873    
      4344   180.18102    
      4368   179.92805    
      4392   179.65967    
      4416   179.37576    
      4440   179.07614    
      4464   178.76056    
      4488   178.42889    
      4512   178.08078    
      4536   177.71600    
      4560   177.33424    
      4584   176.93524    
      4608   176.51857    
      4632   176.08389    
      4656   175.63072    
      4680   175.15865    
      4704   174.66722    
      4728   174.15601    
      4752   173.62439    
      4776   173.07185    
      4800   172.49791    
      4824   171.90195    
      4848   171.28336    
      4872   170.64149    
      4896   169.97583    
      4920   169.28564    
      4944   168.57037    
      4968   167.82928    
      4992   167.06183    
      5016   166.26735    
      5040   165.44522    
      5064   164.59486    
      5088   163.71567    
      5112   162.80705    
      5136   161.86862    
      5160   160.89983    
      5184   159.90027    
      5208   158.86971    
      5232   157.80777    
      5256   156.71436    
      5280   155.58932    
      5304   154.43263    
      5328   153.24443    
      5352   152.02487    
      5376   150.77425    
      5400   149.49309    
      5424   161.19514    
      5448   192.48558    
      5472   215.81250    
      5496   233.41068    
      5520   246.89592    
      5544   257.24954    
      5568   265.18451    
      5592   271.23993    
      5616   275.82556    
      5640   279.25272    
      5664   281.75806    
      5688   283.52228    
      5712   284.68369    
      5736   285.34918    
      5760   285.60226    
      5784   285.50876    
      5808   285.12088    
      5832   284.48071    
      5856   283.62207    
      5880   282.57288    
      5904   283.57947    
      5928   282.41718    
      5952   281.10092    
      5976   279.66412    
      6000   278.10876    
      6024   276.43817    
      6048   274.65637    
      6072   272.76816    
      6096   270.77829    
      6120   268.69138    
      6144   266.51178    
      6168   264.24338    
      6192   261.88983    
      6216   259.45450    
      6240   256.94016    
      6264   254.34944    
      6288   251.68466    
      6312   248.94794    
      6336   246.14110    
      6360   243.26588    
      6384   240.32405    
      6408   237.31709    
      6432   234.24672    
      6456   231.11435    
      6480   227.92180    
      6504   224.67081    
      6528   221.36328    
      6552   218.00127    
      6576   214.58707    
      6600   211.12326    
      6624   218.48737    
      6648   224.40080    
      6672   229.58673    
      6696   234.43088    
      6720   238.87442    
      6744   242.84695    
      6768   246.30997    
      6792   249.24980    
      6816   251.66985    
      6840   253.58456    
      6864   255.01587    
      6888   255.98978    
      6912   256.53494    
      6936   256.68069    
      6960   256.45670    
      6984   255.89159    
      7008   255.01305    
      7032   253.84715    
      7056   252.41862    
      7080   250.75046    
      7104   248.86404    
      7128   246.77921    
      7152   244.51424    
      7176   242.08620    
      7200   239.51089    
      7224   236.80299    
      7248   233.97630    
      7272   231.04395    
      7296   228.01831    
      7320   224.91150    
      7344   221.73520    
      7368   218.50116    
      7392   215.22110    
      7416   211.90688    
      7440   208.57074    
      7464   205.22530    
      7488   201.88371    
      7512   198.55983    
      7536   195.26801    
      7560   192.02347    
      7584   188.84207    
      7608   185.74049    
      7632   182.73627    
      7656   179.84753    
      7680   177.09348    
      7704   174.49403    
      7728   172.07013    
      7752   169.84352    
      7776   167.83673    
      7800   166.07278    
      7824   164.57420    
      7848   163.36107    
      7872   162.44830    
      7896   161.84085    
      7920   161.52974    
      7944   161.96889    
      7968   163.38809    
      7992   164.86943    
      8016   166.25238    
      8040   167.54431    
      8064   168.77911    
      8088   169.98615    
      8112   171.18626    
      8136   172.39330    
      8160   173.61636    
      8184   174.86153    
      8208   176.13295    
      8232   177.43341    
      8256   178.76500    
      8280   180.12933    
      8304   181.52762    
      8328   182.96089    
      8352   184.43019    
      8376   185.93639    
      8400   187.48036    
      8424   189.06297    
      8448   190.68503    
      8472   192.34735    
      8496   194.05069    
      8520   195.79594    
      8544   197.58383    
      8568   199.41502    
      8592   201.29036    
      8616   203.21040    
      8640   205.17589    
      8664   207.18739    
      8688   209.24542    
      8712   211.35056    
      8736   213.50319    
