       288   328.34070    
       576   353.85150    
       864   388.72144    
      1152   412.12253    
      1440   424.23816    
      1728   427.50354    
      2016   427.50354    
      2304   427.50354    
      2592   427.50354    
      2880   427.50354    
      3168   427.50354    
      3456   427.50354    
      3744   427.50354    
      4032   427.50354    
      4320   427.50354    
      4608   427.50354    
      4896   427.50354    
      5184   427.50354    
      5472   427.50354    
      5760   427.50354    
      6048   427.50354    
      6336   427.50354    
      6624   427.50354    
      6912   427.50354    
      7200   427.50354    
      7488   427.50354    
      7776   427.50354    
      8064   427.50354    
      8352   427.50354    
      8640   427.50354    
      8928   427.50354    
      9216   427.50354    
      9504   427.50354    
      9792   427.50354    
     10080   427.50354    
     10368   427.50354    
     10656   427.50354    
     10944   427.50354    
     11232   427.50354    
     11520   427.50354    
     11808   427.50354    
     12096   427.50354    
     12384   427.50354    
     12672   427.50354    
     12960   427.50354    
     13248   427.50354    
     13536   427.50354    
     13824   427.50354    
     14112   427.50354    
     14400   427.50354    
     14688   427.50354    
     14976   427.50354    
     15264   427.50354    
     15552   427.50354    
     15840   427.50354    
     16128   427.50354    
     16416   427.50354    
     16704   427.50354    
     16992   427.50354    
     17280   427.50354    
     17568   427.50354    
     17856   427.50354    
     18144   427.50354    
     18432   427.50354    
     18720   427.50354    
     19008   427.50354    
     19296   427.50354    
     19584   427.50354    
     19872   427.50354    
     20160   427.50354    
     20448   427.50354    
     20736   427.50354    
     21024   427.50354    
     21312   427.50354    
     21600   427.50354    
     21888   427.50354    
     22176   427.50354    
     22464   427.50354    
     22752   427.50354    
     23040   427.50354    
     23328   427.50354    
     23616   427.50354    
     23904   427.50354    
     24192   427.50354    
     24480   427.50354    
     24768   427.50354    
     25056   427.50354    
     25344   427.50354    
     25632   427.50354    
     25920   427.50354    
     26208   427.50354    
     26496   427.50354    
     26784   427.50354    
     27072   427.50354    
     27360   427.50354    
     27648   427.50354    
     27936   427.50354    
     28224   427.50354    
     28512   427.50354    
     28800   427.50354    
     29088   427.50354    
     29376   393.27625    
     29664   425.90891    
     29952   467.33075    
     30240   471.69748    
     30528   478.23923    
     30816   486.89630    
     31104   497.00418    
     31392   507.14240    
     31680   518.07227    
     31968   529.37878    
     32256   540.73779    
     32544   544.78314    
     32832   550.53949    
     33120   557.13940    
     33408   564.01996    
     33696   570.80493    
     33984   576.12610    
     34272   581.39532    
     34560   586.37012    
     34848   584.25452    
     35136   583.83075    
     35424   584.17126    
     35712   583.56195    
     36000   583.37549    
     36288   583.25336    
     36576   582.99481    
     36864   582.49377    
     37152   575.16541    
     37440   568.73547    
     37728   563.87109    
     38016   559.78601    
     38304   556.05359    
     38592   552.44641    
     38880   548.84662    
     39168   545.19543    
     39456   535.45496    
     39744   526.81848    
     40032   519.86420    
     40320   513.81049    
     40608   508.24481    
     40896   502.95093    
     41184   497.81570    
     41472   492.78036    
     41760   482.48184    
     42048   474.33606    
     42336   467.36011    
     42624   461.04950    
     42912   455.14761    
     43200   448.55338    
     43488   442.62360    
     43776   437.10669    
     44064   427.22891    
     44352   419.39621    
     44640   412.69839    
     44928   406.66336    
     45216   401.05722    
     45504   395.75717    
     45792   390.69656    
     46080   385.83728    
     46368   381.15445    
     46656   376.63004    
     46944   372.24939    
     47232   364.09601    
     47520   357.62994    
     47808   352.09122    
     48096   347.10800    
     48384   342.48825    
     48672   338.13248    
     48960   333.98672    
     49248   330.01965    
     49536   326.20871    
     49824   322.53824    
     50112   318.99527    
     50400   316.24948    
     50688   313.28888    
     50976   310.25671    
     51264   307.22690    
     51552   304.23624    
     51840   301.30182    
     52128   298.42984    
     52416   295.62186    
     52704   292.87650    
     52992   290.19177    
     53280   287.56488    
     53568   284.99371    
     53856   282.47580    
     54144   280.61523    
     54432   278.51755    
     54720   276.31580    
     55008   274.08142    
     55296   271.85083    
     55584   269.64249    
     55872   267.46527    
     56160   265.32272    
     56448   263.21606    
     56736   261.14496    
     57024   259.65469    
     57312   257.94168    
     57600   259.03070    
     57888   258.99670    
     58176   258.37131    
     58464   257.42532    
     58752   256.29636    
     59040   255.05550    
     59328   254.28043    
     59616   253.20284    
     59904   251.95160    
     60192   253.52367    
     60480   253.96741    
     60768   253.79402    
     61056   253.26627    
     61344   252.52034    
     61632   251.62837    
     61920   251.15784    
     62208   253.35878    
     62496   254.29079    
     62784   254.50963    
     63072   254.30728    
     63360   253.83766    
     63648   253.18356    
     63936   255.46075    
     64224   257.09888    
     64512   257.80292    
     64800   257.94946    
     65088   257.74155    
     65376   257.29218    
     65664   259.85870    
     65952   261.17712    
     66240   261.76340    
     66528   262.43362    
     66816   262.55005    
     67104   265.64047    
     67392   267.34235    
     67680   268.21667    
     67968   268.56616    
     68256   272.00699    
     68544   274.02094    
     68832   275.16623    
     69120   276.31082    
     69408   280.42752    
     69696   282.90640    
     69984   284.37936    
     70272   285.19702    
     70560   285.55304    
     70848   289.34213    
     71136   291.61359    
     71424   292.93823    
     71712   294.21762    
     72000   299.61539    
     72288   302.99265    
     72576   305.11282    
     72864   306.40604    
     73152   307.11560    
     73440   311.55499    
     73728   314.31281    
     74016   315.99310    
     74304   316.94086    
     74592   322.35071    
     74880   325.72046    
     75168   327.78412    
     75456   333.53003    
     75744   337.24249    
     76032   339.63321    
     76320   341.11777    
     76608   346.70700    
     76896   350.32486    
     77184   353.33533    
     77472   355.15558    
     77760   361.17273    
     78048   365.05469    
     78336   367.52255    
     78624   369.00964    
     78912   375.02441    
     79200   378.91855    
     79488   381.39182    
     79776   383.59412    
     80064   390.29263    
     80352   394.63089    
     80640   397.38086    
     80928   399.02161    
     81216   405.59808    
     81504   409.88782    
     81792   412.61743    
     82080   415.01636    
     82368   416.29440    
     82656   422.79041    
     82944   426.94583    
     83232   429.48727    
     83520   430.88394    
     83808   437.65897    
     84096   442.86716    
     84384   446.11005    
     84672   447.95984    
     84960   448.78702    
     85248   455.30289    
     85536   459.43759    
     85824   461.87720    
     86112   463.90616    
     86400   464.72549    
     86688   471.25815    
     86976   475.32681    
     87264   477.61490    
     87552   478.60583    
     87840   479.42328    
     88128   479.22498    
     88416   484.86566    
     88704   488.20642    
     88992   489.85037    
     89280   490.25534    
     89568   490.50861    
     89856   489.85532    
     90144   488.48950    
     90432   492.93015    
     90720   495.49875    
     91008   496.63245    
     91296   497.43823    
     91584   497.38751    
     91872   496.65451    
     92160   495.45544    
     92448   493.95255    
     92736   492.27426    
     93024   490.95865    
     93312   494.70911    
     93600   497.89786    
     93888   500.08530    
     94176   501.57986    
     94464   502.87537    
     94752   504.14426    
     95040   505.11426    
     95328   505.87552    
     95616   506.48978    
     95904   506.86725    
     96192   507.06033    
     96480   507.21494    
     96768   507.28281    
     97056   507.29654    
     97344   507.29654    
     97632   507.29654    
     97920   507.29654    
     98208   507.29654    
     98496   507.29654    
     98784   507.29654    
     99072   507.29654    
     99360   507.29654    
     99648   507.29654    
     99936   507.29654    
    100224   507.29654    
    100512   507.29654    
    100800   507.29654    
    101088   507.29654    
    101376   507.29654    
    101664   507.29654    
    101952   507.29654    
    102240   507.29654    
    102528   507.29654    
    102816   507.29654    
    103104   507.29654    
    103392   507.29654    
    103680   507.29654    
    103968   507.29654    
    104256   507.29654    
    104544   507.29654    
    104832   507.29654    
    105120   507.29654    
    105408   507.29654    
    105696   507.29654    
    105984   507.29654    
    106272   507.29654    
    106560   507.29654    
    106848   507.29654    
    107136   507.29654    
    107424   507.29654    
    107712   507.29654    
    108000   507.29654    
    108288   507.29654    
    108576   507.29654    
    108864   507.29654    
    109152   507.29654    
    109440   507.29654    
    109728   507.29654    
    110016   507.29654    
    110304   507.29654    
    110592   507.29654    
    110880   507.29654    
    111168   507.29654    
    111456   507.29654    
    111744   507.29654    
    112032   507.29654    
    112320   507.29654    
    112608   507.29654    
    112896   507.29654    
    113184   507.29654    
    113472   507.29654    
    113760   507.29654    
    114048   507.29654    
    114336   507.29654    
    114624   507.29654    
    114912   507.29654    
    115200   507.29654    
    115488   507.29654    
    115776   507.29654    
    116064   507.29654    
    116352   507.29654    
    116640   507.29654    
    116928   507.29654    
    117216   507.29654    
    117504   507.29654    
    117792   507.29654    
    118080   507.29654    
    118368   507.29654    
    118656   507.29654    
    118944   507.29654    
    119232   507.29654    
    119520   507.29654    
    119808   507.29654    
    120096   507.29654    
    120384   507.29654    
    120672   507.29654    
    120960   507.29654    
    121248   507.29654    
    121536   507.29654    
    121824   507.29654    
    122112   507.29654    
    122400   507.29654    
    122688   507.29654    
    122976   507.29654    
    123264   507.29654    
    123552   507.29654    
    123840   507.29654    
    124128   507.29654    
    124416   507.29654    
    124704   507.29654    
    124992   507.29654    
    125280   507.29654    
    125568   507.29654    
    125856   507.29654    
    126144   507.29654    
    126432   507.29654    
    126720   507.29654    
    127008   507.29654    
    127296   507.29654    
    127584   507.29654    
    127872   507.29654    
    128160   507.29654    
    128448   507.29654    
    128736   507.29654    
    129024   507.29654    
    129312   507.29654    
    129600   507.29654    
    129888   507.29654    
    130176   507.29654    
    130464   507.29654    
    130752   507.29654    
    131040   507.29654    
    131328   507.29654    
    131616   507.29654    
    131904   507.29654    
    132192   507.29654    
    132480   507.29654    
    132768   507.29654    
    133056   507.29654    
    133344   507.29654    
    133632   507.29654    
    133920   507.29654    
    134208   507.29654    
    134496   507.29654    
    134784   507.29654    
    135072   507.29654    
    135360   507.29654    
    135648   507.29654    
    135936   507.29654    
    136224   507.29654    
    136512   507.29654    
    136800   507.29654    
    137088   507.29654    
    137376   507.29654    
    137664   507.29654    
    137952   507.29654    
    138240   507.29654    
    138528   507.29654    
    138816   507.29654    
    139104   507.29654    
    139392   507.29654    
    139680   507.29654    
    139968   507.29654    
    140256   507.29654    
    140544   507.29654    
    140832   507.29654    
    141120   507.29654    
    141408   507.29654    
    141696   507.29654    
    141984   507.29654    
    142272   507.29654    
    142560   507.29654    
    142848   507.29654    
    143136   507.29654    
    143424   507.29654    
    143712   507.29654    
    144000   507.29654    
    144288   507.29654    
    144576   508.95395    
    144864   538.01575    
    145152   608.68280    
    145440   710.88995    
    145728   757.11169    
    146016   766.72192    
    146304   771.85767    
    146592   775.76086    
    146880   771.17737    
    147168   767.98273    
    147456   764.82605    
    147744   761.18604    
    148032   756.92401    
    148320   751.00500    
    148608   745.22906    
    148896   739.33197    
    149184   726.70117    
    149472   716.63287    
    149760   707.73505    
    150048   699.44519    
    150336   691.55109    
    150624   683.97333    
    150912   676.67657    
    151200   669.62463    
    151488   662.80035    
    151776   656.18732    
    152064   649.76831    
    152352   637.75458    
    152640   628.26471    
    152928   619.99945    
    153216   612.46088    
    153504   605.44818    
    153792   598.86200    
    154080   592.64270    
    154368   586.75049    
    154656   581.15106    
    154944   575.80963    
    155232   570.69336    
    155520   566.69757    
    155808   562.32233    
    156096   557.90424    
    156384   553.56403    
    156672   549.34314    
    156960   545.25244    
    157248   541.29144    
    157536   537.45331    
    157824   533.73053    
    158112   530.12140    
    158400   526.62402    
    158688   523.23608    
    158976   519.95581    
    159264   517.64276    
    159552   514.90314    
    159840   512.06879    
    160128   509.26273    
    160416   506.52869    
    160704   503.87906    
    160992   501.31277    
    161280   498.82904    
    161568   496.42545    
    161856   494.09863    
    162144   492.65363    
    162432   490.78729    
    162720   493.63400    
    163008   494.65408    
    163296   494.83826    
    163584   494.56372    
    163872   493.97644    
    164160   493.14572    
    164448   492.93747    
    164736   492.07294    
    165024   490.89368    
    165312   494.54303    
    165600   496.21054    
    165888   496.89188    
    166176   496.98706    
    166464   496.66745    
    166752   496.02234    
    167040   495.93259    
    167328   500.34497    
    167616   502.44501    
    167904   503.36594    
    168192   503.58148    
    168480   503.30371    
    168768   502.64484    
    169056   507.05649    
    169344   510.07846    
    169632   511.37415    
    169920   511.71161    
    170208   511.43451    
    170496   510.71295    
    170784   515.27734    
    171072   517.46436    
    171360   518.35162    
    171648   519.28827    
    171936   519.15576    
    172224   524.26117    
    172512   526.75641    
    172800   527.80017    
    173088   527.93951    
    173376   533.50287    
    173664   536.33112    
    173952   537.58942    
    174240   538.73560    
    174528   544.98987    
    174816   548.15497    
    175104   549.56018    
    175392   549.86316    
    175680   549.40729    
    175968   554.93304    
    176256   557.60449    
    176544   558.61804    
    176832   559.49139    
    177120   567.45270    
    177408   571.64404    
    177696   573.64496    
    177984   574.28033    
    178272   573.99609    
    178560   580.11548    
    178848   583.13751    
    179136   584.30798    
    179424   584.30359    
    179712   591.76923    
    180000   595.49408    
    180288   597.01758    
    180576   604.76453    
    180864   608.86615    
    181152   610.74585    
    181440   611.20258    
    181728   618.52075    
    182016   622.33044    
    182304   624.98035    
    182592   625.73138    
    182880   633.44183    
    183168   637.45538    
    183456   639.18390    
    183744   639.45703    
    184032   647.16638    
    184320   651.22754    
    184608   652.99579    
    184896   654.29547    
    185184   662.85590    
    185472   667.42218    
    185760   669.47168    
    186048   669.91876    
    186336   678.28912    
    186624   682.83960    
    186912   684.92395    
    187200   686.42664    
    187488   686.41364    
    187776   694.68549    
    188064   699.17798    
    188352   701.17310    
    188640   701.55713    
    188928   710.33557    
    189216   716.30676    
    189504   719.28845    
    189792   720.27057    
    190080   719.96625    
    190368   728.39172    
    190656   733.25568    
    190944   735.53455    
    191232   736.98560    
    191520   737.09357    
    191808   745.55389    
    192096   750.76642    
    192384   753.28693    
    192672   754.04871    
    192960   754.31836    
    193248   753.92181    
    193536   760.52167    
    193824   765.70178    
    194112   768.41016    
    194400   769.46356    
    194688   769.74396    
    194976   769.74933    
    195264   769.35455    
    195552   770.33789    
    195840   772.19061    
    196128   773.41724    
    196416   773.98981    
    196704   774.19281    
    196992   774.21918    
    197280   774.21918    
    197568   774.21918    
    197856   774.21918    
    198144   774.21918    
    198432   774.21918    
    198720   774.21918    
    199008   774.21918    
    199296   774.21918    
    199584   774.21918    
    199872   774.21918    
    200160   774.21918    
    200448   774.21918    
    200736   774.21918    
    201024   774.21918    
    201312   774.21918    
    201600   774.21918    
    201888   774.21918    
    202176   774.21918    
    202464   774.21918    
    202752   774.21918    
    203040   774.21918    
    203328   774.21918    
    203616   774.21918    
    203904   774.21918    
    204192   774.21918    
    204480   774.21918    
    204768   774.21918    
    205056   774.21918    
    205344   774.21918    
    205632   774.21918    
    205920   774.21918    
    206208   774.21918    
    206496   774.21918    
    206784   774.21918    
    207072   774.21918    
    207360   774.21918    
    207648   774.21918    
    207936   774.21918    
    208224   774.21918    
    208512   774.21918    
    208800   774.21918    
    209088   774.21918    
    209376   774.21918    
    209664   774.21918    
    209952   774.21918    
    210240   774.21918    
    210528   774.21918    
    210816   774.21918    
    211104   774.21918    
    211392   774.21918    
    211680   774.21918    
    211968   774.21918    
    212256   774.21918    
    212544   774.21918    
    212832   774.21918    
    213120   774.21918    
    213408   774.21918    
    213696   774.21918    
    213984   774.21918    
    214272   774.21918    
    214560   774.21918    
    214848   774.21918    
    215136   774.21918    
    215424   774.21918    
    215712   774.21918    
    216000   774.21918    
    216288   774.21918    
    216576   774.21918    
    216864   774.21918    
    217152   774.21918    
    217440   774.21918    
    217728   774.21918    
    218016   774.21918    
    218304   774.21918    
    218592   774.21918    
    218880   774.21918    
    219168   774.21918    
    219456   774.21918    
    219744   774.21918    
    220032   774.21918    
    220320   774.21918    
    220608   774.21918    
    220896   774.21918    
    221184   774.21918    
    221472   774.21918    
    221760   774.21918    
    222048   774.21918    
    222336   774.21918    
    222624   774.21918    
    222912   774.21918    
    223200   774.21918    
    223488   774.21918    
    223776   774.21918    
    224064   774.21918    
    224352   774.21918    
    224640   774.21918    
    224928   774.21918    
    225216   774.21918    
    225504   774.21918    
    225792   774.21918    
    226080   774.21918    
    226368   774.21918    
    226656   774.21918    
    226944   774.21918    
    227232   774.21918    
    227520   774.21918    
    227808   774.21918    
    228096   774.21918    
    228384   774.21918    
    228672   774.21918    
    228960   774.21918    
    229248   774.21918    
    229536   774.21918    
    229824   774.21918    
    230112   774.21918    
    230400   774.21918    
    230688   774.21918    
    230976   774.21918    
    231264   774.21918    
    231552   774.21918    
    231840   774.21918    
    232128   774.21918    
    232416   774.21918    
    232704   774.21918    
    232992   774.21918    
    233280   774.21918    
    233568   774.21918    
    233856   774.21918    
    234144   774.21918    
    234432   774.21918    
    234720   774.21918    
    235008   774.21918    
    235296   774.21918    
    235584   774.21918    
    235872   774.21918    
    236160   774.21918    
    236448   774.21918    
    236736   774.21918    
    237024   774.21918    
    237312   774.21918    
    237600   774.21918    
    237888   774.21918    
    238176   774.21918    
    238464   774.21918    
    238752   774.21918    
    239040   774.21918    
    239328   774.21918    
    239616   774.21918    
    239904   774.21918    
    240192   774.21918    
    240480   774.21918    
    240768   774.21918    
    241056   774.21918    
    241344   774.21918    
    241632   774.21918    
    241920   774.21918    
    242208   774.21918    
    242496   774.21918    
    242784   774.21918    
    243072   774.21918    
    243360   774.21918    
    243648   774.21918    
    243936   774.21918    
    244224   774.21918    
    244512   774.21918    
    244800   774.21918    
    245088   774.21918    
    245376   774.21918    
    245664   774.21918    
    245952   774.21918    
    246240   774.21918    
    246528   774.21918    
    246816   774.21918    
    247104   774.21918    
    247392   774.21918    
    247680   774.21918    
    247968   774.21918    
    248256   774.21918    
    248544   774.21918    
    248832   774.21918    
    249120   774.21918    
    249408   774.21918    
    249696   774.21918    
    249984   774.21918    
    250272   774.21918    
    250560   774.21918    
    250848   774.21918    
    251136   774.21918    
    251424   774.21918    
    251712   774.21918    
    252000   774.21918    
    252288   774.21918    
    252576   774.21918    
    252864   774.21918    
    253152   774.21918    
    253440   774.21918    
    253728   774.21918    
    254016   774.21918    
    254304   774.21918    
    254592   774.21918    
    254880   774.21918    
    255168   774.21918    
    255456   774.21918    
    255744   774.21918    
    256032   774.21918    
    256320   774.21918    
    256608   774.21918    
    256896   774.21918    
    257184   774.21918    
    257472   774.21918    
    257760   774.21918    
    258048   774.21918    
    258336   774.21918    
    258624   774.21918    
    258912   774.21918    
    259200   774.21918    
    259488   774.21918    
    259776   774.21918    
    260064   774.21918    
    260352   774.21918    
    260640   774.21918    
    260928   774.21918    
    261216   774.21918    
    261504   774.21918    
    261792   774.21918    
    262080   774.21918    
    262368   774.21918    
    262656   774.21918    
    262944   774.21918    
    263232   774.21918    
    263520   774.21918    
    263808   774.21918    
    264096   774.21918    
    264384   774.21918    
    264672   773.06610    
    264960   767.47302    
    265248   754.03137    
    265536   711.17126    
    265824   694.72656    
    266112   698.22400    
    266400   697.69812    
    266688   694.88568    
    266976   690.65900    
    267264   686.48352    
    267552   681.17804    
    267840   681.46472    
    268128   678.76404    
    268416   674.65442    
    268704   669.87402    
    268992   664.76373    
    269280   659.51282    
    269568   655.17206    
    269856   650.26093    
    270144   645.22345    
    270432   646.35791    
    270720   644.91168    
    271008   642.27625    
    271296   639.06573    
    271584   635.56097    
    271872   631.89575    
    272160   629.08423    
    272448   631.90009    
    272736   631.82526    
    273024   630.37122    
    273312   628.21252    
    273600   625.65710    
    273888   622.86035    
    274176   626.27191    
    274464   627.85254    
    274752   627.39624    
    275040   625.93445    
    275328   623.93182    
    275616   621.60706    
    275904   625.64844    
    276192   626.77563    
    276480   626.37903    
    276768   626.07709    
    277056   624.67487    
    277344   629.51306    
    277632   631.18152    
    277920   631.15863    
    278208   630.17767    
    278496   635.60022    
    278784   637.71222    
    279072   638.00256    
    279360   638.19995    
    279648   644.40851    
    279936   646.93298    
    280224   647.44135    
    280512   646.79523    
    280800   645.44177    
    281088   651.09747    
    281376   653.35242    
    281664   653.68860    
    281952   653.87341    
    282240   662.29810    
    282528   666.19165    
    282816   667.51691    
    283104   667.35046    
    283392   666.27197    
    283680   672.63153    
    283968   675.33984    
    284256   675.91882    
    284544   675.23749    
    284832   683.07507    
    285120   686.54297    
    285408   687.47943    
    285696   695.51770    
    285984   699.26813    
    286272   700.47150    
    286560   700.15515    
    286848   707.71149    
    287136   711.19653    
    287424   713.25934    
    287712   713.30615    
    288000   721.30219    
    288288   725.03857    
    288576   726.17078    
    288864   725.74359    
    289152   733.74634    
    289440   737.57709    
    289728   738.78857    
    290016   739.41327    
    290304   748.28729    
    290592   752.66376    
    290880   754.17346    
    291168   753.96252    
    291456   762.56934    
    291744   766.97516    
    292032   768.56769    
    292320   769.36670    
    292608   768.81427    
    292896   777.27411    
    293184   781.91577    
    293472   783.75244    
    293760   783.89978    
    294048   792.70734    
    294336   798.84967    
    294624   801.94525    
    294912   802.92444    
    295200   802.69269    
    295488   810.20551    
    295776   815.90997    
    296064   818.78528    
    296352   820.25140    
    296640   820.93506    
    296928   825.84229    
    297216   831.30078    
    297504   834.74805    
    297792   836.53076    
    298080   837.33130    
    298368   837.72174    
    298656   837.98016    
    298944   838.28333    
    299232   838.38715    
    299520   838.39069    
    299808   838.39069    
    300096   838.39069    
    300384   838.39069    
    300672   838.39069    
    300960   838.39069    
    301248   838.39069    
    301536   838.39069    
    301824   838.39069    
    302112   838.39069    
    302400   838.39069    
    302688   838.39069    
    302976   838.39069    
    303264   838.39069    
    303552   838.39069    
    303840   838.39069    
    304128   838.39069    
    304416   838.39069    
    304704   838.39069    
    304992   838.39069    
    305280   838.39069    
    305568   838.39069    
    305856   838.39069    
    306144   838.39069    
    306432   838.39069    
    306720   838.39069    
    307008   838.39069    
    307296   838.39069    
    307584   838.39069    
    307872   838.39069    
    308160   838.39069    
    308448   838.39069    
    308736   838.39069    
    309024   838.39069    
    309312   838.39069    
    309600   838.39069    
    309888   838.39069    
    310176   838.39069    
    310464   838.39069    
    310752   838.39069    
    311040   838.39069    
    311328   838.39069    
    311616   838.39069    
    311904   838.39069    
    312192   838.39069    
    312480   838.39069    
    312768   838.39069    
    313056   838.39069    
    313344   838.39069    
    313632   838.39069    
    313920   838.39069    
    314208   838.39069    
    314496   838.39069    
    314784   838.39069    
    315072   838.39069    
