         1   16.000000    
       288   14.343143    
       576   14.329569    
       864   14.326589    
      1152   14.325327    
      1440   14.324753    
      1728   14.324480    
      2016   14.324468    
      2304   14.324457    
      2592   14.324449    
      2880   14.324440    
      3168   14.324434    
      3456   14.324430    
      3744   14.324427    
      4032   14.324425    
      4320   14.324423    
      4608   14.324420    
      4896   14.324417    
      5184   14.324414    
      5472   14.324411    
      5760   14.324409    
      6048   14.324408    
      6336   14.324405    
      6624   14.324402    
      6912   14.324399    
      7200   14.324397    
      7488   14.324395    
      7776   14.324392    
      8064   14.324390    
      8352   14.324389    
      8640   14.324387    
      8928   14.324385    
      9216   14.324384    
      9504   14.324382    
      9792   14.324380    
     10080   14.324378    
     10368   14.324377    
     10656   14.324375    
     10944   14.324374    
     11232   14.324372    
     11520   14.324371    
     11808   14.324370    
     12096   14.324369    
     12384   14.324368    
     12672   14.324368    
     12960   14.324367    
     13248   14.324366    
     13536   14.324365    
     13824   14.324364    
     14112   14.324364    
     14400   14.324363    
     14688   14.324362    
     14976   14.324362    
     15264   14.324361    
     15552   14.324361    
     15840   14.324360    
     16128   14.324359    
     16416   14.324359    
     16704   14.324358    
     16992   14.324358    
     17280   14.324358    
     17568   14.324358    
     17856   14.324357    
     18144   14.324356    
     18432   14.324356    
     18720   14.324356    
     19008   14.324355    
     19296   14.324355    
     19584   14.324355    
     19872   14.324355    
     20160   14.324355    
     20448   14.324355    
     20736   14.324355    
     21024   14.324355    
     21312   14.324355    
     21600   14.324355    
     21888   14.324355    
     22176   14.324355    
     22464   14.324355    
     22752   14.324355    
     23040   14.324355    
     23328   14.324355    
     23616   14.324355    
     23904   14.324355    
     24192   14.324355    
     24480   14.324355    
     24768   14.324355    
     25056   14.324355    
     25344   14.324355    
     25632   14.324354    
     25920   14.324354    
     26208   14.324354    
     26496   14.324354    
     26784   14.324354    
     27072   14.324354    
     27360   14.324354    
     27648   14.324354    
     27936   14.324354    
     28224   14.324354    
     28512   14.324354    
     28800   14.324354    
     29088   14.324354    
     29376   14.324354    
     29664   14.324354    
     29952   14.324354    
     30240   14.324354    
     30528   14.324354    
     30816   14.324354    
     31104   14.324354    
     31392   14.324354    
     31680   14.324354    
     31968   14.324354    
     32256   14.324354    
     32544   14.324353    
     32832   14.324353    
     33120   14.324353    
     33408   14.324353    
     33696   14.324353    
     33984   14.324353    
     34272   14.324353    
     34560   14.324353    
     34848   14.324353    
     35136   14.324353    
     35424   14.324353    
     35712   14.324353    
     36000   14.324353    
     36288   14.324353    
     36576   14.324353    
     36864   14.324353    
     37152   14.324353    
     37440   14.324353    
     37728   14.324353    
     38016   14.324353    
     38304   14.324353    
     38592   14.324353    
     38880   14.324353    
     39168   14.324352    
     39456   14.324352    
     39744   14.324352    
     40032   14.324352    
     40320   14.324352    
     40608   14.324352    
     40896   14.324352    
     41184   14.324352    
     41472   14.324352    
     41760   14.324352    
     42048   14.324352    
     42336   14.324352    
     42624   14.324352    
     42912   14.324352    
     43200   14.324352    
     43488   14.324352    
     43776   14.324352    
     44064   14.324352    
     44352   14.324352    
     44640   14.324352    
     44928   14.324352    
     45216   14.324352    
     45504   14.324352    
     45792   14.324352    
     46080   14.324352    
     46368   14.324352    
     46656   14.324352    
     46944   14.324352    
     47232   14.324352    
     47520   14.324352    
     47808   14.324352    
     48096   14.324352    
     48384   14.324352    
     48672   14.324351    
     48960   14.324351    
     49248   14.324351    
     49536   14.324351    
     49824   14.324351    
     50112   14.324351    
     50400   14.324351    
     50688   14.324351    
     50976   14.324351    
     51264   14.324351    
     51552   14.324351    
     51840   14.324351    
     52128   14.324351    
     52416   14.324351    
     52704   14.324351    
     52992   14.324351    
     53280   14.324351    
     53568   14.324351    
     53856   14.324351    
     54144   14.324351    
     54432   14.324351    
     54720   14.324351    
     55008   14.324351    
     55296   14.324351    
     55584   14.324351    
     55872   14.324351    
     56160   14.324351    
     56448   14.324351    
     56736   14.324351    
     57024   14.324351    
     57312   14.324351    
     57600   14.324351    
     57888   14.324351    
     58176   14.324351    
     58464   14.324351    
     58752   14.324351    
     59040   14.324351    
     59328   14.324351    
     59616   14.324351    
     59904   14.324351    
     60192   14.324351    
     60480   14.324351    
     60768   14.324351    
     61056   14.324351    
     61344   14.324351    
     61632   14.324351    
     61920   14.324351    
     62208   14.324351    
     62496   14.324351    
     62784   14.324351    
     63072   14.324351    
     63360   14.324351    
     63648   14.324351    
     63936   14.324351    
     64224   14.324351    
     64512   14.324351    
     64800   14.324351    
     65088   14.324351    
     65376   14.324351    
     65664   14.324351    
     65952   14.324351    
     66240   14.324351    
     66528   14.324351    
     66816   14.324351    
     67104   14.324351    
     67392   14.324351    
     67680   14.324351    
     67968   14.324351    
     68256   14.324351    
     68544   14.324351    
     68832   14.324351    
     69120   14.324351    
     69408   14.324351    
     69696   14.324351    
     69984   14.324351    
     70272   14.324351    
     70560   14.324351    
     70848   14.324351    
     71136   14.324351    
     71424   14.324351    
     71712   14.324351    
     72000   14.324351    
     72288   14.324351    
     72576   14.324351    
     72864   14.324351    
     73152   14.324351    
     73440   14.324351    
     73728   14.324351    
     74016   14.324351    
     74304   14.324351    
     74592   14.324351    
     74880   14.324351    
     75168   14.324351    
     75456   14.324351    
     75744   14.324351    
     76032   14.324351    
     76320   14.324351    
     76608   14.324351    
     76896   14.324351    
     77184   14.324351    
     77472   14.324351    
     77760   14.324351    
     78048   14.324351    
     78336   14.324351    
     78624   14.324351    
     78912   14.324351    
     79200   14.324351    
     79488   14.324351    
     79776   14.324351    
     80064   14.324351    
     80352   14.324351    
     80640   14.324351    
     80928   14.324351    
     81216   14.324351    
     81504   14.324351    
     81792   14.324351    
     82080   14.324351    
     82368   14.324351    
     82656   14.324351    
     82944   14.324351    
     83232   14.324351    
     83520   14.324351    
     83808   14.324351    
     84096   14.324351    
     84384   14.324351    
     84672   14.324351    
     84960   14.324351    
     85248   14.324351    
     85536   14.324351    
     85824   14.324351    
     86112   14.324351    
     86400   14.324351    
     86688   14.324351    
     86976   14.324351    
     87264   14.324351    
     87552   14.324351    
     87840   14.324351    
     88128   14.324351    
     88416   14.324351    
     88704   14.324351    
     88992   14.324351    
     89280   14.324351    
     89568   14.324351    
     89856   14.324351    
     90144   14.324351    
     90432   14.324351    
     90720   14.324351    
     91008   14.324351    
     91296   14.324351    
     91584   14.324351    
     91872   14.324351    
     92160   14.324351    
     92448   14.324351    
     92736   14.324351    
     93024   14.324351    
     93312   14.324351    
     93600   14.324351    
     93888   14.324351    
     94176   14.324351    
     94464   14.324351    
     94752   14.324351    
     95040   14.324351    
     95328   14.324351    
     95616   14.324351    
     95904   14.324351    
     96192   14.324351    
     96480   14.324351    
     96768   14.324351    
     97056   14.324351    
     97344   14.324351    
     97632   14.324351    
     97920   14.324351    
     98208   14.324351    
     98496   14.324351    
     98784   14.324351    
     99072   14.324351    
     99360   14.324351    
     99648   14.324351    
     99936   14.324351    
    100224   14.324351    
    100512   14.324351    
    100800   14.324351    
    101088   14.324351    
    101376   14.324351    
    101664   14.324351    
    101952   14.324351    
    102240   14.324351    
    102528   14.324351    
    102816   14.324351    
    103104   14.324351    
    103392   14.324351    
    103680   14.324351    
    103968   14.324351    
    104256   14.324351    
    104544   14.324351    
    104832   14.324351    
