         1   16.000000    
       288   16.032719    
       576   15.969326    
       864   17.393913    
      1152   18.025730    
      1440   17.929083    
      1728   18.076746    
      2016   18.304815    
      2304   18.374577    
      2592   18.403524    
      2880   18.417782    
      3168   18.425671    
      3456   18.430420    
      3744   18.433502    
      4032   18.435526    
      4320   18.436987    
      4608   18.438086    
      4896   18.438828    
      5184   18.439377    
      5472   18.439926    
      5760   18.440475    
      6048   18.440928    
      6336   18.440928    
      6624   18.440928    
      6912   18.440928    
      7200   18.440928    
      7488   18.440928    
      7776   18.440928    
      8064   18.440928    
      8352   18.440928    
      8640   18.440928    
      8928   18.440928    
      9216   18.440928    
      9504   18.440928    
      9792   18.440928    
     10080   18.440928    
     10368   18.440928    
     10656   18.440928    
     10944   18.440928    
     11232   18.440928    
     11520   18.440928    
     11808   18.440928    
     12096   18.440928    
     12384   18.440928    
     12672   18.440928    
     12960   18.440928    
     13248   18.440928    
     13536   18.440928    
     13824   18.440928    
     14112   18.440928    
     14400   18.440928    
     14688   18.440928    
     14976   18.440928    
     15264   18.440928    
     15552   18.440928    
     15840   18.440928    
     16128   18.440928    
     16416   18.440928    
     16704   18.440928    
     16992   18.440928    
     17280   18.440928    
     17568   18.440928    
     17856   18.440928    
     18144   18.440928    
     18432   18.440928    
     18720   18.440928    
     19008   18.440928    
     19296   18.440928    
     19584   18.440928    
     19872   18.440928    
     20160   18.440928    
     20448   18.440928    
     20736   18.440928    
     21024   18.440928    
     21312   18.440928    
     21600   18.440928    
     21888   18.440928    
     22176   18.440928    
     22464   18.440928    
     22752   18.440928    
     23040   18.440928    
     23328   18.440928    
     23616   18.440928    
     23904   18.440928    
     24192   18.440928    
     24480   18.440928    
     24768   18.440928    
     25056   18.440928    
     25344   18.440928    
     25632   18.440928    
     25920   18.440928    
     26208   18.440928    
     26496   18.440928    
     26784   18.440928    
     27072   18.440928    
     27360   18.440928    
     27648   18.440928    
     27936   18.440928    
     28224   18.440928    
     28512   18.440928    
     28800   18.440928    
     29088   18.440928    
     29376   8.5995188    
     29664   8.6230488    
     29952   12.429931    
     30240   18.227060    
     30528   18.249653    
     30816   18.256071    
     31104   18.255821    
     31392   18.251789    
     31680   18.244646    
     31968   18.234901    
     32256   18.222765    
     32544   18.204863    
     32832   18.185919    
     33120   18.165159    
     33408   18.141850    
     33696   18.115318    
     33984   18.085682    
     34272   18.051300    
     34560   18.011547    
     34848   17.959042    
     35136   17.902784    
     35424   17.841082    
     35712   17.773708    
     36000   17.697403    
     36288   17.611120    
     36576   17.514050    
     36864   17.405416    
     37152   17.270626    
     37440   17.132351    
     37728   16.984324    
     38016   16.825214    
     38304   16.654789    
     38592   16.473516    
     38880   16.282452    
     39168   16.083158    
     39456   15.853149    
     39744   15.637362    
     40032   15.425209    
     40320   15.216166    
     40608   15.011103    
     40896   14.811367    
     41184   14.618358    
     41472   14.433305    
     41760   14.226272    
     42048   14.048059    
     42336   13.888763    
     42624   13.742704    
     42912   13.607013    
     43200   13.485405    
     43488   13.368768    
     43776   13.257817    
     44064   13.119757    
     44352   13.008801    
     44640   12.912749    
     44928   12.824797    
     45216   12.741900    
     45504   12.662635    
     45792   12.586312    
     46080   12.512614    
     46368   12.441294    
     46656   12.372177    
     46944   12.305078    
     47232   12.204568    
     47520   12.129229    
     47808   12.065193    
     48096   12.005825    
     48384   11.948200    
     48672   11.891285    
     48960   11.834793    
     49248   11.778722    
     49536   11.723124    
     49824   11.668085    
     50112   11.613674    
     50400   11.554445    
     50688   11.499311    
     50976   11.446446    
     51264   11.394857    
     51552   11.344125    
     51840   11.294086    
     52128   11.244651    
     52416   11.195779    
     52704   11.147424    
     52992   11.099583    
     53280   11.052192    
     53568   11.005264    
     53856   10.958772    
     54144   10.907190    
     54432   10.859600    
     54720   10.814011    
     55008   10.769383    
     55296   10.725291    
     55584   10.681615    
     55872   10.638259    
     56160   10.595209    
     56448   10.552440    
     56736   10.509950    
     57024   10.462109    
     57312   10.418228    
     57600   10.423297    
     57888   10.396414    
     58176   10.357411    
     58464   10.314811    
     58752   10.271857    
     59040   10.229645    
     59328   10.182877    
     59616   10.140697    
     59904   10.100846    
     60192   10.111773    
     60480   10.089647    
     60768   10.054480    
     61056   10.015131    
     61344   9.9750633    
     61632   9.9355230    
     61920   9.8914375    
     62208   9.9034147    
     62496   9.8836145    
     62784   9.8507156    
     63072   9.8133774    
     63360   9.7751369    
     63648   9.7372942    
     63936   9.7534962    
     64224   9.7312584    
     64512   9.6981611    
     64800   9.6617279    
     65088   9.6246805    
     65376   9.5880594    
     65664   9.6077538    
     65952   9.5940857    
     66240   9.5653391    
     66528   9.5256939    
     66816   9.4876375    
     67104   9.5085659    
     67392   9.4967365    
     67680   9.4694204    
     67968   9.4359903    
     68256   9.4583740    
     68544   9.4472742    
     68832   9.4201355    
     69120   9.3816471    
     69408   9.4024343    
     69696   9.3923244    
     69984   9.3666420    
     70272   9.3345470    
     70560   9.3002577    
     70848   9.3256750    
     71136   9.3201561    
     71424   9.2979336    
     71712   9.2635441    
     72000   9.3056984    
     72288   9.3093891    
     72576   9.2914419    
     72864   9.2634916    
     73152   9.2314873    
     73440   9.2594767    
     73728   9.2586107    
     74016   9.2403259    
     74304   9.2137108    
     74592   9.2413368    
     74880   9.2414980    
     75168   9.2250566    
     75456   9.2618666    
     75744   9.2677584    
     76032   9.2536964    
     76320   9.2296019    
     76608   9.2625332    
     76896   9.2687674    
     77184   9.2524929    
     77472   9.2277184    
     77760   9.2620840    
     78048   9.2724237    
     78336   9.2640762    
     78624   9.2456236    
     78912   9.2838087    
     79200   9.2987118    
     79488   9.2940998    
     79776   9.2753553    
     80064   9.3128099    
     80352   9.3308334    
     80640   9.3298120    
     80928   9.3176565    
     81216   9.3603258    
     81504   9.3839035    
     81792   9.3871145    
     82080   9.3755960    
     82368   9.3565760    
     82656   9.3957281    
     82944   9.4229746    
     83232   9.4310074    
     83520   9.4269333    
     83808   9.4734764    
     84096   9.5062981    
     84384   9.5158205    
     84672   9.5131264    
     84960   9.5025568    
     85248   9.5410194    
     85536   9.5762529    
     85824   9.5906639    
     86112   9.5899878    
     86400   9.5771904    
     86688   9.6068544    
     86976   9.6428814    
     87264   9.6581526    
     87552   9.6583681    
     87840   9.6480589    
     88128   9.6265469    
     88416   9.6336823    
     88704   9.6657915    
     88992   9.6789131    
     89280   9.6767454    
     89568   9.6639595    
     89856   9.6376724    
     90144   9.6056929    
     90432   9.5694761    
     90720   9.5938663    
     91008   9.6041079    
     91296   9.5996351    
     91584   9.5759096    
     91872   9.5400581    
     92160   9.4925957    
     92448   9.4325247    
     92736   9.3576517    
     93024   9.2663116    
     93312   9.0424337    
     93600   8.9576950    
     93888   8.8924637    
     94176   8.8079176    
     94464   8.6933041    
     94752   8.5427027    
     95040   8.3604822    
     95328   8.1614532    
     95616   7.9783525    
     95904   7.7532325    
     96192   7.5594587    
     96480   7.4725456    
     96768   7.5591073    
     97056   7.8025928    
     97344   8.0594521    
     97632   8.2566309    
     97920   8.4166479    
     98208   8.5510235    
     98496   8.6662817    
     98784   8.7664766    
     99072   8.8543396    
     99360   8.9318342    
     99648   9.0004549    
     99936   9.0613804    
    100224   9.1155806    
    100512   9.1638613    
    100800   9.2069159    
    101088   9.2453375    
    101376   9.2796516    
    101664   9.3103132    
    101952   9.3377075    
    102240   9.3621883    
    102528   9.3840609    
    102816   9.4036016    
    103104   9.4210539    
    103392   9.4374924    
    103680   9.4543934    
    103968   9.4717913    
    104256   9.4896555    
    104544   9.5079803    
    104832   9.5267906    
    105120   9.5460682    
    105408   9.5657816    
    105696   9.5859623    
    105984   9.6065807    
    106272   9.6276169    
    106560   9.6491032    
    106848   9.6709757    
    107136   9.6932859    
    107424   9.7159672    
    107712   9.7390347    
    108000   9.7624884    
    108288   9.7862816    
    108576   9.8104181    
    108864   9.8349218    
    109152   9.8597403    
    109440   9.8848648    
    109728   9.9102850    
    110016   9.9359922    
    110304   9.9619761    
    110592   9.9882221    
    110880   10.014714    
    111168   10.041432    
    111456   10.068354    
    111744   10.095545    
    112032   10.122931    
    112320   10.150474    
    112608   10.178214    
    112896   10.206146    
    113184   10.234161    
    113472   10.262431    
    113760   10.290721    
    114048   10.319265    
    114336   10.347830    
    114624   10.376555    
    114912   10.405395    
    115200   10.434234    
    115488   10.463258    
    115776   10.492372    
    116064   10.521485    
    116352   10.550599    
    116640   10.579862    
    116928   10.609250    
    117216   10.638638    
    117504   10.668027    
    117792   10.697415    
    118080   10.726804    
    118368   10.756192    
    118656   10.785581    
    118944   10.814969    
    119232   10.844357    
    119520   10.873746    
    119808   10.903134    
    120096   10.932523    
    120384   10.961911    
    120672   10.991300    
    120960   11.020688    
    121248   11.050076    
    121536   11.079465    
    121824   11.108853    
    122112   11.138242    
    122400   11.167630    
    122688   11.196937    
    122976   11.226050    
    123264   11.255164    
    123552   11.284278    
    123840   11.313392    
    124128   11.342505    
    124416   11.371619    
    124704   11.400544    
    124992   11.429383    
    125280   11.458222    
    125568   11.487062    
    125856   11.515901    
    126144   11.544722    
    126432   11.573286    
    126720   11.601851    
    127008   11.630415    
    127296   11.658979    
    127584   11.687544    
    127872   11.715950    
    128160   11.744240    
    128448   11.772530    
    128736   11.800819    
    129024   11.829109    
    129312   11.857399    
    129600   11.885490    
    129888   11.913506    
    130176   11.941521    
    130464   11.969536    
    130752   11.997551    
    131040   12.025566    
    131328   12.053581    
    131616   12.081587    
    131904   12.109327    
    132192   12.137068    
    132480   12.164808    
    132768   12.192549    
    133056   12.220289    
    133344   12.248030    
    133632   12.275770    
    133920   12.303511    
    134208   12.331251    
    134496   12.358992    
    134784   12.386960    
    135072   12.414975    
    135360   12.442990    
    135648   12.471005    
    135936   12.499021    
    136224   12.527267    
    136512   12.555557    
    136800   12.583868    
    137088   12.612432    
    137376   12.641033    
    137664   12.669872    
    137952   12.698879    
    138240   12.728052    
    138528   12.757445    
    138816   12.787108    
    139104   12.817060    
    139392   12.847344    
    139680   12.877975    
    139968   12.908993    
    140256   12.940456    
    140544   12.972414    
    140832   13.004901    
    141120   13.037983    
    141408   13.071747    
    141696   13.106250    
    141984   13.141584    
    142272   13.177855    
    142560   13.215150    
    142848   13.253589    
    143136   13.293292    
    143424   13.334402    
    143712   13.377090    
    144000   13.421540    
    144288   13.467954    
    144576   12.445419    
    144864   4.6206579    
    145152   4.5500560    
    145440   4.5454450    
    145728   4.6643229    
    146016   12.216790    
    146304   17.391754    
    146592   17.597443    
    146880   17.650846    
    147168   17.687744    
    147456   17.718348    
    147744   17.745016    
    148032   17.767508    
    148320   17.787159    
    148608   17.803633    
    148896   17.816902    
    149184   17.823830    
    149472   17.828300    
    149760   17.831985    
    150048   17.834770    
    150336   17.836353    
    150624   17.836435    
    150912   17.834785    
    151200   17.831230    
    151488   17.825647    
    151776   17.817959    
    152064   17.808115    
    152352   17.792704    
    152640   17.775013    
    152928   17.756319    
    153216   17.736483    
    153504   17.715120    
    153792   17.691809    
    154080   17.666197    
    154368   17.637981    
    154656   17.606926    
    154944   17.572809    
    155232   17.535433    
    155520   17.492962    
    155808   17.447683    
    156096   17.399178    
    156384   17.346876    
    156672   17.290430    
    156960   17.229561    
    157248   17.164055    
    157536   17.093678    
    157824   17.018215    
    158112   16.937464    
    158400   16.851215    
    158688   16.759296    
    158976   16.661545    
    159264   16.554678    
    159552   16.443464    
    159840   16.327187    
    160128   16.205114    
    160416   16.076996    
    160704   15.942822    
    160992   15.802684    
    161280   15.656753    
    161568   15.505284    
    161856   15.348582    
    162144   15.182229    
    162432   15.014156    
    162720   14.863353    
    163008   14.706262    
    163296   14.539391    
    163584   14.364531    
    163872   14.184107    
    164160   14.000308    
    164448   13.809122    
    164736   13.621021    
    165024   13.435886    
    165312   13.278981    
    165600   13.119692    
    165888   12.954226    
    166176   12.785109    
    166464   12.615324    
    166752   12.447291    
    167040   12.276584    
    167328   12.143130    
    167616   12.011467    
    167904   11.875990    
    168192   11.738842    
    168480   11.602795    
    168768   11.470037    
    169056   11.373055    
    169344   11.269844    
    169632   11.164718    
    169920   11.059779    
    170208   10.956391    
    170496   10.856079    
    170784   10.792804    
    171072   10.728739    
    171360   10.658764    
    171648   10.580348    
    171936   10.503601    
    172224   10.464613    
    172512   10.424255    
    172800   10.376541    
    173088   10.324231    
    173376   10.304531    
    173664   10.280567    
    173952   10.247087    
    174240   10.202998    
    174528   10.191842    
    174816   10.178613    
    175104   10.155996    
    175392   10.126882    
    175680   10.094194    
    175968   10.095974    
    176256   10.095656    
    176544   10.085363    
    176832   10.064404    
    177120   10.086065    
    177408   10.105360    
    177696   10.110452    
    177984   10.105132    
    178272   10.093144    
    178560   10.113787    
    178848   10.133396    
    179136   10.141205    
    179424   10.140501    
    179712   10.168211    
    180000   10.194024    
    180288   10.208831    
    180576   10.251335    
    180864   10.291821    
    181152   10.316663    
    181440   10.329985    
    181728   10.371203    
    182016   10.414222    
    182304   10.440656    
    182592   10.453837    
    182880   10.496193    
    183168   10.545385    
    183456   10.580268    
    183744   10.604196    
    184032   10.653240    
    184320   10.712173    
    184608   10.755710    
    184896   10.786649    
    185184   10.834699    
    185472   10.900012    
    185760   10.950286    
    186048   10.988317    
    186336   11.042585    
    186624   11.119163    
    186912   11.178812    
    187200   11.224652    
    187488   11.254180    
    187776   11.292540    
    188064   11.369927    
    188352   11.431739    
    188640   11.478273    
    188928   11.518447    
    189216   11.608692    
    189504   11.673786    
    189792   11.719180    
    190080   11.746894    
    190368   11.747031    
    190656   11.819418    
    190944   11.873806    
    191232   11.902554    
    191520   11.896365    
    191808   11.826860    
    192096   11.854172    
    192384   11.866646    
    192672   11.839824    
    192960   11.769344    
    193248   11.644125    
    193536   11.389200    
    193824   11.235449    
    194112   11.089880    
    194400   10.900162    
    194688   10.653242    
    194976   10.354270    
    195264   10.030155    
    195552   9.6011524    
    195840   9.2140427    
    196128   8.9373970    
    196416   8.7746611    
    196704   8.7350712    
    196992   8.8008032    
    197280   8.8601809    
    197568   8.8954716    
    197856   8.9186535    
    198144   8.9352102    
    198432   8.9478540    
    198720   8.9588528    
    199008   8.9694052    
    199296   8.9798422    
    199584   8.9902792    
    199872   9.0007162    
    200160   9.0112514    
    200448   9.0219631    
    200736   9.0326948    
    201024   9.0436811    
    201312   9.0546675    
    201600   9.0658665    
    201888   9.0771275    
    202176   9.0883923    
    202464   9.0999279    
    202752   9.1114635    
    203040   9.1229992    
    203328   9.1347380    
    203616   9.1465483    
    203904   9.1583586    
    204192   9.1701689    
    204480   9.1820869    
    204768   9.1941719    
    205056   9.2062569    
    205344   9.2183418    
    205632   9.2304268    
    205920   9.2425117    
    206208   9.2545967    
    206496   9.2668591    
    206784   9.2792187    
    207072   9.2915783    
    207360   9.3039379    
    207648   9.3162975    
    207936   9.3286572    
    208224   9.3410168    
    208512   9.3533764    
    208800   9.3657360    
    209088   9.3780956    
    209376   9.3904552    
    209664   9.4028149    
    209952   9.4151745    
    210240   9.4275341    
    210528   9.4398937    
    210816   9.4522533    
    211104   9.4646130    
    211392   9.4769726    
    211680   9.4893322    
    211968   9.5016918    
    212256   9.5140514    
    212544   9.5264111    
    212832   9.5387707    
    213120   9.5511303    
    213408   9.5634899    
    213696   9.5758495    
    213984   9.5882092    
    214272   9.6003342    
    214560   9.6124191    
    214848   9.6245041    
    215136   9.6365891    
    215424   9.6486740    
    215712   9.6607590    
    216000   9.6728439    
    216288   9.6849289    
    216576   9.6970139    
    216864   9.7090988    
    217152   9.7211838    
    217440   9.7332687    
    217728   9.7453537    
    218016   9.7573404    
    218304   9.7691507    
    218592   9.7809610    
    218880   9.7927713    
    219168   9.8045816    
    219456   9.8163919    
    219744   9.8282022    
    220032   9.8400126    
    220320   9.8518229    
    220608   9.8636332    
    220896   9.8754435    
    221184   9.8872538    
    221472   9.8988152    
    221760   9.9103508    
    222048   9.9218864    
    222336   9.9334221    
    222624   9.9449577    
    222912   9.9564934    
    223200   9.9680290    
    223488   9.9795647    
    223776   9.9911003    
    224064   10.002636    
    224352   10.014172    
    224640   10.025444    
    224928   10.036705    
    225216   10.047966    
    225504   10.059227    
    225792   10.070488    
    226080   10.081749    
    226368   10.093010    
    226656   10.104271    
    226944   10.115532    
    227232   10.126793    
    227520   10.138036    
    227808   10.149022    
    228096   10.160008    
    228384   10.170995    
    228672   10.181981    
    228960   10.192967    
    229248   10.203954    
    229536   10.214940    
    229824   10.225926    
    230112   10.236913    
    230400   10.247899    
    230688   10.258875    
    230976   10.269587    
    231264   10.280298    
    231552   10.291010    
    231840   10.301722    
    232128   10.312433    
    232416   10.323145    
    232704   10.333857    
    232992   10.344568    
    233280   10.355280    
    233568   10.365992    
    233856   10.376703    
    234144   10.387218    
    234432   10.397655    
    234720   10.408092    
    235008   10.418529    
    235296   10.428966    
    235584   10.439403    
    235872   10.449840    
    236160   10.460277    
    236448   10.470714    
    236736   10.481151    
    237024   10.491588    
    237312   10.502024    
    237600   10.512186    
    237888   10.522348    
    238176   10.532511    
    238464   10.542673    
    238752   10.552835    
    239040   10.562998    
    239328   10.573160    
    239616   10.583323    
    239904   10.593485    
    240192   10.603647    
    240480   10.613810    
    240768   10.623972    
    241056   10.633930    
    241344   10.643818    
    241632   10.653706    
    241920   10.663593    
    242208   10.673481    
    242496   10.683369    
    242784   10.693256    
    243072   10.703144    
    243360   10.713032    
    243648   10.722919    
    243936   10.732807    
    244224   10.742695    
    244512   10.752583    
    244800   10.762295    
    245088   10.771908    
    245376   10.781521    
    245664   10.791134    
    245952   10.800747    
    246240   10.810360    
    246528   10.819973    
    246816   10.829586    
    247104   10.839199    
    247392   10.848812    
    247680   10.858425    
    247968   10.868038    
    248256   10.877651    
    248544   10.887264    
    248832   10.896877    
    249120   10.906264    
    249408   10.915603    
    249696   10.924941    
    249984   10.934279    
    250272   10.943618    
    250560   10.952956    
    250848   10.962295    
    251136   10.971633    
    251424   10.980971    
    251712   10.990310    
    252000   10.999648    
    252288   11.008986    
    252576   11.018325    
    252864   11.027663    
    253152   11.037002    
    253440   11.046340    
    253728   11.055678    
    254016   11.065017    
    254304   11.074355    
    254592   11.083694    
    254880   11.093032    
    255168   11.102370    
    255456   11.111709    
    255744   11.121047    
    256032   11.130385    
    256320   11.139724    
    256608   11.149062    
    256896   11.158401    
    257184   11.167739    
    257472   11.177077    
    257760   11.186416    
    258048   11.195754    
    258336   11.205266    
    258624   11.214879    
    258912   11.224492    
    259200   11.234105    
    259488   11.243718    
    259776   11.253544    
    260064   11.263432    
    260352   11.273319    
    260640   11.283431    
    260928   11.293593    
    261216   11.303950    
    261504   11.314387    
    261792   11.325082    
    262080   11.335963    
    262368   11.347063    
    262656   11.358421    
    262944   11.370079    
    263232   11.382057    
    263520   11.394396    
    263808   11.407182    
    264096   11.420456    
    264384   11.434276    
    264672   9.8745852    
    264960   5.5328774    
    265248   4.3127871    
    265536   4.3430219    
    265824   12.096761    
    266112   17.441298    
    266400   17.599396    
    266688   17.652338    
    266976   17.690475    
    267264   17.716713    
    267552   17.734673    
    267840   17.751289    
    268128   17.763666    
    268416   17.770741    
    268704   17.773409    
    268992   17.772482    
    269280   17.768623    
    269568   17.761461    
    269856   17.752474    
    270144   17.742123    
    270432   17.734690    
    270720   17.726439    
    271008   17.715557    
    271296   17.702185    
    271584   17.686644    
    271872   17.669273    
    272160   17.649345    
    272448   17.633467    
    272736   17.617552    
    273024   17.599270    
    273312   17.578630    
    273600   17.555948    
    273888   17.531578    
    274176   17.511951    
    274464   17.490843    
    274752   17.467325    
    275040   17.441856    
    275328   17.414520    
    275616   17.385611    
    275904   17.362938    
    276192   17.340366    
    276480   17.315042    
    276768   17.285942    
    277056   17.254917    
    277344   17.231668    
    277632   17.208967    
    277920   17.183306    
    278208   17.154949    
    278496   17.133989    
    278784   17.113110    
    279072   17.088648    
    279360   17.059870    
    279648   17.038898    
    279936   17.019098    
    280224   16.995827    
    280512   16.969484    
    280800   16.940805    
    281088   16.921972    
    281376   16.904919    
    281664   16.884344    
    281952   16.859743    
    282240   16.848068    
    282528   16.839729    
    282816   16.826614    
    283104   16.809425    
    283392   16.789183    
    283680   16.779316    
    283968   16.772797    
    284256   16.762093    
    284544   16.747986    
    284832   16.743265    
    285120   16.741581    
    285408   16.736017    
    285696   16.739199    
    285984   16.746639    
    286272   16.748283    
    286560   16.745253    
    286848   16.750126    
    287136   16.761152    
    287424   16.766348    
    287712   16.765289    
    288000   16.771561    
    288288   16.786943    
    288576   16.796854    
    288864   16.802076    
    289152   16.811737    
    289440   16.832796    
    289728   16.847898    
    290016   16.857943    
    290304   16.866673    
    290592   16.890743    
    290880   16.908901    
    291168   16.921083    
    291456   16.929857    
    291744   16.957664    
    292032   16.970686    
    292320   16.920376    
    292608   16.853451    
    292896   16.768307    
    293184   16.709730    
    293472   16.640240    
    293760   16.552952    
    294048   16.430290    
    294336   16.347282    
    294624   16.247482    
    294912   16.118992    
    295200   15.955482    
    295488   15.705719    
    295776   15.510753    
    296064   15.299273    
    296352   15.036405    
    296640   14.699418    
    296928   14.152997    
    297216   13.634264    
    297504   13.113166    
    297792   12.557666    
    298080   12.013560    
    298368   11.568590    
    298656   11.115469    
    298944   10.751058    
    299232   10.675334    
    299520   10.797485    
    299808   10.870771    
    300096   10.916546    
    300384   10.950216    
    300672   10.978447    
    300960   11.004259    
    301248   11.029016    
    301536   11.053413    
    301824   11.077583    
    302112   11.101961    
    302400   11.126406    
    302688   11.150942    
    302976   11.175661    
    303264   11.200380    
    303552   11.225336    
    303840   11.250330    
    304128   11.275324    
    304416   11.300496    
    304704   11.325765    
    304992   11.351033    
    305280   11.376302    
    305568   11.401570    
    305856   11.426839    
    306144   11.452107    
    306432   11.477376    
    306720   11.502645    
    307008   11.527913    
    307296   11.553074    
    307584   11.578068    
    307872   11.603062    
    308160   11.628056    
    308448   11.653002    
    308736   11.677721    
    309024   11.702440    
    309312   11.727160    
    309600   11.751630    
    309888   11.776074    
    310176   11.800508    
    310464   11.824677    
    310752   11.848847    
    311040   11.872918    
    311328   11.896813    
    311616   11.920709    
    311904   11.944365    
    312192   11.967985    
    312480   11.991480    
    312768   12.014826    
    313056   12.038120    
    313344   12.061192    
    313632   12.084263    
    313920   12.107076    
    314208   12.129872    
    314496   12.152480    
    314784   12.175002    
    315072   12.197399    
