         1   16.000000    
       288   12.077876    
       576   9.7410870    
       864   8.1749973    
      1152   7.0614057    
      1440   6.2359729    
      1728   5.6064138    
      2016   5.1189504    
      2304   4.7333732    
      2592   4.4232593    
      2880   4.1705327    
      3168   3.9623752    
      3456   3.7920718    
      3744   3.6509969    
      4032   3.5330515    
      4320   3.4337070    
      4608   3.3494995    
      4896   3.2777359    
      5184   3.2193608    
      5472   3.1696169    
      5760   3.1269131    
      6048   3.0900178    
      6336   3.0579436    
      6624   3.0299051    
      6912   3.0085695    
      7200   2.9898109    
      7488   2.9734454    
      7776   2.9587917    
      8064   2.9455562    
      8352   2.9369516    
      8640   2.9288871    
      8928   2.9212377    
      9216   2.9139307    
      9504   2.9069102    
      9792   2.9001226    
     10080   2.8975539    
     10368   2.8945858    
     10656   2.8912368    
     10944   2.8875871    
     11232   2.8836892    
     11520   2.8795993    
     11808   2.8790810    
     12096   2.8782725    
     12384   2.8767896    
     12672   2.8747604    
     12960   2.8722956    
     13248   2.8732426    
     13536   2.8731930    
     13824   2.8728912    
     14112   2.8719139    
     14400   2.8704028    
     14688   2.8684747    
     14976   2.8662231    
     15264   2.8679476    
     15552   2.8687093    
     15840   2.8686857    
     16128   2.8680611    
     16416   2.8669684    
     16704   2.8660586    
     16992   2.8684347    
     17280   2.8697758    
     17568   2.8703382    
     17856   2.8702941    
     18144   2.8703167    
     18432   2.8698990    
     18720   2.8691504    
     19008   2.8716798    
     19296   2.8737817    
     19584   2.8750749    
     19872   2.8757408    
     20160   2.8759387    
     20448   2.8763146    
     20736   2.8763361    
     21024   2.8793974    
     21312   2.8814971    
     21600   2.8833783    
     21888   2.8846173    
     22176   2.8853681    
     22464   2.8857515    
     22752   2.8863854    
     23040   2.8867123    
     23328   2.8898265    
     23616   2.8920426    
     23904   2.8940735    
     24192   2.8954587    
     24480   2.8963842    
     24768   2.8969474    
     25056   2.8977396    
     25344   2.8982100    
     25632   2.9008453    
     25920   2.9027052    
     26208   2.9043820    
     26496   2.9054844    
     26784   2.9061217    
     27072   2.9064014    
     27360   2.9063997    
     27648   2.9066427    
     27936   2.9089663    
     28224   2.9103596    
     28512   2.9110386    
     28800   2.9116223    
     29088   2.9116240    
     29376   2.9111204    
     29664   2.9102151    
     29952   2.9093721    
     30240   2.9100990    
     30528   2.9097137    
     30816   2.9083846    
     31104   2.9061725    
     31392   2.9034965    
     31680   2.8997386    
     31968   2.8948343    
     32256   2.8886518    
     32544   2.8831942    
     32832   2.8754041    
     33120   2.8654149    
     33408   2.8534136    
     33696   2.8395965    
     33984   2.8246982    
     34272   2.8083348    
     34560   2.7910192    
     34848   2.7748659    
     35136   2.7578750    
     35424   2.7406206    
     35712   2.7237668    
     36000   2.7068014    
     36288   2.6900775    
     36576   2.6737835    
     36864   2.6579900    
     37152   2.6445813    
     37440   2.6317444    
     37728   2.6191621    
     38016   2.6072249    
     38304   2.5959785    
     38592   2.5854030    
     38880   2.5755298    
     39168   2.5663230    
     39456   2.5595074    
     39744   2.5533235    
     40032   2.5472467    
     40320   2.5416570    
     40608   2.5365272    
     40896   2.5318060    
     41184   2.5274577    
     41472   2.5234554    
     41760   2.5213890    
     42048   2.5192931    
     42336   2.5173450    
     42624   2.5155528    
     42912   2.5138664    
     43200   2.5126371    
     43488   2.5111449    
     43776   2.5097229    
     44064   2.5098488    
     44352   2.5097461    
     44640   2.5095823    
     44928   2.5093811    
     45216   2.5090892    
     45504   2.5087376    
     45792   2.5083294    
     46080   2.5078731    
     46368   2.5073469    
     46656   2.5067792    
     46944   2.5061533    
     47232   2.5068748    
     47520   2.5072994    
     47808   2.5075972    
     48096   2.5077963    
     48384   2.5078838    
     48672   2.5078351    
     48960   2.5077052    
     49248   2.5074692    
     49536   2.5071421    
     49824   2.5067611    
     50112   2.5062971    
     50400   2.5055327    
     50688   2.5049362    
     50976   2.5042870    
     51264   2.5035899    
     51552   2.5028381    
     51840   2.5020430    
     52128   2.5012121    
     52416   2.5003297    
     52704   2.4994092    
     52992   2.4984529    
     53280   2.4974496    
     53568   2.4964349    
     53856   2.4953594    
     54144   2.4940667    
     54432   2.4929297    
     54720   2.4917471    
     55008   2.4905345    
     55296   2.4892435    
     55584   2.4879267    
     55872   2.4865246    
     56160   2.4850955    
     56448   2.4835892    
     56736   2.4820178    
     57024   2.4801786    
     57312   2.4784441    
     57600   2.4753306    
     57888   2.4723008    
     58176   2.4692550    
     58464   2.4662104    
     58752   2.4631195    
     59040   2.4599946    
     59328   2.4566436    
     59616   2.4534237    
     59904   2.4501002    
     60192   2.4453509    
     60480   2.4406753    
     60768   2.4359517    
     61056   2.4311802    
     61344   2.4263299    
     61632   2.4213717    
     61920   2.4161048    
     62208   2.4095151    
     62496   2.4029508    
     62784   2.3962705    
     63072   2.3894892    
     63360   2.3825510    
     63648   2.3754265    
     63936   2.3666751    
     64224   2.3576913    
     64512   2.3487387    
     64800   2.3396010    
     65088   2.3302162    
     65376   2.3205750    
     65664   2.3091760    
     65952   2.2976778    
     66240   2.2859216    
     66528   2.2736914    
     66816   2.2613506    
     67104   2.2471874    
     67392   2.2328696    
     67680   2.2182672    
     67968   2.2033741    
     68256   2.1866121    
     68544   2.1697576    
     68832   2.1526361    
     69120   2.1350486    
     69408   2.1158750    
     69696   2.0966928    
     69984   2.0773113    
     70272   2.9168875    
     70560   3.7696855    
     70848   4.0982161    
     71136   4.3217182    
     71424   4.4774904    
     71712   4.5848675    
     72000   4.6568747    
     72288   4.7062273    
     72576   4.7397504    
     72864   4.7623816    
     73152   4.7774510    
     73440   4.7848926    
     73728   4.7893248    
     74016   4.7916031    
     74304   4.7924151    
     74592   4.7889333    
     74880   4.7857122    
     75168   4.7824035    
     75456   4.7763042    
     75744   4.7708468    
     76032   4.7657151    
     76320   4.7608109    
     76608   4.7532573    
     76896   4.7465119    
     77184   4.7395210    
     77472   4.7330961    
     77760   4.7240677    
     78048   4.7159491    
     78336   4.7083840    
     78624   4.7011104    
     78912   4.6910305    
     79200   4.6817923    
     79488   4.6730375    
     79776   4.6639204    
     80064   4.6519957    
     80352   4.6409612    
     80640   4.6304679    
     80928   4.6202607    
     81216   4.6070042    
     81504   4.5944953    
     81792   4.5824599    
     82080   4.5700436    
     82368   4.5577722    
     82656   4.5422802    
     82944   4.5274124    
     83232   4.5129642    
     83520   4.4987235    
     83808   4.4812336    
     84096   4.4638004    
     84384   4.4468403    
     84672   4.4302220    
     84960   4.4137440    
     85248   4.3939915    
     85536   4.3748059    
     85824   4.3561306    
     86112   4.3373199    
     86400   4.3186979    
     86688   4.2968869    
     86976   4.2757497    
     87264   4.2552624    
     87552   4.2353187    
     87840   4.2153931    
     88128   4.1958075    
     88416   4.1731949    
     88704   4.1514277    
     88992   4.1304998    
     89280   4.1103611    
     89568   4.0905600    
     89856   4.0714931    
     90144   4.0531693    
     90432   4.0322499    
     90720   4.0126462    
     91008   3.9943593    
     91296   3.9769523    
     91584   3.9608016    
     91872   3.9458578    
     92160   3.9320581    
     92448   3.9193077    
     92736   3.9075689    
     93024   3.8962457    
     93312   3.8822026    
     93600   3.8694482    
     93888   3.8578193    
     94176   3.8471394    
     94464   3.8368263    
     94752   3.8272169    
     95040   3.8182406    
     95328   3.8097830    
     95616   3.8017735    
     95904   3.7941196    
     96192   3.7863436    
     96480   3.7788241    
     96768   3.7715704    
     97056   3.7645285    
     97344   3.7576418    
     97632   3.7508810    
     97920   3.7442019    
     98208   3.7371819    
     98496   3.7301362    
     98784   3.7231588    
     99072   3.7162144    
     99360   3.7092619    
     99648   3.7022884    
     99936   3.6952636    
    100224   3.6877933    
    100512   3.6800904    
    100800   3.6723406    
    101088   3.6645215    
    101376   3.6566012    
    101664   3.6485620    
    101952   3.6449301    
    102240   3.6412888    
    102528   3.6368186    
    102816   3.6316030    
    103104   3.6254244    
    103392   3.6184115    
    103680   3.6109171    
    103968   3.6029820    
    104256   3.5946302    
    104544   3.5858729    
    104832   3.5812380    
