         1   16.000000    
       288   13.115033    
       576   11.863953    
       864   10.551208    
      1152   9.6797724    
      1440   9.1965532    
      1728   8.9699621    
      2016   8.8886242    
      2304   8.8751974    
      2592   8.8751974    
      2880   8.8751974    
      3168   8.8751974    
      3456   8.8751974    
      3744   8.8751974    
      4032   8.8751974    
      4320   8.8751974    
      4608   8.8751974    
      4896   8.8751974    
      5184   8.8751974    
      5472   8.8751974    
      5760   8.8751974    
      6048   8.8751974    
      6336   8.8751974    
      6624   8.8751974    
      6912   8.8751974    
      7200   8.8751974    
      7488   8.8751974    
      7776   8.8751974    
      8064   8.8751974    
      8352   8.8751974    
      8640   8.8751974    
      8928   8.8751974    
      9216   8.8751974    
      9504   8.8751974    
      9792   8.8751974    
     10080   8.8751974    
     10368   8.8751974    
     10656   8.8751974    
     10944   8.8751974    
     11232   8.8751974    
     11520   8.8751974    
     11808   8.8751974    
     12096   8.8751974    
     12384   8.8751974    
     12672   8.8751974    
     12960   8.8751974    
     13248   8.8751974    
     13536   8.8751974    
     13824   8.8751974    
     14112   8.8751974    
     14400   8.8751974    
     14688   8.8751974    
     14976   8.8751974    
     15264   8.8751974    
     15552   8.8751974    
     15840   8.8751974    
     16128   8.8751974    
     16416   8.8751974    
     16704   8.8751974    
     16992   8.8748274    
     17280   8.8654356    
     17568   8.8328991    
     17856   8.7562227    
     18144   8.6037617    
     18432   8.2668819    
     18720   7.0062065    
     19008   3.1884274    
     19296   2.4571321    
     19584   2.4563062    
     19872   2.4564340    
     20160   2.4567409    
     20448   2.4571798    
     20736   2.4577427    
     21024   2.4584854    
     21312   2.4593122    
     21600   2.4602380    
     21888   2.4612391    
     22176   2.4623158    
     22464   2.4634762    
     22752   2.4647260    
     23040   2.4660776    
     23328   2.4676523    
     23616   2.4693198    
     23904   2.4711373    
     24192   2.4730940    
     24480   2.4752181    
     24768   2.4775405    
     25056   2.4800949    
     25344   2.4829450    
     25632   2.4863236    
     25920   2.4901061    
     26208   2.4942997    
     26496   2.4989979    
     26784   2.5042593    
     27072   2.5101578    
     27360   2.5167549    
     27648   2.5240541    
     27936   2.5327520    
     28224   2.5422206    
     28512   2.5523136    
     28800   2.5627930    
     29088   2.5736578    
     29376   2.5847013    
     29664   2.5957031    
     29952   2.6062829    
     30240   2.6177950    
     30528   2.6283655    
     30816   2.6376903    
     31104   2.6456823    
     31392   2.6522045    
     31680   2.6576855    
     31968   2.6622615    
     32256   2.6660624    
     32544   2.6708672    
     32832   2.6745746    
     33120   2.6773419    
     33408   2.6793439    
     33696   2.6808422    
     33984   2.6817651    
     34272   2.6827106    
     34560   2.6837142    
     34848   2.6866882    
     35136   2.6888273    
     35424   2.6902685    
     35712   2.6909621    
     36000   2.6916065    
     36288   2.6922545    
     36576   2.6929193    
     36864   2.6936152    
     37152   2.6962364    
     37440   2.6976736    
     37728   2.6986415    
     38016   2.6992891    
     38304   2.6997278    
     38592   2.7000592    
     38880   2.7003553    
     39168   2.7006645    
     39456   2.7028980    
     39744   2.7038517    
     40032   2.7043879    
     40320   2.7046301    
     40608   2.7047007    
     40896   2.7046926    
     41184   2.7046788    
     41472   2.7046936    
     41760   2.7066214    
     42048   2.7075655    
     42336   2.7078097    
     42624   2.7076552    
     42912   2.7073236    
     43200   2.7066307    
     43488   2.7062840    
     43776   2.7061455    
     44064   2.7079852    
     44352   2.7087948    
     44640   2.7088885    
     44928   2.7085872    
     45216   2.7081184    
     45504   2.7076218    
     45792   2.7071683    
     46080   2.7067916    
     46368   2.7064958    
     46656   2.7062716    
     46944   2.7061090    
     47232   2.7079136    
     47520   2.7085397    
     47808   2.7084668    
     48096   2.7080402    
     48384   2.7074606    
     48672   2.7068861    
     48960   2.7063684    
     49248   2.7059195    
     49536   2.7055569    
     49824   2.7052569    
     50112   2.7050049    
     50400   2.7051265    
     50688   2.7049484    
     50976   2.7046611    
     51264   2.7043638    
     51552   2.7040973    
     51840   2.7038684    
     52128   2.7036698    
     52416   2.7034984    
     52704   2.7033360    
     52992   2.7031829    
     53280   2.7030280    
     53568   2.7028725    
     53856   2.7027066    
     54144   2.7028718    
     54432   2.7027025    
     54720   2.7023919    
     55008   2.7020538    
     55296   2.7017295    
     55584   2.7014318    
     55872   2.7011569    
     56160   2.7008967    
     56448   2.7006412    
     56736   2.7003684    
     57024   2.7004762    
     57312   2.7002215    
     57600   2.6975422    
     57888   2.6963470    
     58176   2.6959774    
     58464   2.6959987    
     58752   2.6961603    
     59040   2.6963217    
     59328   2.6967676    
     59616   2.6968057    
     59904   2.6966417    
     60192   2.6939836    
     60480   2.6928058    
     60768   2.6924567    
     61056   2.6925063    
     61344   2.6926906    
     61632   2.6928670    
     61920   2.6933131    
     62208   2.6908760    
     62496   2.6897342    
     62784   2.6893542    
     63072   2.6893535    
     63360   2.6894925    
     63648   2.6896429    
     63936   2.6872108    
     64224   2.6864820    
     64512   2.6862600    
     64800   2.6862860    
     65088   2.6864021    
     65376   2.6864967    
     65664   2.6839490    
     65952   2.6827750    
     66240   2.6824219    
     66528   2.6827950    
     66816   2.6830471    
     67104   2.6805251    
     67392   2.6793149    
     67680   2.6789281    
     67968   2.6789687    
     68256   2.6765428    
     68544   2.6755006    
     68832   2.6752965    
     69120   2.6758218    
     69408   2.6735866    
     69696   2.6725330    
     69984   2.6722491    
     70272   2.6723797    
     70560   2.6726971    
     70848   2.6703060    
     71136   2.6690979    
     71424   2.6686897    
     71712   2.6690292    
     72000   2.6658747    
     72288   2.6642177    
     72576   2.6636124    
     72864   2.6636233    
     73152   2.6639493    
     73440   2.6616569    
     73728   2.6604507    
     74016   2.6600277    
     74304   2.6600828    
     74592   2.6578534    
     74880   2.6565816    
     75168   2.6560302    
     75456   2.6532450    
     75744   2.6517305    
     76032   2.6511605    
     76320   2.6511872    
     76608   2.6488457    
     76896   2.6475487    
     77184   2.6472836    
     77472   2.6474068    
     77760   2.6449940    
     78048   2.6435058    
     78336   2.6428080    
     78624   2.6426198    
     78912   2.6400936    
     79200   2.6385090    
     79488   2.6377397    
     79776   2.6377020    
     80064   2.6352422    
     80352   2.6335769    
     80640   2.6326790    
     80928   2.6323321    
     81216   2.6296985    
     81504   2.6279223    
     81792   2.6269655    
     82080   2.6267529    
     82368   2.6268849    
     82656   2.6244686    
     82944   2.6226838    
     83232   2.6216228    
     83520   2.6211250    
     83808   2.6183496    
     84096   2.6164434    
     84384   2.6153357    
     84672   2.6147854    
     84960   2.6146643    
     85248   2.6122026    
     85536   2.6103177    
     85824   2.6092000    
     86112   2.6087918    
     86400   2.6088717    
     86688   2.6065724    
     86976   2.6047215    
     87264   2.6036246    
     87552   2.6031601    
     87840   2.6032851    
     88128   2.6038721    
     88416   2.6020663    
     88704   2.6004698    
     88992   2.5995903    
     89280   2.5993569    
     89568   2.5997360    
     89856   2.6006761    
     90144   2.6020329    
     90432   2.6010017    
     90720   2.5997670    
     91008   2.5992165    
     91296   2.5993531    
     91584   2.6002102    
     91872   2.6016431    
     92160   2.6036623    
     92448   2.6063125    
     92736   2.6096570    
     93024   2.6138167    
     93312   2.6161385    
     93600   2.6168501    
     93888   2.6180902    
     94176   2.6203437    
     94464   2.6238060    
     94752   2.6288295    
     95040   2.6356359    
     95328   2.6446402    
     95616   2.6564341    
     95904   2.6717489    
     96192   2.6912453    
     96480   2.7150369    
     96768   2.7420652    
     97056   2.7704673    
     97344   2.7952492    
     97632   2.8111403    
     97920   2.8161294    
     98208   2.8161294    
     98496   2.8161294    
     98784   2.8161294    
     99072   2.8161294    
     99360   2.8161294    
     99648   2.8161294    
     99936   2.8161294    
    100224   2.8161294    
    100512   2.8161294    
    100800   2.8161294    
    101088   2.8161294    
    101376   2.8161294    
    101664   2.8161294    
    101952   2.8161294    
    102240   2.8161294    
    102528   2.8161294    
    102816   2.8161294    
    103104   2.8161294    
    103392   2.8161294    
    103680   2.8161294    
    103968   2.8161294    
    104256   2.8161294    
    104544   2.8161294    
    104832   2.8161294    
