       288   1.4087275    
       576   1.3358169    
       864   1.2930610    
      1152   1.2614768    
      1440   1.2354329    
      1728   1.2034791    
      2016   1.1745939    
      2304   1.1484573    
      2592   1.1249597    
      2880   1.1040043    
      3168   1.0855023    
      3456   1.0608782    
      3744   1.0379442    
      4032   1.0150402    
      4320  0.99119854    
      4608  0.96587992    
      4896  0.93887764    
      5184  0.90330601    
      5472  0.86760390    
      5760  0.83216470    
      6048  0.79740208    
      6336  0.76369280    
      6624  0.73135066    
      6912  0.69525015    
      7200  0.66199124    
      7488  0.63143855    
      7776  0.60346746    
      8064  0.57790172    
      8352  0.55028659    
      8640  0.52555990    
      8928  0.50335491    
      9216  0.48337576    
      9504  0.46537933    
      9792  0.44916224    
     10080  0.43114951    
     10368  0.41521457    
     10656  0.40106392    
     10944  0.38847029    
     11232  0.37725452    
     11520  0.36727291    
     11808  0.35555100    
     12096  0.34528565    
     12384  0.33629629    
     12672  0.32842436    
     12960  0.32154781    
     13248  0.31304127    
     13536  0.30569193    
     13824  0.29935676    
     14112  0.29393342    
     14400  0.28932571    
     14688  0.28546003    
     14976  0.28227806    
     15264  0.27748856    
     15552  0.27357766    
     15840  0.27043980    
     16128  0.26799765    
     16416  0.26619416    
     16704  0.26498774    
     16992  0.26224563    
     17280  0.26026547    
     17568  0.25896558    
     17856  0.25828841    
     18144  0.25819999    
     18432  0.25868979    
     18720  0.25973567    
     19008  0.25921983    
     19296  0.25940946    
     19584  0.26026049    
     19872  0.26173180    
     20160  0.26379755    
     20448  0.26644868    
     20736  0.26970434    
     21024  0.27137879    
     21312  0.27378806    
     21600  0.27690345    
     21888  0.28072110    
     22176  0.28523225    
     22464  0.29044199    
     22752  0.29759353    
     23040  0.30942431    
     23328  0.32208142    
     23616  0.33721337    
     23904  0.35454386    
     24192  0.37405625    
     24480  0.39583680    
     24768  0.42004931    
     25056  0.44690320    
     25344  0.47669941    
     25632  0.50611323    
     25920  0.53875524    
     26208  0.57498294    
     26496  0.61524570    
     26784  0.66004097    
     27072  0.70994771    
     27360  0.76563841    
     27648  0.82786912    
     27936  0.89034039    
     28224  0.96030235    
     28512   1.0387524    
     28800   1.1268491    
     29088   1.2259729    
     29376   1.3376515    
     29664   1.4635806    
     29952   1.6025456    
     30240   1.6719410    
     30528   1.7052869    
     30816   1.7292897    
     31104   1.7475735    
     31392   1.7624855    
     31680   1.7753814    
     31968   1.7872140    
     32256   1.7984892    
     32544   1.7970057    
     32832   1.7996472    
     33120   1.8048780    
     33408   1.8116915    
     33696   1.8194339    
     33984   1.8275837    
     34272   1.8357702    
     34560   1.8439406    
     34848   1.8393097    
     35136   1.8394279    
     35424   1.8422741    
     35712   1.8465728    
     36000   1.8514481    
     36288   1.8566321    
     36576   1.8619114    
     36864   1.8671266    
     37152   1.8594747    
     37440   1.8566525    
     37728   1.8563019    
     38016   1.8573563    
     38304   1.8591399    
     38592   1.8612263    
     38880   1.8633528    
     39168   1.8653533    
     39456   1.8548625    
     39744   1.8492988    
     40032   1.8462219    
     40320   1.8445795    
     40608   1.8437366    
     40896   1.8433177    
     41184   1.8431113    
     41472   1.8430016    
     41760   1.8312910    
     42048   1.8248520    
     42336   1.8213136    
     42624   1.8193945    
     42912   1.8183982    
     43200   1.8178302    
     43488   1.8173896    
     43776   1.8171525    
     44064   1.8060687    
     44352   1.8002813    
     44640   1.7973233    
     44928   1.7958814    
     45216   1.7952576    
     45504   1.7950696    
     45792   1.7951081    
     46080   1.7952559    
     46368   1.7954478    
     46656   1.7956432    
     46944   1.7958169    
     47232   1.7853587    
     47520   1.7799671    
     47808   1.7771264    
     48096   1.7755637    
     48384   1.7746345    
     48672   1.7740002    
     48960   1.7734922    
     49248   1.7730204    
     49536   1.7725374    
     49824   1.7720158    
     50112   1.7714447    
     50400   1.7709218    
     50688   1.7705241    
     50976   1.7700489    
     51264   1.7694461    
     51552   1.7687153    
     51840   1.7678684    
     52128   1.7669219    
     52416   1.7658842    
     52704   1.7647628    
     52992   1.7635622    
     53280   1.7622830    
     53568   1.7609265    
     53856   1.7594935    
     54144   1.7580909    
     54432   1.7567883    
     54720   1.7553898    
     55008   1.7538508    
     55296   1.7521764    
     55584   1.7503781    
     55872   1.7484717    
     56160   1.7464651    
     56448   1.7443640    
     56736   1.7421714    
     57024   1.7399474    
     57312   1.7378224    
     57600   1.7463712    
     57888   1.7494397    
     58176   1.7497746    
     58464   1.7486981    
     58752   1.7468597    
     59040   1.7445797    
     59328   1.7420954    
     59616   1.7395861    
     59904   1.7369035    
     60192   1.7452295    
     60480   1.7478929    
     60768   1.7477005    
     61056   1.7460171    
     61344   1.7435158    
     61632   1.7405291    
     61920   1.7372899    
     62208   1.7456195    
     62496   1.7481550    
     62784   1.7476765    
     63072   1.7455796    
     63360   1.7425662    
     63648   1.7390027    
     63936   1.7470292    
     64224   1.7492554    
     64512   1.7485186    
     64800   1.7460880    
     65088   1.7426463    
     65376   1.7385693    
     65664   1.7464511    
     65952   1.7482845    
     66240   1.7468781    
     66528   1.7437361    
     66816   1.7397108    
     67104   1.7478539    
     67392   1.7497243    
     67680   1.7481406    
     67968   1.7446061    
     68256   1.7530439    
     68544   1.7549422    
     68832   1.7531999    
     69120   1.7494226    
     69408   1.7580910    
     69696   1.7601035    
     69984   1.7582980    
     70272   1.7542534    
     70560   1.7488502    
     70848   1.7564085    
     71136   1.7575308    
     71424   1.7549107    
     71712   1.7500819    
     72000   1.7617723    
     72288   1.7652864    
     72576   1.7639480    
     72864   1.7596915    
     73152   1.7536370    
     73440   1.7609553    
     73728   1.7617064    
     74016   1.7584662    
     74304   1.7527704    
     74592   1.7603759    
     74880   1.7613215    
     75168   1.7580855    
     75456   1.7673527    
     75744   1.7691780    
     76032   1.7663311    
     76320   1.7605299    
     76608   1.7682059    
     76896   1.7689627    
     77184   1.7653403    
     77472   1.7589625    
     77760   1.7664154    
     78048   1.7669998    
     78336   1.7630981    
     78624   1.7562546    
     78912   1.7633116    
     79200   1.7635731    
     79488   1.7593312    
     79776   1.7521032    
     80064   1.7590443    
     80352   1.7592568    
     80640   1.7549077    
     80928   1.7474698    
     81216   1.7541176    
     81504   1.7540913    
     81792   1.7494836    
     82080   1.7417430    
     82368   1.7318987    
     82656   1.7368033    
     82944   1.7356201    
     83232   1.7301457    
     83520   1.7216663    
     83808   1.7272798    
     84096   1.7266395    
     84384   1.7215223    
     84672   1.7132044    
     84960   1.7025832    
     85248   1.7063900    
     85536   1.7044601    
     85824   1.6983175    
     86112   1.6891187    
     86400   1.6776936    
     86688   1.6804390    
     86976   1.6777813    
     87264   1.6710514    
     87552   1.6612937    
     87840   1.6492531    
     88128   1.6354923    
     88416   1.6355687    
     88704   1.6310142    
     88992   1.6228497    
     89280   1.6119225    
     89568   1.5988736    
     89856   1.5841696    
     90144   1.5681584    
     90432   1.5651255    
     90720   1.5584571    
     91008   1.5488390    
     91296   1.5369256    
     91584   1.5231664    
     91872   1.5079367    
     92160   1.4915258    
     92448   1.4741385    
     92736   1.4559250    
     93024   1.4369848    
     93312   1.4295747    
     93600   1.4200882    
     93888   1.4087747    
     94176   1.3959100    
     94464   1.3817619    
     94752   1.3664659    
     95040   1.3501654    
     95328   1.3329664    
     95616   1.3149343    
     95904   1.2960796    
     96192   1.2764373    
     96480   1.2560301    
     96768   1.2349477    
     97056   1.2132939    
     97344   1.1911811    
     97632   1.1687441    
     97920   1.1461172    
     98208   1.1234431    
     98496   1.1008114    
     98784   1.0783215    
     99072   1.0560659    
     99360   1.0341234    
     99648   1.0125650    
     99936  0.99145114    
    100224  0.97085607    
    100512  0.95079237    
    100800  0.93129510    
    101088  0.91239530    
    101376  0.89411837    
    101664  0.87648302    
    101952  0.85258341    
    102240  0.82986391    
    102528  0.80827838    
    102816  0.78778046    
    103104  0.76833802    
    103392  0.74988866    
    103680  0.73239708    
    103968  0.71583033    
    104256  0.70015174    
    104544  0.68532610    
    104832  0.66590053    
    105120  0.64774001    
    105408  0.63074797    
    105696  0.61484575    
    105984  0.59995919    
    106272  0.58602184    
    106560  0.57297355    
    106848  0.55622876    
    107136  0.54071403    
    107424  0.52631789    
    107712  0.51294553    
    108000  0.50051326    
    108288  0.48894680    
    108576  0.47430772    
    108864  0.46082872    
    109152  0.44839308    
    109440  0.43689910    
    109728  0.42626181    
    110016  0.41640869    
    110304  0.40395966    
    110592  0.39255878    
    110880  0.38208687    
    111168  0.37245017    
    111456  0.36356539    
    111744  0.35536659    
    112032  0.34494993    
    112320  0.33545658    
    112608  0.32678154    
    112896  0.31885183    
    113184  0.31158653    
    113472  0.30243313    
    113760  0.29414099    
    114048  0.28659958    
    114336  0.27972281    
    114624  0.27343595    
    114912  0.26768333    
    115200  0.26026857    
    115488  0.25359485    
    115776  0.24756368    
    116064  0.24209586    
    116352  0.23712844    
    116640  0.23261163    
    116928  0.22662848    
    117216  0.22127391    
    117504  0.21647409    
    117792  0.21215820    
    118080  0.20827138    
    118368  0.20309193    
    118656  0.19848412    
    118944  0.19437407    
    119232  0.19070825    
    119520  0.18743367    
    119808  0.18450838    
    120096  0.18189922    
    120384  0.17811918    
    120672  0.17481500    
    120960  0.17191771    
    121248  0.16937530    
    121536  0.16714838    
    121824  0.16520967    
    122112  0.16222203    
    122400  0.15965673    
    122688  0.15745234    
    122976  0.15556422    
    123264  0.15396310    
    123552  0.15263280    
    123840  0.15155016    
    124128  0.14947909    
    124416  0.14777973    
    124704  0.14640857    
    124992  0.14532499    
    125280  0.14450049    
    125568  0.14391752    
    125856  0.14357211    
    126144  0.14230174    
    126432  0.14137380    
    126720  0.14075047    
    127008  0.14040893    
    127296  0.14032407    
    127584  0.14047880    
    127872  0.14086545    
    128160  0.14149155    
    128448  0.14121935    
    128736  0.14128982    
    129024  0.14167351    
    129312  0.14235625    
    129600  0.14332074    
    129888  0.14455773    
    130176  0.14606713    
    130464  0.14786588    
    130752  0.14890966    
    131040  0.15034243    
    131328  0.15214729    
    131616  0.15432395    
    131904  0.15686792    
    132192  0.15978329    
    132480  0.16308080    
    132768  0.16678233    
    133056  0.16955690    
    133344  0.17289191    
    133632  0.17676923    
    133920  0.18119928    
    134208  0.18620707    
    134496  0.19181246    
    134784  0.19804615    
    135072  0.20495360    
    135360  0.21085568    
    135648  0.21764426    
    135936  0.22531216    
    136224  0.23387852    
    136512  0.24340002    
    136800  0.25395137    
    137088  0.26559621    
    137376  0.27841294    
    137664  0.29003921    
    137952  0.30318612    
    138240  0.31785789    
    138528  0.33410174    
    138816  0.35200268    
    139104  0.37170023    
    139392  0.39337692    
    139680  0.41718259    
    139968  0.43952450    
    140256  0.46448258    
    140544  0.49210185    
    140832  0.52255118    
    141120  0.55605477    
    141408  0.59281522    
    141696  0.63308346    
    141984  0.67715234    
    142272  0.71931839    
    142560  0.76618075    
    142848  0.81789064    
    143136  0.87462682    
    143424  0.93667018    
    143712   1.0043776    
    144000   1.0781596    
    144288   1.1584632    
    144576   1.2359188    
    144864   1.3211838    
    145152   1.4143314    
    145440   1.5154809    
    145728   1.6247905    
    146016   1.7410462    
    146304   1.8439423    
    146592   1.9035711    
    146880   1.9342939    
    147168   1.9614850    
    147456   1.9857887    
    147744   2.0077190    
    148032   2.0277567    
    148320   2.0464354    
    148608   2.0639882    
    148896   2.0805175    
    149184   2.0821571    
    149472   2.0871031    
    149760   2.0941687    
    150048   2.1025357    
    150336   2.1116230    
    150624   2.1210353    
    150912   2.1304803    
    151200   2.1397257    
    151488   2.1486111    
    151776   2.1570458    
    152064   2.1649752    
    152352   2.1580558    
    152640   2.1548893    
    152928   2.1541762    
    153216   2.1549993    
    153504   2.1567378    
    153792   2.1589484    
    154080   2.1613092    
    154368   2.1636283    
    154656   2.1657827    
    154944   2.1676917    
    155232   2.1692846    
    155520   2.1704891    
    155808   2.1714146    
    156096   2.1720133    
    156384   2.1722610    
    156672   2.1721482    
    156960   2.1716864    
    157248   2.1708865    
    157536   2.1697521    
    157824   2.1682756    
    158112   2.1664727    
    158400   2.1643569    
    158688   2.1619396    
    158976   2.1592288    
    159264   2.1562128    
    159552   2.1530018    
    159840   2.1495228    
    160128   2.1457541    
    160416   2.1416974    
    160704   2.1373596    
    160992   2.1327379    
    161280   2.1278458    
    161568   2.1226871    
    161856   2.1172671    
    162144   2.1115396    
    162432   2.1056688    
    162720   2.1142802    
    163008   2.1179471    
    163296   2.1180983    
    163584   2.1157746    
    163872   2.1116972    
    164160   2.1063561    
    164448   2.1000433    
    164736   2.0931065    
    165024   2.0856147    
    165312   2.0927165    
    165600   2.0945873    
    165888   2.0927534    
    166176   2.0883272    
    166464   2.0820768    
    166752   2.0745242    
    167040   2.0659723    
    167328   2.0721672    
    167616   2.0729010    
    167904   2.0697711    
    168192   2.0639410    
    168480   2.0562260    
    168768   2.0471749    
    169056   2.0527058    
    169344   2.0525842    
    169632   2.0485110    
    169920   2.0416617    
    170208   2.0328667    
    170496   2.0227003    
    170784   2.0273421    
    171072   2.0262561    
    171360   2.0211487    
    171648   2.0131712    
    171936   2.0032763    
    172224   2.0080585    
    172512   2.0068083    
    172800   2.0013118    
    173088   1.9928501    
    173376   1.9985291    
    173664   1.9976851    
    173952   1.9922477    
    174240   1.9835229    
    174528   1.9890628    
    174816   1.9879118    
    175104   1.9820333    
    175392   1.9728407    
    175680   1.9613272    
    175968   1.9647158    
    176256   1.9618628    
    176544   1.9545928    
    176832   1.9440973    
    177120   1.9523312    
    177408   1.9527105    
    177696   1.9474963    
    177984   1.9383273    
    178272   1.9263687    
    178560   1.9292165    
    178848   1.9256208    
    179136   1.9174268    
    179424   1.9059693    
    179712   1.9089644    
    180000   1.9052722    
    180288   1.8968239    
    180576   1.9020288    
    180864   1.8998507    
    181152   1.8923693    
    181440   1.8810933    
    181728   1.8841274    
    182016   1.8803020    
    182304   1.8714467    
    182592   1.8589774    
    182880   1.8610319    
    183168   1.8563905    
    183456   1.8469054    
    183744   1.8339392    
    184032   1.8354366    
    184320   1.8303653    
    184608   1.8205184    
    184896   1.8071015    
    185184   1.8080213    
    185472   1.8024360    
    185760   1.7921077    
    186048   1.7783362    
    186336   1.7788172    
    186624   1.7729515    
    186912   1.7624097    
    187200   1.7483281    
    187488   1.7315876    
    187776   1.7293873    
    188064   1.7214876    
    188352   1.7093503    
    188640   1.6940804    
    188928   1.6925964    
    189216   1.6852471    
    189504   1.6733704    
    189792   1.6581565    
    190080   1.6404339    
    190368   1.6364235    
    190656   1.6271918    
    190944   1.6139514    
    191232   1.5975568    
    191520   1.5786293    
    191808   1.5727289    
    192096   1.5619684    
    192384   1.5473964    
    192672   1.5298522    
    192960   1.5098463    
    193248   1.4877371    
    193536   1.4777414    
    193824   1.4635658    
    194112   1.4460049    
    194400   1.4256830    
    194688   1.4029808    
    194976   1.3781455    
    195264   1.3514200    
    195552   1.3350744    
    195840   1.3151968    
    196128   1.2923518    
    196416   1.2669430    
    196704   1.2392654    
    196992   1.2096976    
    197280   1.1785703    
    197568   1.1462029    
    197856   1.1128805    
    198144   1.0788058    
    198432   1.0531512    
    198720   1.0257955    
    199008  0.99723274    
    199296  0.96785605    
    199584  0.93796337    
    199872  0.90775961    
    200160  0.87747461    
    200448  0.84728909    
    200736  0.81735218    
    201024  0.78778762    
    201312  0.75867558    
    201600  0.73007214    
    201888  0.70206201    
    202176  0.67470992    
    202464  0.64806795    
    202752  0.62217599    
    203040  0.59706342    
    203328  0.57274067    
    203616  0.54919904    
    203904  0.52645814    
    204192  0.50452846    
    204480  0.48341399    
    204768  0.46310985    
    205056  0.44360915    
    205344  0.42489731    
    205632  0.40693900    
    205920  0.38972744    
    206208  0.37324828    
    206496  0.35748699    
    206784  0.34242621    
    207072  0.32545638    
    207360  0.30961829    
    207648  0.29478931    
    207936  0.28087190    
    208224  0.26778090    
    208512  0.25543872    
    208800  0.24379410    
    209088  0.23279946    
    209376  0.22241360    
    209664  0.21260011    
    209952  0.20171346    
    210240  0.19164099    
    210528  0.18228728    
    210816  0.17357472    
    211104  0.16543919    
    211392  0.15782738    
    211680  0.15069452    
    211968  0.14285812    
    212256  0.13565123    
    212544  0.12899372    
    212832  0.12282153    
    213120  0.11708215    
    213408  0.11173192    
    213696  0.10588498    
    213984  0.10052987    
    214272  0.95600717E-01
    214560  0.91044895E-01
    214848  0.86820021E-01
    215136  0.82890883E-01
    215424  0.78594886E-01
    215712  0.74669912E-01
    216000  0.71064726E-01
    216288  0.67737877E-01
    216576  0.64656958E-01
    216864  0.61795466E-01
    217152  0.58655549E-01
    217440  0.55791821E-01
    217728  0.53166229E-01
    218016  0.50750300E-01
    218304  0.48517812E-01
    218592  0.46075124E-01
    218880  0.43854848E-01
    219168  0.41823573E-01
    219456  0.39955076E-01
    219744  0.38228970E-01
    220032  0.36629084E-01
    220320  0.34859717E-01
    220608  0.33253230E-01
    220896  0.31784516E-01
    221184  0.30434353E-01
    221472  0.29187454E-01
    221760  0.28031534E-01
    222048  0.26739709E-01
    222336  0.25567107E-01
    222624  0.24496583E-01
    222912  0.23513436E-01
    223200  0.22606080E-01
    223488  0.21590551E-01
    223776  0.20670554E-01
    224064  0.19831585E-01
    224352  0.19062994E-01
    224640  0.18355152E-01
    224928  0.17700458E-01
    225216  0.17093068E-01
    225504  0.16396107E-01
    225792  0.15765870E-01
    226080  0.15191332E-01
    226368  0.14664309E-01
    226656  0.14178568E-01
    226944  0.13729519E-01
    227232  0.13208425E-01
    227520  0.12738481E-01
    227808  0.12311132E-01
    228096  0.11920042E-01
    228384  0.11560864E-01
    228672  0.11230607E-01
    228960  0.10925965E-01
    229248  0.10559879E-01
    229536  0.10231341E-01
    229824  0.99346824E-02
    230112  0.96650179E-02
    230400  0.94186757E-02
    230688  0.91931960E-02
    230976  0.89872722E-02
    231264  0.87298080E-02
    231552  0.85008116E-02
    231840  0.82959309E-02
    232128  0.81122033E-02
    232416  0.79468125E-02
    232704  0.77976650E-02
    232992  0.76633189E-02
    233280  0.75432872E-02
    233568  0.73784469E-02
    233856  0.72356118E-02
    234144  0.71116281E-02
    234432  0.70044291E-02
    234720  0.69119302E-02
    235008  0.68326620E-02
    235296  0.67658355E-02
    235584  0.67113736E-02
    235872  0.66228067E-02
    236160  0.65524071E-02
    236448  0.64980173E-02
    236736  0.64583966E-02
    237024  0.64321654E-02
    237312  0.64184396E-02
    237600  0.64166128E-02
    237888  0.64266948E-02
    238176  0.63983947E-02
    238464  0.63895020E-02
    238752  0.63975742E-02
    239040  0.64215078E-02
    239328  0.64608427E-02
    239616  0.65149064E-02
    239904  0.65834196E-02
    240192  0.66666217E-02
    240480  0.67106504E-02
    240768  0.67775282E-02
    241056  0.68648485E-02
    241344  0.69712782E-02
    241632  0.70968335E-02
    241920  0.72420118E-02
    242208  0.74068471E-02
    242496  0.75918194E-02
    242784  0.77329115E-02
    243072  0.79050027E-02
    243360  0.81053786E-02
    243648  0.83328271E-02
    243936  0.85871732E-02
    244224  0.88697989E-02
    244512  0.91829924E-02
    244800  0.95280595E-02
    245088  0.98225139E-02
    245376  0.10161637E-01
    245664  0.10543169E-01
    245952  0.10968071E-01
    246240  0.11438622E-01
    246528  0.11956558E-01
    246816  0.12524744E-01
    247104  0.13146885E-01
    247392  0.13710151E-01
    247680  0.14348700E-01
    247968  0.15062329E-01
    248256  0.15852099E-01
    248544  0.16721545E-01
    248832  0.17676128E-01
    249120  0.18722797E-01
    249408  0.19869946E-01
    249696  0.20950736E-01
    249984  0.22165958E-01
    250272  0.23518927E-01
    250560  0.25014911E-01
    250848  0.26663201E-01
    251136  0.28476309E-01
    251424  0.30469490E-01
    251712  0.32660626E-01
    252000  0.34783367E-01
    252288  0.37156653E-01
    252576  0.39789043E-01
    252864  0.42696930E-01
    253152  0.45902882E-01
    253440  0.49439106E-01
    253728  0.53344179E-01
    254016  0.57653196E-01
    254304  0.61908826E-01
    254592  0.66660099E-01
    254880  0.71930006E-01
    255168  0.77755347E-01
    255456  0.84183782E-01
    255744  0.91272257E-01
    256032  0.99086687E-01
    256320  0.10770147    
    256608  0.11720001    
    256896  0.12767512    
    257184  0.13922970    
    257472  0.15078571    
    257760  0.16363798    
    258048  0.17785431    
    258336  0.19353123    
    258624  0.21078794    
    258912  0.22976232    
    259200  0.25060984    
    259488  0.27349988    
    259776  0.29861805    
    260064  0.32616454    
    260352  0.35635436    
    260640  0.38938454    
    260928  0.42545432    
    261216  0.46483558    
    261504  0.50780213    
    261792  0.55463427    
    262080  0.60561746    
    262368  0.66104198    
    262656  0.72119659    
    262944  0.78636932    
    263232  0.85684586    
    263520  0.93290329    
    263808   1.0148051    
    264096   1.1027963    
    264384   1.1970069    
    264672   1.2975198    
    264960   1.4044976    
    265248   1.5180410    
    265536   1.6380821    
    265824   1.7625133    
    266112   1.8631560    
    266400   1.9155627    
    266688   1.9526924    
    266976   1.9811053    
    267264   2.0024734    
    267552   2.0183003    
    267840   2.0439336    
    268128   2.0620623    
    268416   2.0745475    
    268704   2.0827291    
    268992   2.0875683    
    269280   2.0897672    
    269568   2.0897424    
    269856   2.0880251    
    270144   2.0849664    
    270432   2.0958440    
    270720   2.1013293    
    271008   2.1028728    
    271296   2.1014941    
    271584   2.0979197    
    271872   2.0926409    
    272160   2.0859041    
    272448   2.0936527    
    272736   2.0959506    
    273024   2.0943108    
    273312   2.0897973    
    273600   2.0831511    
    273888   2.0748849    
    274176   2.0811856    
    274464   2.0817745    
    274752   2.0782354    
    275040   2.0717356    
    275328   2.0630660    
    275616   2.0527730    
    275904   2.0573170    
    276192   2.0561454    
    276480   2.0508673    
    276768   2.0424876    
    277056   2.0319028    
    277344   2.0360107    
    277632   2.0340929    
    277920   2.0278485    
    278208   2.0184765    
    278496   2.0232942    
    278784   2.0215838    
    279072   2.0151880    
    279360   2.0052707    
    279648   2.0095522    
    279936   2.0071292    
    280224   1.9999058    
    280512   1.9892278    
    280800   1.9760400    
    281088   1.9776901    
    281376   1.9730959    
    281664   1.9640229    
    281952   1.9515616    
    282240   1.9577479    
    282528   1.9561758    
    282816   1.9490455    
    283104   1.9379088    
    283392   1.9238524    
    283680   1.9244312    
    283968   1.9186100    
    284256   1.9081930    
    284544   1.8944558    
    284832   1.8949175    
    285120   1.8887199    
    285408   1.8777918    
    285696   1.8803301    
    285984   1.8756608    
    286272   1.8657959    
    286560   1.8521663    
    286848   1.8525215    
    287136   1.8461624    
    287424   1.8348283    
    287712   1.8198394    
    288000   1.8189439    
    288288   1.8115212    
    288576   1.7993784    
    288864   1.7838072    
    289152   1.7822034    
    289440   1.7742460    
    289728   1.7616656    
    290016   1.7455603    
    290304   1.7431399    
    290592   1.7344515    
    290880   1.7211984    
    291168   1.7046068    
    291456   1.7015836    
    291744   1.6925163    
    292032   1.6789769    
    292320   1.6619787    
    292608   1.6422802    
    292896   1.6361717    
    293184   1.6246080    
    293472   1.6089600    
    293760   1.5902352    
    294048   1.5842721    
    294336   1.5727561    
    294624   1.5568851    
    294912   1.5377376    
    295200   1.5160311    
    295488   1.5067083    
    295776   1.4924407    
    296064   1.4743232    
    296352   1.4530356    
    296640   1.4290497    
    296928   1.4164147    
    297216   1.3991027    
    297504   1.3780689    
    297792   1.3539824    
    298080   1.3271973    
    298368   1.2979368    
    298656   1.2785680    
    298944   1.2550169    
    299232   1.2281520    
    299520   1.1986359    
    299808   1.1669276    
    300096   1.1334192    
    300384   1.0985330    
    300672   1.0723464    
    300960   1.0435802    
    301248   1.0129707    
    301536  0.98104399    
    301824  0.94817048    
    302112  0.91473418    
    302400  0.88102484    
    302688  0.84728229    
    302976  0.81369829    
    303264  0.78039038    
    303552  0.75387847    
    303840  0.72665644    
    304128  0.69913304    
    304416  0.67161393    
    304704  0.64431119    
    304992  0.61735725    
    305280  0.59089911    
    305568  0.56504393    
    305856  0.53986579    
    306144  0.51542211    
    306432  0.49173725    
    306720  0.46881962    
    307008  0.44670045    
    307296  0.42539686    
    307584  0.40491596    
    307872  0.38525945    
    308160  0.36642140    
    308448  0.34838304    
    308736  0.33111671    
    309024  0.31461459    
    309312  0.29886362    
    309600  0.28384703    
    309888  0.26954570    
    310176  0.25593689    
    310464  0.24299374    
    310752  0.23067972    
    311040  0.21897697    
    311328  0.20786564    
    311616  0.19732295    
    311904  0.18732643    
    312192  0.17645910    
    312480  0.16639599    
    312768  0.15704387    
    313056  0.14832793    
    313344  0.14018402    
    313632  0.13255534    
    313920  0.12540202    
    314208  0.11868954    
    314496  0.11238714    
    314784  0.10646618    
    315072  0.10010908    
