       288  0.20483844E-02
       576  0.20631007E-02
       864  0.20752021E-02
      1152  0.20866634E-02
      1440  0.20980595E-02
      1728  0.21107493E-02
      2016  0.21236187E-02
      2304  0.21366898E-02
      2592  0.21499584E-02
      2880  0.21634209E-02
      3168  0.21770729E-02
      3456  0.21920281E-02
      3744  0.22072808E-02
      4032  0.22230442E-02
      4320  0.22394543E-02
      4608  0.22566009E-02
      4896  0.22745307E-02
      5184  0.22942566E-02
      5472  0.23146477E-02
      5760  0.23356644E-02
      6048  0.23572559E-02
      6336  0.23793706E-02
      6624  0.24019585E-02
      6912  0.24258345E-02
      7200  0.24499837E-02
      7488  0.24743963E-02
      7776  0.24990633E-02
      8064  0.25239862E-02
      8352  0.25499177E-02
      8640  0.25760040E-02
      8928  0.26022687E-02
      9216  0.26287334E-02
      9504  0.26554074E-02
      9792  0.26822996E-02
     10080  0.27100861E-02
     10368  0.27380153E-02
     10656  0.27661086E-02
     10944  0.27943822E-02
     11232  0.28228459E-02
     11520  0.28515023E-02
     11808  0.28809761E-02
     12096  0.29105777E-02
     12384  0.29403178E-02
     12672  0.29702035E-02
     12960  0.30002387E-02
     13248  0.30310194E-02
     13536  0.30618915E-02
     13824  0.30928638E-02
     14112  0.31239337E-02
     14400  0.31551009E-02
     14688  0.31863619E-02
     14976  0.32177083E-02
     15264  0.32497162E-02
     15552  0.32817423E-02
     15840  0.33137891E-02
     16128  0.33458539E-02
     16416  0.33779284E-02
     16704  0.34100041E-02
     16992  0.34426532E-02
     17280  0.34752360E-02
     17568  0.35077541E-02
     17856  0.35401983E-02
     18144  0.35725578E-02
     18432  0.36048130E-02
     18720  0.36369537E-02
     19008  0.36695893E-02
     19296  0.37020408E-02
     19584  0.37343029E-02
     19872  0.37663640E-02
     20160  0.37982138E-02
     20448  0.38298364E-02
     20736  0.38612050E-02
     21024  0.38929810E-02
     21312  0.39244425E-02
     21600  0.39555789E-02
     21888  0.39863735E-02
     22176  0.40168068E-02
     22464  0.40468648E-02
     22752  0.40761484E-02
     23040  0.41039083E-02
     23328  0.41312738E-02
     23616  0.41576866E-02
     23904  0.41832095E-02
     24192  0.42078388E-02
     24480  0.42315396E-02
     24768  0.42542596E-02
     25056  0.42759348E-02
     25344  0.42964807E-02
     25632  0.43168832E-02
     25920  0.43360740E-02
     26208  0.43539586E-02
     26496  0.43704226E-02
     26784  0.43853461E-02
     27072  0.43985914E-02
     27360  0.44100061E-02
     27648  0.44194181E-02
     27936  0.44285539E-02
     28224  0.44354931E-02
     28512  0.44400338E-02
     28800  0.44419440E-02
     29088  0.44409591E-02
     29376  0.44368017E-02
     29664  0.44291662E-02
     29952  0.44184793E-02
     30240  0.44238623E-02
     30528  0.44372114E-02
     30816  0.44523478E-02
     31104  0.44684340E-02
     31392  0.44849329E-02
     31680  0.45015318E-02
     31968  0.45180116E-02
     32256  0.45342501E-02
     32544  0.45531308E-02
     32832  0.45707063E-02
     33120  0.45873225E-02
     33408  0.46032001E-02
     33696  0.46184883E-02
     33984  0.46333051E-02
     34272  0.46477406E-02
     34560  0.46618027E-02
     34848  0.46785721E-02
     35136  0.46938644E-02
     35424  0.47081481E-02
     35712  0.47217174E-02
     36000  0.47347778E-02
     36288  0.47473931E-02
     36576  0.47596097E-02
     36864  0.47714668E-02
     37152  0.47861035E-02
     37440  0.47992319E-02
     37728  0.48114071E-02
     38016  0.48228763E-02
     38304  0.48338007E-02
     38592  0.48442800E-02
     38880  0.48543792E-02
     39168  0.48641386E-02
     39456  0.48766476E-02
     39744  0.48876260E-02
     40032  0.48976559E-02
     40320  0.49069882E-02
     40608  0.49157827E-02
     40896  0.49241367E-02
     41184  0.49321027E-02
     41472  0.49397224E-02
     41760  0.49499781E-02
     42048  0.49586664E-02
     42336  0.49663605E-02
     42624  0.49733757E-02
     42912  0.49798875E-02
     43200  0.49860273E-02
     43488  0.49918769E-02
     43776  0.49974178E-02
     44064  0.50055087E-02
     44352  0.50120740E-02
     44640  0.50177067E-02
     44928  0.50227232E-02
     45216  0.50273044E-02
     45504  0.50315307E-02
     45792  0.50354647E-02
     46080  0.50391355E-02
     46368  0.50425571E-02
     46656  0.50457418E-02
     46944  0.50486978E-02
     47232  0.50541954E-02
     47520  0.50582164E-02
     47808  0.50613778E-02
     48096  0.50639799E-02
     48384  0.50661806E-02
     48672  0.50680614E-02
     48960  0.50696614E-02
     49248  0.50710067E-02
     49536  0.50721033E-02
     49824  0.50729578E-02
     50112  0.50735744E-02
     50400  0.50739245E-02
     50688  0.50739865E-02
     50976  0.50738128E-02
     51264  0.50734137E-02
     51552  0.50727935E-02
     51840  0.50719418E-02
     52128  0.50708563E-02
     52416  0.50695282E-02
     52704  0.50679622E-02
     52992  0.50661480E-02
     53280  0.50640870E-02
     53568  0.50617713E-02
     53856  0.50592027E-02
     54144  0.50563486E-02
     54432  0.50531882E-02
     54720  0.50497670E-02
     55008  0.50460966E-02
     55296  0.50421725E-02
     55584  0.50379881E-02
     55872  0.50335363E-02
     56160  0.50288117E-02
     56448  0.50238091E-02
     56736  0.50185225E-02
     57024  0.50129304E-02
     57312  0.50070030E-02
     57600  0.49979710E-02
     57888  0.49899686E-02
     58176  0.49823206E-02
     58464  0.49746996E-02
     58752  0.49669496E-02
     59040  0.49589821E-02
     59328  0.49507385E-02
     59616  0.49421662E-02
     59904  0.49333014E-02
     60192  0.49212594E-02
     60480  0.49102493E-02
     60768  0.48995935E-02
     61056  0.48889541E-02
     61344  0.48781657E-02
     61632  0.48671486E-02
     61920  0.48558349E-02
     62208  0.48412248E-02
     62496  0.48276451E-02
     62784  0.48144292E-02
     63072  0.48012407E-02
     63360  0.47879131E-02
     63648  0.47743511E-02
     63936  0.47575156E-02
     64224  0.47416883E-02
     64512  0.47261938E-02
     64800  0.47107288E-02
     65088  0.46951370E-02
     65376  0.46793246E-02
     65664  0.46601975E-02
     65952  0.46421159E-02
     66240  0.46244175E-02
     66528  0.46067568E-02
     66816  0.45889276E-02
     67104  0.45677964E-02
     67392  0.45477380E-02
     67680  0.45281132E-02
     67968  0.45085787E-02
     68256  0.44858372E-02
     68544  0.44642291E-02
     68832  0.44430965E-02
     69120  0.44220812E-02
     69408  0.43978174E-02
     69696  0.43747062E-02
     69984  0.43521165E-02
     70272  0.43297005E-02
     70560  0.43072705E-02
     70848  0.42815763E-02
     71136  0.42569772E-02
     71424  0.42328942E-02
     71712  0.42089955E-02
     72000  0.41811299E-02
     72288  0.41547362E-02
     72576  0.41291062E-02
     72864  0.41038361E-02
     73152  0.40786969E-02
     73440  0.40504229E-02
     73728  0.40232814E-02
     74016  0.39967420E-02
     74304  0.39704950E-02
     74592  0.39412342E-02
     74880  0.39131325E-02
     75168  0.38856913E-02
     75456  0.38554885E-02
     75744  0.38266112E-02
     76032  0.37985146E-02
     76320  0.37708643E-02
     76608  0.37403835E-02
     76896  0.37111316E-02
     77184  0.36826269E-02
     77472  0.36545605E-02
     77760  0.36237196E-02
     78048  0.35941137E-02
     78336  0.35652972E-02
     78624  0.35369946E-02
     78912  0.35060346E-02
     79200  0.34763103E-02
     79488  0.34474069E-02
     79776  0.34190558E-02
     80064  0.33881308E-02
     80352  0.33584437E-02
     80640  0.33296130E-02
     80928  0.33013902E-02
     81216  0.32707462E-02
     81504  0.32413423E-02
     81792  0.32128289E-02
     82080  0.31849639E-02
     82368  0.31575793E-02
     82656  0.31278210E-02
     82944  0.30992224E-02
     83232  0.30714988E-02
     83520  0.30444395E-02
     83808  0.30152479E-02
     84096  0.29872621E-02
     84384  0.29601995E-02
     84672  0.29338654E-02
     84960  0.29081297E-02
     85248  0.28803588E-02
     85536  0.28537277E-02
     85824  0.28280111E-02
     86112  0.28030374E-02
     86400  0.27786866E-02
     86688  0.27524808E-02
     86976  0.27273844E-02
     87264  0.27032057E-02
     87552  0.26797967E-02
     87840  0.26570545E-02
     88128  0.26349039E-02
     88416  0.26111014E-02
     88704  0.25883166E-02
     88992  0.25664074E-02
     89280  0.25452645E-02
     89568  0.25248027E-02
     89856  0.25049616E-02
     90144  0.24856990E-02
     90432  0.24650528E-02
     90720  0.24453064E-02
     91008  0.24263777E-02
     91296  0.24081829E-02
     91584  0.23906662E-02
     91872  0.23737836E-02
     92160  0.23575036E-02
     92448  0.23418008E-02
     92736  0.23266654E-02
     93024  0.23120863E-02
     93312  0.22964620E-02
     93600  0.22815682E-02
     93888  0.22673802E-02
     94176  0.22538702E-02
     94464  0.22410073E-02
     94752  0.22287797E-02
     95040  0.22171731E-02
     95328  0.22061795E-02
     95616  0.21957951E-02
     95904  0.21860248E-02
     96192  0.21768655E-02
     96480  0.21683183E-02
     96768  0.21603755E-02
     97056  0.21530308E-02
     97344  0.21462732E-02
     97632  0.21400896E-02
     97920  0.21344677E-02
     98208  0.21293948E-02
     98496  0.21248609E-02
     98784  0.21208588E-02
     99072  0.21173791E-02
     99360  0.21144159E-02
     99648  0.21119625E-02
     99936  0.21100165E-02
    100224  0.21085672E-02
    100512  0.21076149E-02
    100800  0.21071597E-02
    101088  0.21071977E-02
    101376  0.21077250E-02
    101664  0.21087446E-02
    101952  0.21111751E-02
    102240  0.21140468E-02
    102528  0.21173644E-02
    102816  0.21211314E-02
    103104  0.21253494E-02
    103392  0.21300237E-02
    103680  0.21351576E-02
    103968  0.21407560E-02
    104256  0.21468198E-02
    104544  0.21533531E-02
    104832  0.21611361E-02
    105120  0.21693453E-02
    105408  0.21779919E-02
    105696  0.21870804E-02
    105984  0.21966170E-02
    106272  0.22066084E-02
    106560  0.22170565E-02
    106848  0.22286631E-02
    107136  0.22406874E-02
    107424  0.22531410E-02
    107712  0.22660289E-02
    108000  0.22793582E-02
    108288  0.22931360E-02
    108576  0.23080020E-02
    108864  0.23232740E-02
    109152  0.23389640E-02
    109440  0.23550775E-02
    109728  0.23716220E-02
    110016  0.23886024E-02
    110304  0.24066088E-02
    110592  0.24250071E-02
    110880  0.24438086E-02
    111168  0.24630171E-02
    111456  0.24826415E-02
    111744  0.25026798E-02
    112032  0.25236846E-02
    112320  0.25450613E-02
    112608  0.25668128E-02
    112896  0.25889461E-02
    113184  0.26114632E-02
    113472  0.26348801E-02
    113760  0.26586372E-02
    114048  0.26827385E-02
    114336  0.27071917E-02
    114624  0.27319968E-02
    114912  0.27571546E-02
    115200  0.27831476E-02
    115488  0.28094391E-02
    115776  0.28360316E-02
    116064  0.28629294E-02
    116352  0.28901352E-02
    116640  0.29176401E-02
    116928  0.29459076E-02
    117216  0.29744201E-02
    117504  0.30031798E-02
    117792  0.30321851E-02
    118080  0.30614357E-02
    118368  0.30913721E-02
    118656  0.31214969E-02
    118944  0.31518121E-02
    119232  0.31823136E-02
    119520  0.32129979E-02
    119808  0.32438596E-02
    120096  0.32748920E-02
    120384  0.33065125E-02
    120672  0.33382364E-02
    120960  0.33700634E-02
    121248  0.34019905E-02
    121536  0.34340082E-02
    121824  0.34661118E-02
    122112  0.34987070E-02
    122400  0.35313182E-02
    122688  0.35639461E-02
    122976  0.35965864E-02
    123264  0.36292295E-02
    123552  0.36618635E-02
    123840  0.36944747E-02
    124128  0.37274763E-02
    124416  0.37603888E-02
    124704  0.37932091E-02
    124992  0.38259304E-02
    125280  0.38585467E-02
    125568  0.38910471E-02
    125856  0.39234143E-02
    126144  0.39560604E-02
    126432  0.39885086E-02
    126720  0.40207556E-02
    127008  0.40527922E-02
    127296  0.40846094E-02
    127584  0.41162004E-02
    127872  0.41475506E-02
    128160  0.41786437E-02
    128448  0.42099068E-02
    128736  0.42408467E-02
    129024  0.42714621E-02
    129312  0.43017380E-02
    129600  0.43316730E-02
    129888  0.43612528E-02
    130176  0.43904665E-02
    130464  0.44192960E-02
    130752  0.44481545E-02
    131040  0.44765635E-02
    131328  0.45045242E-02
    131616  0.45320229E-02
    131904  0.45590508E-02
    132192  0.45855972E-02
    132480  0.46116523E-02
    132768  0.46371929E-02
    133056  0.46627652E-02
    133344  0.46877465E-02
    133632  0.47121402E-02
    133920  0.47359355E-02
    134208  0.47591180E-02
    134496  0.47816783E-02
    134784  0.48035947E-02
    135072  0.48248568E-02
    135360  0.48461333E-02
    135648  0.48666587E-02
    135936  0.48864363E-02
    136224  0.49054641E-02
    136512  0.49237185E-02
    136800  0.49411799E-02
    137088  0.49578305E-02
    137376  0.49736416E-02
    137664  0.49895300E-02
    137952  0.50044549E-02
    138240  0.50184308E-02
    138528  0.50314479E-02
    138816  0.50434917E-02
    139104  0.50545339E-02
    139392  0.50645224E-02
    139680  0.50734319E-02
    139968  0.50825356E-02
    140256  0.50904066E-02
    140544  0.50970558E-02
    140832  0.51024528E-02
    141120  0.51065558E-02
    141408  0.51093330E-02
    141696  0.51107341E-02
    141984  0.51107053E-02
    142272  0.51110866E-02
    142560  0.51097949E-02
    142848  0.51068314E-02
    143136  0.51021860E-02
    143424  0.50958269E-02
    143712  0.50877002E-02
    144000  0.50777351E-02
    144288  0.50658630E-02
    144576  0.50547556E-02
    144864  0.50414414E-02
    145152  0.50259614E-02
    145440  0.50083427E-02
    145728  0.49886070E-02
    146016  0.49671242E-02
    146304  0.49490482E-02
    146592  0.49417154E-02
    146880  0.49414323E-02
    147168  0.49418611E-02
    147456  0.49428260E-02
    147744  0.49441857E-02
    148032  0.49458202E-02
    148320  0.49475916E-02
    148608  0.49494458E-02
    148896  0.49513425E-02
    149184  0.49567288E-02
    149472  0.49611358E-02
    149760  0.49648304E-02
    150048  0.49679899E-02
    150336  0.49707508E-02
    150624  0.49732011E-02
    150912  0.49754041E-02
    151200  0.49774158E-02
    151488  0.49792719E-02
    151776  0.49809907E-02
    152064  0.49825842E-02
    152352  0.49876017E-02
    152640  0.49914941E-02
    152928  0.49945568E-02
    153216  0.49969954E-02
    153504  0.49989512E-02
    153792  0.50005266E-02
    154080  0.50018025E-02
    154368  0.50028190E-02
    154656  0.50036032E-02
    154944  0.50041769E-02
    155232  0.50045527E-02
    155520  0.50047482E-02
    155808  0.50047324E-02
    156096  0.50045177E-02
    156384  0.50041121E-02
    156672  0.50035161E-02
    156960  0.50027249E-02
    157248  0.50017359E-02
    157536  0.50005424E-02
    157824  0.49991501E-02
    158112  0.49975486E-02
    158400  0.49957372E-02
    158688  0.49937046E-02
    158976  0.49914517E-02
    159264  0.49889749E-02
    159552  0.49862419E-02
    159840  0.49832733E-02
    160128  0.49800696E-02
    160416  0.49766293E-02
    160704  0.49729478E-02
    160992  0.49690194E-02
    161280  0.49648406E-02
    161568  0.49604084E-02
    161856  0.49557146E-02
    162144  0.49507637E-02
    162432  0.49455175E-02
    162720  0.49363617E-02
    163008  0.49280431E-02
    163296  0.49202284E-02
    163584  0.49126679E-02
    163872  0.49051889E-02
    164160  0.48976699E-02
    164448  0.48900377E-02
    164736  0.48822039E-02
    165024  0.48741507E-02
    165312  0.48621744E-02
    165600  0.48510698E-02
    165888  0.48404844E-02
    166176  0.48301532E-02
    166464  0.48198923E-02
    166752  0.48095756E-02
    167040  0.47991285E-02
    167328  0.47847419E-02
    167616  0.47712596E-02
    167904  0.47583054E-02
    168192  0.47456124E-02
    168480  0.47329911E-02
    168768  0.47203056E-02
    169056  0.47037620E-02
    169344  0.46881414E-02
    169632  0.46730558E-02
    169920  0.46582366E-02
    170208  0.46434882E-02
    170496  0.46286839E-02
    170784  0.46100146E-02
    171072  0.45922706E-02
    171360  0.45750691E-02
    171648  0.45581465E-02
    171936  0.45412830E-02
    172224  0.45206472E-02
    172512  0.45009917E-02
    172800  0.44819275E-02
    173088  0.44631618E-02
    173376  0.44408045E-02
    173664  0.44195387E-02
    173952  0.43989392E-02
    174240  0.43787174E-02
    174528  0.43549375E-02
    174816  0.43322812E-02
    175104  0.43103215E-02
    175392  0.42887526E-02
    175680  0.42673610E-02
    175968  0.42423671E-02
    176256  0.42183949E-02
    176544  0.41950559E-02
    176832  0.41720993E-02
    177120  0.41448050E-02
    177408  0.41188747E-02
    177696  0.40938421E-02
    177984  0.40693651E-02
    178272  0.40452015E-02
    178560  0.40176730E-02
    178848  0.39912169E-02
    179136  0.39654630E-02
    179424  0.39401418E-02
    179712  0.39116307E-02
    180000  0.38842515E-02
    180288  0.38576208E-02
    180576  0.38280506E-02
    180864  0.37997654E-02
    181152  0.37723603E-02
    181440  0.37455426E-02
    181728  0.37157733E-02
    182016  0.36871941E-02
    182304  0.36594619E-02
    182592  0.36323047E-02
    182880  0.36022714E-02
    183168  0.35734132E-02
    183456  0.35453874E-02
    183744  0.35179467E-02
    184032  0.34877665E-02
    184320  0.34587558E-02
    184608  0.34305928E-02
    184896  0.34030622E-02
    185184  0.33729381E-02
    185472  0.33439882E-02
    185760  0.33159063E-02
    186048  0.32884700E-02
    186336  0.32585850E-02
    186624  0.32298679E-02
    186912  0.32020363E-02
    187200  0.31748996E-02
    187488  0.31483092E-02
    187776  0.31193688E-02
    188064  0.30915083E-02
    188352  0.30644927E-02
    188640  0.30381412E-02
    188928  0.30096907E-02
    189216  0.29823752E-02
    189504  0.29559743E-02
    189792  0.29303036E-02
    190080  0.29052412E-02
    190368  0.28782289E-02
    190656  0.28522678E-02
    190944  0.28271794E-02
    191232  0.28028316E-02
    191520  0.27791304E-02
    191808  0.27537122E-02
    192096  0.27293188E-02
    192384  0.27057964E-02
    192672  0.26830218E-02
    192960  0.26609241E-02
    193248  0.26394534E-02
    193536  0.26165319E-02
    193824  0.25945653E-02
    194112  0.25734403E-02
    194400  0.25530714E-02
    194688  0.25334097E-02
    194976  0.25144224E-02
    195264  0.24960812E-02
    195552  0.24766603E-02
    195840  0.24581379E-02
    196128  0.24404405E-02
    196416  0.24235167E-02
    196704  0.24073296E-02
    196992  0.23918345E-02
    197280  0.23769927E-02
    197568  0.23627691E-02
    197856  0.23491310E-02
    198144  0.23360632E-02
    198432  0.23222973E-02
    198720  0.23092458E-02
    199008  0.22968489E-02
    199296  0.22850584E-02
    199584  0.22738392E-02
    199872  0.22631674E-02
    200160  0.22530241E-02
    200448  0.22433873E-02
    200736  0.22342477E-02
    201024  0.22255925E-02
    201312  0.22174178E-02
    201600  0.22097200E-02
    201888  0.22024962E-02
    202176  0.21957394E-02
    202464  0.21894504E-02
    202752  0.21836264E-02
    203040  0.21782690E-02
    203328  0.21733793E-02
    203616  0.21689620E-02
    203904  0.21650165E-02
    204192  0.21615471E-02
    204480  0.21585519E-02
    204768  0.21560371E-02
    205056  0.21540034E-02
    205344  0.21524557E-02
    205632  0.21513999E-02
    205920  0.21508378E-02
    206208  0.21507728E-02
    206496  0.21512080E-02
    206784  0.21521449E-02
    207072  0.21540164E-02
    207360  0.21563268E-02
    207648  0.21590944E-02
    207936  0.21623364E-02
    208224  0.21660645E-02
    208512  0.21702903E-02
    208800  0.21750182E-02
    209088  0.21802562E-02
    209376  0.21860087E-02
    209664  0.21922779E-02
    209952  0.21993751E-02
    210240  0.22069456E-02
    210528  0.22150029E-02
    210816  0.22235608E-02
    211104  0.22326268E-02
    211392  0.22422052E-02
    211680  0.22523019E-02
    211968  0.22631653E-02
    212256  0.22745100E-02
    212544  0.22863508E-02
    212832  0.22986964E-02
    213120  0.23115496E-02
    213408  0.23249171E-02
    213696  0.23390017E-02
    213984  0.23535704E-02
    214272  0.23686306E-02
    214560  0.23841888E-02
    214848  0.24002490E-02
    215136  0.24168103E-02
    215424  0.24340472E-02
    215712  0.24517591E-02
    216000  0.24699499E-02
    216288  0.24886234E-02
    216576  0.25077825E-02
    216864  0.25274230E-02
    217152  0.25476918E-02
    217440  0.25684151E-02
    217728  0.25895943E-02
    218016  0.26112299E-02
    218304  0.26333211E-02
    218592  0.26559909E-02
    218880  0.26790875E-02
    219168  0.27026115E-02
    219456  0.27265628E-02
    219744  0.27509341E-02
    220032  0.27757252E-02
    220320  0.28010362E-02
    220608  0.28267347E-02
    220896  0.28528147E-02
    221184  0.28792731E-02
    221472  0.29061055E-02
    221760  0.29333036E-02
    222048  0.29609546E-02
    222336  0.29889380E-02
    222624  0.30172479E-02
    222912  0.30458763E-02
    223200  0.30748162E-02
    223488  0.31041438E-02
    223776  0.31337505E-02
    224064  0.31636257E-02
    224352  0.31937615E-02
    224640  0.32241479E-02
    224928  0.32547743E-02
    225216  0.32856292E-02
    225504  0.33167775E-02
    225792  0.33481151E-02
    226080  0.33796334E-02
    226368  0.34113228E-02
    226656  0.34431689E-02
    226944  0.34751620E-02
    227232  0.35073552E-02
    227520  0.35396547E-02
    227808  0.35720489E-02
    228096  0.36045294E-02
    228384  0.36370782E-02
    228672  0.36696838E-02
    228960  0.37023330E-02
    229248  0.37350757E-02
    229536  0.37678187E-02
    229824  0.38005570E-02
    230112  0.38332706E-02
    230400  0.38659540E-02
    230688  0.38985875E-02
    230976  0.39311578E-02
    231264  0.39637121E-02
    231552  0.39961659E-02
    231840  0.40285075E-02
    232128  0.40607271E-02
    232416  0.40928097E-02
    232704  0.41247415E-02
    232992  0.41565122E-02
    233280  0.41881069E-02
    233568  0.42195674E-02
    233856  0.42508151E-02
    234144  0.42818463E-02
    234432  0.43126433E-02
    234720  0.43431963E-02
    235008  0.43734969E-02
    235296  0.44035325E-02
    235584  0.44332901E-02
    235872  0.44628098E-02
    236160  0.44920244E-02
    236448  0.45209252E-02
    236736  0.45495047E-02
    237024  0.45777527E-02
    237312  0.46056644E-02
    237600  0.46332288E-02
    237888  0.46604341E-02
    238176  0.46873335E-02
    238464  0.47138534E-02
    238752  0.47399886E-02
    239040  0.47657331E-02
    239328  0.47910851E-02
    239616  0.48160348E-02
    239904  0.48405766E-02
    240192  0.48647085E-02
    240480  0.48884870E-02
    240768  0.49118353E-02
    241056  0.49347552E-02
    241344  0.49572429E-02
    241632  0.49792947E-02
    241920  0.50009112E-02
    242208  0.50220862E-02
    242496  0.50428216E-02
    242784  0.50631887E-02
    243072  0.50830976E-02
    243360  0.51025567E-02
    243648  0.51215631E-02
    243936  0.51401192E-02
    244224  0.51582269E-02
    244512  0.51758820E-02
    244800  0.51930901E-02
    245088  0.52099349E-02
    245376  0.52263192E-02
    245664  0.52422495E-02
    245952  0.52577276E-02
    246240  0.52727559E-02
    246528  0.52873339E-02
    246816  0.53014667E-02
    247104  0.53151543E-02
    247392  0.53285114E-02
    247680  0.53414111E-02
    247968  0.53538582E-02
    248256  0.53658616E-02
    248544  0.53774216E-02
    248832  0.53885411E-02
    249120  0.53992225E-02
    249408  0.54094675E-02
    249696  0.54194210E-02
    249984  0.54289196E-02
    250272  0.54379683E-02
    250560  0.54465747E-02
    250848  0.54547377E-02
    251136  0.54624598E-02
    251424  0.54697408E-02
    251712  0.54765730E-02
    252000  0.54831672E-02
    252288  0.54892888E-02
    252576  0.54949466E-02
    252864  0.55001439E-02
    253152  0.55048754E-02
    253440  0.55091376E-02
    253728  0.55129123E-02
    254016  0.55161980E-02
    254304  0.55192928E-02
    254592  0.55218567E-02
    254880  0.55238926E-02
    255168  0.55253999E-02
    255456  0.55263732E-02
    255744  0.55267937E-02
    256032  0.55266470E-02
    256320  0.55259219E-02
    256608  0.55245827E-02
    256896  0.55226143E-02
    257184  0.55199931E-02
    257472  0.55172583E-02
    257760  0.55137840E-02
    258048  0.55095768E-02
    258336  0.55046217E-02
    258624  0.54989015E-02
    258912  0.54923892E-02
    259200  0.54850481E-02
    259488  0.54768492E-02
    259776  0.54677539E-02
    260064  0.54577207E-02
    260352  0.54467134E-02
    260640  0.54346975E-02
    260928  0.54216478E-02
    261216  0.54075113E-02
    261504  0.53922413E-02
    261792  0.53757955E-02
    262080  0.53581274E-02
    262368  0.53392011E-02
    262656  0.53189788E-02
    262944  0.52974257E-02
    263232  0.52745119E-02
    263520  0.52502137E-02
    263808  0.52245022E-02
    264096  0.51973704E-02
    264384  0.51688263E-02
    264672  0.51388978E-02
    264960  0.51075774E-02
    265248  0.50748829E-02
    265536  0.50408719E-02
    265824  0.50061084E-02
    266112  0.49776696E-02
    266400  0.49613579E-02
    266688  0.49486822E-02
    266976  0.49379091E-02
    267264  0.49285577E-02
    267552  0.49202139E-02
    267840  0.49091061E-02
    268128  0.48994557E-02
    268416  0.48907832E-02
    268704  0.48827482E-02
    268992  0.48750970E-02
    269280  0.48676496E-02
    269568  0.48602941E-02
    269856  0.48528952E-02
    270144  0.48453673E-02
    270432  0.48340298E-02
    270720  0.48235403E-02
    271008  0.48135514E-02
    271296  0.48038177E-02
    271584  0.47941618E-02
    271872  0.47844644E-02
    272160  0.47746617E-02
    272448  0.47609569E-02
    272736  0.47480976E-02
    273024  0.47357297E-02
    273312  0.47236006E-02
    273600  0.47115353E-02
    273888  0.46994104E-02
    274176  0.46834233E-02
    274464  0.46683247E-02
    274752  0.46537574E-02
    275040  0.46394472E-02
    275328  0.46252096E-02
    275616  0.46109143E-02
    275904  0.45927437E-02
    276192  0.45754677E-02
    276480  0.45587132E-02
    276768  0.45422502E-02
    277056  0.45258631E-02
    277344  0.45056981E-02
    277632  0.44864910E-02
    277920  0.44678561E-02
    278208  0.44495231E-02
    278496  0.44275871E-02
    278784  0.44067241E-02
    279072  0.43865186E-02
    279360  0.43667061E-02
    279648  0.43433537E-02
    279936  0.43211062E-02
    280224  0.42995457E-02
    280512  0.42783730E-02
    280800  0.42573824E-02
    281088  0.42327992E-02
    281376  0.42092255E-02
    281664  0.41862726E-02
    281952  0.41637076E-02
    282240  0.41368292E-02
    282528  0.41112886E-02
    282816  0.40866202E-02
    283104  0.40624915E-02
    283392  0.40386752E-02
    283680  0.40115234E-02
    283968  0.39854264E-02
    284256  0.39600143E-02
    284544  0.39350223E-02
    284832  0.39068828E-02
    285120  0.38798659E-02
    285408  0.38535767E-02
    285696  0.38243814E-02
    285984  0.37964373E-02
    286272  0.37693353E-02
    286560  0.37427947E-02
    286848  0.37133563E-02
    287136  0.36850818E-02
    287424  0.36576279E-02
    287712  0.36307371E-02
    288000  0.36010386E-02
    288288  0.35724861E-02
    288576  0.35447311E-02
    288864  0.35175344E-02
    289152  0.34876757E-02
    289440  0.34589521E-02
    289728  0.34310394E-02
    290016  0.34037363E-02
    290304  0.33739402E-02
    290592  0.33452832E-02
    290880  0.33174555E-02
    291168  0.32902411E-02
    291456  0.32606788E-02
    291744  0.32322423E-02
    292032  0.32046526E-02
    292320  0.31777311E-02
    292608  0.31513486E-02
    292896  0.31227544E-02
    293184  0.30952089E-02
    293472  0.30684804E-02
    293760  0.30423978E-02
    294048  0.30143603E-02
    294336  0.29874186E-02
    294624  0.29613641E-02
    294912  0.29360233E-02
    295200  0.29112881E-02
    295488  0.28847810E-02
    295776  0.28593009E-02
    296064  0.28346684E-02
    296352  0.28107744E-02
    296640  0.27875488E-02
    296928  0.27628290E-02
    297216  0.27391252E-02
    297504  0.27162821E-02
    297792  0.26942047E-02
    298080  0.26728385E-02
    298368  0.26521571E-02
    298656  0.26303183E-02
    298944  0.26094606E-02
    299232  0.25894502E-02
    299520  0.25701940E-02
    299808  0.25516297E-02
    300096  0.25337080E-02
    300384  0.25163777E-02
    300672  0.24981673E-02
    300960  0.24807609E-02
    301248  0.24640497E-02
    301536  0.24479630E-02
    301824  0.24324511E-02
    302112  0.24174715E-02
    302400  0.24029904E-02
    302688  0.23889833E-02
    302976  0.23754358E-02
    303264  0.23623386E-02
    303552  0.23487303E-02
    303840  0.23357398E-02
    304128  0.23233052E-02
    304416  0.23113878E-02
    304704  0.22999595E-02
    304992  0.22890088E-02
    305280  0.22785205E-02
    305568  0.22684878E-02
    305856  0.22589022E-02
    306144  0.22497633E-02
    306432  0.22410736E-02
    306720  0.22328338E-02
    307008  0.22250437E-02
    307296  0.22177070E-02
    307584  0.22108243E-02
    307872  0.22043989E-02
    308160  0.21984347E-02
    308448  0.21929361E-02
    308736  0.21879103E-02
    309024  0.21833605E-02
    309312  0.21792899E-02
    309600  0.21757015E-02
    309888  0.21726014E-02
    310176  0.21699939E-02
    310464  0.21678824E-02
    310752  0.21662752E-02
    311040  0.21651746E-02
    311328  0.21645832E-02
    311616  0.21645064E-02
    311904  0.21649466E-02
    312192  0.21661760E-02
    312480  0.21678768E-02
    312768  0.21700654E-02
    313056  0.21727565E-02
    313344  0.21759565E-02
    313632  0.21796792E-02
    313920  0.21839265E-02
    314208  0.21887035E-02
    314496  0.21940151E-02
    314784  0.21998617E-02
    315072  0.22064305E-02
