       288   277.90341    
       576   218.16130    
       864   172.80722    
      1152   139.71898    
      1440   115.23818    
      1728   96.723587    
      2016   82.449898    
      2304   71.181496    
      2592   62.080036    
      2880   54.592133    
      3168   48.337833    
      3456   43.047546    
      3744   38.524712    
      4032   34.622566    
      4320   31.229387    
      4608   28.258581    
      4896   25.641983    
      5184   23.325169    
      5472   21.264235    
      5760   19.423290    
      6048   17.772755    
      6336   16.288054    
      6624   14.948474    
      6912   13.736597    
      7200   12.637578    
      7488   11.638700    
      7776   10.729019    
      8064   9.8990507    
      8352   9.1405363    
      8640   8.4462748    
      8928   7.8099341    
      9216   7.2259326    
      9504   6.6893401    
      9792   6.1957784    
     10080   5.7413373    
     10368   5.3225417    
     10656   4.9362659    
     10944   4.5797067    
     11232   4.2503471    
     11520   3.9459059    
     11808   3.6643283    
     12096   3.4037499    
     12384   3.1624765    
     12672   2.9389699    
     12960   2.7318292    
     13248   2.5397756    
     13536   2.3616416    
     13824   2.1963582    
     14112   2.0429480    
     14400   1.9005134    
     14688   1.7682339    
     14976   1.6453485    
     15264   1.5311638    
     15552   1.4250391    
     15840   1.3263839    
     16128   1.2346547    
     16416   1.1493489    
     16704   1.0700028    
     16992   1.0000000    
     17280   1.0000000    
     17568   1.0000000    
     17856   1.0000000    
     18144   1.0000000    
     18432   1.0000000    
     18720   1.0000000    
     19008   1.0000000    
     19296   1.0000000    
     19584   1.0000000    
     19872   1.0000000    
     20160   1.0000000    
     20448   1.0000000    
     20736   1.0000000    
     21024   1.0000000    
     21312   1.0000000    
     21600   1.0000000    
     21888   1.0000000    
     22176   1.0000000    
     22464   1.0000000    
     22752   1.0000000    
     23040   1.0000000    
     23328   1.0000000    
     23616   1.0000000    
     23904   1.0000000    
     24192   1.0000000    
     24480   1.0000000    
     24768   1.0000000    
     25056   1.0000000    
     25344   1.0000000    
     25632   1.0000000    
     25920   1.0000000    
     26208   1.0000000    
     26496   1.0000000    
     26784   1.0000000    
     27072   1.0000000    
     27360   1.0000000    
     27648   1.0000000    
     27936   1.0000000    
     28224   1.0000000    
     28512   1.0000000    
     28800   1.0000000    
     29088   1.0000000    
     29376   1.0000000    
     29664   1.0000000    
     29952   1.0215279    
     30240   1.0867741    
     30528   1.1762834    
     30816   1.2869723    
     31104   1.4188994    
     31392   1.5733860    
     31680   1.7529157    
     31968   1.9604638    
     32256   2.1998973    
     32544   2.4730303    
     32832   2.7834682    
     33120   3.1382275    
     33408   3.5451336    
     33696   4.0130253    
     33984   4.5524731    
     34272   5.1760716    
     34560   5.8967724    
     34848   6.7210107    
     35136   7.6587529    
     35424   8.7304850    
     35712   9.9592180    
     36000   11.370874    
     36288   12.990017    
     36576   14.843493    
     36864   16.959877    
     37152   19.344471    
     37440   22.010637    
     37728   24.997669    
     38016   28.332256    
     38304   32.036339    
     38592   36.125237    
     38880   40.605606    
     39168   45.473366    
     39456   50.647675    
     39744   56.067524    
     40032   61.730579    
     40320   67.593399    
     40608   73.600822    
     40896   79.688805    
     41184   85.788048    
     41472   91.828194    
     41760   97.615417    
     42048   103.05080    
     42336   108.17274    
     42624   112.99655    
     42912   117.52753    
     43200   121.78503    
     43488   125.79089    
     43776   129.52757    
     44064   132.81731    
     44352   135.65259    
     44640   138.18680    
     44928   140.50648    
     45216   142.66093    
     45504   144.67928    
     45792   146.58018    
     46080   148.37616    
     46368   150.07635    
     46656   151.68803    
     46944   153.21712    
     47232   154.45190    
     47520   155.40141    
     47808   156.24390    
     48096   157.05733    
     48384   157.87122    
     48672   158.69269    
     48960   159.51868    
     49248   160.34268    
     49536   161.15744    
     49824   161.95549    
     50112   162.73048    
     50400   163.45427    
     50688   164.10323    
     50976   164.70976    
     51264   165.28323    
     51552   165.82385    
     51840   166.32927    
     52128   166.79631    
     52416   167.22209    
     52704   167.60452    
     52992   167.94177    
     53280   168.23235    
     53568   168.47478    
     53856   168.66833    
     54144   168.78894    
     54432   168.81718    
     54720   168.79024    
     55008   168.71967    
     55296   168.60753    
     55584   168.45299    
     55872   168.25415    
     56160   168.00925    
     56448   167.71672    
     56736   167.37534    
     57024   166.96165    
     57312   166.45615    
     57600   166.18130    
     57888   166.10910    
     58176   166.01303    
     58464   165.80937    
     58752   165.47469    
     59040   165.00977    
     59328   164.40315    
     59616   163.64867    
     59904   162.79395    
     60192   162.14592    
     60480   161.68085    
     60768   161.17633    
     61056   160.55168    
     61344   159.78641    
     61632   158.88434    
     61920   157.83818    
     62208   156.92404    
     62496   156.16115    
     62784   155.34784    
     63072   154.41086    
     63360   153.33177    
     63648   152.11569    
     63936   151.04556    
     64224   150.09880    
     64512   149.05824    
     64800   147.88060    
     65088   146.55898    
     65376   145.10226    
     65664   143.78198    
     65952   142.60252    
     66240   141.37370    
     66528   140.00818    
     66816   138.47160    
     67104   137.03970    
     67392   135.73245    
     67680   134.37395    
     67968   132.89594    
     68256   131.51157    
     68544   130.22827    
     68832   128.87704    
     69120   127.38001    
     69408   125.92478    
     69696   124.54977    
     69984   123.10688    
     70272   121.53776    
     70560   119.82768    
     70848   118.18385    
     71136   116.63560    
     71424   115.04288    
     71712   113.33655    
     72000   111.72818    
     72288   110.25950    
     72576   108.76482    
     72864   107.17064    
     73152   105.45123    
     73440   103.77455    
     73728   102.17461    
     74016   100.53704    
     74304   98.810997    
     74592   97.128151    
     74880   95.504280    
     75168   93.845268    
     75456   92.251831    
     75744   90.736473    
     76032   89.191628    
     76320   87.566521    
     76608   85.973137    
     76896   84.439209    
     77184   82.870682    
     77472   81.216133    
     77760   79.588516    
     78048   78.021248    
     78336   76.437325    
     78624   74.797935    
     78912   73.193130    
     79200   71.650040    
     79488   70.098572    
     79776   68.497887    
     80064   66.919792    
     80352   65.397606    
     80640   63.872665    
     80928   62.313343    
     81216   60.788540    
     81504   59.322163    
     81792   57.860012    
     82080   56.369267    
     82368   54.829765    
     82656   53.313858    
     82944   51.851307    
     83232   50.401047    
     83520   48.939346    
     83808   47.516190    
     84096   46.148903    
     84384   44.794304    
     84672   43.433155    
     84960   42.055096    
     85248   40.706989    
     85536   39.409935    
     85824   38.134808    
     86112   36.862694    
     86400   35.580967    
     86688   34.329136    
     86976   33.126041    
     87264   31.949270    
     87552   30.784836    
     87840   29.623913    
     88128   28.460468    
     88416   27.325972    
     88704   26.236851    
     88992   25.177818    
     89280   24.138981    
     89568   23.113829    
     89856   22.097849    
     90144   21.090630    
     90432   20.113939    
     90720   19.179890    
     91008   18.278721    
     91296   17.403534    
     91584   16.549290    
     91872   15.713824    
     92160   14.895951    
     92448   14.095194    
     92736   13.311573    
     93024   12.545309    
     93312   11.808181    
     93600   11.107768    
     93888   10.439637    
     94176   9.8004303    
     94464   9.1876144    
     94752   8.5992699    
     95040   8.0342169    
     95328   7.4916220    
     95616   6.9709458    
     95904   6.4744186    
     96192   6.0041404    
     96480   5.5616083    
     96768   5.1474142    
     97056   4.7622843    
     97344   4.4072275    
     97632   4.0809708    
     97920   3.7808409    
     98208   3.5044689    
     98496   3.2497368    
     98784   3.0147440    
     99072   2.7977872    
     99360   2.5973361    
     99648   2.4120097    
     99936   2.2405574    
    100224   2.0818522    
    100512   1.9348667    
    100800   1.7986690    
    101088   1.6724092    
    101376   1.5553142    
    101664   1.4466765    
    101952   1.3458489    
    102240   1.2522404    
    102528   1.1653073    
    102816   1.0845501    
    103104   1.0095115    
    103392   1.0000000    
    103680   1.0000000    
    103968   1.0000000    
    104256   1.0000000    
    104544   1.0000000    
    104832   1.0000000    
    105120   1.0000000    
    105408   1.0000000    
    105696   1.0000000    
    105984   1.0000000    
    106272   1.0000000    
    106560   1.0000000    
    106848   1.0000000    
    107136   1.0000000    
    107424   1.0000000    
    107712   1.0000000    
    108000   1.0000000    
    108288   1.0000000    
    108576   1.0000000    
    108864   1.0000000    
    109152   1.0000000    
    109440   1.0000000    
    109728   1.0000000    
    110016   1.0000000    
    110304   1.0000000    
    110592   1.0000000    
    110880   1.0000000    
    111168   1.0000000    
    111456   1.0000000    
    111744   1.0000000    
    112032   1.0000000    
    112320   1.0000000    
    112608   1.0000000    
    112896   1.0000000    
    113184   1.0000000    
    113472   1.0000000    
    113760   1.0000000    
    114048   1.0000000    
    114336   1.0000000    
    114624   1.0000000    
    114912   1.0000000    
    115200   1.0000000    
    115488   1.0000000    
    115776   1.0000000    
    116064   1.0000000    
    116352   1.0000000    
    116640   1.0000000    
    116928   1.0000000    
    117216   1.0000000    
    117504   1.0000000    
    117792   1.0000000    
    118080   1.0000000    
    118368   1.0000000    
    118656   1.0000000    
    118944   1.0000000    
    119232   1.0000000    
    119520   1.0000000    
    119808   1.0000000    
    120096   1.0000000    
    120384   1.0000000    
    120672   1.0000000    
    120960   1.0000000    
    121248   1.0000000    
    121536   1.0000000    
    121824   1.0000000    
    122112   1.0000000    
    122400   1.0000000    
    122688   1.0000000    
    122976   1.0000000    
    123264   1.0000000    
    123552   1.0000000    
    123840   1.0000000    
    124128   1.0000000    
    124416   1.0000000    
    124704   1.0000000    
    124992   1.0000000    
    125280   1.0000000    
    125568   1.0000000    
    125856   1.0000000    
    126144   1.0000000    
    126432   1.0000000    
    126720   1.0000000    
    127008   1.0000000    
    127296   1.0000000    
    127584   1.0000000    
    127872   1.0000000    
    128160   1.0000000    
    128448   1.0000000    
    128736   1.0000000    
    129024   1.0000000    
    129312   1.0000000    
    129600   1.0000000    
    129888   1.0000000    
    130176   1.0000000    
    130464   1.0000000    
    130752   1.0000000    
    131040   1.0000000    
    131328   1.0000000    
    131616   1.0000000    
    131904   1.0000000    
    132192   1.0000000    
    132480   1.0000000    
    132768   1.0000000    
    133056   1.0000000    
    133344   1.0000000    
    133632   1.0000000    
    133920   1.0000000    
    134208   1.0000000    
    134496   1.0000000    
    134784   1.0000000    
    135072   1.0000000    
    135360   1.0000000    
    135648   1.0000000    
    135936   1.0000000    
    136224   1.0000000    
    136512   1.0000000    
    136800   1.0000000    
    137088   1.0000000    
    137376   1.0000000    
    137664   1.0000000    
    137952   1.0000000    
    138240   1.0000000    
    138528   1.0000000    
    138816   1.0000000    
    139104   1.0000000    
    139392   1.0000000    
    139680   1.0000000    
    139968   1.0000000    
    140256   1.0000000    
    140544   1.0000000    
    140832   1.0000000    
    141120   1.0000000    
    141408   1.0000000    
    141696   1.0000000    
    141984   1.0000000    
    142272   1.0000000    
    142560   1.0000000    
    142848   1.0000000    
    143136   1.0000000    
    143424   1.0000000    
    143712   1.0000000    
    144000   1.0000000    
    144288   1.0000000    
    144576   1.0000000    
    144864   1.0000000    
    145152   1.0000000    
    145440   1.0000000    
    145728   1.0000000    
    146016   1.0000000    
    146304   1.0000000    
    146592   1.0000000    
    146880   1.0000000    
    147168   1.0000000    
    147456   1.0000000    
    147744   1.0000012    
    148032   1.0011590    
    148320   1.0053399    
    148608   1.0125984    
    148896   1.0229115    
    149184   1.0359507    
    149472   1.0514072    
    149760   1.0695298    
    150048   1.0906013    
    150336   1.1149001    
    150624   1.1426941    
    150912   1.1742413    
    151200   1.2098011    
    151488   1.2496369    
    151776   1.2940289    
    152064   1.3432802    
    152352   1.3972412    
    152640   1.4556179    
    152928   1.5189347    
    153216   1.5878046    
    153504   1.6628503    
    153792   1.7446877    
    154080   1.8339262    
    154368   1.9311846    
    154656   2.0371032    
    154944   2.1523516    
    155232   2.2776430    
    155520   2.4135237    
    155808   2.5605628    
    156096   2.7198064    
    156384   2.8922312    
    156672   3.0788083    
    156960   3.2805417    
    157248   3.4984741    
    157536   3.7336879    
    157824   3.9873123    
    158112   4.2604933    
    158400   4.5544200    
    158688   4.8702765    
    158976   5.2092633    
    159264   5.5720725    
    159552   5.9592857    
    159840   6.3724918    
    160128   6.8128805    
    160416   7.2814074    
    160704   7.7788572    
    160992   8.3058510    
    161280   8.8628159    
    161568   9.4499664    
    161856   10.067278    
    162144   10.713485    
    162432   11.386892    
    162720   12.093535    
    163008   12.839842    
    163296   13.622227    
    163584   14.436340    
    163872   15.277832    
    164160   16.142523    
    164448   17.024839    
    164736   17.918993    
    165024   18.822277    
    165312   19.741173    
    165600   20.682768    
    165888   21.637791    
    166176   22.596478    
    166464   23.549824    
    166752   24.489849    
    167040   25.407310    
    167328   26.308004    
    167616   27.203285    
    167904   28.081400    
    168192   28.930529    
    168480   29.740593    
    168768   30.503397    
    169056   31.230467    
    169344   31.931152    
    169632   32.589344    
    169920   33.195911    
    170208   33.742756    
    170496   34.223717    
    170784   34.655441    
    171072   35.053200    
    171360   35.403969    
    171648   35.694450    
    171936   35.914108    
    172224   36.084091    
    172512   36.221603    
    172800   36.313747    
    173088   36.350136    
    173376   36.347107    
    173664   36.318943    
    173952   36.251221    
    174240   36.130882    
    174528   35.971489    
    174816   35.790062    
    175104   35.573555    
    175392   35.311893    
    175680   34.998764    
    175968   34.653854    
    176256   34.292912    
    176544   33.903625    
    176832   33.475250    
    177120   33.028690    
    177408   32.582958    
    177696   32.122471    
    177984   31.635763    
    178272   31.115358    
    178560   30.578178    
    178848   30.036808    
    179136   29.479784    
    179424   28.898989    
    179712   28.308069    
    180000   27.715427    
    180288   27.111540    
    180576   26.508043    
    180864   25.912485    
    181152   25.312578    
    181440   24.699757    
    181728   24.085768    
    182016   23.478537    
    182304   22.867111    
    182592   22.243010    
    182880   21.618929    
    183168   21.003000    
    183456   20.386753    
    183744   19.764429    
    184032   19.146526    
    184320   18.539585    
    184608   17.935961    
    184896   17.329960    
    185184   16.729694    
    185472   16.141607    
    185760   15.559418    
    186048   14.978874    
    186336   14.408254    
    186624   13.852314    
    186912   13.305277    
    187200   12.763030    
    187488   12.222552    
    187776   11.692190    
    188064   11.176725    
    188352   10.672122    
    188640   10.175785    
    188928   9.6936636    
    189216   9.2286921    
    189504   8.7764645    
    189792   8.3347349    
    190080   7.9021611    
    190368   7.4838600    
    190656   7.0824690    
    190944   6.6951733    
    191232   6.3200483    
    191520   5.9556808    
    191808   5.6058912    
    192096   5.2725315    
    192384   4.9534183    
    192672   4.6470747    
    192960   4.3524890    
    193248   4.0688996    
    193536   3.7988510    
    193824   3.5434656    
    194112   3.3011909    
    194400   3.0709021    
    194688   2.8517692    
    194976   2.6431243    
    195264   2.4445271    
    195552   2.2572818    
    195840   2.0818019    
    196128   1.9175329    
    196416   1.7645378    
    196704   1.6228350    
    196992   1.4923300    
    197280   1.3732259    
    197568   1.2647191    
    197856   1.1657505    
    198144   1.0753771    
    198432   1.0000000    
    198720   1.0000000    
    199008   1.0000000    
    199296   1.0000000    
    199584   1.0000000    
    199872   1.0000000    
    200160   1.0000000    
    200448   1.0000000    
    200736   1.0000000    
    201024   1.0000000    
    201312   1.0000000    
    201600   1.0000000    
    201888   1.0000000    
    202176   1.0000000    
    202464   1.0000000    
    202752   1.0000000    
    203040   1.0000000    
    203328   1.0000000    
    203616   1.0000000    
    203904   1.0000000    
    204192   1.0000000    
    204480   1.0000000    
    204768   1.0000000    
    205056   1.0000000    
    205344   1.0000000    
    205632   1.0000000    
    205920   1.0000000    
    206208   1.0000000    
    206496   1.0000000    
    206784   1.0000000    
    207072   1.0000000    
    207360   1.0000000    
    207648   1.0000000    
    207936   1.0000000    
    208224   1.0000000    
    208512   1.0000000    
    208800   1.0000000    
    209088   1.0000000    
    209376   1.0000000    
    209664   1.0000000    
    209952   1.0000000    
    210240   1.0000000    
    210528   1.0000000    
    210816   1.0000000    
    211104   1.0000000    
    211392   1.0000000    
    211680   1.0000000    
    211968   1.0000000    
    212256   1.0000000    
    212544   1.0000000    
    212832   1.0000000    
    213120   1.0000000    
    213408   1.0000000    
    213696   1.0000000    
    213984   1.0000000    
    214272   1.0000000    
    214560   1.0000000    
    214848   1.0000000    
    215136   1.0000000    
    215424   1.0000000    
    215712   1.0000000    
    216000   1.0000000    
    216288   1.0000000    
    216576   1.0000000    
    216864   1.0000000    
    217152   1.0000000    
    217440   1.0000000    
    217728   1.0000000    
    218016   1.0000000    
    218304   1.0000000    
    218592   1.0000000    
    218880   1.0000000    
    219168   1.0000000    
    219456   1.0000000    
    219744   1.0000000    
    220032   1.0000000    
    220320   1.0000000    
    220608   1.0000000    
    220896   1.0000000    
    221184   1.0000000    
    221472   1.0000000    
    221760   1.0000000    
    222048   1.0000000    
    222336   1.0000000    
    222624   1.0000000    
    222912   1.0000000    
    223200   1.0000000    
    223488   1.0000000    
    223776   1.0000000    
    224064   1.0000000    
    224352   1.0000000    
    224640   1.0000000    
    224928   1.0000000    
    225216   1.0000000    
    225504   1.0000000    
    225792   1.0000000    
    226080   1.0000000    
    226368   1.0000000    
    226656   1.0000000    
    226944   1.0000000    
    227232   1.0000000    
    227520   1.0000000    
    227808   1.0000000    
    228096   1.0000000    
    228384   1.0000000    
    228672   1.0000000    
    228960   1.0000000    
    229248   1.0000000    
    229536   1.0000000    
    229824   1.0000000    
    230112   1.0000000    
    230400   1.0000000    
    230688   1.0000000    
    230976   1.0000000    
    231264   1.0000000    
    231552   1.0000000    
    231840   1.0000000    
    232128   1.0000000    
    232416   1.0000000    
    232704   1.0000000    
    232992   1.0000000    
    233280   1.0000000    
    233568   1.0000000    
    233856   1.0000000    
    234144   1.0000000    
    234432   1.0000000    
    234720   1.0000000    
    235008   1.0000000    
    235296   1.0000000    
    235584   1.0000000    
    235872   1.0000000    
    236160   1.0000000    
    236448   1.0000000    
    236736   1.0000000    
    237024   1.0000000    
    237312   1.0000000    
    237600   1.0000000    
    237888   1.0000000    
    238176   1.0000000    
    238464   1.0000000    
    238752   1.0000000    
    239040   1.0000000    
    239328   1.0000000    
    239616   1.0000000    
    239904   1.0000000    
    240192   1.0000000    
    240480   1.0000000    
    240768   1.0000000    
    241056   1.0000000    
    241344   1.0000000    
    241632   1.0000000    
    241920   1.0000000    
    242208   1.0000000    
    242496   1.0000000    
    242784   1.0000000    
    243072   1.0000000    
    243360   1.0000000    
    243648   1.0000000    
    243936   1.0000000    
    244224   1.0000000    
    244512   1.0000000    
    244800   1.0000000    
    245088   1.0000000    
    245376   1.0000000    
    245664   1.0000000    
    245952   1.0000000    
    246240   1.0000000    
    246528   1.0000000    
    246816   1.0000000    
    247104   1.0000000    
    247392   1.0000000    
    247680   1.0000000    
    247968   1.0000000    
    248256   1.0000000    
    248544   1.0000000    
    248832   1.0000000    
    249120   1.0000000    
    249408   1.0000000    
    249696   1.0000000    
    249984   1.0000000    
    250272   1.0000000    
    250560   1.0000000    
    250848   1.0000000    
    251136   1.0000000    
    251424   1.0000000    
    251712   1.0000000    
    252000   1.0000000    
    252288   1.0000000    
    252576   1.0000000    
    252864   1.0000000    
    253152   1.0000000    
    253440   1.0000000    
    253728   1.0000000    
    254016   1.0000000    
    254304   1.0000000    
    254592   1.0000000    
    254880   1.0000000    
    255168   1.0000000    
    255456   1.0000000    
    255744   1.0000000    
    256032   1.0000000    
    256320   1.0000000    
    256608   1.0000000    
    256896   1.0000000    
    257184   1.0000000    
    257472   1.0000000    
    257760   1.0000000    
    258048   1.0000000    
    258336   1.0000000    
    258624   1.0000000    
    258912   1.0000000    
    259200   1.0000000    
    259488   1.0000000    
    259776   1.0000000    
    260064   1.0000000    
    260352   1.0000000    
    260640   1.0000000    
    260928   1.0000000    
    261216   1.0000000    
    261504   1.0000000    
    261792   1.0000000    
    262080   1.0000000    
    262368   1.0000000    
    262656   1.0000000    
    262944   1.0000000    
    263232   1.0000000    
    263520   1.0000000    
    263808   1.0000000    
    264096   1.0000000    
    264384   1.0000000    
    264672   1.0000000    
    264960   1.0000000    
    265248   1.0000000    
    265536   1.0000000    
    265824   1.0000000    
    266112   1.0000000    
    266400   1.0000000    
    266688   1.0000000    
    266976   1.0000000    
    267264   1.0006746    
    267552   1.0043925    
    267840   1.0111200    
    268128   1.0209244    
    268416   1.0333937    
    268704   1.0481554    
    268992   1.0648971    
    269280   1.0833547    
    269568   1.1032447    
    269856   1.1242986    
    270144   1.1464101    
    270432   1.1699164    
    270720   1.1952507    
    271008   1.2221512    
    271296   1.2503263    
    271584   1.2795006    
    271872   1.3094236    
    272160   1.3397872    
    272448   1.3708662    
    272736   1.4032538    
    273024   1.4366319    
    273312   1.4706297    
    273600   1.5048872    
    273888   1.5390694    
    274176   1.5735835    
    274464   1.6088898    
    274752   1.6444162    
    275040   1.6797780    
    275328   1.7145568    
    275616   1.7483498    
    275904   1.7816457    
    276192   1.8150575    
    276480   1.8480318    
    276768   1.8798944    
    277056   1.9099721    
    277344   1.9388894    
    277632   1.9673183    
    277920   1.9946209    
    278208   2.0201569    
    278496   2.0444040    
    278784   2.0679471    
    279072   2.0900428    
    279360   2.1098669    
    279648   2.1277676    
    279936   2.1444714    
    280224   2.1592369    
    280512   2.1713500    
    280800   2.1801918    
    281088   2.1864769    
    281376   2.1909280    
    281664   2.1928198    
    281952   2.1913989    
    282240   2.1876080    
    282528   2.1825078    
    282816   2.1752641    
    283104   2.1651378    
    283392   2.1515274    
    283680   2.1352534    
    283968   2.1170502    
    284256   2.0962338    
    284544   2.0722485    
    284832   2.0458689    
    285120   2.0176482    
    285408   1.9870298    
    285696   1.9547715    
    285984   1.9214500    
    286272   1.8863726    
    286560   1.8490133    
    286848   1.8101572    
    287136   1.7703986    
    287424   1.7291099    
    287712   1.6857721    
    288000   1.6412649    
    288288   1.5962094    
    288576   1.5501354    
    288864   1.5027287    
    289152   1.4547790    
    289440   1.4068233    
    289728   1.3584440    
    290016   1.3093480    
    290304   1.2601849    
    290592   1.2114598    
    290880   1.1628344    
    291168   1.1141046    
    291456   1.0659193    
    291744   1.0186671    
    292032   1.0000000    
    292320   1.0000000    
    292608   1.0000000    
    292896   1.0000000    
    293184   1.0000000    
    293472   1.0000000    
    293760   1.0000000    
    294048   1.0000000    
    294336   1.0000000    
    294624   1.0000000    
    294912   1.0000000    
    295200   1.0000000    
    295488   1.0000000    
    295776   1.0000000    
    296064   1.0000000    
    296352   1.0000000    
    296640   1.0000000    
    296928   1.0000000    
    297216   1.0000000    
    297504   1.0000000    
    297792   1.0000000    
    298080   1.0000000    
    298368   1.0000000    
    298656   1.0000000    
    298944   1.0000000    
    299232   1.0000000    
    299520   1.0000000    
    299808   1.0000000    
    300096   1.0000000    
    300384   1.0000000    
    300672   1.0000000    
    300960   1.0000000    
    301248   1.0000000    
    301536   1.0000000    
    301824   1.0000000    
    302112   1.0000000    
    302400   1.0000000    
    302688   1.0000000    
    302976   1.0000000    
    303264   1.0000000    
    303552   1.0000000    
    303840   1.0000000    
    304128   1.0000000    
    304416   1.0000000    
    304704   1.0000000    
    304992   1.0000000    
    305280   1.0000000    
    305568   1.0000000    
    305856   1.0000000    
    306144   1.0000000    
    306432   1.0000000    
    306720   1.0000000    
    307008   1.0000000    
    307296   1.0000000    
    307584   1.0000000    
    307872   1.0000000    
    308160   1.0000000    
    308448   1.0000000    
    308736   1.0000000    
    309024   1.0000000    
    309312   1.0000000    
    309600   1.0000000    
    309888   1.0000000    
    310176   1.0000000    
    310464   1.0000000    
    310752   1.0000000    
    311040   1.0000000    
    311328   1.0000000    
    311616   1.0000000    
    311904   1.0000000    
    312192   1.0000000    
    312480   1.0000000    
    312768   1.0000000    
    313056   1.0000000    
    313344   1.0000000    
    313632   1.0000000    
    313920   1.0000000    
    314208   1.0000000    
    314496   1.0000000    
    314784   1.0000000    
    315072   1.0000000    
