       288   1.3379015    
       576   1.5849628    
       864   1.7551906    
      1152   1.8894249    
      1440   2.0024993    
      1728   2.1003580    
      2016   2.1870775    
      2304   2.2650070    
      2592   2.3352137    
      2880   2.3984196    
      3168   2.4552824    
      3456   2.5062306    
      3744   2.5520856    
      4032   2.5935383    
      4320   2.6311417    
      4608   2.6653924    
      4896   2.6967480    
      5184   2.7254915    
      5472   2.7521646    
      5760   2.7771537    
      6048   2.8007324    
      6336   2.8231115    
      6624   2.8444767    
      6912   2.8648846    
      7200   2.8846021    
      7488   2.9037158    
      7776   2.9223688    
      8064   2.9406230    
      8352   2.9584472    
      8640   2.9760046    
      8928   2.9933629    
      9216   3.0105450    
      9504   3.0275590    
      9792   3.0444081    
     10080   3.0609937    
     10368   3.0774887    
     10656   3.0939283    
     10944   3.1103199    
     11232   3.1266599    
     11520   3.1429355    
     11808   3.1590929    
     12096   3.1751862    
     12384   3.1912868    
     12672   3.2073948    
     12960   3.2235014    
     13248   3.2395456    
     13536   3.2556198    
     13824   3.2716954    
     14112   3.2878115    
     14400   3.3039532    
     14688   3.3201113    
     14976   3.3362703    
     15264   3.3523409    
     15552   3.3684506    
     15840   3.3846159    
     16128   3.4008331    
     16416   3.4170840    
     16704   3.4333143    
     16992   3.4495118    
     17280   3.4657669    
     17568   3.4820881    
     17856   3.4984636    
     18144   3.5148337    
     18432   3.5312333    
     18720   3.5476401    
     19008   3.5639999    
     19296   3.5803607    
     19584   3.5967736    
     19872   3.6132300    
     20160   3.6297100    
     20448   3.6461418    
     20736   3.6625650    
     21024   3.6789088    
     21312   3.6952715    
     21600   3.7116036    
     21888   3.7279463    
     22176   3.7442720    
     22464   3.7605612    
     22752   3.7680216    
     23040   3.7667940    
     23328   3.7666404    
     23616   3.7677794    
     23904   3.7695878    
     24192   3.7718031    
     24480   3.7739704    
     24768   3.7756708    
     25056   3.7762384    
     25344   3.7756090    
     25632   3.7731721    
     25920   3.7692132    
     26208   3.7631416    
     26496   3.7550163    
     26784   3.7444890    
     27072   3.7311654    
     27360   3.7146249    
     27648   3.6938529    
     27936   3.6683655    
     28224   3.6388676    
     28512   3.6050007    
     28800   3.5653715    
     29088   3.5200458    
     29376   3.4682300    
     29664   3.4090414    
     29952   3.3405366    
     30240   3.2665145    
     30528   3.1954551    
     30816   3.1279192    
     31104   3.0636866    
     31392   3.0012784    
     31680   2.9418910    
     31968   2.8852935    
     32256   2.8311901    
     32544   2.7766173    
     32832   2.7257164    
     33120   2.6781712    
     33408   2.6333094    
     33696   2.5905674    
     33984   2.5481937    
     34272   2.5075297    
     34560   2.4683559    
     34848   2.4290321    
     35136   2.3925533    
     35424   2.3584261    
     35712   2.3245807    
     36000   2.2922609    
     36288   2.2611241    
     36576   2.2308443    
     36864   2.2012055    
     37152   2.1706579    
     37440   2.1411452    
     37728   2.1139281    
     38016   2.0882583    
     38304   2.0635488    
     38592   2.0394473    
     38880   2.0157480    
     39168   1.9923530    
     39456   1.9678088    
     39744   1.9442620    
     40032   1.9229999    
     40320   1.9032352    
     40608   1.8843856    
     40896   1.8661176    
     41184   1.8482491    
     41472   1.8306934    
     41760   1.8119881    
     42048   1.7958213    
     42336   1.7814125    
     42624   1.7679871    
     42912   1.7550830    
     43200   1.7409170    
     43488   1.7274330    
     43776   1.7144653    
     44064   1.7003535    
     44352   1.6887363    
     44640   1.6786947    
     44928   1.6693915    
     45216   1.6603376    
     45504   1.6512721    
     45792   1.6420655    
     46080   1.6326584    
     46368   1.6230315    
     46656   1.6131885    
     46944   1.6031432    
     47232   1.5913827    
     47520   1.5818058    
     47808   1.5735255    
     48096   1.5657315    
     48384   1.5579668    
     48672   1.5499984    
     48960   1.5417197    
     49248   1.5330919    
     49536   1.5241137    
     49824   1.5148016    
     50112   1.5051812    
     50400   1.4969418    
     50688   1.4878147    
     50976   1.4779550    
     51264   1.4675965    
     51552   1.4568971    
     51840   1.4459543    
     52128   1.4348317    
     52416   1.4235692    
     52704   1.4121943    
     52992   1.4007274    
     53280   1.3891848    
     53568   1.3775773    
     53856   1.3659155    
     54144   1.3558815    
     54432   1.3451594    
     54720   1.3338789    
     55008   1.3222650    
     55296   1.3104614    
     55584   1.2985528    
     55872   1.2865871    
     56160   1.2745930    
     56448   1.2625886    
     56736   1.2505852    
     57024   1.2402231    
     57312   1.2292578    
     57600   1.2194737    
     57888   1.2072276    
     58176   1.1934639    
     58464   1.1790957    
     58752   1.1646378    
     59040   1.1503471    
     59328   1.1379223    
     59616   1.1252216    
     59904   1.1123317    
     60192   1.1010895    
     60480   1.0879257    
     60768   1.0736090    
     61056   1.0589582    
     61344   1.0444293    
     61632   1.0302361    
     61920   1.0179499    
     62208   1.0071564    
     62496  0.99440199    
     62784  0.98047417    
     63072  0.96622688    
     63360  0.95214260    
     63648  0.93844646    
     63936  0.92676413    
     64224  0.91521728    
     64512  0.90243220    
     64800  0.88911641    
     65088  0.87583178    
     65376  0.86287332    
     65664  0.85184824    
     65952  0.83972001    
     66240  0.82692116    
     66528  0.81534886    
     66816  0.80365908    
     67104  0.79346013    
     67392  0.78207433    
     67680  0.76997018    
     67968  0.75778854    
     68256  0.74728864    
     68544  0.73592448    
     68832  0.72405463    
     69120  0.71337056    
     69408  0.70403874    
     69696  0.69363350    
     69984  0.68256825    
     70272  0.67145175    
     70560  0.66065484    
     70848  0.65160590    
     71136  0.64200860    
     71424  0.63203067    
     71712  0.62308961    
     72000  0.61542803    
     72288  0.60677028    
     72576  0.59738696    
     72864  0.58785009    
     73152  0.57854092    
     73440  0.57078564    
     73728  0.56266129    
     74016  0.55423737    
     74304  0.54584640    
     74592  0.53965133    
     74880  0.53285986    
     75168  0.52549309    
     75456  0.51898837    
     75744  0.51191342    
     76032  0.50442934    
     76320  0.49689808    
     76608  0.49056789    
     76896  0.48397812    
     77184  0.47787198    
     77472  0.47158843    
     77760  0.46622956    
     78048  0.46049356    
     78336  0.45441183    
     78624  0.44824144    
     78912  0.44307953    
     79200  0.43770999    
     79488  0.43209678    
     79776  0.42704812    
     80064  0.42281708    
     80352  0.41824701    
     80640  0.41330898    
     80928  0.40820298    
     81216  0.40390927    
     81504  0.39944050    
     81792  0.39473498    
     82080  0.39046806    
     82368  0.38612905    
     82656  0.38251087    
     82944  0.37870991    
     83232  0.37463862    
     83520  0.37040514    
     83808  0.36683014    
     84096  0.36360025    
     84384  0.36006898    
     84672  0.35628244    
     84960  0.35235363    
     85248  0.34902847    
     85536  0.34561309    
     85824  0.34199980    
     86112  0.33864823    
     86400  0.33516043    
     86688  0.33216521    
     86976  0.32905397    
     87264  0.32571995    
     87552  0.32220057    
     87840  0.31892657    
     88128  0.31554332    
     88416  0.31260094    
     88704  0.30958772    
     88992  0.30639005    
     89280  0.30301777    
     89568  0.29983020    
     89856  0.29651809    
     90144  0.29309350    
     90432  0.29004595    
     90720  0.28698105    
     91008  0.28379142    
     91296  0.28073716    
     91584  0.27753839    
     91872  0.27420643    
     92160  0.27076486    
     92448  0.26723841    
     92736  0.26364574    
     93024  0.26022595    
     93312  0.25711411    
     93600  0.25403744    
     93888  0.25089335    
     94176  0.24765128    
     94464  0.24450827    
     94752  0.24126422    
     95040  0.23792481    
     95328  0.23450328    
     95616  0.23101413    
     95904  0.22747137    
     96192  0.22404721    
     96480  0.22057888    
     96768  0.21706681    
     97056  0.21351314    
     97344  0.20991963    
     97632  0.20628645    
     97920  0.20261316    
     98208  0.19901790    
     98496  0.19537002    
     98784  0.19166476    
     99072  0.18790105    
     99360  0.18408035    
     99648  0.18020692    
     99936  0.17628640    
    100224  0.17241111    
    100512  0.16849652    
    100800  0.16454846    
    101088  0.16057581    
    101376  0.15658903    
    101664  0.15259957    
    101952  0.14845091    
    102240  0.14417352    
    102528  0.13982385    
    102816  0.13544498    
    103104  0.13112020    
    103392  0.12682217    
    103680  0.12257214    
    103968  0.11838867    
    104256  0.11428791    
    104544  0.11028404    
    104832  0.10626991    
    105120  0.10224776    
    105408  0.98263159E-01
    105696  0.94351128E-01
    105984  0.90538897E-01
    106272  0.86847030E-01
    106560  0.83290964E-01
    106848  0.79790115E-01
    107136  0.76337568E-01
    107424  0.72970577E-01
    107712  0.69716558E-01
    108000  0.66594824E-01
    108288  0.63618556E-01
    108576  0.60723357E-01
    108864  0.57897545E-01
    109152  0.55171333E-01
    109440  0.52565210E-01
    109728  0.50092582E-01
    110016  0.47761071E-01
    110304  0.45516644E-01
    110592  0.43344110E-01
    110880  0.41266289E-01
    111168  0.39297808E-01
    111456  0.37446886E-01
    111744  0.35717230E-01
    112032  0.34063160E-01
    112320  0.32468691E-01
    112608  0.30946892E-01
    112896  0.29514255E-01
    113184  0.28176554E-01
    113472  0.26897509E-01
    113760  0.25664089E-01
    114048  0.24492487E-01
    114336  0.23392230E-01
    114624  0.22367943E-01
    114912  0.21420857E-01
    115200  0.20516016E-01
    115488  0.19643543E-01
    115776  0.18816611E-01
    116064  0.18042652E-01
    116352  0.17325170E-01
    116640  0.16664896E-01
    116928  0.16034406E-01
    117216  0.15420799E-01
    117504  0.14837741E-01
    117792  0.14292088E-01
    118080  0.13787185E-01
    118368  0.13300905E-01
    118656  0.12824721E-01
    118944  0.12368867E-01
    119232  0.11941624E-01
    119520  0.11546638E-01
    119808  0.11185161E-01
    120096  0.10856945E-01
    120384  0.10539948E-01
    120672  0.10226984E-01
    120960  0.99277506E-02
    121248  0.96479319E-02
    121536  0.93904380E-02
    121824  0.91556031E-02
    122112  0.89264354E-02
    122400  0.86964853E-02
    122688  0.84752608E-02
    122976  0.82683815E-02
    123264  0.80782063E-02
    123552  0.79070181E-02
    123840  0.77552353E-02
    124128  0.76057306E-02
    124416  0.74517233E-02
    124704  0.73030996E-02
    124992  0.71653845E-02
    125280  0.70415521E-02
    125568  0.69324081E-02
    125856  0.68391450E-02
    126144  0.67456132E-02
    126432  0.66464003E-02
    126720  0.65499814E-02
    127008  0.64625973E-02
    127296  0.63874279E-02
    127584  0.63259844E-02
    127872  0.62782355E-02
    128160  0.62449425E-02
    128448  0.62095807E-02
    128736  0.61670709E-02
    129024  0.61263912E-02
    129312  0.60941237E-02
    129600  0.60737315E-02
    129888  0.60670166E-02
    130176  0.60741948E-02
    130464  0.60964096E-02
    130752  0.61179772E-02
    131040  0.61348872E-02
    131328  0.61562015E-02
    131616  0.61887596E-02
    131904  0.62362533E-02
    132192  0.63007572E-02
    132480  0.63834391E-02
    132768  0.64842971E-02
    133056  0.65831165E-02
    133344  0.66757258E-02
    133632  0.67762034E-02
    133920  0.68922751E-02
    134208  0.70305630E-02
    134496  0.71946457E-02
    134784  0.73868297E-02
    135072  0.76076905E-02
    135360  0.78306217E-02
    135648  0.80516972E-02
    135936  0.82905293E-02
    136224  0.85590277E-02
    136512  0.88630142E-02
    136800  0.92099300E-02
    137088  0.96040899E-02
    137376  0.10049039E-01
    137664  0.10500475E-01
    137952  0.10957742E-01
    138240  0.11451573E-01
    138528  0.12000474E-01
    138816  0.12616176E-01
    139104  0.13302913E-01
    139392  0.14072922E-01
    139680  0.14933982E-01
    139968  0.15819168E-01
    140256  0.16726028E-01
    140544  0.17702591E-01
    140832  0.18769640E-01
    141120  0.19956227E-01
    141408  0.21277068E-01
    141696  0.22742704E-01
    141984  0.24361396E-01
    142272  0.26015369E-01
    142560  0.27686283E-01
    142848  0.29466009E-01
    143136  0.31393703E-01
    143424  0.33485271E-01
    143712  0.35741355E-01
    144000  0.38151402E-01
    144288  0.40694863E-01
    144576  0.43142464E-01
    144864  0.45451365E-01
    145152  0.47753397E-01
    145440  0.50059732E-01
    145728  0.52336942E-01
    146016  0.54531138E-01
    146304  0.56666221E-01
    146592  0.59001207E-01
    146880  0.61282389E-01
    147168  0.63598201E-01
    147456  0.65970615E-01
    147744  0.68367518E-01
    148032  0.70753157E-01
    148320  0.72930135E-01
    148608  0.75093992E-01
    148896  0.77247523E-01
    149184  0.79052314E-01
    149472  0.80882408E-01
    149760  0.82783587E-01
    150048  0.84702142E-01
    150336  0.86589009E-01
    150624  0.88416480E-01
    150912  0.90173259E-01
    151200  0.91856718E-01
    151488  0.93467958E-01
    151776  0.95009319E-01
    152064  0.96482985E-01
    152352  0.97489968E-01
    152640  0.98585702E-01
    152928  0.99774897E-01
    153216  0.10096247    
    153504  0.10208549    
    153792  0.10311731    
    154080  0.10405184    
    154368  0.10489155    
    154656  0.10564132    
    154944  0.10630560    
    155232  0.10688771    
    155520  0.10769471    
    155808  0.10830851    
    156096  0.10873995    
    156384  0.10903464    
    156672  0.10922340    
    156960  0.10932252    
    157248  0.10933929    
    157536  0.10927677    
    157824  0.10913607    
    158112  0.10891788    
    158400  0.10862280    
    158688  0.10825139    
    158976  0.10780432    
    159264  0.10760198    
    159552  0.10719534    
    159840  0.10660285    
    160128  0.10587826    
    160416  0.10505722    
    160704  0.10415816    
    160992  0.10319021    
    161280  0.10215829    
    161568  0.10106569    
    161856  0.99915095E-01
    162144  0.99005818E-01
    162432  0.97918935E-01
    162720  0.97233772E-01
    163008  0.96353695E-01
    163296  0.95259160E-01
    163584  0.94050646E-01
    163872  0.92786461E-01
    164160  0.91486238E-01
    164448  0.90426534E-01
    164736  0.89214042E-01
    165024  0.87861419E-01
    165312  0.86976565E-01
    165600  0.85997522E-01
    165888  0.84845454E-01
    166176  0.83586335E-01
    166464  0.82265109E-01
    166752  0.80898412E-01
    167040  0.79729930E-01
    167328  0.78977004E-01
    167616  0.78111231E-01
    167904  0.77044651E-01
    168192  0.75843453E-01
    168480  0.74556977E-01
    168768  0.73207192E-01
    169056  0.72352052E-01
    169344  0.71715847E-01
    169632  0.70847981E-01
    169920  0.69777310E-01
    170208  0.68569183E-01
    170496  0.67264803E-01
    170784  0.66427439E-01
    171072  0.65621845E-01
    171360  0.64675502E-01
    171648  0.63781343E-01
    171936  0.62708609E-01
    172224  0.62015586E-01
    172512  0.61332881E-01
    172800  0.60488351E-01
    173088  0.59489187E-01
    173376  0.58892366E-01
    173664  0.58335714E-01
    173952  0.57622142E-01
    174240  0.56900490E-01
    174528  0.56499489E-01
    174816  0.56081280E-01
    175104  0.55461831E-01
    175392  0.54644436E-01
    175680  0.53663112E-01
    175968  0.53053778E-01
    176256  0.52511331E-01
    176544  0.51823463E-01
    176832  0.51098842E-01
    177120  0.50763004E-01
    177408  0.50510019E-01
    177696  0.50074592E-01
    177984  0.49424816E-01
    178272  0.48585441E-01
    178560  0.48067931E-01
    178848  0.47624912E-01
    179136  0.47037300E-01
    179424  0.46269245E-01
    179712  0.45912974E-01
    180000  0.45597069E-01
    180288  0.45096926E-01
    180576  0.44845678E-01
    180864  0.44632021E-01
    181152  0.44241562E-01
    181440  0.43638043E-01
    181728  0.43285176E-01
    182016  0.42995915E-01
    182304  0.42649876E-01
    182592  0.42078290E-01
    182880  0.41720435E-01
    183168  0.41416090E-01
    183456  0.40959273E-01
    183744  0.40307142E-01
    184032  0.39887011E-01
    184320  0.39550062E-01
    184608  0.39086856E-01
    184896  0.38521700E-01
    185184  0.38157832E-01
    185472  0.37858468E-01
    185760  0.37422102E-01
    186048  0.36799703E-01
    186336  0.36379609E-01
    186624  0.36048528E-01
    186912  0.35607982E-01
    187200  0.35064340E-01
    187488  0.34335408E-01
    187776  0.33792727E-01
    188064  0.33350442E-01
    188352  0.32822181E-01
    188640  0.32151356E-01
    188928  0.31669144E-01
    189216  0.31343784E-01
    189504  0.30926539E-01
    189792  0.30352738E-01
    190080  0.29619265E-01
    190368  0.29052392E-01
    190656  0.28595300E-01
    190944  0.28080054E-01
    191232  0.27488742E-01
    191520  0.26761610E-01
    191808  0.26184356E-01
    192096  0.25712470E-01
    192384  0.25191849E-01
    192672  0.24568411E-01
    192960  0.23865508E-01
    193248  0.23054821E-01
    193536  0.22387987E-01
    193824  0.21836158E-01
    194112  0.21263922E-01
    194400  0.20621186E-01
    194688  0.19921822E-01
    194976  0.19145170E-01
    195264  0.18305713E-01
    195552  0.17605279E-01
    195840  0.17026309E-01
    196128  0.16457029E-01
    196416  0.15869254E-01
    196704  0.15232561E-01
    196992  0.14551248E-01
    197280  0.13837522E-01
    197568  0.13105499E-01
    197856  0.12368527E-01
    198144  0.11647329E-01
    198432  0.11053402E-01
    198720  0.10573328E-01
    199008  0.10127869E-01
    199296  0.96841790E-02
    199584  0.92391651E-02
    199872  0.87860478E-02
    200160  0.83300462E-02
    200448  0.78780735E-02
    200736  0.74364734E-02
    201024  0.70103072E-02
    201312  0.66065490E-02
    201600  0.62225922E-02
    201888  0.58594011E-02
    202176  0.55175675E-02
    202464  0.51971748E-02
    202752  0.48978743E-02
    203040  0.46189725E-02
    203328  0.43611582E-02
    203616  0.41209571E-02
    203904  0.38970849E-02
    204192  0.36885473E-02
    204480  0.34944299E-02
    204768  0.33138124E-02
    205056  0.31458004E-02
    205344  0.29903268E-02
    205632  0.28453222E-02
    205920  0.27098623E-02
    206208  0.25832376E-02
    206496  0.24648779E-02
    206784  0.23542694E-02
    207072  0.22284822E-02
    207360  0.20907621E-02
    207648  0.19589753E-02
    207936  0.18398660E-02
    208224  0.17350523E-02
    208512  0.16430025E-02
    208800  0.15618397E-02
    209088  0.14896769E-02
    209376  0.14248816E-02
    209664  0.13661151E-02
    209952  0.12994952E-02
    210240  0.12261855E-02
    210528  0.11562094E-02
    210816  0.10932746E-02
    211104  0.10380355E-02
    211392  0.98983920E-03
    211680  0.94760454E-03
    211968  0.90149086E-03
    212256  0.85180398E-03
    212544  0.80503552E-03
    212832  0.76344213E-03
    213120  0.72727219E-03
    213408  0.69594145E-03
    213696  0.66231994E-03
    213984  0.62647875E-03
    214272  0.59301074E-03
    214560  0.56345173E-03
    214848  0.53790386E-03
    215136  0.51587925E-03
    215424  0.49212790E-03
    215712  0.46666243E-03
    216000  0.44284857E-03
    216288  0.42180868E-03
    216576  0.40361777E-03
    216864  0.38792857E-03
    217152  0.37086479E-03
    217440  0.35244116E-03
    217728  0.33516003E-03
    218016  0.31992217E-03
    218304  0.30679986E-03
    218592  0.29287132E-03
    218880  0.27814935E-03
    219168  0.26454063E-03
    219456  0.25263987E-03
    219744  0.24243750E-03
    220032  0.23369388E-03
    220320  0.22408964E-03
    220608  0.21367657E-03
    220896  0.20394725E-03
    221184  0.19538742E-03
    221472  0.18801606E-03
    221760  0.18167016E-03
    222048  0.17458541E-03
    222336  0.16680127E-03
    222624  0.15950811E-03
    222912  0.15309599E-03
    223200  0.14758528E-03
    223488  0.14158791E-03
    223776  0.13514700E-03
    224064  0.12918371E-03
    224352  0.12400298E-03
    224640  0.11960261E-03
    224928  0.11586194E-03
    225216  0.11263505E-03
    225504  0.10881553E-03
    225792  0.10449396E-03
    226080  0.10042216E-03
    226368  0.96843287E-04
    226656  0.93772360E-04
    226944  0.91136128E-04
    227232  0.88061817E-04
    227520  0.84629864E-04
    227808  0.81438469E-04
    228096  0.78669254E-04
    228384  0.76321019E-04
    228672  0.74341355E-04
    228960  0.72653827E-04
    229248  0.70533060E-04
    229536  0.68066984E-04
    229824  0.65772452E-04
    230112  0.63805463E-04
    230400  0.62165840E-04
    230688  0.60797811E-04
    230976  0.59649894E-04
    231264  0.58119989E-04
    231552  0.56305482E-04
    231840  0.54631182E-04
    232128  0.53231404E-04
    232416  0.52104511E-04
    232704  0.51202267E-04
    232992  0.50468974E-04
    233280  0.49869370E-04
    233568  0.48890517E-04
    233856  0.47653113E-04
    234144  0.46535381E-04
    234432  0.45652017E-04
    234720  0.44998229E-04
    235008  0.44530669E-04
    235296  0.44203018E-04
    235584  0.43989781E-04
    235872  0.43468848E-04
    236160  0.42761993E-04
    236448  0.42177326E-04
    236736  0.41800715E-04
    237024  0.41621483E-04
    237312  0.41601601E-04
    237600  0.41704348E-04
    237888  0.41902200E-04
    238176  0.41721785E-04
    238464  0.41346913E-04
    238752  0.41134310E-04
    239040  0.41158008E-04
    239328  0.41407853E-04
    239616  0.41840820E-04
    239904  0.42416163E-04
    240192  0.43104312E-04
    240480  0.43368622E-04
    240768  0.43456854E-04
    241056  0.43760327E-04
    241344  0.44341206E-04
    241632  0.45163557E-04
    241920  0.46194626E-04
    242208  0.47396246E-04
    242496  0.48741553E-04
    242784  0.49545255E-04
    243072  0.50192270E-04
    243360  0.51158444E-04
    243648  0.52491243E-04
    243936  0.54130160E-04
    244224  0.56013050E-04
    244512  0.58127858E-04
    244800  0.60459024E-04
    245088  0.62086408E-04
    245376  0.63575055E-04
    245664  0.65537562E-04
    245952  0.68013724E-04
    246240  0.70954222E-04
    246528  0.74281663E-04
    246816  0.77948913E-04
    247104  0.81943908E-04
    247392  0.84951585E-04
    247680  0.87904373E-04
    247968  0.91693866E-04
    248256  0.96319498E-04
    248544  0.10163702E-03
    248832  0.10754989E-03
    249120  0.11402866E-03
    249408  0.12109282E-03
    249696  0.12671272E-03
    249984  0.13247589E-03
    250272  0.13969789E-03
    250560  0.14831737E-03
    250848  0.15811295E-03
    251136  0.16896834E-03
    251424  0.18087907E-03
    251712  0.19391466E-03
    252000  0.20468779E-03
    252288  0.21603619E-03
    252576  0.22991364E-03
    252864  0.24618639E-03
    253152  0.26455405E-03
    253440  0.28489399E-03
    253728  0.30744402E-03
    254016  0.33232753E-03
    254304  0.35342906E-03
    254592  0.37606340E-03
    254880  0.40348529E-03
    255168  0.43535253E-03
    255456  0.47117565E-03
    255744  0.51084434E-03
    256032  0.55454887E-03
    256320  0.60265901E-03
    256608  0.65565115E-03
    256896  0.71407424E-03
    257184  0.77854370E-03
    257472  0.83399768E-03
    257760  0.89419138E-03
    258048  0.96673181E-03
    258336  0.10506028E-02
    258624  0.11446866E-02
    258912  0.12488508E-02
    259200  0.13636610E-02
    259488  0.14900784E-02
    259776  0.16292863E-02
    260064  0.17826485E-02
    260352  0.19516760E-02
    260640  0.21391439E-02
    260928  0.23445541E-02
    261216  0.25702098E-02
    261504  0.28187546E-02
    261792  0.30928126E-02
    262080  0.33950815E-02
    262368  0.37284256E-02
    262656  0.40959232E-02
    262944  0.45008897E-02
    263232  0.49469266E-02
    263520  0.54379026E-02
    263808  0.59778821E-02
    264096  0.65710861E-02
    264384  0.72345631E-02
    264672  0.79553779E-02
    264960  0.87365760E-02
    265248  0.95809400E-02
    265536  0.10491493E-01
    265824  0.11472247E-01
    266112  0.12557115E-01
    266400  0.13791539E-01
    266688  0.14994115E-01
    266976  0.16063051E-01
    267264  0.17042363E-01
    267552  0.17872253E-01
    267840  0.18857433E-01
    268128  0.19816382E-01
    268416  0.20622529E-01
    268704  0.21277046E-01
    268992  0.21801434E-01
    269280  0.22213623E-01
    269568  0.22600766E-01
    269856  0.22865806E-01
    270144  0.23022588E-01
    270432  0.23428112E-01
    270720  0.23848863E-01
    271008  0.24138797E-01
    271296  0.24296366E-01
    271584  0.24342630E-01
    271872  0.24295835E-01
    272160  0.24248023E-01
    272448  0.24452548E-01
    272736  0.24662526E-01
    273024  0.24731491E-01
    273312  0.24664834E-01
    273600  0.24488857E-01
    273888  0.24225337E-01
    274176  0.24256691E-01
    274464  0.24408814E-01
    274752  0.24400711E-01
    275040  0.24231642E-01
    275328  0.23939494E-01
    275616  0.23555540E-01
    275904  0.23471609E-01
    276192  0.23442669E-01
    276480  0.23293037E-01
    276768  0.23086336E-01
    277056  0.22741742E-01
    277344  0.22658005E-01
    277632  0.22613786E-01
    277920  0.22436868E-01
    278208  0.22122992E-01
    278496  0.22067957E-01
    278784  0.22050885E-01
    279072  0.21893980E-01
    279360  0.21653976E-01
    279648  0.21634255E-01
    279936  0.21626839E-01
    280224  0.21462191E-01
    280512  0.21140592E-01
    280800  0.20695614E-01
    281088  0.20516569E-01
    281376  0.20400735E-01
    281664  0.20163003E-01
    281952  0.19843526E-01
    282240  0.19815987E-01
    282528  0.19861948E-01
    282816  0.19753510E-01
    283104  0.19473486E-01
    283392  0.19054469E-01
    283680  0.18872831E-01
    283968  0.18754609E-01
    284256  0.18517509E-01
    284544  0.18144598E-01
    284832  0.18035129E-01
    285120  0.17964246E-01
    285408  0.17753400E-01
    285696  0.17718976E-01
    285984  0.17708920E-01
    286272  0.17552834E-01
    286560  0.17239319E-01
    286848  0.17113609E-01
    287136  0.17037386E-01
    287424  0.16877387E-01
    287712  0.16560841E-01
    288000  0.16417015E-01
    288288  0.16321987E-01
    288576  0.16109675E-01
    288864  0.15761670E-01
    289152  0.15593123E-01
    289440  0.15485758E-01
    289728  0.15274618E-01
    290016  0.14966684E-01
    290304  0.14817431E-01
    290592  0.14718854E-01
    290880  0.14514265E-01
    291168  0.14183411E-01
    291456  0.14011278E-01
    291744  0.13901218E-01
    292032  0.13700094E-01
    292320  0.13406390E-01
    292608  0.13002477E-01
    292896  0.12756485E-01
    293184  0.12584581E-01
    293472  0.12341346E-01
    293760  0.12000427E-01
    294048  0.11799875E-01
    294336  0.11680797E-01
    294624  0.11481437E-01
    294912  0.11176213E-01
    295200  0.10781568E-01
    295488  0.10523847E-01
    295776  0.10338255E-01
    296064  0.10099783E-01
    296352  0.97965999E-02
    296640  0.94193006E-02
    296928  0.91620544E-02
    297216  0.89704962E-02
    297504  0.87340297E-02
    297792  0.84305629E-02
    298080  0.80793677E-02
    298368  0.76837013E-02
    298656  0.74014966E-02
    298944  0.71874256E-02
    299232  0.69475975E-02
    299520  0.66616875E-02
    299808  0.63427882E-02
    300096  0.59953383E-02
    300384  0.56331246E-02
    300672  0.53694989E-02
    300960  0.51694703E-02
    301248  0.49614171E-02
    301536  0.47328356E-02
    301824  0.44820434E-02
    302112  0.42185760E-02
    302400  0.39523486E-02
    302688  0.36909895E-02
    302976  0.34395955E-02
    303264  0.32030644E-02
    303552  0.30361791E-02
    303840  0.29153111E-02
    304128  0.27962236E-02
    304416  0.26678469E-02
    304704  0.25326421E-02
    304992  0.23931218E-02
    305280  0.22536730E-02
    305568  0.21178795E-02
    305856  0.19880945E-02
    306144  0.18655921E-02
    306432  0.17515122E-02
    306720  0.16447530E-02
    307008  0.15450721E-02
    307296  0.14522488E-02
    307584  0.13659815E-02
    307872  0.12858961E-02
    308160  0.12115851E-02
    308448  0.11429026E-02
    308736  0.10788698E-02
    309024  0.10190852E-02
    309312  0.96328906E-03
    309600  0.91125612E-03
    309888  0.86275797E-03
    310176  0.81754994E-03
    310464  0.77552418E-03
    310752  0.73615654E-03
    311040  0.69920992E-03
    311328  0.66454808E-03
    311616  0.63204794E-03
    311904  0.60158927E-03
    312192  0.56400476E-03
    312480  0.52250380E-03
    312768  0.48448174E-03
    313056  0.45181610E-03
    313344  0.42426997E-03
    313632  0.40078102E-03
    313920  0.38036963E-03
    314208  0.36226839E-03
    314496  0.34591623E-03
    314784  0.33090886E-03
    315072  0.31214126E-03
