       288  0.23815386    
       576  0.34971067    
       864  0.47006103    
      1152  0.60267961    
      1440  0.75044596    
      1728  0.91436291    
      2016   1.0950621    
      2304   1.2950492    
      2592   1.5170052    
      2880   1.7637438    
      3168   2.0381587    
      3456   2.3392520    
      3744   2.6650136    
      4032   3.0147791    
      4320   3.3856802    
      4608   3.7728267    
      4896   4.1696649    
      5184   4.5625801    
      5472   4.9393258    
      5760   5.2944741    
      6048   5.6236668    
      6336   5.9237771    
      6624   6.1929250    
      6912   6.4247150    
      7200   6.6166186    
      7488   6.7722158    
      7776   6.8948364    
      8064   6.9880776    
      8352   7.0507698    
      8640   7.0839939    
      8928   7.0927510    
      9216   7.0811682    
      9504   7.0526786    
      9792   7.0101781    
     10080   6.9526343    
     10368   6.8803935    
     10656   6.7969856    
     10944   6.7051549    
     11232   6.6071167    
     11520   6.5046372    
     11808   6.3964934    
     12096   6.2825150    
     12384   6.1647339    
     12672   6.0449214    
     12960   5.9244418    
     13248   5.8021164    
     13536   5.6776648    
     13824   5.5526538    
     14112   5.4281869    
     14400   5.3052630    
     14688   5.1846452    
     14976   5.0669165    
     15264   4.9505796    
     15552   4.8348827    
     15840   4.7209315    
     16128   4.6095357    
     16416   4.5012879    
     16704   4.3965735    
     16992   4.2939138    
     17280   4.1927261    
     17568   4.0939031    
     17856   3.9980819    
     18144   3.9056787    
     18432   3.8169260    
     18720   3.7321355    
     19008   3.6499608    
     19296   3.5696642    
     19584   3.4918625    
     19872   3.4171331    
     20160   3.3458974    
     20448   3.2784085    
     20736   3.2147903    
     21024   3.1537378    
     21312   3.0945780    
     21600   3.0379589    
     21888   2.9842925    
     22176   2.9340298    
     22464   2.8875096    
     22752   2.8414242    
     23040   2.7621710    
     23328   2.6702883    
     23616   2.5751696    
     23904   2.4817243    
     24192   2.3925316    
     24480   2.3092263    
     24768   2.2328517    
     25056   2.1640739    
     25344   2.1033213    
     25632   2.0500894    
     25920   2.0041349    
     26208   1.9659650    
     26496   1.9359674    
     26784   1.9146696    
     27072   1.9026054    
     27360   1.9003482    
     27648   1.9084542    
     27936   1.9257129    
     28224   1.9517379    
     28512   1.9878049    
     28800   2.0351171    
     29088   2.0948503    
     29376   2.1686101    
     29664   2.2581639    
     29952   2.3651991    
     30240   2.4813049    
     30528   2.5928271    
     30816   2.6980557    
     31104   2.7968791    
     31392   2.8893509    
     31680   2.9755301    
     31968   3.0560336    
     32256   3.1314175    
     32544   3.1982787    
     32832   3.2555256    
     33120   3.3057129    
     33408   3.3505266    
     33696   3.3910797    
     33984   3.4278679    
     34272   3.4609737    
     34560   3.4909039    
     34848   3.5140972    
     35136   3.5298197    
     35424   3.5404947    
     35712   3.5473766    
     36000   3.5509877    
     36288   3.5521100    
     36576   3.5512276    
     36864   3.5486281    
     37152   3.5405681    
     37440   3.5261524    
     37728   3.5074763    
     38016   3.4862366    
     38304   3.4634409    
     38592   3.4396820    
     38880   3.4152918    
     39168   3.3904490    
     39456   3.3615129    
     39744   3.3277199    
     40032   3.2911034    
     40320   3.2532673    
     40608   3.2151353    
     40896   3.1772220    
     41184   3.1398048    
     41472   3.1030228    
     41760   3.0634751    
     42048   3.0207579    
     42336   2.9770906    
     42624   2.9336736    
     42912   2.8911400    
     43200   2.8495829    
     43488   2.8088298    
     43776   2.7691844    
     44064   2.7276340    
     44352   2.6839235    
     44640   2.6401055    
     44928   2.5972362    
     45216   2.5558279    
     45504   2.5160964    
     45792   2.4780951    
     46080   2.4418035    
     46368   2.4071460    
     46656   2.3740356    
     46944   2.3423715    
     47232   2.3091791    
     47520   2.2741470    
     47808   2.2390826    
     48096   2.2048881    
     48384   2.1719813    
     48672   2.1405289    
     48960   2.1105645    
     49248   2.0820556    
     49536   2.0549376    
     49824   2.0291326    
     50112   2.0045545    
     50400   1.9813150    
     50688   1.9595834    
     50976   1.9390538    
     51264   1.9195163    
     51552   1.9008323    
     51840   1.8829045    
     52128   1.8656663    
     52416   1.8490683    
     52704   1.8330693    
     52992   1.8176413    
     53280   1.8027568    
     53568   1.7883924    
     53856   1.7745297    
     54144   1.7613324    
     54432   1.7490197    
     54720   1.7373475    
     55008   1.7261649    
     55296   1.7153828    
     55584   1.7049530    
     55872   1.6948510    
     56160   1.6850629    
     56448   1.6755813    
     56736   1.6664047    
     57024   1.6576995    
     57312   1.6496828    
     57600   1.6447238    
     57888   1.6429226    
     58176   1.6424755    
     58464   1.6424667    
     58752   1.6424488    
     59040   1.6422186    
     59328   1.6418712    
     59616   1.6416235    
     59904   1.6412709    
     60192   1.6434410    
     60480   1.6483593    
     60768   1.6542203    
     61056   1.6601251    
     61344   1.6656526    
     61632   1.6706263    
     61920   1.6751672    
     62208   1.6824007    
     62496   1.6924486    
     62784   1.7033321    
     63072   1.7140591    
     63360   1.7241642    
     63648   1.7334563    
     63936   1.7449223    
     64224   1.7591083    
     64512   1.7743456    
     64800   1.7894251    
     65088   1.8037549    
     65376   1.8170755    
     65664   1.8325340    
     65952   1.8505487    
     66240   1.8690799    
     66528   1.8872877    
     66816   1.9049492    
     67104   1.9250535    
     67392   1.9478992    
     67680   1.9712257    
     67968   1.9938825    
     68256   2.0189407    
     68544   2.0467095    
     68832   2.0748191    
     69120   2.1022515    
     69408   2.1325624    
     69696   2.1658740    
     69984   2.1995261    
     70272   2.2321320    
     70560   2.2630086    
     70848   2.2959549    
     71136   2.3315883    
     71424   2.3673797    
     71712   2.4022040    
     72000   2.4409885    
     72288   2.4842560    
     72576   2.5284698    
     72864   2.5717049    
     73152   2.6129611    
     73440   2.6564097    
     73728   2.7027884    
     74016   2.7492352    
     74304   2.7942026    
     74592   2.8420131    
     74880   2.8936956    
     75168   2.9458725    
     75456   3.0018461    
     75744   3.0617707    
     76032   3.1220517    
     76320   3.1806717    
     76608   3.2420409    
     76896   3.3068879    
     77184   3.3720050    
     77472   3.4358392    
     77760   3.5028319    
     78048   3.5736921    
     78336   3.6446915    
     78624   3.7136798    
     78912   3.7856114    
     79200   3.8614416    
     79488   3.9373937    
     79776   4.0115113    
     80064   4.0894632    
     80352   4.1720185    
     80640   4.2550282    
     80928   4.3360023    
     81216   4.4203081    
     81504   4.5090790    
     81792   4.5981703    
     82080   4.6853409    
     82368   4.7695971    
     82656   4.8568754    
     82944   4.9486890    
     83232   5.0408864    
     83520   5.1309004    
     83808   5.2245369    
     84096   5.3235016    
     84384   5.4239397    
     84672   5.5227175    
     84960   5.6178975    
     85248   5.7159071    
     85536   5.8185892    
     85824   5.9216652    
     86112   6.0226436    
     86400   6.1203294    
     86688   6.2209930    
     86976   6.3265142    
     87264   6.4325142    
     87552   6.5361032    
     87840   6.6357021    
     88128   6.7306948    
     88416   6.8276014    
     88704   6.9287081    
     88992   7.0300078    
     89280   7.1288028    
     89568   7.2236009    
     89856   7.3138466    
     90144   7.3985972    
     90432   7.4843283    
     90720   7.5737138    
     91008   7.6634574    
     91296   7.7515421    
     91584   7.8370199    
     91872   7.9186783    
     92160   7.9958167    
     92448   8.0680618    
     92736   8.1352682    
     93024   8.1976776    
     93312   8.2617636    
     93600   8.3304319    
     93888   8.4014177    
     94176   8.4730911    
     94464   8.5445051    
     94752   8.6153765    
     95040   8.6849899    
     95328   8.7528811    
     95616   8.8187771    
     95904   8.8825045    
     96192   8.9441204    
     96480   9.0040207    
     96768   9.0620356    
     97056   9.1180954    
     97344   9.1722145    
     97632   9.2244902    
     97920   9.2750645    
     98208   9.3243074    
     98496   9.3728514    
     98784   9.4208250    
     99072   9.4684181    
     99360   9.5158730    
     99648   9.5634384    
     99936   9.6113853    
    100224   9.6601124    
    100512   9.7102766    
    100800   9.7620068    
    101088   9.8154888    
    101376   9.8709097    
    101664   9.9284487    
    101952   9.9848766    
    102240   10.038415    
    102528   10.090424    
    102816   10.142011    
    103104   10.194156    
    103392   10.247866    
    103680   10.303608    
    103968   10.361768    
    104256   10.422647    
    104544   10.486485    
    104832   10.550778    
    105120   10.614140    
    105408   10.677621    
    105696   10.742012    
    105984   10.807942    
    106272   10.875851    
    106560   10.946068    
    106848   11.016589    
    107136   11.086334    
    107424   11.156213    
    107712   11.226877    
    108000   11.298812    
    108288   11.372353    
    108576   11.445848    
    108864   11.518407    
    109152   11.590806    
    109440   11.663598    
    109728   11.737150    
    110016   11.811726    
    110304   11.885910    
    110592   11.958954    
    110880   12.031532    
    111168   12.104004    
    111456   12.176701    
    111744   12.249829    
    112032   12.322212    
    112320   12.393192    
    112608   12.463251    
    112896   12.532600    
    113184   12.601533    
    113472   12.669157    
    113760   12.735054    
    114048   12.799720    
    114336   12.863510    
    114624   12.926683    
    114912   12.989399    
    115200   13.050838    
    115488   13.110469    
    115776   13.168742    
    116064   13.225979    
    116352   13.282367    
    116640   13.338100    
    116928   13.392530    
    117216   13.445340    
    117504   13.496742    
    117792   13.547014    
    118080   13.596365    
    118368   13.644314    
    118656   13.690675    
    118944   13.735715    
    119232   13.779559    
    119520   13.822411    
    119808   13.864424    
    120096   13.905715    
    120384   13.945839    
    120672   13.984540    
    120960   14.022072    
    121248   14.058615    
    121536   14.094318    
    121824   14.129256    
    122112   14.163028    
    122400   14.195552    
    122688   14.227027    
    122976   14.257602    
    123264   14.287366    
    123552   14.316330    
    123840   14.344598    
    124128   14.371935    
    124416   14.398235    
    124704   14.423563    
    124992   14.448046    
    125280   14.471786    
    125568   14.494835    
    125856   14.517181    
    126144   14.538676    
    126432   14.559278    
    126720   14.579060    
    127008   14.598027    
    127296   14.616269    
    127584   14.633858    
    127872   14.650816    
    128160   14.667129    
    128448   14.682687    
    128736   14.697483    
    129024   14.711535    
    129312   14.724825    
    129600   14.737400    
    129888   14.749319    
    130176   14.760602    
    130464   14.771190    
    130752   14.781048    
    131040   14.790184    
    131328   14.798575    
    131616   14.806155    
    131904   14.812964    
    132192   14.819038    
    132480   14.824408    
    132768   14.829060    
    133056   14.832861    
    133344   14.835834    
    133632   14.837937    
    133920   14.839111    
    134208   14.839247    
    134496   14.838355    
    134784   14.836456    
    135072   14.833497    
    135360   14.829340    
    135648   14.823991    
    135936   14.817354    
    136224   14.809365    
    136512   14.799904    
    136800   14.788777    
    137088   14.775964    
    137376   14.761435    
    137664   14.745018    
    137952   14.726467    
    138240   14.705643    
    138528   14.682446    
    138816   14.656797    
    139104   14.628523    
    139392   14.597335    
    139680   14.563224    
    139968   14.525893    
    140256   14.485231    
    140544   14.441256    
    140832   14.393868    
    141120   14.342896    
    141408   14.288621    
    141696   14.231431    
    141984   14.171788    
    142272   14.108864    
    142560   14.042584    
    142848   13.973859    
    143136   13.904221    
    143424   13.835329    
    143712   13.769019    
    144000   13.707447    
    144288   13.653110    
    144576   13.604169    
    144864   13.561473    
    145152   13.529549    
    145440   13.513485    
    145728   13.518113    
    146016   13.547973    
    146304   13.602462    
    146592   13.660523    
    146880   13.696251    
    147168   13.705044    
    147456   13.691162    
    147744   13.657103    
    148032   13.604605    
    148320   13.534556    
    148608   13.448062    
    148896   13.347366    
    149184   13.223610    
    149472   13.077444    
    149760   12.916513    
    150048   12.745544    
    150336   12.567728    
    150624   12.385376    
    150912   12.200274    
    151200   12.013803    
    151488   11.827044    
    151776   11.640856    
    152064   11.455951    
    152352   11.263202    
    152640   11.062363    
    152928   10.859588    
    153216   10.658295    
    153504   10.460489    
    153792   10.267411    
    154080   10.079811    
    154368   9.8981428    
    154656   9.7226591    
    154944   9.5534649    
    155232   9.3905678    
    155520   9.2344799    
    155808   9.0853968    
    156096   8.9425526    
    156384   8.8055468    
    156672   8.6741228    
    156960   8.5480957    
    157248   8.4272919    
    157536   8.3115921    
    157824   8.2007971    
    158112   8.0947857    
    158400   7.9933972    
    158688   7.8965249    
    158976   7.8040442    
    159264   7.7163815    
    159552   7.6337605    
    159840   7.5554628    
    160128   7.4811530    
    160416   7.4106593    
    160704   7.3438621    
    160992   7.2806726    
    161280   7.2210069    
    161568   7.1647792    
    161856   7.1119227    
    162144   7.0628586    
    162432   7.0178518    
    162720   6.9834003    
    163008   6.9597631    
    163296   6.9422603    
    163584   6.9284015    
    163872   6.9168019    
    164160   6.9066710    
    164448   6.8980575    
    164736   6.8911104    
    165024   6.8851871    
    165312   6.8871746    
    165600   6.8975258    
    165888   6.9117317    
    166176   6.9274731    
    166464   6.9435768    
    166752   6.9594750    
    167040   6.9754190    
    167328   6.9988623    
    167616   7.0297627    
    167904   7.0634270    
    168192   7.0975537    
    168480   7.1310554    
    168768   7.1634960    
    169056   7.2018566    
    169344   7.2470746    
    169632   7.2951250    
    169920   7.3432541    
    170208   7.3902702    
    170496   7.4357772    
    170784   7.4867826    
    171072   7.5437703    
    171360   7.6023412    
    171648   7.6608882    
    171936   7.7189527    
    172224   7.7827439    
    172512   7.8524089    
    172800   7.9233842    
    173088   7.9935522    
    173376   8.0691109    
    173664   8.1501093    
    173952   8.2319164    
    174240   8.3128557    
    174528   8.3997364    
    174816   8.4921274    
    175104   8.5851021    
    175392   8.6764336    
    175680   8.7652931    
    175968   8.8586884    
    176256   8.9571571    
    176544   9.0562944    
    176832   9.1545744    
    177120   9.2603722    
    177408   9.3736219    
    177696   9.4883966    
    177984   9.6018610    
    178272   9.7129021    
    178560   9.8284483    
    178848   9.9490414    
    179136   10.070282    
    179424   10.190187    
    179712   10.315582    
    180000   10.447402    
    180288   10.580558    
    180576   10.719928    
    180864   10.865057    
    181152   11.010935    
    181440   11.155198    
    181728   11.304257    
    182016   11.458492    
    182304   11.613795    
    182592   11.768677    
    182880   11.929099    
    183168   12.095276    
    183456   12.262524    
    183744   12.428675    
    184032   12.600096    
    184320   12.777292    
    184608   12.955765    
    184896   13.133865    
    185184   13.318516    
    185472   13.509723    
    185760   13.702777    
    186048   13.895405    
    186336   14.093620    
    186624   14.297968    
    186912   14.504085    
    187200   14.710309    
    187488   14.916568    
    187776   15.128669    
    188064   15.347322    
    188352   15.568525    
    188640   15.790268    
    188928   16.017792    
    189216   16.252110    
    189504   16.490091    
    189792   16.729191    
    190080   16.968327    
    190368   17.212599    
    190656   17.462805    
    190944   17.715654    
    191232   17.969725    
    191520   18.224968    
    191808   18.485331    
    192096   18.751389    
    192384   19.020149    
    192672   19.289925    
    192960   19.560236    
    193248   19.831539    
    193536   20.106667    
    193824   20.386156    
    194112   20.667807    
    194400   20.950312    
    194688   21.233158    
    194976   21.516634    
    195264   21.800079    
    195552   22.084583    
    195840   22.370428    
    196128   22.656420    
    196416   22.941948    
    196704   23.226952    
    196992   23.510551    
    197280   23.792082    
    197568   24.071087    
    197856   24.347113    
    198144   24.620066    
    198432   24.889420    
    198720   25.155169    
    199008   25.417807    
    199296   25.677320    
    199584   25.933706    
    199872   26.187321    
    200160   26.437624    
    200448   26.684156    
    200736   26.926514    
    201024   27.164354    
    201312   27.397491    
    201600   27.626102    
    201888   27.849857    
    202176   28.068470    
    202464   28.281723    
    202752   28.489487    
    203040   28.691633    
    203328   28.888220    
    203616   29.079548    
    203904   29.265522    
    204192   29.446115    
    204480   29.621334    
    204768   29.791197    
    205056   29.955729    
    205344   30.115116    
    205632   30.269691    
    205920   30.419502    
    206208   30.564627    
    206496   30.705147    
    206784   30.841152    
    207072   30.973694    
    207360   31.102575    
    207648   31.226801    
    207936   31.345968    
    208224   31.460089    
    208512   31.569477    
    208800   31.674351    
    209088   31.774923    
    209376   31.871466    
    209664   31.964205    
    209952   32.053967    
    210240   32.140759    
    210528   32.223976    
    210816   32.303474    
    211104   32.379333    
    211392   32.451736    
    211680   32.520897    
    211968   32.587498    
    212256   32.651535    
    212544   32.712700    
    212832   32.770954    
    213120   32.826389    
    213408   32.879166    
    213696   32.929794    
    213984   32.978363    
    214272   33.024643    
    214560   33.068604    
    214848   33.110397    
    215136   33.150131    
    215424   33.188206    
    215712   33.224697    
    216000   33.259426    
    216288   33.292427    
    216576   33.323750    
    216864   33.353546    
    217152   33.382111    
    217440   33.409454    
    217728   33.435474    
    218016   33.460171    
    218304   33.483585    
    218592   33.505966    
    218880   33.527325    
    219168   33.547588    
    219456   33.566795    
    219744   33.585014    
    220032   33.602314    
    220320   33.618893    
    220608   33.634762    
    220896   33.649796    
    221184   33.664040    
    221472   33.677593    
    221760   33.690460    
    222048   33.702805    
    222336   33.714642    
    222624   33.725819    
    222912   33.736500    
    223200   33.746552    
    223488   33.756283    
    223776   33.765495    
    224064   33.774300    
    224352   33.782639    
    224640   33.790489    
    224928   33.797997    
    225216   33.805065    
    225504   33.811871    
    225792   33.818432    
    226080   33.824684    
    226368   33.830593    
    226656   33.836220    
    226944   33.841560    
    227232   33.846668    
    227520   33.851604    
    227808   33.856323    
    228096   33.860783    
    228384   33.864971    
    228672   33.868938    
    228960   33.872746    
    229248   33.876480    
    229536   33.880070    
    229824   33.883453    
    230112   33.886612    
    230400   33.889561    
    230688   33.892410    
    230976   33.895119    
    231264   33.897781    
    231552   33.900387    
    231840   33.902905    
    232128   33.905212    
    232416   33.907345    
    232704   33.909275    
    232992   33.911133    
    233280   33.912922    
    233568   33.914658    
    233856   33.916370    
    234144   33.918003    
    234432   33.919567    
    234720   33.921066    
    235008   33.922504    
    235296   33.923843    
    235584   33.925068    
    235872   33.926247    
    236160   33.927383    
    236448   33.928436    
    236736   33.929390    
    237024   33.930233    
    237312   33.930977    
    237600   33.931679    
    237888   33.932339    
    238176   33.932976    
    238464   33.933613    
    238752   33.934208    
    239040   33.934757    
    239328   33.935265    
    239616   33.935734    
    239904   33.936089    
    240192   33.936371    
    240480   33.936630    
    240768   33.936874    
    241056   33.937057    
    241344   33.937168    
    241632   33.937206    
    241920   33.937176    
    242208   33.937077    
    242496   33.936916    
    242784   33.936718    
    243072   33.936485    
    243360   33.936146    
    243648   33.935680    
    243936   33.935097    
    244224   33.934410    
    244512   33.933613    
    244800   33.932629    
    245088   33.931610    
    245376   33.930538    
    245664   33.929321    
    245952   33.927891    
    246240   33.926216    
    246528   33.924328    
    246816   33.922180    
    247104   33.919735    
    247392   33.917259    
    247680   33.914577    
    247968   33.911575    
    248256   33.908108    
    248544   33.904255    
    248832   33.899925    
    249120   33.895119    
    249408   33.889778    
    249696   33.884212    
    249984   33.878235    
    250272   33.871571    
    250560   33.864094    
    250848   33.855721    
    251136   33.846409    
    251424   33.836124    
    251712   33.824696    
    252000   33.812634    
    252288   33.799671    
    252576   33.785294    
    252864   33.769302    
    253152   33.751549    
    253440   33.731838    
    253728   33.709969    
    254016   33.685711    
    254304   33.659882    
    254592   33.631927    
    254880   33.601036    
    255168   33.566742    
    255456   33.528713    
    255744   33.486591    
    256032   33.440090    
    256320   33.388725    
    256608   33.332031    
    256896   33.269447    
    257184   33.200386    
    257472   33.126804    
    257760   33.047390    
    258048   32.959873    
    258336   32.863258    
    258624   32.756813    
    258912   32.639717    
    259200   32.511166    
    259488   32.370213    
    259776   32.215878    
    260064   32.047050    
    260352   31.862617    
    260640   31.661545    
    260928   31.443127    
    261216   31.206118    
    261504   30.949261    
    261792   30.671356    
    262080   30.371307    
    262368   30.048178    
    262656   29.701162    
    262944   29.329700    
    263232   28.933485    
    263520   28.512583    
    263808   28.067396    
    264096   27.598770    
    264384   27.108500    
    264672   26.599476    
    264960   26.074026    
    265248   25.535246    
    265536   24.987162    
    265824   24.434336    
    266112   23.876186    
    266400   23.299725    
    266688   22.710384    
    266976   22.119806    
    267264   21.536800    
    267552   20.967831    
    267840   20.415066    
    268128   19.880150    
    268416   19.365278    
    268704   18.872408    
    268992   18.403070    
    269280   17.958292    
    269568   17.539282    
    269856   17.146793    
    270144   16.780003    
    270432   16.440027    
    270720   16.124811    
    271008   15.831673    
    271296   15.559318    
    271584   15.306996    
    271872   15.074082    
    272160   14.860600    
    272448   14.669202    
    272736   14.497405    
    273024   14.341736    
    273312   14.200577    
    273600   14.073092    
    273888   13.958789    
    274176   13.860312    
    274464   13.776818    
    274752   13.705789    
    275040   13.645203    
    275328   13.594234    
    275616   13.552565    
    275904   13.523075    
    276192   13.504663    
    276480   13.494474    
    276768   13.491927    
    277056   13.497288    
    277344   13.512810    
    277632   13.537442    
    277920   13.568446    
    278208   13.604839    
    278496   13.649316    
    278784   13.701211    
    279072   13.758049    
    279360   13.819565    
    279648   13.889256    
    279936   13.966026    
    280224   14.047221    
    280512   14.131984    
    280800   14.220325    
    281088   14.315155    
    281376   14.416184    
    281664   14.521321    
    281952   14.630479    
    282240   14.746989    
    282528   14.870060    
    282816   14.996916    
    283104   15.126640    
    283392   15.259261    
    283680   15.397200    
    283968   15.540485    
    284256   15.687419    
    284544   15.837569    
    284832   15.993322    
    285120   16.155441    
    285408   16.321825    
    285696   16.493446    
    285984   16.670053    
    286272   16.849968    
    286560   17.032793    
    286848   17.220163    
    287136   17.412220    
    287424   17.608265    
    287712   17.808781    
    288000   18.014488    
    288288   18.225382    
    288576   18.440214    
    288864   18.658627    
    289152   18.881466    
    289440   19.109035    
    289728   19.340523    
    290016   19.576235    
    290304   19.817394    
    290592   20.063910    
    290880   20.314938    
    291168   20.570173    
    291456   20.829403    
    291744   21.093105    
    292032   21.361015    
    292320   21.633455    
    292608   21.911472    
    292896   22.193693    
    293184   22.480497    
    293472   22.772120    
    293760   23.068569    
    294048   23.368235    
    294336   23.672234    
    294624   23.982180    
    294912   24.297743    
    295200   24.618563    
    295488   24.941830    
    295776   25.268187    
    296064   25.598793    
    296352   25.934217    
    296640   26.275114    
    296928   26.617334    
    297216   26.961283    
    297504   27.308470    
    297792   27.659021    
    298080   28.012716    
    298368   28.369610    
    298656   28.724072    
    298944   29.076269    
    299232   29.428320    
    299520   29.780434    
    299808   30.132324    
    300096   30.483807    
    300384   30.833597    
    300672   31.175432    
    300960   31.509754    
    301248   31.839695    
    301536   32.166283    
    301824   32.489941    
    302112   32.809715    
    302400   33.124596    
    302688   33.433624    
    302976   33.735931    
    303264   34.031033    
    303552   34.314278    
    303840   34.586555    
    304128   34.851490    
    304416   35.110302    
    304704   35.363308    
    304992   35.610649    
    305280   35.851849    
    305568   36.086308    
    305856   36.313698    
    306144   36.533749    
    306432   36.746387    
    306720   36.951805    
    307008   37.149940    
    307296   37.340759    
    307584   37.524269    
    307872   37.700558    
    308160   37.869804    
    308448   38.032196    
    308736   38.188118    
    309024   38.337730    
    309312   38.481201    
    309600   38.618660    
    309888   38.750309    
    310176   38.876339    
    310464   38.996975    
    310752   39.112617    
    311040   39.223392    
    311328   39.329494    
    311616   39.431076    
    311904   39.528316    
    312192   39.622402    
    312480   39.713112    
    312768   39.799500    
    313056   39.881336    
    313344   39.958740    
    313632   40.032017    
    313920   40.101456    
    314208   40.167324    
    314496   40.229881    
    314784   40.289356    
    315072   40.346512    
