       288  0.17067182E-09
       576  0.15084908E-09
       864  0.13453440E-09
      1152  0.12112038E-09
      1440  0.11010121E-09
      1728  0.10207369E-09
      2016  0.95455560E-10
      2304  0.90014864E-10
      2592  0.85555188E-10
      2880  0.81910569E-10
      3168  0.78941478E-10
      3456  0.77323051E-10
      3744  0.76106135E-10
      4032  0.75358428E-10
      4320  0.75088914E-10
      4608  0.75280442E-10
      4896  0.75900633E-10
      5184  0.77678433E-10
      5472  0.79628776E-10
      5760  0.81720138E-10
      6048  0.83913244E-10
      6336  0.86167427E-10
      6624  0.88442302E-10
      6912  0.91611295E-10
      7200  0.94541326E-10
      7488  0.97354388E-10
      7776  0.99923035E-10
      8064  0.10225997E-09
      8352  0.10543212E-09
      8640  0.10817473E-09
      8928  0.11054593E-09
      9216  0.11259486E-09
      9504  0.11436327E-09
      9792  0.11588695E-09
     10080  0.11853345E-09
     10368  0.12069756E-09
     10656  0.12246579E-09
     10944  0.12390802E-09
     11232  0.12508193E-09
     11520  0.12603428E-09
     11808  0.12812257E-09
     12096  0.12990539E-09
     12384  0.13129457E-09
     12672  0.13237088E-09
     12960  0.13319874E-09
     13248  0.13522850E-09
     13536  0.13677896E-09
     13824  0.13811702E-09
     14112  0.13912554E-09
     14400  0.13987782E-09
     14688  0.14043131E-09
     14976  0.14083187E-09
     15264  0.14277034E-09
     15552  0.14422484E-09
     15840  0.14530781E-09
     16128  0.14610725E-09
     16416  0.14669084E-09
     16704  0.14729859E-09
     16992  0.14928317E-09
     17280  0.15076983E-09
     17568  0.15187850E-09
     17856  0.15270075E-09
     18144  0.15350157E-09
     18432  0.15409256E-09
     18720  0.15452706E-09
     19008  0.15646809E-09
     19296  0.15812457E-09
     19584  0.15936504E-09
     19872  0.16029317E-09
     20160  0.16098810E-09
     20448  0.16172359E-09
     20736  0.16227508E-09
     21024  0.16437850E-09
     21312  0.16595642E-09
     21600  0.16735834E-09
     21888  0.16840651E-09
     22176  0.16918919E-09
     22464  0.16977254E-09
     22752  0.16551865E-09
     23040  0.15612528E-09
     23328  0.14906526E-09
     23616  0.14289707E-09
     23904  0.13792965E-09
     24192  0.13385536E-09
     24480  0.13055644E-09
     24768  0.12790138E-09
     25056  0.12596256E-09
     25344  0.12438038E-09
     25632  0.12423611E-09
     25920  0.12398793E-09
     26208  0.12385563E-09
     26496  0.12359273E-09
     26784  0.12321491E-09
     27072  0.12272984E-09
     27360  0.12213969E-09
     27648  0.12164887E-09
     27936  0.12224295E-09
     28224  0.12231897E-09
     28512  0.12197476E-09
     28800  0.12148267E-09
     29088  0.12062271E-09
     29376  0.11944458E-09
     29664  0.11797974E-09
     29952  0.11644670E-09
     30240  0.11575466E-09
     30528  0.11444092E-09
     30816  0.11272597E-09
     31104  0.11078007E-09
     31392  0.10891482E-09
     31680  0.10696762E-09
     31968  0.10502411E-09
     32256  0.10314191E-09
     32544  0.10259099E-09
     32832  0.10174079E-09
     33120  0.10075016E-09
     33408  0.99718699E-10
     33696  0.98709006E-10
     33984  0.97938740E-10
     34272  0.97173838E-10
     34560  0.96451840E-10
     34848  0.96795232E-10
     35136  0.96872420E-10
     35424  0.96820822E-10
     35712  0.96904103E-10
     36000  0.96909897E-10
     36288  0.96893590E-10
     36576  0.96886985E-10
     36864  0.96907676E-10
     37152  0.97971638E-10
     37440  0.98919484E-10
     37728  0.99626425E-10
     38016  0.10020740E-09
     38304  0.10072836E-09
     38592  0.10122649E-09
     38880  0.10172237E-09
     39168  0.10222751E-09
     39456  0.10379647E-09
     39744  0.10522841E-09
     40032  0.10638841E-09
     40320  0.10740193E-09
     40608  0.10833967E-09
     40896  0.10924107E-09
     41184  0.11012838E-09
     41472  0.11101389E-09
     41760  0.11302209E-09
     42048  0.11465380E-09
     42336  0.11608274E-09
     42624  0.11740278E-09
     42912  0.11866429E-09
     43200  0.12013626E-09
     43488  0.12148643E-09
     43776  0.12276935E-09
     44064  0.12522737E-09
     44352  0.12724867E-09
     44640  0.12903119E-09
     44928  0.13067908E-09
     45216  0.13224802E-09
     45504  0.13376737E-09
     45792  0.13525281E-09
     46080  0.13671320E-09
     46368  0.13815382E-09
     46656  0.13957813E-09
     46944  0.14098879E-09
     47232  0.14376132E-09
     47520  0.14604865E-09
     47808  0.14806914E-09
     48096  0.14993579E-09
     48384  0.15170749E-09
     48672  0.15341570E-09
     48960  0.15507784E-09
     49248  0.15670329E-09
     49536  0.15829832E-09
     49824  0.15986712E-09
     50112  0.16141305E-09
     50400  0.16261111E-09
     50688  0.16393653E-09
     50976  0.16532420E-09
     51264  0.16673932E-09
     51552  0.16816355E-09
     51840  0.16958769E-09
     52128  0.17100751E-09
     52416  0.17242112E-09
     52704  0.17382795E-09
     52992  0.17522798E-09
     53280  0.17662162E-09
     53568  0.17800893E-09
     53856  0.17939046E-09
     54144  0.18040218E-09
     54432  0.18157234E-09
     54720  0.18282484E-09
     55008  0.18411837E-09
     55296  0.18543091E-09
     55584  0.18675116E-09
     55872  0.18807340E-09
     56160  0.18939419E-09
     56448  0.19071260E-09
     56736  0.19202803E-09
     57024  0.19296126E-09
     57312  0.19406159E-09
     57600  0.19328154E-09
     57888  0.19323416E-09
     58176  0.19358143E-09
     58464  0.19415072E-09
     58752  0.19485343E-09
     59040  0.19564324E-09
     59328  0.19610583E-09
     59616  0.19679254E-09
     59904  0.19761180E-09
     60192  0.19645349E-09
     60480  0.19606582E-09
     60768  0.19610454E-09
     61056  0.19639343E-09
     61344  0.19684081E-09
     61632  0.19739799E-09
     61920  0.19764987E-09
     62208  0.19603213E-09
     62496  0.19529491E-09
     62784  0.19505210E-09
     63072  0.19510400E-09
     63360  0.19534591E-09
     63648  0.19572161E-09
     63936  0.19407502E-09
     64224  0.19285200E-09
     64512  0.19227356E-09
     64800  0.19207801E-09
     65088  0.19212652E-09
     65376  0.19234335E-09
     65664  0.19055084E-09
     65952  0.18958442E-09
     66240  0.18909975E-09
     66528  0.18855199E-09
     66816  0.18837562E-09
     67104  0.18630693E-09
     67392  0.18512902E-09
     67680  0.18447543E-09
     67968  0.18415323E-09
     68256  0.18194947E-09
     68544  0.18062697E-09
     68832  0.17983234E-09
     69120  0.17903547E-09
     69408  0.17654687E-09
     69696  0.17502638E-09
     69984  0.17408631E-09
     70272  0.17351996E-09
     70560  0.17321529E-09
     70848  0.17106326E-09
     71136  0.16974480E-09
     71424  0.16893588E-09
     71712  0.16814802E-09
     72000  0.16529833E-09
     72288  0.16350782E-09
     72576  0.16235562E-09
     72864  0.16161548E-09
     73152  0.16116293E-09
     73440  0.15897830E-09
     73728  0.15760025E-09
     74016  0.15672563E-09
     74304  0.15618803E-09
     74592  0.15369876E-09
     74880  0.15213884E-09
     75168  0.15115315E-09
     75456  0.14868026E-09
     75744  0.14707661E-09
     76032  0.14601839E-09
     76320  0.14532604E-09
     76608  0.14309214E-09
     76896  0.14163723E-09
     77184  0.14041888E-09
     77472  0.13964958E-09
     77760  0.13743273E-09
     78048  0.13599677E-09
     78336  0.13505827E-09
     78624  0.13445704E-09
     78912  0.13240105E-09
     79200  0.13106262E-09
     79488  0.13018663E-09
     79776  0.12939738E-09
     80064  0.12728275E-09
     80352  0.12591185E-09
     80640  0.12501995E-09
     80928  0.12445420E-09
     81216  0.12253176E-09
     81504  0.12127398E-09
     81792  0.12045112E-09
     82080  0.11971837E-09
     82368  0.11928969E-09
     82656  0.11754459E-09
     82944  0.11642305E-09
     83232  0.11571331E-09
     83520  0.11528908E-09
     83808  0.11359508E-09
     84096  0.11229945E-09
     84384  0.11147758E-09
     84672  0.11098118E-09
     84960  0.11071950E-09
     85248  0.10921623E-09
     85536  0.10825999E-09
     85824  0.10767601E-09
     86112  0.10717753E-09
     86400  0.10694207E-09
     86688  0.10554235E-09
     86976  0.10467209E-09
     87264  0.10416670E-09
     87552  0.10392275E-09
     87840  0.10370836E-09
     88128  0.10370448E-09
     88416  0.10257147E-09
     88704  0.10190560E-09
     88992  0.10156736E-09
     89280  0.10146637E-09
     89568  0.10138545E-09
     89856  0.10149116E-09
     90144  0.10173894E-09
     90432  0.10088137E-09
     90720  0.10040435E-09
     91008  0.10019558E-09
     91296  0.10002908E-09
     91584  0.10004530E-09
     91872  0.10019367E-09
     92160  0.10043703E-09
     92448  0.10074885E-09
     92736  0.10110916E-09
     93024  0.10136309E-09
     93312  0.10053890E-09
     93600  0.99987824E-10
     93888  0.99625704E-10
     94176  0.99392612E-10
     94464  0.99109825E-10
     94752  0.98914620E-10
     95040  0.98774149E-10
     95328  0.98664112E-10
     95616  0.98566745E-10
     95904  0.98468199E-10
     96192  0.98231992E-10
     96480  0.98005534E-10
     96768  0.97775857E-10
     97056  0.97532954E-10
     97344  0.97269193E-10
     97632  0.96978293E-10
     97920  0.96655441E-10
     98208  0.96177843E-10
     98496  0.95686264E-10
     98784  0.95172752E-10
     99072  0.94630803E-10
     99360  0.94055923E-10
     99648  0.93444689E-10
     99936  0.92794876E-10
    100224  0.91993135E-10
    100512  0.91173964E-10
    100800  0.90333074E-10
    101088  0.89467170E-10
    101376  0.88574426E-10
    101664  0.87654238E-10
    101952  0.87616747E-10
    102240  0.87379021E-10
    102528  0.86973068E-10
    102816  0.86426123E-10
    103104  0.85660611E-10
    103392  0.84816085E-10
    103680  0.83904717E-10
    103968  0.82937324E-10
    104256  0.81923933E-10
    104544  0.80873384E-10
    104832  0.80633861E-10
    105120  0.80201672E-10
    105408  0.79613455E-10
    105696  0.78898825E-10
    105984  0.78083567E-10
    106272  0.77189352E-10
    106560  0.76234775E-10
    106848  0.76028316E-10
    107136  0.75624576E-10
    107424  0.75063573E-10
    107712  0.74378739E-10
    108000  0.73598308E-10
    108288  0.72746184E-10
    108576  0.72600904E-10
    108864  0.72257429E-10
    109152  0.71757329E-10
    109440  0.71136465E-10
    109728  0.70424076E-10
    110016  0.69644554E-10
    110304  0.69548964E-10
    110592  0.69260472E-10
    110880  0.68823086E-10
    111168  0.68271777E-10
    111456  0.67636341E-10
    111744  0.66940162E-10
    112032  0.66908645E-10
    112320  0.66690639E-10
    112608  0.66403286E-10
    112896  0.65991004E-10
    113184  0.65486547E-10
    113472  0.65605660E-10
    113760  0.65519964E-10
    114048  0.65277707E-10
    114336  0.64916746E-10
    114624  0.64469111E-10
    114912  0.63959144E-10
    115200  0.64154834E-10
    115488  0.64146750E-10
    115776  0.63983568E-10
    116064  0.63704562E-10
    116352  0.63340957E-10
    116640  0.62917185E-10
    116928  0.63119260E-10
    117216  0.63204157E-10
    117504  0.63130633E-10
    117792  0.62939390E-10
    118080  0.62662445E-10
    118368  0.62988309E-10
    118656  0.63110267E-10
    118944  0.63148722E-10
    119232  0.63056102E-10
    119520  0.62867579E-10
    119808  0.62610597E-10
    120096  0.62306618E-10
    120384  0.62699249E-10
    120672  0.62889235E-10
    120960  0.62928149E-10
    121248  0.62856206E-10
    121536  0.62704120E-10
    121824  0.62568214E-10
    122112  0.63030380E-10
    122400  0.63286570E-10
    122688  0.63389363E-10
    122976  0.63379496E-10
    123264  0.63360699E-10
    123552  0.63265441E-10
    123840  0.63116554E-10
    124128  0.63590619E-10
    124416  0.63940526E-10
    124704  0.64126204E-10
    124992  0.64191936E-10
    125280  0.64170669E-10
    125568  0.64163092E-10
    125856  0.64092016E-10
    126144  0.64638975E-10
    126432  0.64979425E-10
    126720  0.65242409E-10
    127008  0.65372541E-10
    127296  0.65406520E-10
    127584  0.65371403E-10
    127872  0.65365983E-10
    128160  0.65302978E-10
    128448  0.65868429E-10
    128736  0.66221063E-10
    129024  0.66495788E-10
    129312  0.66632880E-10
    129600  0.66669045E-10
    129888  0.66631506E-10
    130176  0.66622888E-10
    130464  0.66550029E-10
    130752  0.67036252E-10
    131040  0.67312919E-10
    131328  0.67517311E-10
    131616  0.67583369E-10
    131904  0.67547197E-10
    132192  0.67435273E-10
    132480  0.67267227E-10
    132768  0.67143999E-10
    133056  0.67648762E-10
    133344  0.67898742E-10
    133632  0.67963600E-10
    133920  0.67981287E-10
    134208  0.67875573E-10
    134496  0.67681638E-10
    134784  0.67425260E-10
    135072  0.67216940E-10
    135360  0.67648893E-10
    135648  0.67808245E-10
    135936  0.67780385E-10
    136224  0.67626682E-10
    136512  0.67480715E-10
    136800  0.67250559E-10
    137088  0.66968479E-10
    137376  0.66657145E-10
    137664  0.67132848E-10
    137952  0.67314175E-10
    138240  0.67307347E-10
    138528  0.67183113E-10
    138816  0.66989560E-10
    139104  0.66853058E-10
    139392  0.66659747E-10
    139680  0.66436301E-10
    139968  0.66902095E-10
    140256  0.67092179E-10
    140544  0.67112156E-10
    140832  0.67124917E-10
    141120  0.67036904E-10
    141408  0.66889883E-10
    141696  0.66708743E-10
    141984  0.66507591E-10
    142272  0.66976709E-10
    142560  0.67253973E-10
    142848  0.67312968E-10
    143136  0.67240144E-10
    143424  0.67086586E-10
    143712  0.66881271E-10
    144000  0.66639791E-10
    144288  0.66369681E-10
    144576  0.66714433E-10
    144864  0.66854161E-10
    145152  0.66767473E-10
    145440  0.66542674E-10
    145728  0.66226837E-10
    146016  0.65844087E-10
    146304  0.65423993E-10
    146592  0.65048383E-10
    146880  0.65364561E-10
    147168  0.65570993E-10
    147456  0.65782907E-10
    147744  0.66046245E-10
    148032  0.66374274E-10
    148320  0.66856631E-10
    148608  0.67342680E-10
    148896  0.67854493E-10
    149184  0.68988384E-10
    149472  0.69926204E-10
    149760  0.70782456E-10
    150048  0.71603896E-10
    150336  0.72407906E-10
    150624  0.73199634E-10
    150912  0.73980690E-10
    151200  0.74752524E-10
    151488  0.75516489E-10
    151776  0.76272925E-10
    152064  0.77022604E-10
    152352  0.78435196E-10
    152640  0.79597336E-10
    152928  0.80641792E-10
    153216  0.81622036E-10
    153504  0.82556954E-10
    153792  0.83455243E-10
    154080  0.84322292E-10
    154368  0.85160982E-10
    154656  0.85973985E-10
    154944  0.86764068E-10
    155232  0.87534417E-10
    155520  0.88152825E-10
    155808  0.88834752E-10
    156096  0.89532055E-10
    156384  0.90226680E-10
    156672  0.90912056E-10
    156960  0.91585781E-10
    157248  0.92247182E-10
    157536  0.92896489E-10
    157824  0.93534472E-10
    158112  0.94160714E-10
    158400  0.94774924E-10
    158688  0.95376818E-10
    158976  0.95966186E-10
    159264  0.96391964E-10
    159552  0.96894895E-10
    159840  0.97418178E-10
    160128  0.97940218E-10
    160416  0.98453003E-10
    160704  0.98954012E-10
    160992  0.99442947E-10
    161280  0.99919385E-10
    161568  0.10038353E-09
    161856  0.10083546E-09
    162144  0.10112016E-09
    162432  0.10148599E-09
    162720  0.10093996E-09
    163008  0.10074143E-09
    163296  0.10069981E-09
    163584  0.10074454E-09
    163872  0.10084836E-09
    164160  0.10099872E-09
    164448  0.10102977E-09
    164736  0.10118643E-09
    165024  0.10140354E-09
    165312  0.10069169E-09
    165600  0.10035867E-09
    165888  0.10021142E-09
    166176  0.10017430E-09
    166464  0.10021534E-09
    166752  0.10031808E-09
    167040  0.10031643E-09
    167328  0.99471001E-10
    167616  0.99059705E-10
    167904  0.98865881E-10
    168192  0.98801509E-10
    168480  0.98827946E-10
    168768  0.98924986E-10
    169056  0.98099369E-10
    169344  0.97531358E-10
    169632  0.97273578E-10
    169920  0.97186190E-10
    170208  0.97208082E-10
    170496  0.97309369E-10
    170784  0.96482482E-10
    171072  0.96075300E-10
    171360  0.95893349E-10
    171648  0.95703452E-10
    171936  0.95697304E-10
    172224  0.94804962E-10
    172512  0.94358320E-10
    172800  0.94154178E-10
    173088  0.94100089E-10
    173376  0.93160799E-10
    173664  0.92673771E-10
    173952  0.92440403E-10
    174240  0.92226025E-10
    174528  0.91215216E-10
    174816  0.90695194E-10
    175104  0.90447663E-10
    175392  0.90368636E-10
    175680  0.90405031E-10
    175968  0.89543109E-10
    176256  0.89114841E-10
    176544  0.88932355E-10
    176832  0.88770442E-10
    177120  0.87590615E-10
    177408  0.86964942E-10
    177696  0.86650534E-10
    177984  0.86526883E-10
    178272  0.86530623E-10
    178560  0.85657807E-10
    178848  0.85215390E-10
    179136  0.85023030E-10
    179424  0.84987115E-10
    179712  0.83968596E-10
    180000  0.83451808E-10
    180288  0.83219882E-10
    180576  0.82207165E-10
    180864  0.81663544E-10
    181152  0.81396077E-10
    181440  0.81302277E-10
    181728  0.80385844E-10
    182016  0.79899518E-10
    182304  0.79551490E-10
    182592  0.79426112E-10
    182880  0.78507055E-10
    183168  0.78019861E-10
    183456  0.77789816E-10
    183744  0.77720559E-10
    184032  0.76840458E-10
    184320  0.76368259E-10
    184608  0.76142641E-10
    184896  0.75964041E-10
    185184  0.75036387E-10
    185472  0.74535399E-10
    185760  0.74291573E-10
    186048  0.74208327E-10
    186336  0.73341291E-10
    186624  0.72864846E-10
    186912  0.72628840E-10
    187200  0.72444210E-10
    187488  0.72408780E-10
    187776  0.71593058E-10
    188064  0.71148053E-10
    188352  0.70933440E-10
    188640  0.70865272E-10
    188928  0.70039349E-10
    189216  0.69480061E-10
    189504  0.69195920E-10
    189792  0.69084870E-10
    190080  0.69085238E-10
    190368  0.68327018E-10
    190656  0.67906215E-10
    190944  0.67702226E-10
    191232  0.67550340E-10
    191520  0.67532674E-10
    191808  0.66792467E-10
    192096  0.66382642E-10
    192384  0.66188138E-10
    192672  0.66135861E-10
    192960  0.66094109E-10
    193248  0.66152146E-10
    193536  0.65498912E-10
    193824  0.65141267E-10
    194112  0.64980507E-10
    194400  0.64951412E-10
    194688  0.64930540E-10
    194976  0.64999825E-10
    195264  0.65129950E-10
    195552  0.64562702E-10
    195840  0.64245595E-10
    196128  0.64099503E-10
    196416  0.63992214E-10
    196704  0.63989557E-10
    196992  0.64056628E-10
    197280  0.64169343E-10
    197568  0.64310619E-10
    197856  0.64469215E-10
    198144  0.64565610E-10
    198432  0.63994289E-10
    198720  0.63621990E-10
    199008  0.63389495E-10
    199296  0.63252709E-10
    199584  0.63108539E-10
    199872  0.63024135E-10
    200160  0.62976541E-10
    200448  0.62949666E-10
    200736  0.62932000E-10
    201024  0.62915159E-10
    201312  0.62826799E-10
    201600  0.62746849E-10
    201888  0.62667836E-10
    202176  0.62584410E-10
    202464  0.62492657E-10
    202752  0.62389878E-10
    203040  0.62274172E-10
    203328  0.62080584E-10
    203616  0.61887204E-10
    203904  0.61689702E-10
    204192  0.61484991E-10
    204480  0.61270836E-10
    204768  0.61045918E-10
    205056  0.60809247E-10
    205344  0.60498717E-10
    205632  0.60189423E-10
    205920  0.59877957E-10
    206208  0.59562313E-10
    206496  0.59240564E-10
    206784  0.58911404E-10
    207072  0.59174908E-10
    207360  0.59295138E-10
    207648  0.59299905E-10
    207936  0.59211705E-10
    208224  0.58991180E-10
    208512  0.58722624E-10
    208800  0.58415071E-10
    209088  0.58076287E-10
    209376  0.57712283E-10
    209664  0.57327563E-10
    209952  0.57512599E-10
    210240  0.57552223E-10
    210528  0.57475233E-10
    210816  0.57305369E-10
    211104  0.57062282E-10
    211392  0.56761651E-10
    211680  0.56416056E-10
    211968  0.56614546E-10
    212256  0.56655340E-10
    212544  0.56571227E-10
    212832  0.56388855E-10
    213120  0.56130028E-10
    213408  0.55812160E-10
    213696  0.56023679E-10
    213984  0.56069926E-10
    214272  0.55986216E-10
    214560  0.55801478E-10
    214848  0.55538851E-10
    215136  0.55217161E-10
    215424  0.55421823E-10
    215712  0.55460945E-10
    216000  0.55371215E-10
    216288  0.55182935E-10
    216576  0.54919538E-10
    216864  0.54599651E-10
    217152  0.54805473E-10
    217440  0.54847165E-10
    217728  0.54813688E-10
    218016  0.54672385E-10
    218304  0.54449910E-10
    218592  0.54731709E-10
    218880  0.54834498E-10
    219168  0.54799925E-10
    219456  0.54661980E-10
    219744  0.54446638E-10
    220032  0.54174238E-10
    220320  0.54476191E-10
    220608  0.54599696E-10
    220896  0.54587973E-10
    221184  0.54474727E-10
    221472  0.54286704E-10
    221760  0.54045036E-10
    222048  0.54327633E-10
    222336  0.54494551E-10
    222624  0.54524010E-10
    222912  0.54451204E-10
    223200  0.54303867E-10
    223488  0.54667139E-10
    223776  0.54850527E-10
    224064  0.54951106E-10
    224352  0.54939303E-10
    224640  0.54845292E-10
    224928  0.54692393E-10
    225216  0.54497847E-10
    225504  0.54892636E-10
    225792  0.55109629E-10
    226080  0.55195282E-10
    226368  0.55184798E-10
    226656  0.55104719E-10
    226944  0.55030452E-10
    227232  0.55473640E-10
    227520  0.55735801E-10
    227808  0.55864396E-10
    228096  0.55895528E-10
    228384  0.55911435E-10
    228672  0.55863137E-10
    228960  0.55769719E-10
    229248  0.56216629E-10
    229536  0.56545629E-10
    229824  0.56732799E-10
    230112  0.56817110E-10
    230400  0.56827716E-10
    230688  0.56844213E-10
    230976  0.56807781E-10
    231264  0.57310743E-10
    231552  0.57631830E-10
    231840  0.57878369E-10
    232128  0.58012515E-10
    232416  0.58065292E-10
    232704  0.58059543E-10
    232992  0.58074424E-10
    233280  0.58043140E-10
    233568  0.58562433E-10
    233856  0.58895361E-10
    234144  0.59153335E-10
    234432  0.59294618E-10
    234720  0.59351309E-10
    235008  0.59346458E-10
    235296  0.59361585E-10
    235584  0.59324400E-10
    235872  0.59780500E-10
    236160  0.60053670E-10
    236448  0.60259291E-10
    236736  0.60347997E-10
    237024  0.60351224E-10
    237312  0.60291605E-10
    237600  0.60185988E-10
    237888  0.60114816E-10
    238176  0.60603307E-10
    238464  0.60869171E-10
    238752  0.60974663E-10
    239040  0.61035482E-10
    239328  0.60992635E-10
    239616  0.60876276E-10
    239904  0.60707862E-10
    240192  0.60577689E-10
    240480  0.61024831E-10
    240768  0.61232179E-10
    241056  0.61276359E-10
    241344  0.61210724E-10
    241632  0.61147698E-10
    241920  0.61014610E-10
    242208  0.60838556E-10
    242496  0.60638446E-10
    242784  0.61147871E-10
    243072  0.61397554E-10
    243360  0.61481861E-10
    243648  0.61464639E-10
    243936  0.61388283E-10
    244224  0.61360195E-10
    244512  0.61287989E-10
    244800  0.61194189E-10
    245088  0.61748967E-10
    245376  0.62057616E-10
    245664  0.62215975E-10
    245952  0.62368541E-10
    246240  0.62440018E-10
    246528  0.62466782E-10
    246816  0.62471132E-10
    247104  0.62466921E-10
    247392  0.63129481E-10
    247680  0.63620935E-10
    247968  0.63925344E-10
    248256  0.64118710E-10
    248544  0.64248003E-10
    248832  0.64341900E-10
    249120  0.64418006E-10
    249408  0.64486708E-10
    249696  0.65232486E-10
    249984  0.65801968E-10
    250272  0.66175142E-10
    250560  0.66431735E-10
    250848  0.66620383E-10
    251136  0.66770464E-10
    251424  0.66899528E-10
    251712  0.67018009E-10
    252000  0.67822435E-10
    252288  0.68348799E-10
    252576  0.68708636E-10
    252864  0.68969615E-10
    253152  0.69172751E-10
    253440  0.69447136E-10
    253728  0.69660791E-10
    254016  0.69839190E-10
    254304  0.70700494E-10
    254592  0.71265951E-10
    254880  0.71653787E-10
    255168  0.71936006E-10
    255456  0.72155303E-10
    255744  0.72337213E-10
    256032  0.72496606E-10
    256320  0.72641913E-10
    256608  0.72777846E-10
    256896  0.72906847E-10
    257184  0.73029846E-10
    257472  0.73866989E-10
    257760  0.74399764E-10
    258048  0.74749235E-10
    258336  0.74988203E-10
    258624  0.75159379E-10
    258912  0.75287457E-10
    259200  0.75385975E-10
    259488  0.75462636E-10
    259776  0.75520937E-10
    260064  0.75562209E-10
    260352  0.75586697E-10
    260640  0.75478845E-10
    260928  0.75405439E-10
    261216  0.75342385E-10
    261504  0.75275508E-10
    261792  0.75196641E-10
    262080  0.75100773E-10
    262368  0.74985046E-10
    262656  0.74848155E-10
    262944  0.74689081E-10
    263232  0.74507386E-10
    263520  0.74303196E-10
    263808  0.74076779E-10
    264096  0.73828908E-10
    264384  0.73458122E-10
    264672  0.73127129E-10
    264960  0.72804034E-10
    265248  0.72471036E-10
    265536  0.72123300E-10
    265824  0.71766940E-10
    266112  0.71465882E-10
    266400  0.71410690E-10
    266688  0.71619870E-10
    266976  0.72004867E-10
    267264  0.72409634E-10
    267552  0.72945372E-10
    267840  0.72919136E-10
    268128  0.73207475E-10
    268416  0.73649170E-10
    268704  0.74169289E-10
    268992  0.74732096E-10
    269280  0.75319265E-10
    269568  0.75816547E-10
    269856  0.76382317E-10
    270144  0.76968133E-10
    270432  0.76863772E-10
    270720  0.77048201E-10
    271008  0.77366981E-10
    271296  0.77752735E-10
    271584  0.78174578E-10
    271872  0.78617689E-10
    272160  0.78965397E-10
    272448  0.78652494E-10
    272736  0.78675018E-10
    273024  0.78856595E-10
    273312  0.79120328E-10
    273600  0.79431149E-10
    273888  0.79771814E-10
    274176  0.79374431E-10
    274464  0.79194866E-10
    274752  0.79252577E-10
    275040  0.79427097E-10
    275328  0.79665025E-10
    275616  0.79940853E-10
    275904  0.79461770E-10
    276192  0.79326774E-10
    276480  0.79368963E-10
    276768  0.79400035E-10
    277056  0.79558457E-10
    277344  0.78987129E-10
    277632  0.78785908E-10
    277920  0.78778428E-10
    278208  0.78879833E-10
    278496  0.78248394E-10
    278784  0.77997005E-10
    279072  0.77950292E-10
    279360  0.77914175E-10
    279648  0.77209565E-10
    279936  0.76916994E-10
    280224  0.76844350E-10
    280512  0.76896371E-10
    280800  0.77024429E-10
    281088  0.76392566E-10
    281376  0.76131587E-10
    281664  0.76074508E-10
    281952  0.76032521E-10
    282240  0.75127723E-10
    282528  0.74705075E-10
    282816  0.74546348E-10
    283104  0.74538528E-10
    283392  0.74622170E-10
    283680  0.73954731E-10
    283968  0.73660154E-10
    284256  0.73576180E-10
    284544  0.73615114E-10
    284832  0.72820784E-10
    285120  0.72462120E-10
    285408  0.72344727E-10
    285696  0.71559376E-10
    285984  0.71185259E-10
    286272  0.71045982E-10
    286560  0.71044691E-10
    286848  0.70329319E-10
    287136  0.69990985E-10
    287424  0.69776900E-10
    287712  0.69743010E-10
    288000  0.69015745E-10
    288288  0.68668939E-10
    288576  0.68543379E-10
    288864  0.68548126E-10
    289152  0.67843620E-10
    289440  0.67501636E-10
    289728  0.67373843E-10
    290016  0.67285927E-10
    290304  0.66538372E-10
    290592  0.66170076E-10
    290880  0.66025768E-10
    291168  0.66014243E-10
    291456  0.65310639E-10
    291744  0.64957179E-10
    292032  0.64815091E-10
    292320  0.64717037E-10
    292608  0.64735418E-10
    292896  0.64056094E-10
    293184  0.63707831E-10
    293472  0.63561122E-10
    293760  0.63536544E-10
    294048  0.62836410E-10
    294336  0.62384424E-10
    294624  0.62173287E-10
    294912  0.62107867E-10
    295200  0.62130918E-10
    295488  0.61473590E-10
    295776  0.61121663E-10
    296064  0.60962846E-10
    296352  0.60852393E-10
    296640  0.60851824E-10
    296928  0.60202753E-10
    297216  0.59854302E-10
    297504  0.59699704E-10
    297792  0.59669381E-10
    298080  0.59649952E-10
    298368  0.59712429E-10
    298656  0.59137355E-10
    298944  0.58836026E-10
    299232  0.58717753E-10
    299520  0.58720792E-10
    299808  0.58737661E-10
    300096  0.58832841E-10
    300384  0.58979870E-10
    300672  0.58498970E-10
    300960  0.58251105E-10
    301248  0.58162475E-10
    301536  0.58115655E-10
    301824  0.58160091E-10
    302112  0.58262936E-10
    302400  0.58402713E-10
    302688  0.58564403E-10
    302976  0.58737695E-10
    303264  0.58856885E-10
    303552  0.58364300E-10
    303840  0.58054901E-10
    304128  0.57873848E-10
    304416  0.57779607E-10
    304704  0.57682290E-10
    304992  0.57636510E-10
    305280  0.57622008E-10
    305568  0.57624537E-10
    305856  0.57634415E-10
    306144  0.57644476E-10
    306432  0.57593260E-10
    306720  0.57548095E-10
    307008  0.57502565E-10
    307296  0.57452237E-10
    307584  0.57393961E-10
    307872  0.57325304E-10
    308160  0.57244577E-10
    308448  0.57096734E-10
    308736  0.56947828E-10
    309024  0.56794212E-10
    309312  0.56633257E-10
    309600  0.56463119E-10
    309888  0.56282472E-10
    310176  0.56090702E-10
    310464  0.55835260E-10
    310752  0.55579982E-10
    311040  0.55322014E-10
    311328  0.55059155E-10
    311616  0.54790280E-10
    311904  0.54514483E-10
    312192  0.54783265E-10
    312480  0.54917515E-10
    312768  0.54944046E-10
    313056  0.54884295E-10
    313344  0.54706854E-10
    313632  0.54485031E-10
    313920  0.54227491E-10
    314208  0.53940893E-10
    314496  0.53630510E-10
    314784  0.53301252E-10
    315072  0.53497221E-10
