         1  0.13300000E+10
       288  0.11609971E+10
       576  0.10161034E+10
       864  0.88940237E+09
      1152  0.77851443E+09
      1440  0.68145280E+09
      1728  0.59597485E+09
      2016  0.52130480E+09
      2304  0.45603558E+09
      2592  0.39896403E+09
      2880  0.34905395E+09
      3168  0.30540982E+09
      3456  0.26713661E+09
      3744  0.23373070E+09
      4032  0.20459339E+09
      4320  0.17920570E+09
      4608  0.15711222E+09
      4896  0.13790858E+09
      5184  0.12118682E+09
      5472  0.10668012E+09
      5760   94094264.    
      6048   83166040.    
      6336   73661464.    
      6624   65363756.    
      6912   58037716.    
      7200   51576232.    
      7488   45864820.    
      7776   40805120.    
      8064   36317760.    
      8352   32324332.    
      8640   28782288.    
      8928   25639852.    
      9216   22851236.    
      9504   20375924.    
      9792   18178048.    
     10080   16218541.    
     10368   14478086.    
     10656   12931671.    
     10944   11557176.    
     11232   10335025.    
     11520   9247898.0    
     11808   8276195.5    
     12096   7411446.0    
     12384   6641551.0    
     12672   5955805.5    
     12960   5344737.0    
     13248   4797151.5    
     13536   4308915.5    
     13824   3873384.0    
     14112   3484676.2    
     14400   3137578.0    
     14688   2827474.5    
     14976   2550270.0    
     15264   2300716.2    
     15552   2077483.4    
     15840   1877680.1    
     16128   1698744.0    
     16416   1538398.8    
     16704   1394620.0    
     16992   1264586.5    
     17280   1147897.0    
     17568   1043114.7    
     17856   948962.88    
     18144   864304.50    
     18432   788132.50    
     18720   719548.81    
     19008   657105.94    
     19296   600830.88    
     19584   550079.75    
     19872   504275.28    
     20160   462906.16    
     20448   425513.25    
     20736   391691.78    
     21024   360651.00    
     21312   332545.78    
     21600   307078.88    
     21888   283985.62    
     22176   263029.94    
     22464   243999.45    
     22752   226702.95    
     23040   210973.05    
     23328   196370.88    
     23616   183076.80    
     23904   170964.66    
     24192   159922.59    
     24480   149849.62    
     24768   140654.98    
     25056   132255.86    
     25344   124580.55    
     25632   117377.30    
     25920   110788.02    
     26208   104757.12    
     26496   99235.984    
     26784   94179.906    
     27072   89548.625    
     27360   85306.125    
     27648   81418.945    
     27936   77687.617    
     28224   74266.523    
     28512   71130.578    
     28800   68256.852    
     29088   65625.227    
     29376   63217.312    
     29664   61016.492    
     29952   59006.891    
     30240   57023.297    
     30528   55211.434    
     30816   53559.473    
     31104   52056.812    
     31392   50692.348    
     31680   49456.148    
     31968   48339.016    
     32256   47333.324    
     32544   46281.965    
     32832   45332.102    
     33120   44478.094    
     33408   43714.914    
     33696   43038.203    
     33984   42443.418    
     34272   41928.293    
     34560   41489.957    
     34848   40966.184    
     35136   40514.453    
     35424   40132.020    
     35712   39814.121    
     36000   39555.754    
     36288   39351.488    
     36576   39196.191    
     36864   39084.867    
     37152   38834.520    
     37440   38617.562    
     37728   38429.355    
     38016   38265.039    
     38304   38119.918    
     38592   37989.473    
     38880   37869.164    
     39168   37754.633    
     39456   37453.625    
     39744   37151.738    
     40032   36845.508    
     40320   36531.254    
     40608   36205.625    
     40896   35865.434    
     41184   35507.832    
     41472   35130.195    
     41760   34552.664    
     42048   33957.160    
     42336   33342.094    
     42624   32706.318    
     42912   32048.975    
     43200   31368.623    
     43488   30665.865    
     43776   29940.799    
     44064   29053.279    
     44352   28155.832    
     44640   27249.857    
     44928   26337.064    
     45216   25419.469    
     45504   24499.234    
     45792   23578.600    
     46080   22659.930    
     46368   21745.604    
     46656   20837.998    
     46944   19939.412    
     47232   18981.143    
     47520   18045.404    
     47808   17133.619    
     48096   16247.017    
     48384   15386.742    
     48672   14553.762    
     48960   13748.881    
     49248   12972.752    
     49536   12225.863    
     49824   11508.553    
     50112   10820.989    
     50400   10163.330    
     50688   9535.3242    
     50976   8936.7129    
     51264   8367.1221    
     51552   7826.0708    
     51840   7312.9858    
     52128   6827.1504    
     52416   6367.7505    
     52704   5934.0132    
     52992   5525.1089    
     53280   5140.1548    
     53568   4778.2627    
     53856   4438.4966    
     54144   4119.9302    
     54432   3821.5652    
     54720   3542.4360    
     55008   3281.5979    
     55296   3038.1016    
     55584   2811.0229    
     55872   2599.4565    
     56160   2402.5225    
     56448   2219.3674    
     56736   2049.1682    
     57024   1891.1381    
     57312   1744.5140    
     57600   1610.9967    
     57888   1487.0701    
     58176   1372.1251    
     58464   1265.5802    
     58752   1166.8827    
     59040   1075.5094    
     59328   990.96667    
     59616   912.78198    
     59904   840.51355    
     60192   774.85046    
     60480   714.12402    
     60768   657.98822    
     61056   606.11694    
     61344   558.20563    
     61632   513.96844    
     61920   473.13889    
     62208   436.09854    
     62496   401.88620    
     62784   370.29538    
     63072   341.13324    
     63360   314.21997    
     63648   289.38760    
     63936   266.88330    
     64224   246.10373    
     64512   226.91780    
     64800   209.20688    
     65088   192.86147    
     65376   177.77939    
     65664   164.13268    
     65952   151.52890    
     66240   139.88977    
     66528   129.14305    
     66816   119.22048    
     67104   110.25869    
     67392   101.97495    
     67680   94.317947    
     67968   87.240067    
     68256   80.858643    
     68544   74.952187    
     68832   69.484604    
     69120   64.422760    
     69408   59.871277    
     69696   55.650711    
     69984   51.735889    
     70272   48.103577    
     70560   44.732121    
     70848   41.715034    
     71136   38.909279    
     71424   36.298809    
     71712   33.868729    
     72000   31.730410    
     72288   29.734938    
     72576   27.871475    
     72864   26.129961    
     73152   24.501101    
     73440   23.064758    
     73728   21.717644    
     74016   20.452892    
     74304   19.264217    
     74592   18.227730    
     74880   17.250340    
     75168   16.327394    
     75456   15.532287    
     75744   14.778765    
     76032   14.063453    
     76320   13.383197    
     76608   12.809097    
     76896   12.260693    
     77184   11.735465    
     77472   11.230692    
     77760   10.816558    
     78048   10.416036    
     78336   10.027512    
     78624   9.6495113    
     78912   9.3513527    
     79200   9.0585976    
     79488   8.7701015    
     79776   8.4849377    
     80064   8.2723818    
     80352   8.0590954    
     80640   7.8442168    
     80928   7.6270041    
     81216   7.4768901    
     81504   7.3214812    
     81792   7.1601291    
     82080   6.9924817    
     82368   6.8179183    
     82656   6.7064772    
     82944   6.5857515    
     83232   6.4554172    
     83520   6.3153086    
     83808   6.2343979    
     84096   6.1421418    
     84384   6.0380058    
     84672   5.9220400    
     84960   5.7944613    
     85248   5.7225170    
     85536   5.6372895    
     85824   5.5390468    
     86112   5.4283624    
     86400   5.3055940    
     86688   5.2339296    
     86976   5.1490955    
     87264   5.0520878    
     87552   4.9439688    
     87840   4.8259249    
     88128   4.6989250    
     88416   4.6194377    
     88704   4.5300908    
     88992   4.4318495    
     89280   4.3256831    
     89568   4.2126780    
     89856   4.0936499    
     90144   3.9695618    
     90432   3.8876901    
     90720   3.7994955    
     91008   3.7058017    
     91296   3.6075766    
     91584   3.5054049    
     91872   3.4000394    
     92160   3.2922058    
     92448   3.1825891    
     92736   3.0718319    
     93024   2.9605477    
     93312   2.8830912    
     93600   2.8034477    
     93888   2.7221587    
     94176   2.6397238    
     94464   2.5567286    
     94752   2.4734745    
     95040   2.3903599    
     95328   2.3077343    
     95616   2.2259173    
     95904   2.1451912    
     96192   2.0658622    
     96480   1.9880849    
     96768   1.9120480    
     97056   1.8379067    
     97344   1.7657930    
     97632   1.6958101    
     97920   1.6280434    
     98208   1.5625989    
     98496   1.4994698    
     98784   1.4386812    
     99072   1.3802440    
     99360   1.3241509    
     99648   1.2703893    
     99936   1.2189300    
    100224   1.1697825    
    100512   1.1228539    
    100800   1.0780965    
    101088   1.0354556    
    101376   1.0169799    
    101664   1.0167451    
    101952   1.0165913    
    102240   1.0164287    
    102528   1.0162625    
    102816   1.0160929    
    103104   1.0159141    
    103392   1.0157328    
    103680   1.0155501    
    103968   1.0153666    
    104256   1.0151827    
    104544   1.0149988    
    104832   1.0148867    
