         1  100000000.    
       288   91783328.    
       576   84970664.    
       864   80589488.    
      1152   77550880.    
      1440   75325008.    
      1728   73069120.    
      2016   71235184.    
      2304   69681240.    
      2592   68339528.    
      2880   67172464.    
      3168   66157868.    
      3456   64760668.    
      3744   63522568.    
      4032   62437596.    
      4320   61500660.    
      4608   60707376.    
      4896   60054268.    
      5184   59052812.    
      5472   58198552.    
      5760   57487012.    
      6048   56914504.    
      6336   56478140.    
      6624   56175904.    
      6912   55545052.    
      7200   55052636.    
      7488   54694764.    
      7776   54470364.    
      8064   54378360.    
      8352   53969748.    
      8640   53696324.    
      8928   53556384.    
      9216   53549000.    
      9504   53674284.    
      9792   53933096.    
     10080   53875748.    
     10368   53952900.    
     10656   54164912.    
     10944   54513040.    
     11232   54999416.    
     11520   55627084.    
     11808   55932172.    
     12096   56377504.    
     12384   56966364.    
     12672   57702284.    
     12960   58589688.    
     13248   59141992.    
     13536   59844596.    
     13824   60700700.    
     14112   61716132.    
     14400   62896928.    
     14688   64250152.    
     14976   65784172.    
     15264   66955360.    
     15552   68304400.    
     15840   69838968.    
     16128   71567744.    
     16416   73500416.    
     16704   75644920.    
     16992   77391552.    
     17280   79347776.    
     17568   81514744.    
     17856   83827768.    
     18144   85991320.    
     18432   87913896.    
     18720   89779704.    
     19008   90929776.    
     19296   92111720.    
     19584   93320208.    
     19872   94548240.    
     20160   95788416.    
     20448   97031128.    
     20736   98272432.    
     21024   98778752.    
     21312   99367856.    
     21600  0.10003039E+09
     21888  0.10075486E+09
     22176  0.10153258E+09
     22464  0.10235590E+09
     22752  0.10321283E+09
     23040  0.10409704E+09
     23328  0.10424909E+09
     23616  0.10452740E+09
     23904  0.10491415E+09
     24192  0.10539026E+09
     24480  0.10594231E+09
     24768  0.10655722E+09
     25056  0.10721858E+09
     25344  0.10791392E+09
     25632  0.10795387E+09
     25920  0.10811967E+09
     26208  0.10838758E+09
     26496  0.10873322E+09
     26784  0.10913890E+09
     27072  0.10958754E+09
     27360  0.11006281E+09
     27648  0.11054395E+09
     27936  0.11022582E+09
     28224  0.11004010E+09
     28512  0.10996142E+09
     28800  0.10996471E+09
     29088  0.11002576E+09
     29376  0.11013346E+09
     29664  0.11028001E+09
     29952  0.11045450E+09
     30240  0.10985660E+09
     30528  0.10947253E+09
     30816  0.10927642E+09
     31104  0.10924270E+09
     31392  0.10934467E+09
     31680  0.10955422E+09
     31968  0.10985378E+09
     32256  0.11022679E+09
     32544  0.10983984E+09
     32832  0.10969910E+09
     33120  0.10975290E+09
     33408  0.10995475E+09
     33696  0.11026437E+09
     33984  0.11064287E+09
     34272  0.11105848E+09
     34560  0.11149410E+09
     34848  0.11111093E+09
     35136  0.11096242E+09
     35424  0.11098815E+09
     35712  0.11113368E+09
     36000  0.11134997E+09
     36288  0.11161114E+09
     36576  0.11189745E+09
     36864  0.11219437E+09
     37152  0.11167266E+09
     37440  0.11139560E+09
     37728  0.11128587E+09
     38016  0.11129504E+09
     38304  0.11138429E+09
     38592  0.11152388E+09
     38880  0.11169178E+09
     39168  0.11187248E+09
     39456  0.11126217E+09
     39744  0.11090641E+09
     40032  0.11072018E+09
     40320  0.11065206E+09
     40608  0.11066199E+09
     40896  0.11071809E+09
     41184  0.11044481E+09
     41472  0.11000282E+09
     41760  0.10880406E+09
     42048  0.10795151E+09
     42336  0.10738384E+09
     42624  0.10703126E+09
     42912  0.10683045E+09
     43200  0.10672334E+09
     43488  0.10666566E+09
     43776  0.10663997E+09
     44064  0.10593998E+09
     44352  0.10552314E+09
     44640  0.10528951E+09
     44928  0.10516763E+09
     45216  0.10510953E+09
     45504  0.10508462E+09
     45792  0.10507429E+09
     46080  0.10506792E+09
     46368  0.10505980E+09
     46656  0.10504702E+09
     46944  0.10502854E+09
     47232  0.10433954E+09
     47520  0.10391854E+09
     47808  0.10366442E+09
     48096  0.10350785E+09
     48384  0.10340424E+09
     48672  0.10332654E+09
     48960  0.10325918E+09
     49248  0.10319373E+09
     49536  0.10312590E+09
     49824  0.10305357E+09
     50112  0.10297590E+09
     50400  0.10289975E+09
     50688  0.10283088E+09
     50976  0.10275952E+09
     51264  0.10268069E+09
     51552  0.10259255E+09
     51840  0.10249490E+09
     52128  0.10238840E+09
     52416  0.10227407E+09
     52704  0.10215270E+09
     52992  0.10202501E+09
     53280  0.10189130E+09
     53568  0.10175208E+09
     53856  0.10160755E+09
     54144  0.10146497E+09
     54432  0.10132944E+09
     54720  0.10119123E+09
     55008  0.10104550E+09
     55296  0.10089065E+09
     55584  0.10072669E+09
     55872  0.10055424E+09
     56160  0.10037442E+09
     56448  0.10018774E+09
     56736   99995032.    
     57024   99800720.    
     57312   99613424.    
     57600  0.10007680E+09
     57888  0.10024205E+09
     58176  0.10022786E+09
     58464  0.10010989E+09
     58752   99933592.    
     59040   99724728.    
     59328   99502152.    
     59616   99279552.    
     59904   99050920.    
     60192   99485320.    
     60480   99610152.    
     60768   99550440.    
     61056   99384664.    
     61344   99159640.    
     61632   98901776.    
     61920   98629344.    
     62208   99047104.    
     62496   99152248.    
     62784   99068856.    
     63072   98875568.    
     63360   98619408.    
     63648   98327232.    
     63936   98717944.    
     64224   98793184.    
     64512   98685312.    
     64800   98468480.    
     65088   98187144.    
     65376   97867192.    
     65664   98246456.    
     65952   98295408.    
     66240   98145568.    
     66528   97884240.    
     66816   97566832.    
     67104   97956784.    
     67392   98004920.    
     67680   97844352.    
     67968   97560096.    
     68256   97960784.    
     68544   98000592.    
     68832   97821384.    
     69120   97517776.    
     69408   97925944.    
     69696   97971352.    
     69984   97792040.    
     70272   97477424.    
     70560   97082552.    
     70848   97427152.    
     71136   97421992.    
     71424   97198968.    
     71712   96846576.    
     72000   97429232.    
     72288   97565640.    
     72576   97419544.    
     72864   97100056.    
     73152   96676320.    
     73440   97007384.    
     73728   96982368.    
     74016   96730360.    
     74304   96337504.    
     74592   96692640.    
     74880   96686552.    
     75168   96445440.    
     75456   96900336.    
     75744   96944968.    
     76032   96722776.    
     76320   96331528.    
     76608   96690352.    
     76896   96672144.    
     77184   96410952.    
     77472   95997680.    
     77760   96356096.    
     78048   96342576.    
     78336   96079320.    
     78624   95652160.    
     78912   95995720.    
     79200   95969432.    
     79488   95692472.    
     79776   95252168.    
     80064   95598592.    
     80352   95581008.    
     80640   95311592.    
     80928   94871184.    
     81216   95209576.    
     81504   95184712.    
     81792   94905856.    
     82080   94456232.    
     82368   93894096.    
     82656   94151064.    
     82944   94080328.    
     83232   93774056.    
     83520   93301352.    
     83808   93607104.    
     84096   93575096.    
     84384   93296928.    
     84672   92841384.    
     84960   92258648.    
     85248   92474616.    
     85536   92379256.    
     85824   92051800.    
     86112   91556952.    
     86400   90940920.    
     86688   91110616.    
     86976   90987344.    
     87264   90640136.    
     87552   90123856.    
     87840   89482776.    
     88128   88748904.    
     88416   88784032.    
     88704   88568016.    
     88992   88154632.    
     89280   87588136.    
     89568   86905848.    
     89856   86133904.    
     90144   85291744.    
     90432   85172832.    
     90720   84856232.    
     91008   84379408.    
     91296   83778800.    
     91584   83078024.    
     91872   82297736.    
     92160   81453560.    
     92448   80557552.    
     92736   79618608.    
     93024   78643760.    
     93312   78318568.    
     93600   77880728.    
     93888   77344680.    
     94176   76725592.    
     94464   76038912.    
     94752   75292248.    
     95040   74493304.    
     95328   73647720.    
     95616   72758584.    
     95904   71825056.    
     96192   70849096.    
     96480   69831336.    
     96768   68775440.    
     97056   67685768.    
     97344   66567220.    
     97632   65425604.    
     97920   64268964.    
     98208   63106356.    
     98496   61943352.    
     98784   60786060.    
     99072   59640248.    
     99360   58511024.    
     99648   57402976.    
     99936   56320256.    
    100224   55268584.    
    100512   54249692.    
    100800   53266580.    
    101088   52321932.    
    101376   51418100.    
    101664   50557184.    
    101952   49327440.    
    102240   48162376.    
    102528   47061936.    
    102816   46026048.    
    103104   45055508.    
    103392   44149332.    
    103680   43307208.    
    103968   42528764.    
    104256   41813640.    
    104544   41161632.    
    104832   40232392.    
