       288   78133264.    
       576   74038184.    
       864   71657800.    
      1152   69910592.    
      1440   68472480.    
      1728   66704916.    
      2016   65105860.    
      2304   63659660.    
      2592   62360304.    
      2880   61202420.    
      3168   60181380.    
      3456   58823872.    
      3744   57612948.    
      4032   56542652.    
      4320   55607880.    
      4608   54804216.    
      4896   54127956.    
      5184   53147292.    
      5472   52300280.    
      5760   51582328.    
      6048   50989680.    
      6336   50519324.    
      6624   50168888.    
      6912   49533072.    
      7200   49021020.    
      7488   48628796.    
      7776   48355068.    
      8064   48198392.    
      8352   47768164.    
      8640   47457380.    
      8928   47264160.    
      9216   47187244.    
      9504   47226308.    
      9792   47381688.    
     10080   47265360.    
     10368   47266204.    
     10656   47384156.    
     10944   47619860.    
     11232   47974788.    
     11520   48451132.    
     11808   48651768.    
     12096   48973048.    
     12384   49417340.    
     12672   49987372.    
     12960   50686608.    
     13248   51100868.    
     13536   51643264.    
     13824   52316272.    
     14112   53124580.    
     14400   54073000.    
     14688   55167312.    
     14976   56414216.    
     15264   57354332.    
     15552   58444772.    
     15840   59692028.    
     16128   61103496.    
     16416   62687776.    
     16704   64451732.    
     16992   65882428.    
     17280   67492360.    
     17568   69290864.    
     17856   71288176.    
     18144   73493824.    
     18432   75922104.    
     18720   78582344.    
     19008   80758784.    
     19296   82324432.    
     19584   83247816.    
     19872   84064304.    
     20160   84826328.    
     20448   85540160.    
     20736   86214232.    
     21024   86257944.    
     21312   86427112.    
     21600   86690248.    
     21888   87020104.    
     22176   87398472.    
     22464   87811728.    
     22752   88245752.    
     23040   88693512.    
     23328   88555424.    
     23616   88595520.    
     23904   88762104.    
     24192   89015600.    
     24480   89331680.    
     24768   89692800.    
     25056   90082792.    
     25344   90492568.    
     25632   90392432.    
     25920   90469344.    
     26208   90667688.    
     26496   90947328.    
     26784   91285624.    
     27072   91666704.    
     27360   92079400.    
     27648   92511736.    
     27936   92351128.    
     28224   92410592.    
     28512   92616288.    
     28800   92917464.    
     29088   93277592.    
     29376   93679760.    
     29664   94111576.    
     29952   94558856.    
     30240   94388560.    
     30528   94458576.    
     30816   94675824.    
     31104   94982384.    
     31392   95338496.    
     31680   95714776.    
     31968   96102248.    
     32256   96492592.    
     32544   96230640.    
     32832   96215120.    
     33120   96336600.    
     33408   96531312.    
     33696   96761024.    
     33984   96997384.    
     34272   97222176.    
     34560   97435584.    
     34848   96991640.    
     35136   96822376.    
     35424   96793440.    
     35712   96830504.    
     36000   96890040.    
     36288   96962512.    
     36576   97040824.    
     36864   97120360.    
     37152   96574800.    
     37440   96326184.    
     37728   96217384.    
     38016   96185688.    
     38304   96197152.    
     38592   96232920.    
     38880   96282264.    
     39168   96338760.    
     39456   95803960.    
     39744   95570408.    
     40032   95471256.    
     40320   95442784.    
     40608   95452128.    
     40896   95481456.    
     41184   95520816.    
     41472   95564520.    
     41760   95044240.    
     42048   94823120.    
     42336   94736824.    
     42624   94712728.    
     42912   94717472.    
     43200   94728640.    
     43488   94734960.    
     43776   94742952.    
     44064   94216248.    
     44352   93984888.    
     44640   93881360.    
     44928   93834880.    
     45216   93814232.    
     45504   93804984.    
     45792   93800064.    
     46080   93795952.    
     46368   93771960.    
     46656   93666408.    
     46944   93558456.    
     47232   92962256.    
     47520   92678176.    
     47808   92527048.    
     48096   92435992.    
     48384   92373536.    
     48672   92325256.    
     48960   92283416.    
     49248   92244232.    
     49536   92205296.    
     49824   92165496.    
     50112   92123912.    
     50400   92086520.    
     50688   92055712.    
     50976   92020768.    
     51264   91979592.    
     51552   91932640.    
     51840   91880632.    
     52128   91824296.    
     52416   91764184.    
     52704   91700608.    
     52992   91633952.    
     53280   91564312.    
     53568   91492064.    
     53856   91417136.    
     54144   91346344.    
     54432   91281840.    
     54720   91213336.    
     55008   91139224.    
     55296   91060032.    
     55584   90976696.    
     55872   90889832.    
     56160   90800280.    
     56448   90708288.    
     56736   90614232.    
     57024   90522376.    
     57312   90438520.    
     57600   90864712.    
     57888   90982768.    
     58176   90983608.    
     58464   90935456.    
     58752   90864584.    
     59040   90782256.    
     59328   90698888.    
     59616   90621480.    
     59904   90541792.    
     60192   90996792.    
     60480   91138168.    
     60768   91159664.    
     61056   91132528.    
     61344   91084808.    
     61632   91028720.    
     61920   90974112.    
     62208   91496736.    
     62496   91703664.    
     62784   91784280.    
     63072   91811696.    
     63360   91815864.    
     63648   91810072.    
     63936   92399352.    
     64224   92676576.    
     64512   92825032.    
     64800   92910400.    
     65088   92962400.    
     65376   92994296.    
     65664   93654672.    
     65952   93985552.    
     66240   94158128.    
     66528   94251152.    
     66816   94303400.    
     67104   95007584.    
     67392   95365552.    
     67680   95539552.    
     67968   95608272.    
     68256   96327912.    
     68544   96683824.    
     68832   96836168.    
     69120   96868736.    
     69408   97583992.    
     69696   97925960.    
     69984   98046352.    
     70272   98028968.    
     70560   97920064.    
     70848   98530816.    
     71136   98779376.    
     71424   98803768.    
     71712   98685008.    
     72000   99494944.    
     72288   99848504.    
     72576   99913640.    
     72864   99793128.    
     73152   99549304.    
     73440  0.10005966E+09
     73728  0.10020068E+09
     74016  0.10010062E+09
     74304   99840960.    
     74592  0.10033378E+09
     74880  0.10045097E+09
     75168  0.10031604E+09
     75456  0.10089136E+09
     75744  0.10104797E+09
     76032  0.10092338E+09
     76320  0.10060922E+09
     76608  0.10105940E+09
     76896  0.10112138E+09
     77184  0.10091889E+09
     77472  0.10053836E+09
     77760  0.10094371E+09
     78048  0.10096657E+09
     78336  0.10072410E+09
     78624  0.10029832E+09
     78912  0.10066262E+09
     79200  0.10064955E+09
     79488  0.10037207E+09
     79776   99907960.    
     80064  0.10024459E+09
     80352  0.10020834E+09
     80640   99906648.    
     80928   99417600.    
     81216   99725600.    
     81504   99665328.    
     81792   99340552.    
     82080   98825608.    
     82368   98176344.    
     82656   98357680.    
     82944   98206216.    
     83232   97811280.    
     83520   97239728.    
     83808   97461264.    
     84096   97339152.    
     84384   96960656.    
     84672   96394808.    
     84960   95690816.    
     85248   95793080.    
     85536   95583648.    
     85824   95138656.    
     86112   94516232.    
     86400   93760080.    
     86688   93789232.    
     86976   93526240.    
     87264   93038224.    
     87552   92379328.    
     87840   91587008.    
     88128   90690448.    
     88416   90553488.    
     88704   90167368.    
     88992   89583784.    
     89280   88846696.    
     89568   87987480.    
     89856   87029056.    
     90144   85992056.    
     90432   85657176.    
     90720   85127008.    
     91008   84435728.    
     91296   83615152.    
     91584   82686464.    
     91872   81669960.    
     92160   80580256.    
     92448   79427960.    
     92736   78219512.    
     93024   76957608.    
     93312   76291168.    
     93600   75499976.    
     93888   74599680.    
     94176   73604320.    
     94464   72525192.    
     94752   71365840.    
     95040   70134312.    
     95328   68839000.    
     95616   67488776.    
     95904   66092572.    
     96192   64659592.    
     96480   63197328.    
     96768   61715292.    
     97056   60221848.    
     97344   58724472.    
     97632   57229808.    
     97920   55743664.    
     98208   54271108.    
     98496   52815020.    
     98784   51379944.    
     99072   49969612.    
     99360   48587212.    
     99648   47235552.    
     99936   45916868.    
    100224   44633116.    
    100512   43383804.    
    100800   42170632.    
    101088   40994656.    
    101376   39856804.    
    101664   38757564.    
    101952   37398252.    
    102240   36113064.    
    102528   34896252.    
    102816   33742944.    
    103104   32648810.    
    103392   31609292.    
    103680   30621816.    
    103968   29683800.    
    104256   28793056.    
    104544   27947372.    
    104832   26928528.    
    105120   25978420.    
    105408   25090530.    
    105696   24259360.    
    105984   23480268.    
    106272   22749350.    
    106560   22063122.    
    106848   21247230.    
    107136   20493028.    
    107424   19793908.    
    107712   19144372.    
    108000   18539892.    
    108288   17976460.    
    108576   17310670.    
    108864   16699039.    
    109152   16135251.    
    109440   15614192.    
    109728   15131630.    
    110016   14683982.    
    110304   14153039.    
    110592   13667491.    
    110880   13221833.    
    111168   12811662.    
    111456   12433195.    
    111744   12083413.    
    112032   11664202.    
    112320   11282504.    
    112608   10933812.    
    112896   10614741.    
    113184   10321985.    
    113472   9971319.0    
    113760   9653767.0    
    114048   9364828.0    
    114336   9101005.0    
    114624   8859498.0    
    114912   8637918.0    
    115200   8365884.5    
    115488   8120834.0    
    115776   7898999.5    
    116064   7697453.5    
    116352   7513860.0    
    116640   7346343.5    
    116928   7134642.0    
    117216   6944818.0    
    117504   6774189.0    
    117792   6620236.0    
    118080   6481031.0    
    118368   6303225.0    
    118656   6144674.0    
    118944   6002789.0    
    119232   5875735.0    
    119520   5761710.5    
    119808   5659288.0    
    120096   5567373.0    
    120384   5440635.5    
    120672   5329346.0    
    120960   5231234.0    
    121248   5144626.0    
    121536   5068243.0    
    121824   5001068.5    
    122112   4902905.5    
    122400   4818146.5    
    122688   4744833.5    
    122976   4681535.5    
    123264   4627275.0    
    123552   4581527.5    
    123840   4543573.5    
    124128   4476536.5    
    124416   4421023.0    
    124704   4375665.0    
    124992   4339227.0    
    125280   4310821.5    
    125568   4289883.0    
    125856   4276262.5    
    126144   4235511.5    
    126432   4205225.5    
    126720   4184250.8    
    127008   4171891.5    
    127296   4167374.8    
    127584   4170190.0    
    127872   4180092.5    
    128160   4197310.0    
    128448   4188242.0    
    128736   4189548.0    
    129024   4200350.5    
    129312   4220225.5    
    129600   4248674.5    
    129888   4285442.0    
    130176   4330525.0    
    130464   4384436.5    
    130752   4416331.5    
    131040   4460013.0    
    131328   4515019.5    
    131616   4581379.5    
    131904   4658979.0    
    132192   4747996.5    
    132480   4848830.5    
    132768   4962154.0    
    133056   5048489.0    
    133344   5151976.5    
    133632   5272172.5    
    133920   5409486.5    
    134208   5564833.5    
    134496   5738877.0    
    134784   5932689.5    
    135072   6147858.0    
    135360   6334099.5    
    135648   6548172.0    
    135936   6790098.0    
    136224   7060715.5    
    136512   7362025.5    
    136800   7696724.5    
    137088   8067114.0    
    137376   8476031.0    
    137664   8851740.0    
    137952   9277028.0    
    138240   9752771.0    
    138528   10281289.    
    138816   10866025.    
    139104   11512132.    
    139392   12226383.    
    139680   13014760.    
    139968   13765416.    
    140256   14607030.    
    140544   15543033.    
    140832   16580832.    
    141120   17730038.    
    141408   18999904.    
    141696   20401648.    
    141984   21948240.    
    142272   23455024.    
    142560   25140518.    
    142848   27015092.    
    143136   29090628.    
    143424   31383080.    
    143712   33911792.    
    144000   36699160.    
    144288   39770352.    
    144576   42803176.    
    144864   46178112.    
    145152   49913592.    
    145440   54029772.    
    145728   58553412.    
    146016   63515960.    
    146304   68952368.    
    146592   74898616.    
    146880   80769344.    
    147168   87214752.    
    147456   94220080.    
    147744  0.10126254E+09
    148032  0.10569861E+09
    148320  0.10856964E+09
    148608  0.11090955E+09
    148896  0.11284519E+09
    149184  0.11369722E+09
    149472  0.11451526E+09
    149760  0.11529043E+09
    150048  0.11602087E+09
    150336  0.11670825E+09
    150624  0.11735439E+09
    150912  0.11796059E+09
    151200  0.11852704E+09
    151488  0.11905476E+09
    151776  0.11954528E+09
    152064  0.12000011E+09
    152352  0.11963082E+09
    152640  0.11946570E+09
    152928  0.11943426E+09
    153216  0.11948766E+09
    153504  0.11959183E+09
    153792  0.11972377E+09
    154080  0.11986755E+09
    154368  0.12001146E+09
    154656  0.12014758E+09
    154944  0.12027173E+09
    155232  0.12038114E+09
    155520  0.12047127E+09
    155808  0.12054722E+09
    156096  0.12060609E+09
    156384  0.12064691E+09
    156672  0.12066946E+09
    156960  0.12067366E+09
    157248  0.12065961E+09
    157536  0.12062720E+09
    157824  0.12057652E+09
    158112  0.12050814E+09
    158400  0.12042238E+09
    158688  0.12031971E+09
    158976  0.12020044E+09
    159264  0.12006314E+09
    159552  0.11991329E+09
    159840  0.11974786E+09
    160128  0.11956623E+09
    160416  0.11936813E+09
    160704  0.11915369E+09
    160992  0.11892318E+09
    161280  0.11867651E+09
    161568  0.11841375E+09
    161856  0.11813506E+09
    162144  0.11783682E+09
    162432  0.11752806E+09
    162720  0.11802641E+09
    163008  0.11825320E+09
    163296  0.11828448E+09
    163584  0.11817626E+09
    163872  0.11796778E+09
    164160  0.11768618E+09
    164448  0.11734692E+09
    164736  0.11696962E+09
    165024  0.11655948E+09
    165312  0.11696352E+09
    165600  0.11708006E+09
    165888  0.11699050E+09
    166176  0.11675432E+09
    166464  0.11641326E+09
    166752  0.11599632E+09
    167040  0.11551990E+09
    167328  0.11586434E+09
    167616  0.11590790E+09
    167904  0.11573614E+09
    168192  0.11541162E+09
    168480  0.11497870E+09
    168768  0.11446826E+09
    169056  0.11477025E+09
    169344  0.11475878E+09
    169632  0.11452538E+09
    169920  0.11413481E+09
    170208  0.11363241E+09
    170496  0.11305026E+09
    170784  0.11329164E+09
    171072  0.11321662E+09
    171360  0.11291725E+09
    171648  0.11245510E+09
    171936  0.11188282E+09
    172224  0.11212635E+09
    172512  0.11203642E+09
    172800  0.11171006E+09
    173088  0.11121702E+09
    173376  0.11150937E+09
    173664  0.11144126E+09
    173952  0.11111780E+09
    174240  0.11060926E+09
    174528  0.11089158E+09
    174816  0.11080434E+09
    175104  0.11045474E+09
    175392  0.10991998E+09
    175680  0.10925443E+09
    175968  0.10941531E+09
    176256  0.10923173E+09
    176544  0.10880362E+09
    176832  0.10819487E+09
    177120  0.10862484E+09
    177408  0.10862257E+09
    177696  0.10831219E+09
    177984  0.10778307E+09
    178272  0.10709825E+09
    178560  0.10723299E+09
    178848  0.10701256E+09
    179136  0.10653817E+09
    179424  0.10588302E+09
    179712  0.10602818E+09
    180000  0.10580486E+09
    180288  0.10531902E+09
    180576  0.10558931E+09
    180864  0.10545416E+09
    181152  0.10502737E+09
    181440  0.10439157E+09
    181728  0.10454797E+09
    182016  0.10432680E+09
    182304  0.10382817E+09
    182592  0.10312931E+09
    182880  0.10323336E+09
    183168  0.10296920E+09
    183456  0.10243911E+09
    183744  0.10171702E+09
    184032  0.10179410E+09
    184320  0.10150994E+09
    184608  0.10096318E+09
    184896  0.10021982E+09
    185184  0.10026897E+09
    185472   99960520.    
    185760   99391536.    
    186048   98633464.    
    186336   98662904.    
    186624   98343800.    
    186912   97768248.    
    187200   96997920.    
    187488   96081064.    
    187776   95967568.    
    188064   95540512.    
    188352   94880624.    
    188640   94048696.    
    188928   93979280.    
    189216   93587616.    
    189504   92947784.    
    189792   92125384.    
    190080   91164936.    
    190368   90964080.    
    190656   90475984.    
    190944   89767120.    
    191232   88885160.    
    191520   87864832.    
    191808   87567464.    
    192096   87002600.    
    192384   86228976.    
    192672   85292208.    
    192960   84219696.    
    193248   83032072.    
    193536   82519304.    
    193824   81776928.    
    194112   80849280.    
    194400   79770936.    
    194688   78562360.    
    194976   77237520.    
    195264   75810880.    
    195552   74967032.    
    195840   73930104.    
    196128   72731744.    
    196416   71392824.    
    196704   69927512.    
    196992   68354712.    
    197280   66691064.    
    197568   64952544.    
    197856   63154824.    
    198144   61308828.    
    198432   59933752.    
    198720   58459892.    
    199008   56914388.    
    199296   55319004.    
    199584   53690344.    
    199872   52039668.    
    200160   50380000.    
    200448   48721424.    
    200736   47072472.    
    201024   45440232.    
    201312   43829460.    
    201600   42243508.    
    201888   40687252.    
    202176   39164644.    
    202464   37678852.    
    202752   36232332.    
    203040   34827016.    
    203328   33463696.    
    203616   32142046.    
    203904   30863412.    
    204192   29628586.    
    204480   28437928.    
    204768   27291474.    
    205056   26188852.    
    205344   25129468.    
    205632   24111438.    
    205920   23134466.    
    206208   22198028.    
    206496   21301296.    
    206784   20443418.    
    207072   19469354.    
    207360   18558806.    
    207648   17705120.    
    207936   16902878.    
    208224   16147356.    
    208512   15434229.    
    208800   14760705.    
    209088   14124202.    
    209376   13522423.    
    209664   12953271.    
    209952   12317056.    
    210240   11727634.    
    210528   11179609.    
    210816   10668608.    
    211104   10191037.    
    211392   9743809.0    
    211680   9324421.0    
    211968   8860064.0    
    212256   8432490.0    
    212544   8037132.5    
    212832   7670274.0    
    213120   7328886.5    
    213408   7010439.0    
    213696   6659645.5    
    213984   6338025.5    
    214272   6041719.5    
    214560   5767662.0    
    214848   5513358.0    
    215136   5276747.5    
    215424   5015856.5    
    215712   4777272.5    
    216000   4557965.0    
    216288   4355478.5    
    216576   4167883.0    
    216864   3993580.0    
    217152   3800576.5    
    217440   3624415.0    
    217728   3462816.2    
    218016   3314067.2    
    218304   3176590.8    
    218592   3024753.5    
    218880   2886662.2    
    219168   2760266.5    
    219456   2643973.8    
    219744   2536543.8    
    220032   2436962.0    
    220320   2325664.0    
    220608   2224586.8    
    220896   2132173.0    
    221184   2047226.4    
    221472   1968794.2    
    221760   1896106.8    
    222048   1813892.6    
    222336   1739264.4    
    222624   1671157.6    
    222912   1608642.4    
    223200   1550984.4    
    223488   1485622.8    
    223776   1426425.6    
    224064   1372472.8    
    224352   1323091.8    
    224640   1277655.2    
    224928   1235685.2    
    225216   1196795.4    
    225504   1151447.6    
    225792   1110487.1    
    226080   1073203.9    
    226368   1039065.2    
    226656   1007664.2    
    226944   978689.25    
    227232   944433.19    
    227520   913606.62    
    227808   885643.06    
    228096   860123.19    
    228384   836759.62    
    228672   815357.50    
    228960   795696.56    
    229248   771460.00    
    229536   749797.00    
    229824   730328.44    
    230112   712722.69    
    230400   696735.00    
    230688   682201.81    
    230976   669039.06    
    231264   651972.31    
    231552   636904.81    
    231840   623543.62    
    232128   611687.25    
    232416   601142.38    
    232704   591763.56    
    232992   583457.00    
    233280   576199.06    
    233568   565486.44    
    233856   556377.12    
    234144   548654.50    
    234432   542174.94    
    234720   536796.31    
    235008   532420.88    
    235296   528997.69    
    235584   526527.69    
    235872   521377.47    
    236160   517618.34    
    236448   515100.50    
    236736   513743.59    
    237024   513454.72    
    237312   514174.22    
    237600   515871.81    
    237888   518559.16    
    238176   518189.59    
    238464   519386.31    
    238752   521976.88    
    239040   525893.19    
    239328   531120.62    
    239616   537620.69    
    239904   545385.44    
    240192   554456.44    
    240480   560368.06    
    240768   568238.38    
    241056   577900.88    
    241344   589274.44    
    241632   602382.56    
    241920   617294.88    
    242208   634041.75    
    242496   652689.12    
    242784   667754.81    
    243072   685627.12    
    243360   706121.00    
    243648   729174.06    
    243936   754818.19    
    244224   783211.25    
    244512   814595.69    
    244800   849128.88    
    245088   879496.88    
    245376   914129.50    
    245664   952900.00    
    245952   995962.00    
    246240   1043591.4    
    246528   1096014.6    
    246816   1153564.6    
    247104   1216660.1    
    247392   1274922.5    
    247680   1340686.8    
    247968   1414074.0    
    248256   1495300.9    
    248544   1584819.4    
    248832   1683267.4    
    249120   1791436.4    
    249408   1910266.2    
    249696   2023848.6    
    249984   2151377.0    
    250272   2293404.2    
    250560   2450661.8    
    250848   2624270.0    
    251136   2815680.2    
    251424   3026633.8    
    251712   3259161.0    
    252000   3486980.8    
    252288   3741753.0    
    252576   4024703.5    
    252864   4337864.0    
    253152   4683890.0    
    253440   5066451.0    
    253728   5489884.5    
    254016   5958260.0    
    254304   6424934.5    
    254592   6946231.5    
    254880   7525131.5    
    255168   8166069.0    
    255456   8874610.0    
    255744   9657362.0    
    256032   10521825.    
    256320   11476518.    
    256608   12530875.    
    256896   13695385.    
    257184   14981604.    
    257472   16275365.    
    257760   17713448.    
    258048   19303684.    
    258336   21056852.    
    258624   22986054.    
    258912   25106282.    
    259200   27434138.    
    259488   29987612.    
    259776   32785922.    
    260064   35849580.    
    260352   39200128.    
    260640   42856956.    
    260928   46839228.    
    261216   51173036.    
    261504   55883772.    
    261792   60996508.    
    262080   66535804.    
    262368   72525168.    
    262656   78983432.    
    262944   85928488.    
    263232   93363984.    
    263520  0.10098048E+09
    263808  0.10610580E+09
    264096  0.10901298E+09
    264384  0.11122554E+09
    264672  0.11293423E+09
    264960  0.11424324E+09
    265248  0.11523445E+09
    265536  0.11597204E+09
    265824  0.11650714E+09
    266112  0.11688022E+09
    266400  0.11712348E+09
    266688  0.11726090E+09
    266976  0.11731047E+09
    267264  0.11728002E+09
    267552  0.11718980E+09
    267840  0.11786478E+09
    268128  0.11825582E+09
    268416  0.11843818E+09
    268704  0.11846558E+09
    268992  0.11837670E+09
    269280  0.11819933E+09
    269568  0.11794722E+09
    269856  0.11764106E+09
    270144  0.11729110E+09
    270432  0.11774993E+09
    270720  0.11792524E+09
    271008  0.11789492E+09
    271296  0.11771462E+09
    271584  0.11742348E+09
    271872  0.11704967E+09
    272160  0.11660655E+09
    272448  0.11698118E+09
    272736  0.11705778E+09
    273024  0.11691923E+09
    273312  0.11662412E+09
    273600  0.11621426E+09
    273888  0.11571928E+09
    274176  0.11603907E+09
    274464  0.11604469E+09
    274752  0.11582414E+09
    275040  0.11544116E+09
    275328  0.11493938E+09
    275616  0.11434957E+09
    275904  0.11458574E+09
    276192  0.11450553E+09
    276480  0.11419816E+09
    276768  0.11372028E+09
    277056  0.11312190E+09
    277344  0.11334079E+09
    277632  0.11322585E+09
    277920  0.11287150E+09
    278208  0.11234474E+09
    278496  0.11260532E+09
    278784  0.11250479E+09
    279072  0.11214533E+09
    279360  0.11159265E+09
    279648  0.11182863E+09
    279936  0.11169355E+09
    280224  0.11129303E+09
    280512  0.11070162E+09
    280800  0.10997088E+09
    281088  0.11006418E+09
    281376  0.10981182E+09
    281664  0.10931187E+09
    281952  0.10862449E+09
    282240  0.10897252E+09
    282528  0.10889130E+09
    282816  0.10850314E+09
    283104  0.10789410E+09
    283392  0.10712419E+09
    283680  0.10716654E+09
    283968  0.10685442E+09
    284256  0.10628802E+09
    284544  0.10553790E+09
    284832  0.10557813E+09
    285120  0.10525042E+09
    285408  0.10466105E+09
    285696  0.10482062E+09
    285984  0.10458150E+09
    286272  0.10405511E+09
    286560  0.10332072E+09
    286848  0.10336531E+09
    287136  0.10303782E+09
    287424  0.10243511E+09
    287712  0.10163026E+09
    288000  0.10161040E+09
    288288  0.10122902E+09
    288576  0.10058677E+09
    288864   99754536.    
    289152   99701024.    
    289440   99294984.    
    289728   98632664.    
    290016   97775584.    
    290304   97684168.    
    290592   97244808.    
    290880   96552376.    
    291168   95675256.    
    291456   95557272.    
    291744   95103248.    
    292032   94401880.    
    292320   93510048.    
    292608   92470056.    
    292896   92194816.    
    293184   91617248.    
    293472   90814704.    
    293760   89844288.    
    294048   89596200.    
    294336   89040720.    
    294624   88246136.    
    294912   87273424.    
    295200   86162960.    
    295488   85760392.    
    295776   85084440.    
    296064   84195944.    
    296352   83135624.    
    296640   81931096.    
    296928   81383888.    
    297216   80579152.    
    297504   79570496.    
    297792   78396840.    
    298080   77078096.    
    298368   75627736.    
    298656   74762848.    
    298944   73666600.    
    299232   72381960.    
    299520   70938584.    
    299808   69355400.    
    300096   67648112.    
    300384   65837676.    
    300672   64526380.    
    300960   63047224.    
    301248   61441628.    
    301536   59739632.    
    301824   57962292.    
    302112   56131916.    
    302400   54266336.    
    302688   52380332.    
    302976   50485992.    
    303264   48591724.    
    303552   47102708.    
    303840   45559160.    
    304128   43985472.    
    304416   42400260.    
    304704   40816672.    
    304992   39243004.    
    305280   37688712.    
    305568   36160960.    
    305856   34665248.    
    306144   33205676.    
    306432   31784332.    
    306720   30402392.    
    307008   29062474.    
    307296   27766342.    
    307584   26515126.    
    307872   25309466.    
    308160   24149542.    
    308448   23034670.    
    308736   21963548.    
    309024   20936166.    
    309312   19952102.    
    309600   19010732.    
    309888   18111212.    
    310176   17252538.    
    310464   16433407.    
    310752   15651766.    
    311040   14906658.    
    311328   14197076.    
    311616   13521902.    
    311904   12879924.    
    312192   12174117.    
    312480   11518490.    
    312768   10907397.    
    313056   10336295.    
    313344   9801284.0    
    313632   9298876.0    
    313920   8826663.0    
    314208   8382475.0    
    314496   7964395.0    
    314784   7570738.0    
    315072   7143605.5    
