         1  0.13300000E+10
       288  0.11596052E+10
       576  0.99563443E+09
       864  0.84539104E+09
      1152  0.71212646E+09
      1440  0.59641267E+09
      1728  0.49680851E+09
      2016  0.41254618E+09
      2304  0.34175206E+09
      2592  0.28258595E+09
      2880  0.23334331E+09
      3168  0.19250064E+09
      3456  0.15863178E+09
      3744  0.13071715E+09
      4032  0.10776268E+09
      4320   88925832.    
      4608   73494880.    
      4896   60829680.    
      5184   50331400.    
      5472   41651336.    
      5760   34475676.    
      6048   28543950.    
      6336   23640396.    
      6624   19586392.    
      6912   16226577.    
      7200   13448963.    
      7488   11152057.    
      7776   9252098.0    
      8064   7679947.0    
      8352   6375388.5    
      8640   5295528.0    
      8928   4401276.0    
      9216   3660388.0    
      9504   3046265.8    
      9792   2536958.5    
     10080   2113156.5    
     10368   1761457.8    
     10656   1469428.4    
     10944   1226797.2    
     11232   1025080.9    
     11520   857272.38    
     11808   717114.25    
     12096   600414.31    
     12384   503177.84    
     12672   422098.66    
     12960   354440.50    
     13248   297723.75    
     13536   250346.50    
     13824   210737.98    
     14112   177596.20    
     14400   149841.38    
     14688   126576.84    
     14976   107057.86    
     15264   90588.141    
     15552   76752.250    
     15840   65117.375    
     16128   55323.297    
     16416   47070.078    
     16704   40107.500    
     16992   34193.836    
     17280   29197.398    
     17568   24971.053    
     17856   21391.771    
     18144   18356.748    
     18432   15780.003    
     18720   13589.548    
     19008   11711.385    
     19296   10111.802    
     19584   8747.6455    
     19872   7582.6265    
     20160   6586.2559    
     20448   5732.8521    
     20736   5000.8535    
     21024   4366.0952    
     21312   3820.4653    
     21600   3350.7173    
     21888   2945.6738    
     22176   2595.8691    
     22464   2293.2842    
     22752   2031.1030    
     23040   1803.5800    
     23328   1603.1913    
     23616   1428.8796    
     23904   1276.9985    
     24192   1144.4500    
     24480   1028.5836    
     24768   927.13501    
     25056   838.16046    
     25344   760.01233    
     25632   690.08105    
     25920   628.49799    
     26208   574.17188    
     26496   526.16821    
     26784   483.67651    
     27072   445.99664    
     27360   412.52365    
     27648   382.72885    
     27936   355.38446    
     28224   330.96716    
     28512   309.11926    
     28800   289.52881    
     29088   271.92554    
     29376   256.07254    
     29664   241.76216    
     29952   228.80901    
     30240   216.55920    
     30528   205.41580    
     30816   195.24875    
     31104   185.94305    
     31392   177.39645    
     31680   169.51999    
     31968   162.23380    
     32256   155.46709    
     32544   148.82292    
     32832   142.60750    
     33120   136.76881    
     33408   131.26091    
     33696   126.04304    
     33984   121.07804    
     34272   116.33604    
     34560   111.78952    
     34848   107.19873    
     35136   102.77896    
     35424   98.511826    
     35712   94.381172    
     36000   90.374634    
     36288   86.481590    
     36576   82.693718    
     36864   79.004364    
     37152   75.281570    
     37440   71.663628    
     37728   68.147766    
     38016   64.731972    
     38304   61.415539    
     38592   58.198074    
     38880   55.079853    
     39168   52.061398    
     39456   49.078613    
     39744   46.206665    
     40032   43.445808    
     40320   40.796101    
     40608   38.257462    
     40896   35.829529    
     41184   33.511711    
     41472   31.303087    
     41760   29.173738    
     42048   27.155689    
     42336   25.246492    
     42624   23.443464    
     42912   21.743633    
     43200   20.143751    
     43488   18.640564    
     43776   17.230553    
     44064   15.899234    
     44352   14.655937    
     44640   13.496644    
     44928   12.417301    
     45216   11.413868    
     45504   10.482363    
     45792   9.6188421    
     46080   8.8194332    
     46368   8.0803356    
     46656   7.3978500    
     46944   6.7683964    
     47232   6.1862593    
     47520   5.6508784    
     47808   5.1589799    
     48096   4.7074494    
     48384   4.2933397    
     48672   3.9138615    
     48960   3.5663915    
     49248   3.2484589    
     49536   2.9577491    
     49824   2.6921048    
     50112   2.4495096    
     50400   2.2280900    
     50688   2.0260980    
     50976   1.8419218    
     51264   1.6740667    
     51552   1.5211505    
     51840   1.3818994    
     52128   1.2551401    
     52416   1.1397915    
     52704   1.0348601    
     52992   1.0000000    
     53280   1.0000000    
     53568   1.0000000    
     53856   1.0000000    
     54144   1.0000000    
     54432   1.0000000    
     54720   1.0000000    
     55008   1.0000000    
     55296   1.0000000    
     55584   1.0000000    
     55872   1.0000000    
     56160   1.0000000    
     56448   1.0000000    
     56736   1.0000000    
     57024   1.0000000    
     57312   1.0000000    
     57600   1.0000000    
     57888   1.0000000    
     58176   1.0000000    
     58464   1.0000000    
     58752   1.0000000    
     59040   1.0000000    
     59328   1.0000000    
     59616   1.0000000    
     59904   1.0000000    
     60192   1.0000000    
     60480   1.0000000    
     60768   1.0000000    
     61056   1.0000000    
     61344   1.0000000    
     61632   1.0000000    
     61920   1.0000000    
     62208   1.0000000    
     62496   1.0000000    
     62784   1.0000000    
     63072   1.0000000    
     63360   1.0000000    
     63648   1.0000000    
     63936   1.0000000    
     64224   1.0000000    
     64512   1.0000000    
     64800   1.0000000    
     65088   1.0000000    
     65376   1.0000000    
     65664   1.0000000    
     65952   1.0000000    
     66240   1.0000000    
     66528   1.0000000    
     66816   1.0000000    
     67104   1.0000000    
     67392   1.0000000    
     67680   1.0000000    
     67968   1.0000000    
     68256   1.0000000    
     68544   1.0000000    
     68832   1.0000000    
     69120   1.0000000    
     69408   1.0000000    
     69696   1.0000000    
     69984   1.0000000    
     70272   1.0000000    
     70560   1.0000000    
     70848   1.0000000    
     71136   1.0000000    
     71424   1.0000000    
     71712   1.0000000    
     72000   1.0000000    
     72288   1.0000000    
     72576   1.0000000    
     72864   1.0000000    
     73152   1.0000000    
     73440   1.0000000    
     73728   1.0000000    
     74016   1.0000000    
     74304   1.0000000    
     74592   1.0000000    
     74880   1.0000000    
     75168   1.0000000    
     75456   1.0000000    
     75744   1.0000000    
     76032   1.0000000    
     76320   1.0000000    
     76608   1.0000000    
     76896   1.0000000    
     77184   1.0000000    
     77472   1.0000000    
     77760   1.0000000    
     78048   1.0000000    
     78336   1.0000000    
     78624   1.0000000    
     78912   1.0000000    
     79200   1.0000000    
     79488   1.0000000    
     79776   1.0000000    
     80064   1.0000000    
     80352   1.0000758    
     80640   1.0005161    
     80928   1.0011370    
     81216   1.0018851    
     81504   1.0027405    
     81792   1.0036929    
     82080   1.0047302    
     82368   1.0058504    
     82656   1.0070401    
     82944   1.0083039    
     83232   1.0096349    
     83520   1.0110300    
     83808   1.0124809    
     84096   1.0139877    
     84384   1.0155487    
     84672   1.0171603    
     84960   1.0188196    
     85248   1.0205081    
     85536   1.0222381    
     85824   1.0239974    
     86112   1.0257854    
     86400   1.0275975    
     86688   1.0294125    
     86976   1.0312384    
     87264   1.0330741    
     87552   1.0349070    
     87840   1.0367336    
     88128   1.0385464    
     88416   1.0403267    
     88704   1.0420823    
     88992   1.0438070    
     89280   1.0454974    
     89568   1.0471431    
     89856   1.0487405    
     90144   1.0502833    
     90432   1.0517533    
     90720   1.0531582    
     91008   1.0544947    
     91296   1.0557592    
     91584   1.0569482    
     91872   1.0580574    
     92160   1.0590829    
     92448   1.0600228    
     92736   1.0608757    
     93024   1.0616376    
     93312   1.0622993    
     93600   1.0628698    
     93888   1.0633502    
     94176   1.0637406    
     94464   1.0640500    
     94752   1.0642713    
     95040   1.0644054    
     95328   1.0644557    
     95616   1.0644243    
     95904   1.0643132    
     96192   1.0641303    
     96480   1.0638821    
     96768   1.0635654    
     97056   1.0631830    
     97344   1.0627645    
     97632   1.0623490    
     97920   1.0619398    
     98208   1.0615449    
     98496   1.0611564    
     98784   1.0607747    
     99072   1.0604001    
     99360   1.0600338    
     99648   1.0596765    
     99936   1.0593331    
    100224   1.0590048    
    100512   1.0586882    
    100800   1.0583825    
    101088   1.0580888    
    101376   1.0578083    
    101664   1.0575409    
    101952   1.0572897    
    102240   1.0570523    
    102528   1.0568353    
    102816   1.0566339    
    103104   1.0564481    
    103392   1.0562776    
    103680   1.0561234    
    103968   1.0559856    
    104256   1.0558641    
    104544   1.0557597    
    104832   1.0556731    
