         1  0.13300000E+10
       288  0.11737640E+10
       576  0.10258620E+10
       864  0.89036698E+09
      1152  0.76894131E+09
      1440  0.66169850E+09
      1728  0.56750714E+09
      2016  0.48578074E+09
      2304  0.41520102E+09
      2592  0.35446374E+09
      2880  0.30234384E+09
      3168  0.25772418E+09
      3456  0.21952454E+09
      3744  0.18696558E+09
      4032  0.15926200E+09
      4320  0.13572758E+09
      4608  0.11576418E+09
      4896   98850208.    
      5184   84506536.    
      5472   72369448.    
      5760   62061240.    
      6048   53236340.    
      6336   45678060.    
      6624   39203640.    
      6912   33647236.    
      7200   28886980.    
      7488   24807918.    
      7776   21311748.    
      8064   18314414.    
      8352   15739379.    
      8640   13531092.    
      8928   11636794.    
      9216   10011363.    
      9504   8616214.0    
      9792   7418356.0    
     10080   6387404.5    
     10368   5501909.5    
     10656   4741108.0    
     10944   4087218.8    
     11232   3525032.5    
     11520   3041523.2    
     11808   2624513.0    
     12096   2265713.2    
     12384   1956888.1    
     12672   1690982.5    
     12960   1461945.1    
     13248   1264034.2    
     13536   1093489.1    
     13824   946466.31    
     14112   819672.50    
     14400   710279.25    
     14688   615859.19    
     14976   534327.81    
     15264   463645.81    
     15552   402580.03    
     15840   349798.28    
     16128   304154.78    
     16416   264664.88    
     16704   230480.91    
     16992   200749.45    
     17280   174997.22    
     17568   152679.38    
     17856   133326.77    
     18144   116535.63    
     18432   101958.31    
     18720   89295.023    
     19008   78227.055    
     19296   68604.469    
     19584   60232.922    
     19872   52944.602    
     20160   46594.723    
     20448   41058.191    
     20736   36227.230    
     21024   31978.641    
     21312   28267.660    
     21600   25023.551    
     21888   22185.188    
     22176   19699.660    
     22464   17521.135    
     22752   15609.848    
     23040   13931.556    
     23328   12441.685    
     23616   11131.728    
     23904   9978.8242    
     24192   8963.1504    
     24480   8067.4854    
     24768   7276.8486    
     25056   6578.1709    
     25344   5960.1978    
     25632   5405.9170    
     25920   4914.9487    
     26208   4479.6265    
     26496   4093.3086    
     26784   3750.1792    
     27072   3445.1689    
     27360   3173.8425    
     27648   2932.3062    
     27936   2712.0784    
     28224   2515.9031    
     28512   2341.0996    
     28800   2185.3254    
     29088   2046.5487    
     29376   1922.9779    
     29664   1813.0538    
     29952   1715.3870    
     30240   1624.9596    
     30528   1544.8396    
     30816   1474.0802    
     31104   1411.8599    
     31392   1357.4626    
     31680   1310.2977    
     31968   1269.8514    
     32256   1235.6970    
     32544   1203.8922    
     32832   1177.7847    
     33120   1157.1246    
     33408   1141.7263    
     33696   1131.4711    
     33984   1126.2856    
     34272   1126.2008    
     34560   1131.2942    
     34848   1137.4946    
     35136   1148.9999    
     35424   1166.0405    
     35712   1188.9167    
     36000   1218.0432    
     36288   1253.9220    
     36576   1297.1730    
     36864   1348.5475    
     37152   1402.4833    
     37440   1465.6934    
     37728   1539.2941    
     38016   1624.6068    
     38304   1723.2053    
     38592   1836.9586    
     38880   1968.0963    
     39168   2119.2725    
     39456   2280.6636    
     39744   2466.3921    
     40032   2680.3694    
     40320   2927.2354    
     40608   3212.5251    
     40896   3542.8628    
     41184   3925.7886    
     41472   4370.1147    
     41760   4852.6636    
     42048   5410.8872    
     42336   6057.4927    
     42624   6807.4316    
     42912   7678.2637    
     43200   8690.3682    
     43488   9868.1514    
     43776   11239.821    
     44064   12733.548    
     44352   14456.742    
     44640   16438.830    
     44928   18711.799    
     45216   21310.150    
     45504   24270.500    
     45792   27631.172    
     46080   31431.672    
     46368   35711.785    
     46656   40510.754    
     46944   45866.207    
     47232   51400.707    
     47520   57468.973    
     47808   64084.594    
     48096   71255.664    
     48384   78983.156    
     48672   87260.234    
     48960   96072.234    
     49248   105395.02    
     49536   115196.00    
     49824   125433.78    
     50112   136057.89    
     50400   147014.19    
     50688   158232.98    
     50976   169643.56    
     51264   181169.64    
     51552   192731.56    
     51840   204247.72    
     52128   215635.39    
     52416   226812.62    
     52704   237700.36    
     52992   248222.45    
     53280   258308.28    
     53568   267892.62    
     53856   276917.25    
     54144   285338.47    
     54432   293106.12    
     54720   300186.00    
     55008   306551.62    
     55296   312184.88    
     55584   317075.62    
     55872   321220.91    
     56160   324625.47    
     56448   327299.88    
     56736   329261.12    
     57024   330532.94    
     57312   331139.69    
     57600   332442.75    
     57888   333127.22    
     58176   333224.09    
     58464   332765.94    
     58752   331786.62    
     59040   330322.25    
     59328   328413.62    
     59616   326094.38    
     59904   323402.22    
     60192   321595.62    
     60480   319462.31    
     60768   317034.97    
     61056   314344.62    
     61344   311421.16    
     61632   308293.09    
     61920   304990.09    
     62208   302705.03    
     62496   300267.81    
     62784   297698.78    
     63072   295016.28    
     63360   292237.44    
     63648   289376.88    
     63936   287601.03    
     64224   285756.53    
     64512   283845.31    
     64800   281886.25    
     65088   279909.75    
     65376   277943.38    
     65664   277194.53    
     65952   276489.94    
     66240   275851.56    
     66528   275303.00    
     66816   274862.28    
     67104   275847.00    
     67392   276990.31    
     67680   278313.25    
     67968   279835.72    
     68256   283041.81    
     68544   286525.88    
     68832   290308.72    
     69120   294414.41    
     69408   300605.75    
     69696   307237.91    
     69984   314334.47    
     70272   321917.94    
     70560   330006.38    
     70848   340907.81    
     71136   352514.47    
     71424   364849.78    
     71712   377932.53    
     72000   395531.47    
     72288   414266.25    
     72576   434167.06    
     72864   455253.62    
     73152   477531.12    
     73440   505388.38    
     73728   534923.25    
     74016   566125.44    
     74304   598954.56    
     74592   639493.75    
     74880   682284.81    
     75168   727224.56    
     75456   782169.44    
     75744   840028.75    
     76032   900578.69    
     76320   963504.38    
     76608   1039697.9    
     76896   1118935.4    
     77184   1200680.0    
     77472   1284152.6    
     77760   1384166.4    
     78048   1486066.9    
     78336   1588863.4    
     78624   1691665.4    
     78912   1814369.5    
     79200   1937663.1    
     79488   2060503.0    
     79776   2181833.8    
     80064   2327488.5    
     80352   2472078.8    
     80640   2614276.2    
     80928   2752720.5    
     81216   2920077.2    
     81504   3084078.0    
     81792   3243145.8    
     82080   3395793.0    
     82368   3540338.5    
     82656   3718872.5    
     82944   3889502.5    
     83232   4050498.5    
     83520   4200205.5    
     83808   4388361.5    
     84096   4565675.0    
     84384   4730094.5    
     84672   4879983.5    
     84960   5013857.0    
     85248   5190864.5    
     85536   5352030.5    
     85824   5495850.5    
     86112   5621207.0    
     86400   5726824.0    
     86688   5879728.0    
     86976   6013197.5    
     87264   6126185.5    
     87552   6217883.5    
     87840   6287892.5    
     88128   6335784.0    
     88416   6434383.0    
     88704   6511350.0    
     88992   6566420.0    
     89280   6599573.0    
     89568   6611238.0    
     89856   6601671.5    
     90144   6571539.0    
     90432   6594038.5    
     90720   6596470.0    
     91008   6579411.0    
     91296   6543936.0    
     91584   6490650.0    
     91872   6420593.5    
     92160   6334907.5    
     92448   6234821.5    
     92736   6121635.5    
     93024   5996748.0    
     93312   5923014.5    
     93600   5837310.5    
     93888   5740726.5    
     94176   5634381.0    
     94464   5519632.0    
     94752   5397396.5    
     95040   5268770.0    
     95328   5134817.0    
     95616   4996563.0    
     95904   4854978.5    
     96192   4711123.0    
     96480   4565757.5    
     96768   4419683.0    
     97056   4273630.0    
     97344   4128267.0    
     97632   3984193.8    
     97920   3841950.5    
     98208   3702114.5    
     98496   3565016.2    
     98784   3431010.0    
     99072   3300388.2    
     99360   3173398.5    
     99648   3050241.0    
     99936   2931064.8    
    100224   2816099.0    
    100512   2705326.2    
    100800   2598798.2    
    101088   2496527.5    
    101376   2398503.0    
    101664   2304698.2    
    101952   2196410.5    
    102240   2093951.6    
    102528   1997104.1    
    102816   1905642.9    
    103104   1819386.6    
    103392   1738079.2    
    103680   1661496.1    
    103968   1589419.0    
    104256   1521633.1    
    104544   1457931.5    
    104832   1387004.8    
