         1  0.13300000E+10
       288  0.11493705E+10
       576  0.98530067E+09
       864  0.83999610E+09
      1152  0.71338138E+09
      1440  0.60422035E+09
      1728  0.51050163E+09
      2016  0.43072768E+09
      2304  0.36305152E+09
      2592  0.30578451E+09
      2880  0.25742406E+09
      3168  0.21665558E+09
      3456  0.18229126E+09
      3744  0.15341794E+09
      4032  0.12919080E+09
      4320  0.10888802E+09
      4608   91893088.    
      4896   77678704.    
      5184   65770532.    
      5472   55722052.    
      5760   47220328.    
      6048   40025916.    
      6336   33936540.    
      6624   28781260.    
      6912   24410584.    
      7200   20709194.    
      7488   17573778.    
      7776   14917088.    
      8064   12665410.    
      8352   10754123.    
      8640   9133646.0    
      8928   7759375.0    
      9216   6593588.5    
      9504   5604399.0    
      9792   4764839.5    
     10080   4051071.8    
     10368   3445089.8    
     10656   2930483.8    
     10944   2493372.2    
     11232   2121994.8    
     11520   1806390.9    
     11808   1537674.9    
     12096   1309259.0    
     12384   1115055.6    
     12672   949903.12    
     12960   809424.56    
     13248   689680.56    
     13536   587807.06    
     13824   501117.16    
     14112   427333.12    
     14400   364519.06    
     14688   311032.25    
     14976   265477.22    
     15264   226577.50    
     15552   193441.38    
     15840   165208.09    
     16128   141146.56    
     16416   120635.37    
     16704   103145.86    
     16992   88187.242    
     17280   75430.172    
     17568   64547.629    
     17856   55261.512    
     18144   47335.121    
     18432   40567.312    
     18720   34786.781    
     19008   29830.189    
     19296   25595.443    
     19584   21976.047    
     19872   18881.391    
     20160   16234.293    
     20448   13968.991    
     20736   12029.566    
     21024   10360.752    
     21312   8931.2959    
     21600   7706.2241    
     21888   6655.7358    
     22176   5754.4277    
     22464   4980.6357    
     22752   4315.8633    
     23040   3744.3872    
     23328   3249.7097    
     23616   2824.1013    
     23904   2457.6387    
     24192   2141.8530    
     24480   1869.5093    
     24768   1634.4263    
     25056   1431.3152    
     25344   1255.6705    
     25632   1102.4524    
     25920   969.77789    
     26208   854.77203    
     26496   754.98071    
     26784   668.29816    
     27072   592.91968    
     27360   527.29822    
     27648   470.10248    
     27936   419.54181    
     28224   375.40881    
     28512   336.84378    
     28800   303.10522    
     29088   273.55841    
     29376   247.65700    
     29664   224.92879    
     29952   204.96567    
     30240   187.04518    
     30528   171.29070    
     30816   157.43335    
     31104   145.24138    
     31392   134.51418    
     31680   125.08037    
     31968   116.79159    
     32256   109.51976    
     32544   102.88908    
     32832   97.091454    
     33120   92.042030    
     33408   87.668365    
     33696   83.909225    
     33984   80.712326    
     34272   78.036751    
     34560   75.848450    
     34848   73.878090    
     35136   72.350342    
     35424   71.249001    
     35712   70.563995    
     36000   70.293640    
     36288   70.442345    
     36576   71.022018    
     36864   72.052429    
     37152   73.255310    
     37440   74.949371    
     37728   77.177277    
     38016   79.993210    
     38304   83.465698    
     38592   87.680023    
     38880   92.742104    
     39168   98.782394    
     39456   105.40222    
     39744   113.25149    
     40032   122.54581    
     40320   133.54956    
     40608   146.58890    
     40896   162.06686    
     41184   180.48317    
     41472   202.45731    
     41760   227.25165    
     42048   256.87924    
     42336   292.39536    
     42624   335.10953    
     42912   386.64792    
     43200   449.01108    
     43488   524.71405    
     43776   616.86566    
     44064   723.56030    
     44352   853.11212    
     44640   1010.7341    
     44928   1202.8704    
     45216   1437.4961    
     45504   1724.4900    
     45792   2076.0967    
     46080   2507.5085    
     46368   3037.5728    
     46656   3689.6985    
     46944   4492.9575    
     47232   5434.6938    
     47520   6586.9727    
     47808   7998.0479    
     48096   9727.3408    
     48384   11847.994    
     48672   14450.057    
     48960   17644.359    
     49248   21567.193    
     49536   26386.230    
     49824   32307.445    
     50112   39583.891    
     50400   48528.465    
     50688   59521.227    
     50976   73029.734    
     51264   89626.391    
     51552   110011.39    
     51840   135040.42    
     52128   165758.14    
     52416   203437.20    
     52704   249625.38    
     52992   306181.56    
     53280   375322.62    
     53568   459699.16    
     53856   562471.69    
     54144   687430.75    
     54432   839012.56    
     54720   1022479.1    
     55008   1244022.5    
     55296   1510908.1    
     55584   1831627.1    
     55872   2216073.0    
     56160   2675733.0    
     56448   3223905.5    
     56736   3875920.2    
     57024   4649468.0    
     57312   5564715.5    
     57600   6706975.0    
     57888   8064488.5    
     58176   9673453.0    
     58464   11575263.    
     58752   13817096.    
     59040   16452475.    
     59328   19542490.    
     59616   23154976.    
     59904   27366442.    
     60192   32566254.    
     60480   38654036.    
     60768   45760264.    
     61056   54030156.    
     61344   63624324.    
     61632   74718496.    
     61920   87498008.    
     62208  0.10313802E+09
     62496  0.12120374E+09
     62784  0.14199040E+09
     63072  0.16581014E+09
     63360  0.19298510E+09
     63648  0.22383467E+09
     63936  0.26108602E+09
     64224  0.30301139E+09
     64512  0.34812064E+09
     64800  0.39073142E+09
     65088  0.42762368E+09
     65376  0.46086346E+09
     65664  0.49545245E+09
     65952  0.52661277E+09
     66240  0.55358752E+09
     66528  0.57588960E+09
     66816  0.59335744E+09
     67104  0.61183379E+09
     67392  0.62560256E+09
     67680  0.63456826E+09
     67968  0.63888371E+09
     68256  0.64521056E+09
     68544  0.64741952E+09
     68832  0.64559949E+09
     69120  0.64008640E+09
     69408  0.63784691E+09
     69696  0.63247949E+09
     69984  0.62410304E+09
     70272  0.61304634E+09
     70560  0.59973754E+09
     70848  0.59068493E+09
     71136  0.57975149E+09
     71424  0.56703712E+09
     71712  0.55281907E+09
     72000  0.54461811E+09
     72288  0.53490979E+09
     72576  0.52364397E+09
     72864  0.51097450E+09
     73152  0.49715277E+09
     73440  0.48765155E+09
     73728  0.47704851E+09
     74016  0.46538285E+09
     74304  0.45281283E+09
     74592  0.44437261E+09
     74880  0.43507136E+09
     75168  0.42488250E+09
     75456  0.41848496E+09
     75744  0.41103901E+09
     76032  0.40256026E+09
     76320  0.39317434E+09
     76608  0.38731043E+09
     76896  0.38050778E+09
     77184  0.37283024E+09
     77472  0.36443082E+09
     77760  0.35940586E+09
     78048  0.35355382E+09
     78336  0.34688704E+09
     78624  0.33946157E+09
     78912  0.33506810E+09
     79200  0.32979395E+09
     79488  0.32365405E+09
     79776  0.31673357E+09
     80064  0.31261958E+09
     80352  0.30765651E+09
     80640  0.30186371E+09
     80928  0.29531146E+09
     81216  0.29129261E+09
     81504  0.28644794E+09
     81792  0.28082070E+09
     82080  0.27449968E+09
     82368  0.26759390E+09
     82656  0.26304898E+09
     82944  0.25784798E+09
     83232  0.25203597E+09
     83520  0.24568064E+09
     83808  0.24144197E+09
     84096  0.23660955E+09
     84384  0.23122954E+09
     84672  0.22536344E+09
     84960  0.21907899E+09
     85248  0.21469822E+09
     85536  0.20983558E+09
     85824  0.20453858E+09
     86112  0.19887030E+09
     86400  0.19289122E+09
     86688  0.18859253E+09
     86976  0.18391949E+09
     87264  0.17891392E+09
     87552  0.17362298E+09
     87840  0.16809947E+09
     88128  0.16239098E+09
     88416  0.15810526E+09
     88704  0.15357229E+09
     88992  0.14882762E+09
     89280  0.14390827E+09
     89568  0.13885472E+09
     89856  0.13369939E+09
     90144  0.12847570E+09
     90432  0.12438160E+09
     90720  0.12015925E+09
     91008  0.11583529E+09
     91296  0.11144028E+09
     91584  0.10699497E+09
     91872  0.10252298E+09
     92160   98046128.    
     92448   93583992.    
     92736   89154400.    
     93024   84775872.    
     93312   81167536.    
     93600   77562248.    
     93888   73977872.    
     94176   70430064.    
     94464   66935548.    
     94752   63505768.    
     95040   60153860.    
     95328   56891776.    
     95616   53729356.    
     95904   50674592.    
     96192   47734712.    
     96480   44913404.    
     96768   42213560.    
     97056   39636964.    
     97344   37184068.    
     97632   34854400.    
     97920   32646548.    
     98208   30559014.    
     98496   28588416.    
     98784   26731426.    
     99072   24984312.    
     99360   23342986.    
     99648   21803170.    
     99936   20360394.    
    100224   19010674.    
    100512   17748930.    
    100800   16570562.    
    101088   15471054.    
    101376   14445951.    
    101664   13490896.    
    101952   12519140.    
    102240   11621189.    
    102528   10791749.    
    102816   10025831.    
    103104   9318937.0    
    103392   8666515.0    
    103680   8064457.0    
    103968   7508938.0    
    104256   6996396.5    
    104544   6523508.0    
    104832   6050210.0    
