         1  0.12825865    
       288  0.58576028E-03
       576  0.45877165E-03
       864  0.37215388E-03
      1152  0.31243675E-03
      1440  0.26968820E-03
      1728  0.23828213E-03
      2016  0.21460596E-03
      2304  0.19641570E-03
      2592  0.18223420E-03
      2880  0.17105791E-03
      3168  0.16222270E-03
      3456  0.15532396E-03
      3744  0.14997188E-03
      4032  0.14600340E-03
      4320  0.14322891E-03
      4608  0.14144460E-03
      4896  0.14049545E-03
      5184  0.14025076E-03
      5472  0.14063591E-03
      5760  0.14157356E-03
      6048  0.14300348E-03
      6336  0.14487632E-03
      6624  0.14714980E-03
      6912  0.14977597E-03
      7200  0.15273798E-03
      7488  0.15601599E-03
      7776  0.15959493E-03
      8064  0.16346147E-03
      8352  0.16760280E-03
      8640  0.17201595E-03
      8928  0.17669419E-03
      9216  0.18163274E-03
      9504  0.18682776E-03
      9792  0.19227649E-03
     10080  0.19797517E-03
     10368  0.20392633E-03
     10656  0.21013044E-03
     10944  0.21658896E-03
     11232  0.22330372E-03
     11520  0.23027786E-03
     11808  0.23751131E-03
     12096  0.24501048E-03
     12384  0.25277917E-03
     12672  0.26082227E-03
     12960  0.26914396E-03
     13248  0.27774964E-03
     13536  0.28664319E-03
     13824  0.29583223E-03
     14112  0.30532386E-03
     14400  0.31512283E-03
     14688  0.32523938E-03
     14976  0.33567657E-03
     15264  0.34644385E-03
     15552  0.35755013E-03
     15840  0.36900636E-03
     16128  0.38081978E-03
     16416  0.39299074E-03
     16704  0.40553437E-03
     16992  0.41845237E-03
     17280  0.43175698E-03
     17568  0.44545624E-03
     17856  0.45955626E-03
     18144  0.47406513E-03
     18432  0.48900180E-03
     18720  0.50436694E-03
     19008  0.52017038E-03
     19296  0.53641992E-03
     19584  0.55312674E-03
     19872  0.57030120E-03
     20160  0.58795506E-03
     20448  0.60610491E-03
     20736  0.62475243E-03
     21024  0.64390828E-03
     21312  0.66358224E-03
     21600  0.68378425E-03
     21888  0.70452713E-03
     22176  0.72582217E-03
     22464  0.74768061E-03
     22752  0.77011506E-03
     23040  0.79315022E-03
     23328  0.81678329E-03
     23616  0.84102759E-03
     23904  0.86589443E-03
     24192  0.89139631E-03
     24480  0.91754593E-03
     24768  0.94435760E-03
     25056  0.97184384E-03
     25344  0.10000193E-02
     25632  0.10288992E-02
     25920  0.10585039E-02
     26208  0.10888397E-02
     26496  0.11199234E-02
     26784  0.11517678E-02
     27072  0.11843916E-02
     27360  0.12178095E-02
     27648  0.12520393E-02
     27936  0.12870996E-02
     28224  0.13230153E-02
     28512  0.13597958E-02
     28800  0.13974590E-02
     29088  0.14360234E-02
     29376  0.14755104E-02
     29664  0.15159391E-02
     29952  0.15573299E-02
     30240  0.15997065E-02
     30528  0.16430898E-02
     30816  0.16875020E-02
     31104  0.17329658E-02
     31392  0.17795049E-02
     31680  0.18271490E-02
     31968  0.18759228E-02
     32256  0.19258520E-02
     32544  0.19769699E-02
     32832  0.20292993E-02
     33120  0.20828741E-02
     33408  0.21376954E-02
     33696  0.21938176E-02
     33984  0.22512763E-02
     34272  0.23101065E-02
     34560  0.23703217E-02
     34848  0.24319668E-02
     35136  0.24950737E-02
     35424  0.25596761E-02
     35712  0.26258125E-02
     36000  0.26935211E-02
     36288  0.27628273E-02
     36576  0.28337811E-02
     36864  0.29064093E-02
     37152  0.29807512E-02
     37440  0.30568363E-02
     37728  0.31347065E-02
     38016  0.32143889E-02
     38304  0.32959075E-02
     38592  0.33792960E-02
     38880  0.34645651E-02
     39168  0.35517286E-02
     39456  0.36407937E-02
     39744  0.37317430E-02
     40032  0.38245483E-02
     40320  0.39191539E-02
     40608  0.40154769E-02
     40896  0.41133873E-02
     41184  0.42127036E-02
     41472  0.43131667E-02
     41760  0.44144266E-02
     42048  0.45160055E-02
     42336  0.46172952E-02
     42624  0.47175321E-02
     42912  0.48158155E-02
     43200  0.49111587E-02
     43488  0.50025494E-02
     43776  0.50890842E-02
     44064  0.51700356E-02
     44352  0.52449335E-02
     44640  0.53135538E-02
     44928  0.53759017E-02
     45216  0.54321582E-02
     45504  0.54826187E-02
     45792  0.55276514E-02
     46080  0.55676582E-02
     46368  0.56030634E-02
     46656  0.56342725E-02
     46944  0.56616934E-02
     47232  0.56857043E-02
     47520  0.57066553E-02
     47808  0.57248683E-02
     48096  0.57406374E-02
     48384  0.57542273E-02
     48672  0.57658791E-02
     48960  0.57758032E-02
     49248  0.57841861E-02
     49536  0.57911957E-02
     49824  0.57969717E-02
     50112  0.58016488E-02
     50400  0.58053341E-02
     50688  0.58081178E-02
     50976  0.58100866E-02
     51264  0.58113094E-02
     51552  0.58118459E-02
     51840  0.58117434E-02
     52128  0.58110403E-02
     52416  0.58097756E-02
     52704  0.58079720E-02
     52992  0.58056507E-02
     53280  0.58028284E-02
     53568  0.57995124E-02
     53856  0.57957098E-02
     54144  0.57914262E-02
     54432  0.57866550E-02
     54720  0.57813958E-02
     55008  0.57756416E-02
     55296  0.57693766E-02
     55584  0.57625948E-02
     55872  0.57552764E-02
     56160  0.57474049E-02
     56448  0.57389596E-02
     56736  0.57299184E-02
     57024  0.57202564E-02
     57312  0.57099476E-02
     57600  0.56987884E-02
     57888  0.56868740E-02
     58176  0.56741638E-02
     58464  0.56606135E-02
     58752  0.56461692E-02
     59040  0.56307828E-02
     59328  0.56143934E-02
     59616  0.55969432E-02
     59904  0.55783670E-02
     60192  0.55580838E-02
     60480  0.55364077E-02
     60768  0.55132480E-02
     61056  0.54885051E-02
     61344  0.54620709E-02
     61632  0.54338449E-02
     61920  0.54037217E-02
     62208  0.53704237E-02
     62496  0.53347517E-02
     62784  0.52965679E-02
     63072  0.52557425E-02
     63360  0.52121598E-02
     63648  0.51657236E-02
     63936  0.51141125E-02
     64224  0.50593745E-02
     64512  0.50030472E-02
     64800  0.49499227E-02
     65088  0.49022408E-02
     65376  0.48579071E-02
     65664  0.89319891E+15
     65952  0.47705621E-02
     66240  0.47315806E-02
     66528  0.46960409E-02
     66816  0.46639042E-02
     67104  0.46308497E-02
     67392  0.46009556E-02
     67680  0.45741918E-02
     67968  0.45503774E-02
     68256  0.45248163E-02
     68544  0.45017768E-02
     68832  0.44811592E-02
     69120  0.44627045E-02
     69408  0.44416212E-02
     69696  0.44223056E-02
     69984  0.44046706E-02
     70272  0.43884879E-02
     70560  0.43734708E-02
     70848  0.43551731E-02
     71136  0.43377937E-02
     71424  0.43212716E-02
     71712  0.43054270E-02
     72000  0.42851097E-02
     72288  0.42654793E-02
     72576  0.42465772E-02
     72864  0.42283065E-02
     73152  0.42105080E-02
     73440  0.41894317E-02
     73728  0.41688033E-02
     74016  0.41486095E-02
     74304  0.41287481E-02
     74592  0.41057738E-02
     74880  0.40831231E-02
     75168  0.40608230E-02
     75456  0.40356792E-02
     75744  0.40110219E-02
     76032  0.39868443E-02
     76320  0.39630756E-02
     76608  0.39367108E-02
     76896  0.39108004E-02
     77184  0.38853132E-02
     77472  0.38601528E-02
     77760  0.38325710E-02
     78048  0.38054206E-02
     78336  0.37787000E-02
     78624  0.37523864E-02
     78912  0.37239599E-02
     79200  0.36960514E-02
     79488  0.36686605E-02
     79776  0.36417393E-02
     80064  0.36129383E-02
     80352  0.35846869E-02
     80640  0.35569775E-02
     80928  0.35297817E-02
     81216  0.35009636E-02
     81504  0.34727301E-02
     81792  0.34450623E-02
     82080  0.34179168E-02
     82368  0.33912335E-02
     82656  0.33631355E-02
     82944  0.33355756E-02
     83232  0.33085407E-02
     83520  0.32819987E-02
     83808  0.32542695E-02
     84096  0.32270958E-02
     84384  0.32004577E-02
     84672  0.31743292E-02
     84960  0.31486838E-02
     85248  0.31220685E-02
     85536  0.30960019E-02
     85824  0.30704683E-02
     86112  0.30454386E-02
     86400  0.30208873E-02
     86688  0.29955814E-02
     86976  0.29708201E-02
     87264  0.29465877E-02
     87552  0.29228705E-02
     87840  0.28996449E-02
     88128  0.28768948E-02
     88416  0.28536238E-02
     88704  0.28308888E-02
     88992  0.28086782E-02
     89280  0.27869793E-02
     89568  0.27657808E-02
     89856  0.27450728E-02
     90144  0.27248419E-02
     90432  0.27043419E-02
     90720  0.26843753E-02
     91008  0.26649339E-02
     91296  0.26460118E-02
     91584  0.26276032E-02
     91872  0.26097021E-02
     92160  0.25923064E-02
     92448  0.25754070E-02
     92736  0.25590069E-02
     93024  0.25430988E-02
     93312  0.25272120E-02
     93600  0.25118561E-02
     93888  0.24970309E-02
     94176  0.24827314E-02
     94464  0.24689548E-02
     94752  0.24556988E-02
     95040  0.24429620E-02
     95328  0.24307403E-02
     95616  0.24190340E-02
     95904  0.24078414E-02
     96192  0.23971633E-02
     96480  0.23869977E-02
     96768  0.23773499E-02
     97056  0.23682187E-02
     97344  0.23596096E-02
     97632  0.23515222E-02
     97920  0.23439624E-02
     98208  0.23369305E-02
     98496  0.23304317E-02
     98784  0.23244701E-02
     99072  0.23190479E-02
     99360  0.23141706E-02
     99648  0.23098411E-02
     99936  0.23060627E-02
    100224  0.23028406E-02
    100512  0.23001756E-02
    100800  0.22980750E-02
    101088  0.22965409E-02
    101376  0.22955749E-02
    101664  0.22951809E-02
    101952  0.22954543E-02
    102240  0.22962976E-02
    102528  0.22977123E-02
    102816  0.22997027E-02
    103104  0.23022711E-02
    103392  0.23054203E-02
    103680  0.23091529E-02
    103968  0.23134705E-02
    104256  0.23183746E-02
    104544  0.23238659E-02
    104832  0.23300021E-02
