       288   2133.1313    
       576   2132.4543    
       864   2131.9082    
      1152   2131.4509    
      1440   2131.0610    
      1728   2130.8630    
      2016   2130.7188    
      2304   2130.6167    
      2592   2130.5432    
      2880   2130.4905    
      3168   2130.4707    
      3456   2130.5930    
      3744   2130.7263    
      4032   2130.8738    
      4320   2131.0205    
      4608   2131.1777    
      4896   2131.3176    
      5184   2131.5808    
      5472   2131.8391    
      5760   2132.0879    
      6048   2132.3303    
      6336   2132.5474    
      6624   2132.7568    
      6912   2133.0544    
      7200   2133.3323    
      7488   2133.5977    
      7776   2133.8303    
      8064   2134.0466    
      8352   2134.3416    
      8640   2134.6082    
      8928   2134.8552    
      9216   2135.0637    
      9504   2135.2520    
      9792   2135.3928    
     10080   2135.6135    
     10368   2135.8047    
     10656   2135.9622    
     10944   2136.0815    
     11232   2136.1692    
     11520   2136.2017    
     11808   2136.3135    
     12096   2136.3826    
     12384   2136.4182    
     12672   2136.4092    
     12960   2136.3462    
     13248   2136.3606    
     13536   2136.3335    
     13824   2136.2588    
     14112   2136.1343    
     14400   2135.9639    
     14688   2135.7417    
     14976   2135.4548    
     15264   2135.2366    
     15552   2134.9631    
     15840   2134.6318    
     16128   2134.2380    
     16416   2133.7747    
     16704   2133.2400    
     16992   2132.7747    
     17280   2132.2466    
     17568   2131.6477    
     17856   2130.9756    
     18144   2130.2197    
     18432   2129.3633    
     18720   2128.4158    
     19008   2127.5459    
     19296   2126.6172    
     19584   2125.6667    
     19872   2124.7068    
     20160   2123.7515    
     20448   2122.7959    
     20736   2121.8496    
     21024   2121.0989    
     21312   2120.3760    
     21600   2119.6714    
     21888   2118.9810    
     22176   2118.3003    
     22464   2117.6277    
     22752   2116.9668    
     23040   2116.3098    
     23328   2115.8525    
     23616   2115.4180    
     23904   2114.9922    
     24192   2114.5769    
     24480   2114.1572    
     24768   2113.7368    
     25056   2113.3132    
     25344   2112.8840    
     25632   2112.6245    
     25920   2112.3694    
     26208   2112.1108    
     26496   2111.8438    
     26784   2111.5593    
     27072   2111.2646    
     27360   2110.9470    
     27648   2110.6145    
     27936   2110.4629    
     28224   2110.3079    
     28512   2110.1365    
     28800   2109.9404    
     29088   2109.7175    
     29376   2109.4612    
     29664   2109.1736    
     29952   2108.8599    
     30240   2108.7332    
     30528   2108.5977    
     30816   2108.4348    
     31104   2108.2461    
     31392   2108.0269    
     31680   2107.7781    
     31968   2107.5027    
     32256   2107.2039    
     32544   2107.1191    
     32832   2107.0361    
     33120   2106.9419    
     33408   2106.8369    
     33696   2106.7183    
     33984   2106.5898    
     34272   2106.4556    
     34560   2106.3171    
     34848   2106.4238    
     35136   2106.5537    
     35424   2106.6895    
     35712   2106.8237    
     36000   2106.9607    
     36288   2107.1008    
     36576   2107.2434    
     36864   2107.3928    
     37152   2107.7903    
     37440   2108.2090    
     37728   2108.6318    
     38016   2109.0510    
     38304   2109.4634    
     38592   2109.8701    
     38880   2110.2725    
     39168   2110.6714    
     39456   2111.2996    
     39744   2111.9365    
     40032   2112.5632    
     40320   2113.1743    
     40608   2113.7671    
     40896   2114.3416    
     41184   2114.9006    
     41472   2115.4485    
     41760   2116.2104    
     42048   2116.9688    
     42336   2117.7056    
     42624   2118.4177    
     42912   2119.1042    
     43200   2119.7686    
     43488   2120.4106    
     43776   2121.0349    
     44064   2121.8623    
     44352   2122.6812    
     44640   2123.4751    
     44928   2124.2388    
     45216   2124.9741    
     45504   2125.6794    
     45792   2126.3630    
     46080   2127.0261    
     46368   2127.6724    
     46656   2128.3074    
     46944   2128.9392    
     47232   2129.7778    
     47520   2130.6130    
     47808   2131.4231    
     48096   2132.2048    
     48384   2132.9578    
     48672   2133.6826    
     48960   2134.3843    
     49248   2135.0637    
     49536   2135.7261    
     49824   2136.3721    
     50112   2137.0049    
     50400   2137.6262    
     50688   2138.2344    
     50976   2138.8325    
     51264   2139.4236    
     51552   2140.0093    
     51840   2140.5898    
     52128   2141.1677    
     52416   2141.7419    
     52704   2142.3125    
     52992   2142.8799    
     53280   2143.4441    
     53568   2144.0073    
     53856   2144.5681    
     54144   2145.1272    
     54432   2145.6833    
     54720   2146.2366    
     55008   2146.7854    
     55296   2147.3308    
     55584   2147.8728    
     55872   2148.4114    
     56160   2148.9473    
     56448   2149.4807    
     56736   2150.0093    
     57024   2150.5337    
     57312   2151.0518    
     57600   2151.3481    
     57888   2151.6428    
     58176   2151.9553    
     58464   2152.2854    
     58752   2152.6350    
     59040   2152.9988    
     59328   2153.3735    
     59616   2153.7559    
     59904   2154.1421    
     60192   2154.3115    
     60480   2154.4834    
     60768   2154.6763    
     61056   2154.8933    
     61344   2155.1343    
     61632   2155.3945    
     61920   2155.6670    
     62208   2155.7197    
     62496   2155.7847    
     62784   2155.8767    
     63072   2156.0007    
     63360   2156.1543    
     63648   2156.3311    
     63936   2156.2944    
     64224   2156.2791    
     64512   2156.3020    
     64800   2156.3643    
     65088   2156.4646    
     65376   2156.5999    
     65664   2156.5244    
     65952   2156.4778    
     66240   2156.4775    
     66528   2156.5281    
     66816   2156.6272    
     67104   2156.5166    
     67392   2156.4463    
     67680   2156.4319    
     67968   2156.4773    
     68256   2156.3208    
     68544   2156.2175    
     68832   2156.1841    
     69120   2156.2190    
     69408   2156.0544    
     69696   2155.9507    
     69984   2155.9207    
     70272   2155.9658    
     70560   2156.0833    
     70848   2155.9915    
     71136   2155.9626    
     71424   2156.0042    
     71712   2156.1182    
     72000   2155.9517    
     72288   2155.8523    
     72576   2155.8311    
     72864   2155.8945    
     73152   2156.0371    
     73440   2155.9700    
     73728   2155.9697    
     74016   2156.0474    
     74304   2156.1995    
     74592   2156.1384    
     74880   2156.1470    
     75168   2156.2351    
     75456   2156.1099    
     75744   2156.0623    
     76032   2156.1001    
     76320   2156.2244    
     76608   2156.1360    
     76896   2156.1272    
     77184   2156.2004    
     77472   2156.3577    
     77760   2156.2993    
     78048   2156.3167    
     78336   2156.4158    
     78624   2156.5920    
     78912   2156.5496    
     79200   2156.5830    
     79488   2156.6943    
     79776   2156.8840    
     80064   2156.8525    
     80352   2156.8955    
     80640   2157.0161    
     80928   2157.2117    
     81216   2157.1858    
     81504   2157.2339    
     81792   2157.3582    
     82080   2157.5559    
     82368   2157.8220    
     82656   2157.8628    
     82944   2157.9709    
     83232   2158.1475    
     83520   2158.3877    
     83808   2158.4058    
     84096   2158.4907    
     84384   2158.6453    
     84672   2158.8665    
     84960   2159.1482    
     85248   2159.2097    
     85536   2159.3345    
     85824   2159.5217    
     86112   2159.7695    
     86400   2160.0718    
     86688   2160.1604    
     86976   2160.3074    
     87264   2160.5132    
     87552   2160.7717    
     87840   2161.0801    
     88128   2161.4343    
     88416   2161.5825    
     88704   2161.7815    
     88992   2162.0286    
     89280   2162.3196    
     89568   2162.6477    
     89856   2163.0110    
     90144   2163.4011    
     90432   2163.5955    
     90720   2163.8284    
     91008   2164.0952    
     91296   2164.3889    
     91584   2164.7087    
     91872   2165.0474    
     92160   2165.4031    
     92448   2165.7690    
     92736   2166.1433    
     93024   2166.5215    
     93312   2166.7244    
     93600   2166.9436    
     93888   2167.1792    
     94176   2167.4265    
     94464   2167.6804    
     94752   2167.9397    
     95040   2168.2046    
     95328   2168.4705    
     95616   2168.7380    
     95904   2169.0044    
     96192   2169.2666    
     96480   2169.5208    
     96768   2169.7700    
     97056   2170.0132    
     97344   2170.2512    
     97632   2170.4832    
     97920   2170.6968    
     98208   2170.9026    
     98496   2171.1021    
     98784   2171.2876    
     99072   2171.4624    
     99360   2171.6306    
     99648   2171.7881    
     99936   2171.9358    
    100224   2172.0740    
    100512   2172.2009    
    100800   2172.3191    
    101088   2172.4307    
    101376   2172.5376    
    101664   2172.6323    
    101952   2172.7964    
    102240   2172.9365    
    102528   2173.0583    
    102816   2173.1658    
    103104   2173.2600    
    103392   2173.3406    
    103680   2173.4102    
    103968   2173.4729    
    104256   2173.5276    
    104544   2173.5808    
    104832   2173.6843    
    105120   2173.7676    
    105408   2173.8354    
    105696   2173.8916    
    105984   2173.9397    
    106272   2173.9817    
    106560   2174.0173    
    106848   2174.0911    
    107136   2174.1470    
    107424   2174.1941    
    107712   2174.2302    
    108000   2174.2598    
    108288   2174.2888    
    108576   2174.3416    
    108864   2174.3894    
    109152   2174.4172    
    109440   2174.4509    
    109728   2174.4697    
    110016   2174.4893    
    110304   2174.5295    
    110592   2174.5642    
    110880   2174.5906    
    111168   2174.6072    
    111456   2174.6238    
    111744   2174.6321    
    112032   2174.6694    
    112320   2174.6965    
    112608   2174.7134    
    112896   2174.7266    
    113184   2174.7402    
    113472   2174.7690    
    113760   2174.7837    
    114048   2174.7996    
    114336   2174.8147    
    114624   2174.8213    
    114912   2174.8252    
    115200   2174.8477    
    115488   2174.8694    
    115776   2174.8860    
    116064   2174.8950    
    116352   2174.8962    
    116640   2174.8926    
    116928   2174.9180    
    117216   2174.9360    
    117504   2174.9456    
    117792   2174.9482    
    118080   2174.9482    
    118368   2174.9573    
    118656   2174.9575    
    118944   2174.9561    
    119232   2174.9661    
    119520   2174.9851    
    119808   2174.9983    
    120096   2175.0063    
    120384   2175.0239    
    120672   2175.0374    
    120960   2175.0449    
    121248   2175.0471    
    121536   2175.0447    
    121824   2175.0376    
    122112   2175.0439    
    122400   2175.0437    
    122688   2175.0378    
    122976   2175.0317    
    123264   2175.0312    
    123552   2175.0339    
    123840   2175.0359    
    124128   2175.0522    
    124416   2175.0627    
    124704   2175.0688    
    124992   2175.0715    
    125280   2175.0715    
    125568   2175.0691    
    125856   2175.0647    
    126144   2175.0742    
    126432   2175.0798    
    126720   2175.0825    
    127008   2175.0825    
    127296   2175.0808    
    127584   2175.0784    
    127872   2175.0752    
    128160   2175.0715    
    128448   2175.0815    
    128736   2175.0886    
    129024   2175.0940    
    129312   2175.0981    
    129600   2175.1001    
    129888   2175.0999    
    130176   2175.0979    
    130464   2175.0933    
    130752   2175.0986    
    131040   2175.0964    
    131328   2175.0886    
    131616   2175.0808    
    131904   2175.0745    
    132192   2175.0693    
    132480   2175.0642    
    132768   2175.0581    
    133056   2175.0610    
    133344   2175.0547    
    133632   2175.0469    
    133920   2175.0334    
    134208   2175.0176    
    134496   2175.0039    
    134784   2174.9932    
    135072   2174.9746    
    135360   2174.9712    
    135648   2174.9561    
    135936   2174.9353    
    136224   2174.9143    
    136512   2174.8943    
    136800   2174.8694    
    137088   2174.8408    
    137376   2174.8115    
    137664   2174.7910    
    137952   2174.7649    
    138240   2174.7317    
    138528   2174.6907    
    138816   2174.6516    
    139104   2174.5984    
    139392   2174.5454    
    139680   2174.4910    
    139968   2174.4500    
    140256   2174.3938    
    140544   2174.3264    
    140832   2174.2476    
    141120   2174.1633    
    141408   2174.0649    
    141696   2173.9519    
    141984   2173.8315    
    142272   2173.7349    
    142560   2173.6072    
    142848   2173.4590    
    143136   2173.2859    
    143424   2173.0852    
    143712   2172.8616    
    144000   2172.6082    
    144288   2172.3235    
    144576   2172.0767    
    144864   2171.7600    
    145152   2171.3840    
    145440   2170.9468    
    145728   2170.4426    
    146016   2169.8577    
    146304   2169.1807    
    146592   2168.3997    
    146880   2167.6519    
    147168   2166.7490    
    147456   2165.6863    
    147744   2164.4644    
    148032   2163.1826    
    148320   2161.9636    
    148608   2160.8328    
    148896   2159.7842    
    149184   2159.0464    
    149472   2158.3616    
    149760   2157.7295    
    150048   2157.1477    
    150336   2156.6099    
    150624   2156.1113    
    150912   2155.6487    
    151200   2155.2209    
    151488   2154.8245    
    151776   2154.4587    
    152064   2154.1233    
    152352   2154.0571    
    152640   2153.9976    
    152928   2153.9436    
    153216   2153.8918    
    153504   2153.8420    
    153792   2153.7939    
    154080   2153.7502    
    154368   2153.7114    
    154656   2153.6790    
    154944   2153.6548    
    155232   2153.6414    
    155520   2153.6389    
    155808   2153.6499    
    156096   2153.6748    
    156384   2153.7102    
    156672   2153.7571    
    156960   2153.8154    
    157248   2153.8857    
    157536   2153.9670    
    157824   2154.0588    
    158112   2154.1616    
    158400   2154.2759    
    158688   2154.3989    
    158976   2154.5310    
    159264   2154.6729    
    159552   2154.8254    
    159840   2154.9858    
    160128   2155.1558    
    160416   2155.3296    
    160704   2155.5115    
    160992   2155.6982    
    161280   2155.8901    
    161568   2156.0850    
    161856   2156.2871    
    162144   2156.4937    
    162432   2156.7063    
    162720   2156.6780    
    163008   2156.6851    
    163296   2156.7290    
    163584   2156.8091    
    163872   2156.9211    
    164160   2157.0627    
    164448   2157.2300    
    164736   2157.4185    
    165024   2157.6213    
    165312   2157.5913    
    165600   2157.6069    
    165888   2157.6680    
    166176   2157.7703    
    166464   2157.9070    
    166752   2158.0720    
    167040   2158.2622    
    167328   2158.2251    
    167616   2158.2454    
    167904   2158.3164    
    168192   2158.4304    
    168480   2158.5803    
    168768   2158.7578    
    169056   2158.7095    
    169344   2158.7280    
    169632   2158.8035    
    169920   2158.9253    
    170208   2159.0825    
    170496   2159.2671    
    170784   2159.2256    
    171072   2159.2522    
    171360   2159.3352    
    171648   2159.4644    
    171936   2159.6277    
    172224   2159.5708    
    172512   2159.5908    
    172800   2159.6685    
    173088   2159.7922    
    173376   2159.7063    
    173664   2159.7039    
    173952   2159.7676    
    174240   2159.8867    
    174528   2159.7957    
    174816   2159.7944    
    175104   2159.8625    
    175392   2159.9824    
    175680   2160.1421    
    175968   2160.0828    
    176256   2160.1074    
    176544   2160.1953    
    176832   2160.3315    
    177120   2160.1899    
    177408   2160.1582    
    177696   2160.2031    
    177984   2160.3057    
    178272   2160.4536    
    178560   2160.3855    
    178848   2160.4026    
    179136   2160.4900    
    179424   2160.6265    
    179712   2160.5510    
    180000   2160.5664    
    180288   2160.6555    
    180576   2160.5422    
    180864   2160.5278    
    181152   2160.5969    
    181440   2160.7161    
    181728   2160.6274    
    182016   2160.6396    
    182304   2160.7178    
    182592   2160.8484    
    182880   2160.7700    
    183168   2160.7859    
    183456   2160.8716    
    183744   2161.0100    
    184032   2160.9341    
    184320   2160.9519    
    184608   2161.0349    
    184896   2161.1738    
    185184   2161.0996    
    185472   2161.1262    
    185760   2161.2122    
    186048   2161.3462    
    186336   2161.2769    
    186624   2161.2991    
    186912   2161.3845    
    187200   2161.5205    
    187488   2161.6829    
    187776   2161.6406    
    188064   2161.6831    
    188352   2161.7849    
    188640   2161.9229    
    188928   2161.8618    
    189216   2161.8921    
    189504   2161.9827    
    189792   2162.1143    
    190080   2162.2722    
    190368   2162.2317    
    190656   2162.2747    
    190944   2162.3704    
    191232   2162.5034    
    191520   2162.6616    
    191808   2162.6306    
    192096   2162.6772    
    192384   2162.7744    
    192672   2162.9045    
    192960   2163.0564    
    193248   2163.2224    
    193536   2163.2134    
    193824   2163.2715    
    194112   2163.3723    
    194400   2163.5010    
    194688   2163.6448    
    194976   2163.8015    
    195264   2163.9614    
    195552   2163.9663    
    195840   2164.0291    
    196128   2164.1277    
    196416   2164.2471    
    196704   2164.3794    
    196992   2164.5166    
    197280   2164.6550    
    197568   2164.7927    
    197856   2164.9292    
    198144   2165.0615    
    198432   2165.0757    
    198720   2165.1326    
    199008   2165.2124    
    199296   2165.3032    
    199584   2165.3994    
    199872   2165.4961    
    200160   2165.5916    
    200448   2165.6824    
    200736   2165.7690    
    201024   2165.8508    
    201312   2165.9272    
    201600   2166.0022    
    201888   2166.0713    
    202176   2166.1367    
    202464   2166.1990    
    202752   2166.2571    
    203040   2166.3096    
    203328   2166.3625    
    203616   2166.4114    
    203904   2166.4570    
    204192   2166.4995    
    204480   2166.5388    
    204768   2166.5762    
    205056   2166.6113    
    205344   2166.6438    
    205632   2166.6763    
    205920   2166.7053    
    206208   2166.7351    
    206496   2166.7622    
    206784   2166.7859    
    207072   2166.8416    
    207360   2166.8806    
    207648   2166.9077    
    207936   2166.9309    
    208224   2166.9514    
    208512   2166.9646    
    208800   2166.9824    
    209088   2166.9958    
    209376   2167.0112    
    209664   2167.0256    
    209952   2167.0608    
    210240   2167.0796    
    210528   2167.0967    
    210816   2167.1089    
    211104   2167.1213    
    211392   2167.1284    
    211680   2167.1316    
    211968   2167.1560    
    212256   2167.1719    
    212544   2167.1797    
    212832   2167.1890    
    213120   2167.1997    
    213408   2167.2036    
    213696   2167.2151    
    213984   2167.2258    
    214272   2167.2380    
    214560   2167.2422    
    214848   2167.2395    
    215136   2167.2351    
    215424   2167.2485    
    215712   2167.2622    
    216000   2167.2754    
    216288   2167.2861    
    216576   2167.2898    
    216864   2167.2869    
    217152   2167.2991    
    217440   2167.3118    
    217728   2167.3184    
    218016   2167.3179    
    218304   2167.3115    
    218592   2167.3115    
    218880   2167.3049    
    219168   2167.2983    
    219456   2167.2917    
    219744   2167.2854    
    220032   2167.2798    
    220320   2167.2854    
    220608   2167.2981    
    220896   2167.3130    
    221184   2167.3276    
    221472   2167.3423    
    221760   2167.3569    
    222048   2167.3713    
    222336   2167.3855    
    222624   2167.3997    
    222912   2167.4133    
    223200   2167.4270    
    223488   2167.4407    
    223776   2167.4539    
    224064   2167.4670    
    224352   2167.4761    
    224640   2167.4797    
    224928   2167.4783    
    225216   2167.4719    
    225504   2167.4739    
    225792   2167.4688    
    226080   2167.4578    
    226368   2167.4417    
    226656   2167.4209    
    226944   2167.3958    
    227232   2167.3794    
    227520   2167.3567    
    227808   2167.3318    
    228096   2167.3071    
    228384   2167.2842    
    228672   2167.2664    
    228960   2167.2590    
    229248   2167.2520    
    229536   2167.2468    
    229824   2167.2451    
    230112   2167.2451    
    230400   2167.2451    
    230688   2167.2451    
    230976   2167.2451    
    231264   2167.2451    
    231552   2167.2451    
    231840   2167.2451    
    232128   2167.2451    
    232416   2167.2451    
    232704   2167.2451    
    232992   2167.2451    
    233280   2167.2451    
    233568   2167.2451    
    233856   2167.2451    
    234144   2167.2451    
    234432   2167.2451    
    234720   2167.2451    
    235008   2167.2451    
    235296   2167.2451    
    235584   2167.2451    
    235872   2167.2451    
    236160   2167.2451    
    236448   2167.2451    
    236736   2167.2451    
    237024   2167.2451    
    237312   2167.2451    
    237600   2167.2451    
    237888   2167.2451    
    238176   2167.2451    
    238464   2167.2451    
    238752   2167.2451    
    239040   2167.2451    
    239328   2167.2451    
    239616   2167.2451    
    239904   2167.2451    
    240192   2167.2451    
    240480   2167.2451    
    240768   2167.2451    
    241056   2167.2422    
    241344   2167.2371    
    241632   2167.2290    
    241920   2167.2183    
    242208   2167.2053    
    242496   2167.1938    
    242784   2167.1890    
    243072   2167.1777    
    243360   2167.1641    
    243648   2167.1523    
    243936   2167.1423    
    244224   2167.1348    
    244512   2167.1294    
    244800   2167.1265    
    245088   2167.1289    
    245376   2167.1311    
    245664   2167.1335    
    245952   2167.1357    
    246240   2167.1377    
    246528   2167.1396    
    246816   2167.1416    
    247104   2167.1436    
    247392   2167.1450    
    247680   2167.1462    
    247968   2167.1477    
    248256   2167.1440    
    248544   2167.1372    
    248832   2167.1289    
    249120   2167.1233    
    249408   2167.1155    
    249696   2167.1089    
    249984   2167.1038    
    250272   2167.1001    
    250560   2167.0952    
    250848   2167.0884    
    251136   2167.0837    
    251424   2167.0779    
    251712   2167.0671    
    252000   2167.0571    
    252288   2167.0481    
    252576   2167.0413    
    252864   2167.0276    
    253152   2167.0105    
    253440   2166.9968    
    253728   2166.9805    
    254016   2166.9609    
    254304   2166.9478    
    254592   2166.9285    
    254880   2166.9041    
    255168   2166.8779    
    255456   2166.8516    
    255744   2166.8188    
    256032   2166.7842    
    256320   2166.7458    
    256608   2166.7029    
    256896   2166.6577    
    257184   2166.6057    
    257472   2166.5667    
    257760   2166.5093    
    258048   2166.4441    
    258336   2166.3699    
    258624   2166.2898    
    258912   2166.2002    
    259200   2166.0999    
    259488   2165.9873    
    259776   2165.8630    
    260064   2165.7236    
    260352   2165.5681    
    260640   2165.3945    
    260928   2165.2009    
    261216   2164.9822    
    261504   2164.7361    
    261792   2164.4580    
    262080   2164.1423    
    262368   2163.7844    
    262656   2163.3782    
    262944   2162.9133    
    263232   2162.3840    
    263520   2161.7849    
    263808   2161.1907    
    264096   2160.6951    
    264384   2160.2949    
    264672   2159.9636    
    264960   2159.6865    
    265248   2159.4556    
    265536   2159.2651    
    265824   2159.1096    
    266112   2158.9866    
    266400   2158.8936    
    266688   2158.8254    
    266976   2158.7800    
    267264   2158.7576    
    267552   2158.7524    
    267840   2158.5530    
    268128   2158.4307    
    268416   2158.3630    
    268704   2158.3289    
    268992   2158.3313    
    269280   2158.3523    
    269568   2158.3999    
    269856   2158.4614    
    270144   2158.5359    
    270432   2158.4060    
    270720   2158.3494    
    271008   2158.3416    
    271296   2158.3726    
    271584   2158.4319    
    271872   2158.5112    
    272160   2158.6084    
    272448   2158.5000    
    272736   2158.4690    
    273024   2158.4919    
    273312   2158.5530    
    273600   2158.6389    
    273888   2158.7439    
    274176   2158.6426    
    274464   2158.6257    
    274752   2158.6665    
    275040   2158.7444    
    275328   2158.8469    
    275616   2158.9666    
    275904   2158.8789    
    276192   2158.8782    
    276480   2158.9307    
    276768   2159.0210    
    277056   2159.1382    
    277344   2159.0496    
    277632   2159.0547    
    277920   2159.1145    
    278208   2159.2104    
    278496   2159.1079    
    278784   2159.1042    
    279072   2159.1606    
    279360   2159.2581    
    279648   2159.1602    
    279936   2159.1621    
    280224   2159.2249    
    280512   2159.3262    
    280800   2159.4531    
    281088   2159.3748    
    281376   2159.3948    
    281664   2159.4705    
    281952   2159.5845    
    282240   2159.4453    
    282528   2159.4280    
    282816   2159.4822    
    283104   2159.5803    
    283392   2159.7031    
    283680   2159.6262    
    283968   2159.6492    
    284256   2159.7292    
    284544   2159.8445    
    284832   2159.7639    
    285120   2159.7893    
    285408   2159.8730    
    285696   2159.7708    
    285984   2159.7786    
    286272   2159.8513    
    286560   2159.9602    
    286848   2159.8762    
    287136   2159.8962    
    287424   2159.9778    
    287712   2160.0962    
    288000   2160.0198    
    288288   2160.0471    
    288576   2160.1306    
    288864   2160.2476    
    289152   2160.1716    
    289440   2160.1970    
    289728   2160.2803    
    290016   2160.3972    
    290304   2160.3262    
    290592   2160.3557    
    290880   2160.4414    
    291168   2160.5571    
    291456   2160.4856    
    291744   2160.5127    
    292032   2160.5947    
    292320   2160.7092    
    292608   2160.8423    
    292896   2160.7871    
    293184   2160.8264    
    293472   2160.9148    
    293760   2161.0278    
    294048   2160.9658    
    294336   2160.9988    
    294624   2161.0825    
    294912   2161.1936    
    295200   2161.3181    
    295488   2161.2698    
    295776   2161.3071    
    296064   2161.3911    
    296352   2161.5002    
    296640   2161.6233    
    296928   2161.5845    
    297216   2161.6274    
    297504   2161.7141    
    297792   2161.8210    
    298080   2161.9399    
    298368   2162.0642    
    298656   2162.0420    
    298944   2162.0935    
    299232   2162.1809    
    299520   2162.2864    
    299808   2162.4009    
    300096   2162.5173    
    300384   2162.6340    
    300672   2162.6279    
    300960   2162.6816    
    301248   2162.7634    
    301536   2162.8574    
    301824   2162.9543    
    302112   2163.0530    
    302400   2163.1462    
    302688   2163.2361    
    302976   2163.3208    
    303264   2163.4014    
    303552   2163.3984    
    303840   2163.4365    
    304128   2163.4907    
    304416   2163.5522    
    304704   2163.6133    
    304992   2163.6733    
    305280   2163.7300    
    305568   2163.7839    
    305856   2163.8340    
    306144   2163.8813    
    306432   2163.9260    
    306720   2163.9688    
    307008   2164.0073    
    307296   2164.0447    
    307584   2164.0784    
    307872   2164.1113    
    308160   2164.1404    
    308448   2164.1689    
    308736   2164.1943    
    309024   2164.2188    
    309312   2164.2434    
    309600   2164.2654    
    309888   2164.2866    
    310176   2164.3069    
    310464   2164.3242    
    310752   2164.3403    
    311040   2164.3591    
    311328   2164.3728    
    311616   2164.3882    
    311904   2164.3999    
    312192   2164.4326    
    312480   2164.4524    
    312768   2164.4666    
    313056   2164.4795    
    313344   2164.4836    
    313632   2164.4939    
    313920   2164.5034    
    314208   2164.5125    
    314496   2164.5225    
    314784   2164.5256    
    315072   2164.5393    
