         1   100.00000    
       288   121.17810    
       576   126.95761    
       864   122.34781    
      1152   112.68709    
      1440   101.28496    
      1728   89.626205    
      2016   78.597809    
      2304   68.842705    
      2592   60.424164    
      2880   53.259293    
      3168   47.215477    
      3456   42.091618    
      3744   37.702614    
      4032   33.909702    
      4320   30.606794    
      4608   27.711388    
      4896   25.158365    
      5184   22.895695    
      5472   20.881174    
      5760   19.080311    
      6048   17.464603    
      6336   16.010317    
      6624   14.697462    
      6912   13.509170    
      7200   12.431046    
      7488   11.450752    
      7776   10.557639    
      8064   9.7425194    
      8352   8.9973478    
      8640   8.3151026    
      8928   7.6896100    
      9216   7.1154299    
      9504   6.5877433    
      9792   6.1022763    
     10080   5.6552029    
     10368   5.2431240    
     10656   4.8629847    
     10944   4.5120382    
     11232   4.1878142    
     11520   3.8880875    
     11808   3.6108365    
     12096   3.3542273    
     12384   3.1166124    
     12672   2.8964751    
     12960   2.6924388    
     13248   2.5032489    
     13536   2.3277586    
     13824   2.1649175    
     14112   2.0137646    
     14400   1.8734183    
     14688   1.7430677    
     14976   1.6219704    
     15264   1.5094422    
     15552   1.4053777    
     15840   1.3115057    
     16128   1.2299116    
     16416   1.1632828    
     16704   1.1135176    
     16992   1.0782603    
     17280   1.0557520    
     17568   1.0463704    
     17856   1.0507008    
     18144   1.0687141    
     18432   1.0994517    
     18720   1.1428587    
     19008   1.1983787    
     19296   1.2656977    
     19584   1.3465111    
     19872   1.4426743    
     20160   1.5564435    
     20448   1.6906461    
     20736   1.8489039    
     21024   2.0330446    
     21312   2.2448304    
     21600   2.4892085    
     21888   2.7725148    
     22176   3.1018248    
     22464   3.4857092    
     22752   3.9348145    
     23040   4.4625893    
     23328   5.0792551    
     23616   5.7950854    
     23904   6.6288056    
     24192   7.6041217    
     24480   8.7476768    
     24768   10.091364    
     25056   11.674106    
     25344   13.543847    
     25632   15.740456    
     25920   18.301865    
     26208   21.286676    
     26496   24.763981    
     26784   28.801701    
     27072   33.469822    
     27360   38.836205    
     27648   44.965557    
     27936   51.865974    
     28224   59.476112    
     28512   67.755608    
     28800   76.643494    
     29088   86.061218    
     29376   95.873711    
     29664   105.92401    
     29952   116.05905    
     30240   126.01237    
     30528   135.47421    
     30816   144.35092    
     31104   152.61278    
     31392   160.30156    
     31680   167.50952    
     31968   174.27780    
     32256   180.66306    
     32544   186.54079    
     32832   191.85240    
     33120   196.73991    
     33408   201.34213    
     33696   205.77560    
     33984   210.16159    
     34272   214.60521    
     34560   219.08467    
     34848   223.31656    
     35136   227.11343    
     35424   230.65073    
     35712   234.11333    
     36000   237.65282    
     36288   241.25804    
     36576   244.91832    
     36864   248.62032    
     37152   252.04372    
     37440   255.04938    
     37728   257.92163    
     38016   260.74704    
     38304   263.59299    
     38592   266.49957    
     38880   269.48203    
     39168   272.53809    
     39456   275.30859    
     39744   277.66812    
     40032   279.94934    
     40320   282.24051    
     40608   284.60327    
     40896   287.47092    
     41184   294.17322    
     41472   301.95200    
     41760   308.72559    
     42048   313.73322    
     42336   317.38647    
     42624   320.18988    
     42912   322.55560    
     43200   324.83652    
     43488   327.24863    
     43776   329.72601    
     44064   331.67752    
     44352   333.00974    
     44640   334.22171    
     44928   335.56491    
     45216   337.12784    
     45504   338.90805    
     45792   340.86115    
     46080   342.93170    
     46368   345.06662    
     46656   347.22345    
     46944   349.37061    
     47232   350.84616    
     47520   351.61841    
     47808   352.27408    
     48096   353.07791    
     48384   354.10547    
     48672   355.33691    
     48960   356.71579    
     49248   358.18124    
     49536   359.68088    
     49824   361.17462    
     50112   362.63470    
     50400   363.95108    
     50688   365.05215    
     50976   366.09357    
     51264   367.12488    
     51552   368.14606    
     51840   369.14151    
     52128   370.09268    
     52416   370.98444    
     52704   371.80701    
     52992   372.55298    
     53280   373.21881    
     53568   373.80200    
     53856   374.30176    
     54144   374.62274    
     54432   374.70282    
     54720   374.71082    
     55008   374.69806    
     55296   374.66492    
     55584   374.59396    
     55872   374.46643    
     56160   374.26697    
     56448   373.98578    
     56736   373.61618    
     57024   373.06250    
     57312   372.25684    
     57600   372.31223    
     57888   373.10684    
     58176   373.79721    
     58464   374.08215    
     58752   373.91772    
     59040   373.36118    
     59328   372.40515    
     59616   371.05603    
     59904   369.53650    
     60192   368.92624    
     60480   369.06366    
     60768   369.06137    
     61056   368.61295    
     61344   367.68008    
     61632   366.32910    
     61920   364.56439    
     62208   363.42105    
     62496   362.93192    
     62784   362.27866    
     63072   361.18066    
     63360   359.60608    
     63648   357.61929    
     63936   356.34210    
     64224   355.59546    
     64512   354.45392    
     64800   352.78931    
     65088   350.63535    
     65376   348.07758    
     65664   346.25171    
     65952   345.07043    
     66240   343.66888    
     66528   341.67819    
     66816   339.00174    
     67104   336.90155    
     67392   335.38388    
     67680   333.62878    
     67968   331.35400    
     68256   329.56247    
     68544   328.20923    
     68832   326.49341    
     69120   324.09265    
     69408   321.95673    
     69696   320.21027    
     69984   318.12985    
     70272   315.47577    
     70560   312.23666    
     70848   309.49139    
     71136   307.26990    
     71424   304.80893    
     71712   301.77316    
     72000   299.31732    
     72288   297.53207    
     72576   295.49475    
     72864   292.85672    
     73152   289.55554    
     73440   286.59549    
     73728   284.06619    
     74016   281.28668    
     74304   277.99600    
     74592   275.01367    
     74880   272.33649    
     75168   269.38394    
     75456   266.80814    
     75744   264.59726    
     76032   262.07822    
     76320   258.98657    
     76608   256.10895    
     76896   253.54552    
     77184   250.67044    
     77472   247.19273    
     77760   243.93285    
     78048   241.03255    
     78336   237.94202    
     78624   234.42145    
     78912   231.15343    
     79200   228.24438    
     79488   225.16420    
     79776   221.64308    
     80064   218.26726    
     80352   215.21039    
     80640   212.00845    
     80928   208.44298    
     81216   205.09331    
     81504   202.07854    
     81792   198.94623    
     82080   195.45270    
     82368   191.47487    
     82656   187.64943    
     82944   184.16203    
     83232   180.63632    
     83520   176.87537    
     83808   173.33473    
     84096   170.11206    
     84384   166.80821    
     84672   163.25708    
     84960   159.38414    
     85248   155.64784    
     85536   152.20085    
     85824   148.74896    
     86112   145.11559    
     86400   141.19511    
     86688   137.38972    
     86976   133.85094    
     87264   130.33821    
     87552   126.71168    
     87840   122.88900    
     88128   118.82217    
     88416   114.85098    
     88704   111.12264    
     88992   107.46281    
     89280   103.76578    
     89568   99.967751    
     89856   96.030128    
     90144   91.957016    
     90432   87.996758    
     90720   84.270500    
     91008   80.664177    
     91296   77.103516    
     91584   73.539604    
     91872   69.955688    
     92160   66.346924    
     92448   62.716774    
     92736   59.073864    
     93024   55.429649    
     93312   51.924873    
     93600   48.641609    
     93888   45.528488    
     94176   42.550140    
     94464   39.683037    
     94752   36.911686    
     95040   34.229008    
     95328   31.632128    
     95616   29.126968    
     95904   26.739813    
     96192   24.488625    
     96480   22.386768    
     96768   20.439896    
     97056   18.654009    
     97344   17.036110    
     97632   15.585836    
     97920   14.281658    
     98208   13.105354    
     98496   12.041535    
     98784   11.077079    
     99072   10.200741    
     99360   9.4028769    
     99648   8.6751032    
     99936   8.0101290    
    100224   7.4016032    
    100512   6.8439426    
    100800   6.3322244    
    101088   5.8620982    
    101376   5.4297247    
    101664   5.0316629    
    101952   4.6648493    
    102240   4.3265429    
    102528   4.0142789    
    102816   3.7258444    
    103104   3.4592435    
    103392   3.2126689    
    103680   2.9844859    
    103968   2.7732093    
    104256   2.5774927    
    104544   2.3961060    
    104832   2.2279317    
