         1   100.00000    
        24   10155.771    
        48   6998.0410    
        72   5198.5977    
        96   4112.6206    
       120   3427.9775    
       144   2984.2000    
       168   2694.8079    
       192   2510.4619    
       216   2401.2537    
       240   2347.9880    
       264   2337.6877    
       288   2361.1123    
       312   2411.3677    
       336   2483.1084    
       360   2572.0388    
       384   2674.6328    
       408   2787.9390    
       432   2909.4631    
       456   3037.0859    
       480   3169.0007    
       504   3303.6655    
       528   3439.7727    
       552   3576.2246    
       576   3712.0969    
       600   3846.6289    
       624   3979.2002    
       648   4109.3115    
       672   4236.5693    
       696   4360.6748    
       720   4481.4043    
       744   4598.6021    
       768   4712.1743    
       792   4822.0630    
       816   4928.2676    
       840   5030.8120    
       864   5129.7510    
       888   5225.1714    
       912   5317.1792    
       936   5405.9097    
       960   5491.5171    
       984   5574.1694    
      1008   5654.0562    
      1032   5731.3784    
      1056   5549.2153    
      1080   5157.8105    
      1104   4718.0093    
      1128   4299.3159    
      1152   3933.9670    
      1176   3633.1580    
      1200   3397.3447    
      1224   3247.4280    
      1248   3164.7170    
      1272   3116.6633    
      1296   3101.8403    
      1320   3117.8901    
      1344   3161.6565    
      1368   3229.6406    
      1392   3318.2815    
      1416   3424.1143    
      1440   3543.8828    
      1464   3674.6082    
      1488   3813.5857    
      1512   3958.4365    
      1536   4107.0688    
      1560   4257.6885    
      1584   4408.7690    
      1608   4559.0312    
      1632   4707.4258    
      1656   4852.5938    
      1680   4993.2700    
      1704   5129.1890    
      1728   5260.2314    
      1752   5386.3965    
      1776   5507.7832    
      1800   5624.5933    
      1824   5737.1040    
      1848   5845.6558    
      1872   5950.6733    
      1896   6052.6133    
      1920   6151.9780    
      1944   6249.3057    
      1968   6344.9482    
      1992   6439.2207    
      2016   6532.7832    
      2040   6626.2603    
      2064   6719.9756    
      2088   6814.5884    
      2112   6910.7295    
      2136   7008.9834    
      2160   7109.8867    
      2184   7213.9155    
      2208   7321.4863    
      2232   7432.9541    
      2256   7548.6133    
      2280   7668.6831    
      2304   7793.3228    
      2328   7922.6128    
      2352   8056.5835    
      2376   8195.1641    
      2400   8338.2217    
      2424   8485.5664    
      2448   8833.4248    
      2472   9104.2148    
      2496   9309.1279    
      2520   9477.2295    
      2544   9627.6113    
      2568   9772.0918    
      2592   9917.4131    
      2616   10066.845    
      2640   10221.426    
      2664   10380.821    
      2688   10543.949    
      2712   10709.379    
      2736   10875.638    
      2760   11041.353    
      2784   11205.352    
      2808   11366.592    
      2832   11524.187    
      2856   11677.632    
      2880   11826.742    
      2904   11971.498    
      2928   12111.977    
      2952   12248.306    
      2976   12611.874    
      3000   12903.167    
      3024   13449.213    
      3048   13691.527    
      3072   13785.303    
      3096   13823.073    
      3120   13853.171    
      3144   13896.418    
      3168   13149.934    
      3192   12243.805    
      3216   11602.096    
      3240   11261.497    
      3264   11147.393    
      3288   11176.016    
      3312   11282.760    
      3336   11424.748    
      3360   11576.691    
      3384   11725.228    
      3408   11864.487    
      3432   11992.928    
      3456   12111.206    
      3480   12220.900    
      3504   12323.743    
      3528   12421.305    
      3552   12514.811    
      3576   12605.156    
      3600   12692.929    
      3624   12778.488    
      3648   12862.060    
      3672   12943.737    
      3696   13023.561    
      3720   13101.550    
      3744   13177.687    
      3768   13251.931    
      3792   13324.273    
      3816   13394.696    
      3840   13463.170    
      3864   13529.664    
      3888   13594.149    
      3912   13656.607    
      3936   13717.014    
      3960   13775.336    
      3984   13831.544    
      4008   13885.611    
      4032   13937.499    
      4056   13987.193    
      4080   14034.649    
      4104   14079.837    
      4128   14122.705    
      4152   14163.255    
      4176   14201.430    
      4200   14237.193    
      4224   14270.517    
      4248   14301.360    
      4272   14329.688    
      4296   14355.484    
      4320   14378.681    
      4344   14399.260    
      4368   14417.171    
      4392   14432.398    
      4416   14444.899    
      4440   14454.634    
      4464   14461.569    
      4488   14465.605    
      4512   14466.509    
      4536   14464.404    
      4560   14459.302    
      4584   14451.213    
      4608   14440.108    
      4632   14425.964    
      4656   14408.733    
      4680   14388.360    
      4704   14364.826    
      4728   14338.096    
      4752   14308.109    
      4776   14274.841    
      4800   14238.264    
      4824   14198.322    
      4848   14154.990    
      4872   14108.214    
      4896   14057.975    
      4920   14004.214    
      4944   13946.893    
      4968   13885.977    
      4992   13821.434    
      5016   13753.197    
      5040   13681.247    
      5064   13605.529    
      5088   13526.003    
      5112   13442.621    
      5136   13355.331    
      5160   13264.093    
      5184   13168.865    
      5208   13069.578    
      5232   12966.186    
      5256   12858.650    
      5280   12746.892    
      5304   12630.873    
      5328   12510.521    
      5352   12385.327    
      5376   12255.321    
      5400   12120.242    
      5424   14738.676    
      5448   15616.996    
      5472   15859.277    
      5496   15850.572    
      5520   15741.176    
      5544   15596.624    
      5568   15445.679    
      5592   15299.194    
      5616   15159.436    
      5640   15025.120    
      5664   14893.970    
      5688   14763.879    
      5712   14633.284    
      5736   14501.135    
      5760   14366.792    
      5784   14229.934    
      5808   14090.337    
      5832   13947.926    
      5856   13802.643    
      5880   13654.311    
      5904   13190.185    
      5928   12930.960    
      5952   12768.863    
      5976   12641.784    
      6000   12519.478    
      6024   12389.086    
      6048   12247.231    
      6072   12094.583    
      6096   11933.110    
      6120   11764.854    
      6144   11591.139    
      6168   11412.797    
      6192   11230.718    
      6216   11045.426    
      6240   10857.196    
      6264   10666.164    
      6288   10472.362    
      6312   10275.811    
      6336   10076.464    
      6360   9874.3145    
      6384   9669.3584    
      6408   9461.5605    
      6432   9250.9160    
      6456   9037.4072    
      6480   8821.0410    
      6504   8601.7881    
      6528   8379.6611    
      6552   8154.6294    
      6576   7926.6953    
      6600   7695.8359    
      6624   9725.3457    
      6648   10668.269    
      6672   11109.590    
      6696   11294.797    
      6720   11319.007    
      6744   11232.068    
      6768   11069.829    
      6792   10860.880    
      6816   10627.024    
      6840   10383.427    
      6864   10139.494    
      6888   9900.2627    
      6912   9667.8271    
      6936   9442.5029    
      6960   9223.6709    
      6984   9010.3350    
      7008   8801.4180    
      7032   8595.9404    
      7056   8393.0801    
      7080   8192.1846    
      7104   7992.7637    
      7128   7794.4492    
      7152   7596.9888    
      7176   7400.2100    
      7200   7204.0024    
      7224   7008.3130    
      7248   6813.1211    
      7272   6618.4458    
      7296   6424.3379    
      7320   6230.8770    
      7344   6038.1650    
      7368   5846.3320    
      7392   5655.5312    
      7416   5465.9429    
      7440   5277.7534    
      7464   5091.1709    
      7488   4906.4160    
      7512   4723.7144    
      7536   4543.2881    
      7560   4365.3550    
      7584   4190.1270    
      7608   4017.7979    
      7632   3848.5447    
      7656   3682.5193    
      7680   3519.8528    
      7704   3360.6448    
      7728   3204.9827    
      7752   3052.9207    
      7776   2904.5000    
      7800   2759.7356    
      7824   2618.6331    
      7848   2481.1819    
      7872   2347.3643    
      7896   2217.1538    
      7920   2090.5298    
      7944   1961.4380    
      7968   1829.9878    
      7992   1709.6208    
      8016   1598.9648    
      8040   1496.0854    
      8064   1399.5479    
      8088   1308.3629    
      8112   1221.8721    
      8136   1139.6472    
      8160   1061.4188    
      8184   987.02838    
      8208   916.39465    
      8232   849.48175    
      8256   786.28790    
      8280   726.82758    
      8304   671.12354    
      8328   619.19824    
      8352   571.06903    
      8376   526.74292    
      8400   486.21680    
      8424   449.47339    
      8448   416.48419    
      8472   387.21005    
      8496   361.60663    
      8520   339.63031    
      8544   321.24536    
      8568   306.43274    
      8592   295.20129    
      8616   287.59973    
      8640   283.63000    
      8664   283.21576    
      8688   286.23700    
      8712   292.68881    
      8736   302.65100    
