       288   3.7095661    
       576   3.7262583    
       864   3.7384183    
      1152   3.7489765    
      1440   3.7588480    
      1728   3.7701709    
      2016   3.7811952    
      2304   3.7919726    
      2592   3.8024974    
      2880   3.8127627    
      3168   3.8230522    
      3456   3.8356938    
      3744   3.8494194    
      4032   3.8646586    
      4320   3.8817468    
      4608   3.9008605    
      4896   3.9219868    
      5184   3.9461408    
      5472   3.9713278    
      5760   3.9971523    
      6048   4.0232325    
      6336   4.0492582    
      6624   4.0749950    
      6912   4.1009946    
      7200   4.1261725    
      7488   4.1506400    
      7776   4.1746006    
      8064   4.1979709    
      8352   4.2207823    
      8640   4.2430491    
      8928   4.2648549    
      9216   4.2862587    
      9504   4.3073115    
      9792   4.3280630    
     10080   4.3485618    
     10368   4.3688416    
     10656   4.3889418    
     10944   4.4088941    
     11232   4.4287238    
     11520   4.4484568    
     11808   4.4681139    
     12096   4.4877119    
     12384   4.5072670    
     12672   4.5267973    
     12960   4.5463080    
     13248   4.5658116    
     13536   4.5853214    
     13824   4.6048379    
     14112   4.6243701    
     14400   4.6439147    
     14688   4.6634846    
     14976   4.6830754    
     15264   4.7026901    
     15552   4.7223287    
     15840   4.7419930    
     16128   4.7616773    
     16416   4.7813859    
     16704   4.8011098    
     16992   4.8208504    
     17280   4.8406000    
     17568   4.8603616    
     17856   4.8801255    
     18144   4.8998904    
     18432   4.9196496    
     18720   4.9393983    
     19008   4.9591327    
     19296   4.9788456    
     19584   4.9985328    
     19872   5.0181866    
     20160   5.0378051    
     20448   5.0573778    
     20736   5.0769005    
     21024   5.0963688    
     21312   5.1157751    
     21600   5.1351109    
     21888   5.1543736    
     22176   5.1735539    
     22464   5.1926503    
     22752   5.2116513    
     23040   5.2305536    
     23328   5.2493515    
     23616   5.2680392    
     23904   5.2866077    
     24192   5.3050551    
     24480   5.3233733    
     24768   5.3415585    
     25056   5.3596044    
     25344   5.3775043    
     25632   5.3952565    
     25920   5.4128528    
     26208   5.4302883    
     26496   5.4475594    
     26784   5.4646630    
     27072   5.4815927    
     27360   5.4983439    
     27648   5.5149126    
     27936   5.5312977    
     28224   5.5474906    
     28512   5.5634937    
     28800   5.5792971    
     29088   5.5949030    
     29376   5.6103048    
     29664   5.6255026    
     29952   5.6404910    
     30240   5.6552691    
     30528   5.6698327    
     30816   5.6841836    
     31104   5.6983175    
     31392   5.7122326    
     31680   5.7259250    
     31968   5.7393947    
     32256   5.7526436    
     32544   5.7656674    
     32832   5.7784667    
     33120   5.7910409    
     33408   5.8033862    
     33696   5.8155060    
     33984   5.8273964    
     34272   5.8390622    
     34560   5.8504982    
     34848   5.8617072    
     35136   5.8726883    
     35424   5.8834438    
     35712   5.8939724    
     36000   5.9042749    
     36288   5.9143500    
     36576   5.9242048    
     36864   5.9338326    
     37152   5.9432387    
     37440   5.9524250    
     37728   5.9613862    
     38016   5.9701324    
     38304   5.9786587    
     38592   5.9869676    
     38880   5.9950638    
     39168   6.0029440    
     39456   6.0106120    
     39744   6.0180683    
     40032   6.0253158    
     40320   6.0323548    
     40608   6.0391893    
     40896   6.0458159    
     41184   6.0522394    
     41472   6.0584631    
     41760   6.0644836    
     42048   6.0703044    
     42336   6.0759273    
     42624   6.0813518    
     42912   6.0865822    
     43200   6.0916190    
     43488   6.0964613    
     43776   6.1011081    
     44064   6.1055665    
     44352   6.1098332    
     44640   6.1139092    
     44928   6.1177969    
     45216   6.1214914    
     45504   6.1250005    
     45792   6.1283174    
     46080   6.1314483    
     46368   6.1343856    
     46656   6.1371388    
     46944   6.1396990    
     47232   6.1420703    
     47520   6.1442499    
     47808   6.1462407    
     48096   6.1480374    
     48384   6.1496449    
     48672   6.1510549    
     48960   6.1522737    
     49248   6.1532960    
     49536   6.1541219    
     49824   6.1547508    
     50112   6.1551785    
     50400   6.1554122    
     50688   6.1554432    
     50976   6.1552701    
     51264   6.1548939    
     51552   6.1543145    
     51840   6.1535325    
     52128   6.1525455    
     52416   6.1513486    
     52704   6.1499448    
     52992   6.1483335    
     53280   6.1465106    
     53568   6.1444778    
     53856   6.1422315    
     54144   6.1397777    
     54432   6.1371112    
     54720   6.1342292    
     55008   6.1311355    
     55296   6.1278214    
     55584   6.1242905    
     55872   6.1205449    
     56160   6.1165800    
     56448   6.1123948    
     56736   6.1079936    
     57024   6.1033688    
     57312   6.0985255    
     57600   6.0934558    
     57888   6.0881653    
     58176   6.0826464    
     58464   6.0769048    
     58752   6.0709352    
     59040   6.0647368    
     59328   6.0583115    
     59616   6.0516562    
     59904   6.0447726    
     60192   6.0376530    
     60480   6.0303030    
     60768   6.0227194    
     61056   6.0148997    
     61344   6.0068474    
     61632   5.9985609    
     61920   5.9900331    
     62208   5.9812703    
     62496   5.9722719    
     62784   5.9630337    
     63072   5.9535561    
     63360   5.9438419    
     63648   5.9338865    
     63936   5.9236937    
     64224   5.9132600    
     64512   5.9025917    
     64800   5.8916807    
     65088   5.8805318    
     65376   5.8691468    
     65664   5.8575230    
     65952   5.8456645    
     66240   5.8335681    
     66528   5.8212390    
     66816   5.8086796    
     67104   5.7958865    
     67392   5.7828646    
     67680   5.7696123    
     67968   5.7561364    
     68256   5.7424345    
     68544   5.7285113    
     68832   5.7143683    
     69120   5.7000089    
     69408   5.6854320    
     69696   5.6706476    
     69984   5.6556578    
     70272   5.6404572    
     70560   5.6250620    
     70848   5.6094637    
     71136   5.5936761    
     71424   5.5776978    
     71712   5.5615358    
     72000   5.5451913    
     72288   5.5286727    
     72576   5.5119810    
     72864   5.4951253    
     73152   5.4781070    
     73440   5.4609356    
     73728   5.4436126    
     74016   5.4261456    
     74304   5.4085426    
     74592   5.3908052    
     74880   5.3729410    
     75168   5.3549576    
     75456   5.3368602    
     75744   5.3186588    
     76032   5.3003540    
     76320   5.2819591    
     76608   5.2634768    
     76896   5.2449145    
     77184   5.2262826    
     77472   5.2075863    
     77760   5.1888309    
     78048   5.1700277    
     78336   5.1511827    
     78624   5.1323028    
     78912   5.1133962    
     79200   5.0944724    
     79488   5.0755367    
     79776   5.0565987    
     80064   5.0376644    
     80352   5.0187449    
     80640   4.9998436    
     80928   4.9809737    
     81216   4.9621410    
     81504   4.9433532    
     81792   4.9246173    
     82080   4.9059434    
     82368   4.8873386    
     82656   4.8688097    
     82944   4.8503642    
     83232   4.8320141    
     83520   4.8137650    
     83808   4.7956223    
     84096   4.7775955    
     84384   4.7596931    
     84672   4.7419219    
     84960   4.7242928    
     85248   4.7068038    
     85536   4.6894717    
     85824   4.6723018    
     86112   4.6552973    
     86400   4.6384683    
     86688   4.6218224    
     86976   4.6053648    
     87264   4.5891013    
     87552   4.5730414    
     87840   4.5571895    
     88128   4.5415540    
     88416   4.5261378    
     88704   4.5109491    
     88992   4.4959965    
     89280   4.4812818    
     89568   4.4668107    
     89856   4.4525919    
     90144   4.4386272    
     90432   4.4249263    
     90720   4.4114938    
     91008   4.3983302    
     91296   4.3854461    
     91584   4.3728414    
     91872   4.3605242    
     92160   4.3484969    
     92448   4.3367653    
     92736   4.3253341    
     93024   4.3142080    
     93312   4.3033876    
     93600   4.2928786    
     93888   4.2826867    
     94176   4.2728138    
     94464   4.2632651    
     94752   4.2540374    
     95040   4.2451439    
     95328   4.2365808    
     95616   4.2283535    
     95904   4.2204642    
     96192   4.2129173    
     96480   4.2057147    
     96768   4.1988544    
     97056   4.1923442    
     97344   4.1861854    
     97632   4.1803780    
     97920   4.1749272    
     98208   4.1698327    
     98496   4.1650958    
     98784   4.1607199    
     99072   4.1567044    
     99360   4.1530514    
     99648   4.1497645    
     99936   4.1468415    
    100224   4.1442857    
    100512   4.1420970    
    100800   4.1402774    
    101088   4.1388245    
    101376   4.1377420    
    101664   4.1370316    
    101952   4.1366873    
    102240   4.1367149    
    102528   4.1371145    
    102816   4.1378841    
    103104   4.1390247    
    103392   4.1405344    
    103680   4.1424136    
    103968   4.1446643    
    104256   4.1472807    
    104544   4.1502657    
    104832   4.1536198    
    105120   4.1573400    
    105408   4.1614237    
    105696   4.1658740    
    105984   4.1706848    
    106272   4.1758566    
    106560   4.1813879    
    106848   4.1872783    
    107136   4.1935263    
    107424   4.2001252    
    107712   4.2070780    
    108000   4.2143798    
    108288   4.2220292    
    108576   4.2300234    
    108864   4.2383599    
    109152   4.2470360    
    109440   4.2560472    
    109728   4.2653952    
    110016   4.2750731    
    110304   4.2850766    
    110592   4.2954030    
    110880   4.3060532    
    111168   4.3170156    
    111456   4.3282928    
    111744   4.3398776    
    112032   4.3517666    
    112320   4.3639574    
    112608   4.3764434    
    112896   4.3892174    
    113184   4.4022789    
    113472   4.4156218    
    113760   4.4292402    
    114048   4.4431305    
    114336   4.4572864    
    114624   4.4717031    
    114912   4.4863725    
    115200   4.5012941    
    115488   4.5164561    
    115776   4.5318570    
    116064   4.5474873    
    116352   4.5633402    
    116640   4.5794148    
    116928   4.5957003    
    117216   4.6121893    
    117504   4.6288791    
    117792   4.6457586    
    118080   4.6628218    
    118368   4.6800628    
    118656   4.6974740    
    118944   4.7150478    
    119232   4.7327771    
    119520   4.7506542    
    119808   4.7686701    
    120096   4.7868195    
    120384   4.8050938    
    120672   4.8234839    
    120960   4.8419828    
    121248   4.8605843    
    121536   4.8792758    
    121824   4.8980541    
    122112   4.9169116    
    122400   4.9358349    
    122688   4.9548178    
    122976   4.9738555    
    123264   4.9929371    
    123552   5.0120544    
    123840   5.0311999    
    124128   5.0503650    
    124416   5.0695415    
    124704   5.0887237    
    124992   5.1078992    
    125280   5.1270647    
    125568   5.1462078    
    125856   5.1653261    
    126144   5.1844049    
    126432   5.2034445    
    126720   5.2224298    
    127008   5.2413568    
    127296   5.2602167    
    127584   5.2790055    
    127872   5.2977109    
    128160   5.3163328    
    128448   5.3348560    
    128736   5.3532801    
    129024   5.3715963    
    129312   5.3897963    
    129600   5.4078746    
    129888   5.4258275    
    130176   5.4436479    
    130464   5.4613276    
    130752   5.4788628    
    131040   5.4962473    
    131328   5.5134759    
    131616   5.5305419    
    131904   5.5474453    
    132192   5.5641756    
    132480   5.5807323    
    132768   5.5971074    
    133056   5.6133003    
    133344   5.6293054    
    133632   5.6451163    
    133920   5.6607313    
    134208   5.6761489    
    134496   5.6913657    
    134784   5.7063751    
    135072   5.7211761    
    135360   5.7357683    
    135648   5.7501450    
    135936   5.7643065    
    136224   5.7782507    
    136512   5.7919760    
    136800   5.8054776    
    137088   5.8187599    
    137376   5.8318167    
    137664   5.8446469    
    137952   5.8572493    
    138240   5.8696280    
    138528   5.8817763    
    138816   5.8936973    
    139104   5.9053903    
    139392   5.9168520    
    139680   5.9280844    
    139968   5.9390879    
    140256   5.9498634    
    140544   5.9604111    
    140832   5.9707289    
    141120   5.9808173    
    141408   5.9906816    
    141696   6.0003176    
    141984   6.0097289    
    142272   6.0189147    
    142560   6.0278778    
    142848   6.0366211    
    143136   6.0451412    
    143424   6.0534401    
    143712   6.0615220    
    144000   6.0693855    
    144288   6.0770345    
    144576   6.0844698    
    144864   6.0916896    
    145152   6.0987000    
    145440   6.1054997    
    145728   6.1120915    
    146016   6.1184783    
    146304   6.1246572    
    146592   6.1306319    
    146880   6.1364074    
    147168   6.1419797    
    147456   6.1473470    
    147744   6.1525221    
    148032   6.1574993    
    148320   6.1622787    
    148608   6.1668649    
    148896   6.1712575    
    149184   6.1754537    
    149472   6.1794600    
    149760   6.1832733    
    150048   6.1868939    
    150336   6.1903257    
    150624   6.1935682    
    150912   6.1966181    
    151200   6.1994772    
    151488   6.2021484    
    151776   6.2046261    
    152064   6.2069159    
    152352   6.2090149    
    152640   6.2109203    
    152928   6.2126360    
    153216   6.2141590    
    153504   6.2154851    
    153792   6.2166185    
    154080   6.2175565    
    154368   6.2182980    
    154656   6.2188449    
    154944   6.2191901    
    155232   6.2193375    
    155520   6.2192841    
    155808   6.2190304    
    156096   6.2185736    
    156384   6.2179122    
    156672   6.2170482    
    156960   6.2159767    
    157248   6.2146983    
    157536   6.2132154    
    157824   6.2115231    
    158112   6.2096233    
    158400   6.2075114    
    158688   6.2051883    
    158976   6.2026529    
    159264   6.1999073    
    159552   6.1969485    
    159840   6.1937728    
    160128   6.1903834    
    160416   6.1867790    
    160704   6.1829553    
    160992   6.1789193    
    161280   6.1746602    
    161568   6.1701851    
    161856   6.1654868    
    162144   6.1605716    
    162432   6.1554303    
    162720   6.1500697    
    163008   6.1444845    
    163296   6.1386714    
    163584   6.1326370    
    163872   6.1263733    
    164160   6.1198845    
    164448   6.1131625    
    164736   6.1062145    
    165024   6.0990357    
    165312   6.0916271    
    165600   6.0839825    
    165888   6.0761080    
    166176   6.0679970    
    166464   6.0596533    
    166752   6.0510736    
    167040   6.0422559    
    167328   6.0332050    
    167616   6.0239139    
    167904   6.0143862    
    168192   6.0046220    
    168480   5.9946160    
    168768   5.9843745    
    169056   5.9738955    
    169344   5.9631772    
    169632   5.9522176    
    169920   5.9410243    
    170208   5.9295897    
    170496   5.9179211    
    170784   5.9060149    
    171072   5.8938732    
    171360   5.8814960    
    171648   5.8688865    
    171936   5.8560443    
    172224   5.8429737    
    172512   5.8296714    
    172800   5.8161426    
    173088   5.8023887    
    173376   5.7884111    
    173664   5.7742124    
    173952   5.7597966    
    174240   5.7451625    
    174528   5.7303171    
    174816   5.7152624    
    175104   5.6999979    
    175392   5.6845322    
    175680   5.6688662    
    175968   5.6530051    
    176256   5.6369524    
    176544   5.6207085    
    176832   5.6042824    
    177120   5.5876780    
    177408   5.5708976    
    177696   5.5539474    
    177984   5.5368328    
    178272   5.5195599    
    178560   5.5021338    
    178848   5.4845562    
    179136   5.4668365    
    179424   5.4489808    
    179712   5.4309940    
    180000   5.4128833    
    180288   5.3946533    
    180576   5.3763113    
    180864   5.3578658    
    181152   5.3393202    
    181440   5.3206849    
    181728   5.3019619    
    182016   5.2831640    
    182304   5.2642951    
    182592   5.2453632    
    182880   5.2263789    
    183168   5.2073450    
    183456   5.1882706    
    183744   5.1691632    
    184032   5.1500311    
    184320   5.1308837    
    184608   5.1117272    
    184896   5.0925684    
    185184   5.0734172    
    185472   5.0542808    
    185760   5.0351658    
    186048   5.0160842    
    186336   4.9970398    
    186624   4.9780407    
    186912   4.9591002    
    187200   4.9402218    
    187488   4.9214144    
    187776   4.9026852    
    188064   4.8840423    
    188352   4.8654952    
    188640   4.8470521    
    188928   4.8287182    
    189216   4.8105006    
    189504   4.7924128    
    189792   4.7744560    
    190080   4.7566395    
    190368   4.7389727    
    190656   4.7214608    
    190944   4.7041130    
    191232   4.6869345    
    191520   4.6699343    
    191808   4.6531181    
    192096   4.6364927    
    192384   4.6200638    
    192672   4.6038408    
    192960   4.5878258    
    193248   4.5720305    
    193536   4.5564594    
    193824   4.5411181    
    194112   4.5260143    
    194400   4.5111480    
    194688   4.4965320    
    194976   4.4821672    
    195264   4.4680624    
    195552   4.4542198    
    195840   4.4406486    
    196128   4.4273505    
    196416   4.4143310    
    196704   4.4015965    
    196992   4.3891516    
    197280   4.3769999    
    197568   4.3651447    
    197856   4.3535914    
    198144   4.3423471    
    198432   4.3314095    
    198720   4.3207889    
    199008   4.3104849    
    199296   4.3005023    
    199584   4.2908463    
    199872   4.2815161    
    200160   4.2725196    
    200448   4.2638583    
    200736   4.2555337    
    201024   4.2475505    
    201312   4.2399096    
    201600   4.2326140    
    201888   4.2256689    
    202176   4.2190738    
    202464   4.2128310    
    202752   4.2069435    
    203040   4.2014127    
    203328   4.1962414    
    203616   4.1914310    
    203904   4.1869836    
    204192   4.1828985    
    204480   4.1791787    
    204768   4.1758256    
    205056   4.1728406    
    205344   4.1702232    
    205632   4.1679764    
    205920   4.1661005    
    206208   4.1645961    
    206496   4.1634612    
    206784   4.1626983    
    207072   4.1623096    
    207360   4.1622915    
    207648   4.1626472    
    207936   4.1633759    
    208224   4.1644754    
    208512   4.1659503    
    208800   4.1677923    
    209088   4.1700106    
    209376   4.1725965    
    209664   4.1755528    
    209952   4.1788793    
    210240   4.1825733    
    210528   4.1866360    
    210816   4.1910620    
    211104   4.1958556    
    211392   4.2010107    
    211680   4.2065258    
    211968   4.2124000    
    212256   4.2186351    
    212544   4.2252245    
    212832   4.2321692    
    213120   4.2394624    
    213408   4.2471066    
    213696   4.2550969    
    213984   4.2634315    
    214272   4.2721057    
    214560   4.2811193    
    214848   4.2904692    
    215136   4.3001504    
    215424   4.3101597    
    215712   4.3204927    
    216000   4.3311505    
    216288   4.3421245    
    216576   4.3534117    
    216864   4.3650093    
    217152   4.3769102    
    217440   4.3891158    
    217728   4.4016156    
    218016   4.4144092    
    218304   4.4274883    
    218592   4.4408507    
    218880   4.4544902    
    219168   4.4684010    
    219456   4.4825788    
    219744   4.4970193    
    220032   4.5117140    
    220320   4.5266581    
    220608   4.5418468    
    220896   4.5572739    
    221184   4.5729322    
    221472   4.5888143    
    221760   4.6049190    
    222048   4.6212325    
    222336   4.6377516    
    222624   4.6544704    
    222912   4.6713820    
    223200   4.6884756    
    223488   4.7057500    
    223776   4.7231946    
    224064   4.7408009    
    224352   4.7585621    
    224640   4.7764721    
    224928   4.7945237    
    225216   4.8127065    
    225504   4.8310137    
    225792   4.8494391    
    226080   4.8679714    
    226368   4.8866048    
    226656   4.9053316    
    226944   4.9241452    
    227232   4.9430337    
    227520   4.9619923    
    227808   4.9810090    
    228096   5.0000796    
    228384   5.0191946    
    228672   5.0383430    
    228960   5.0575213    
    229248   5.0767202    
    229536   5.0959277    
    229824   5.1151400    
    230112   5.1343470    
    230400   5.1535439    
    230688   5.1727166    
    230976   5.1918616    
    231264   5.2109685    
    231552   5.2300334    
    231840   5.2490501    
    232128   5.2680016    
    232416   5.2868876    
    232704   5.3057013    
    232992   5.3244305    
    233280   5.3430743    
    233568   5.3616214    
    233856   5.3800659    
    234144   5.3984027    
    234432   5.4166207    
    234720   5.4347191    
    235008   5.4526892    
    235296   5.4705243    
    235584   5.4882202    
    235872   5.5057693    
    236160   5.5231667    
    236448   5.5404072    
    236736   5.5574856    
    237024   5.5743971    
    237312   5.5911379    
    237600   5.6077023    
    237888   5.6240840    
    238176   5.6402798    
    238464   5.6562877    
    238752   5.6721025    
    239040   5.6877217    
    239328   5.7031379    
    239616   5.7183509    
    239904   5.7333579    
    240192   5.7481561    
    240480   5.7627411    
    240768   5.7771130    
    241056   5.7912674    
    241344   5.8052020    
    241632   5.8189178    
    241920   5.8324075    
    242208   5.8456774    
    242496   5.8587170    
    242784   5.8715334    
    243072   5.8841200    
    243360   5.8964791    
    243648   5.9086080    
    243936   5.9205065    
    244224   5.9321790    
    244512   5.9436154    
    244800   5.9548249    
    245088   5.9657993    
    245376   5.9765463    
    245664   5.9870644    
    245952   5.9973526    
    246240   6.0074100    
    246528   6.0172424    
    246816   6.0268450    
    247104   6.0362206    
    247392   6.0453715    
    247680   6.0542974    
    247968   6.0629978    
    248256   6.0714798    
    248544   6.0797367    
    248832   6.0877752    
    249120   6.0955977    
    249408   6.1032004    
    249696   6.1105881    
    249984   6.1177602    
    250272   6.1247244    
    250560   6.1314745    
    250848   6.1380153    
    251136   6.1443481    
    251424   6.1504760    
    251712   6.1563973    
    252000   6.1621137    
    252288   6.1676283    
    252576   6.1729455    
    252864   6.1780601    
    253152   6.1829767    
    253440   6.1876965    
    253728   6.1922197    
    254016   6.1965513    
    254304   6.2006822    
    254592   6.2046261    
    254880   6.2083745    
    255168   6.2119308    
    255456   6.2152948    
    255744   6.2184668    
    256032   6.2214494    
    256320   6.2242417    
    256608   6.2268419    
    256896   6.2292495    
    257184   6.2314649    
    257472   6.2334914    
    257760   6.2353234    
    258048   6.2369642    
    258336   6.2384100    
    258624   6.2396626    
    258912   6.2407184    
    259200   6.2415805    
    259488   6.2422442    
    259776   6.2427101    
    260064   6.2429781    
    260352   6.2430444    
    260640   6.2429099    
    260928   6.2425742    
    261216   6.2420349    
    261504   6.2412915    
    261792   6.2403426    
    262080   6.2391896    
    262368   6.2378273    
    262656   6.2362580    
    262944   6.2344804    
    263232   6.2324920    
    263520   6.2302957    
    263808   6.2278838    
    264096   6.2252622    
    264384   6.2224283    
    264672   6.2193818    
    264960   6.2161160    
    265248   6.2126389    
    265536   6.2089429    
    265824   6.2050314    
    266112   6.2009020    
    266400   6.1965532    
    266688   6.1919851    
    266976   6.1871977    
    267264   6.1821890    
    267552   6.1769567    
    267840   6.1715031    
    268128   6.1658258    
    268416   6.1599193    
    268704   6.1537905    
    268992   6.1474338    
    269280   6.1408515    
    269568   6.1340361    
    269856   6.1269951    
    270144   6.1197209    
    270432   6.1122174    
    270720   6.1044807    
    271008   6.0965109    
    271296   6.0883050    
    271584   6.0798659    
    271872   6.0711904    
    272160   6.0622778    
    272448   6.0531292    
    272736   6.0437465    
    273024   6.0341239    
    273312   6.0242629    
    273600   6.0141659    
    273888   6.0038276    
    274176   5.9932575    
    274464   5.9824429    
    274752   5.9713922    
    275040   5.9601016    
    275328   5.9485741    
    275616   5.9368100    
    275904   5.9248075    
    276192   5.9125738    
    276480   5.9001026    
    276768   5.8873987    
    277056   5.8744626    
    277344   5.8612976    
    277632   5.8479018    
    277920   5.8342791    
    278208   5.8204317    
    278496   5.8063593    
    278784   5.7920685    
    279072   5.7775607    
    279360   5.7628360    
    279648   5.7478957    
    279936   5.7327471    
    280224   5.7173939    
    280512   5.7018352    
    280800   5.6860785    
    281088   5.6701245    
    281376   5.6539793    
    281664   5.6376462    
    281952   5.6211309    
    282240   5.6044345    
    282528   5.5875645    
    282816   5.5705242    
    283104   5.5533214    
    283392   5.5359588    
    283680   5.5184441    
    283968   5.5007806    
    284256   5.4829741    
    284544   5.4650292    
    284832   5.4469557    
    285120   5.4287567    
    285408   5.4104409    
    285696   5.3920150    
    285984   5.3734818    
    286272   5.3548527    
    286560   5.3361311    
    286848   5.3173251    
    287136   5.2984452    
    287424   5.2794952    
    287712   5.2604799    
    288000   5.2414103    
    288288   5.2222967    
    288576   5.2031417    
    288864   5.1839538    
    289152   5.1647420    
    289440   5.1455145    
    289728   5.1262789    
    290016   5.1070433    
    290304   5.0878134    
    290592   5.0686002    
    290880   5.0494118    
    291168   5.0302520    
    291456   5.0111332    
    291744   4.9920607    
    292032   4.9730458    
    292320   4.9540944    
    292608   4.9352145    
    292896   4.9164133    
    293184   4.8977003    
    293472   4.8790817    
    293760   4.8605690    
    294048   4.8421655    
    294336   4.8238821    
    294624   4.8057227    
    294912   4.7877007    
    295200   4.7698197    
    295488   4.7520871    
    295776   4.7345099    
    296064   4.7170982    
    296352   4.6998568    
    296640   4.6827941    
    296928   4.6659136    
    297216   4.6492290    
    297504   4.6327410    
    297792   4.6164579    
    298080   4.6003852    
    298368   4.5845332    
    298656   4.5689054    
    298944   4.5535078    
    299232   4.5383468    
    299520   4.5234280    
    299808   4.5087585    
    300096   4.4943419    
    300384   4.4801836    
    300672   4.4662924    
    300960   4.4526696    
    301248   4.4393239    
    301536   4.4262562    
    301824   4.4134755    
    302112   4.4009819    
    302400   4.3887844    
    302688   4.3768840    
    302976   4.3652892    
    303264   4.3540001    
    303552   4.3430233    
    303840   4.3323607    
    304128   4.3220158    
    304416   4.3119955    
    304704   4.3022990    
    304992   4.2929330    
    305280   4.2839007    
    305568   4.2752004    
    305856   4.2668419    
    306144   4.2588234    
    306432   4.2511501    
    306720   4.2438231    
    307008   4.2368474    
    307296   4.2302208    
    307584   4.2239485    
    307872   4.2180328    
    308160   4.2124743    
    308448   4.2072773    
    308736   4.2024398    
    309024   4.1979666    
    309312   4.1938601    
    309600   4.1901155    
    309888   4.1867399    
    310176   4.1837325    
    310464   4.1810970    
    310752   4.1788306    
    311040   4.1769352    
    311328   4.1754107    
    311616   4.1742592    
    311904   4.1734819    
    312192   4.1730762    
    312480   4.1730452    
    312768   4.1733851    
    313056   4.1741028    
    313344   4.1751900    
    313632   4.1766524    
    313920   4.1784849    
    314208   4.1806912    
    314496   4.1832695    
    314784   4.1862178    
    315072   4.1895380    
