       288   11.391473    
       576   5.0531654    
       864   2.4280503    
      1152   1.2491764    
      1440  0.69876623    
      1728  0.43576863    
      2016  0.30888608    
      2304  0.24612911    
      2592  0.21380153    
      2880  0.19606274    
      3168  0.18542793    
      3456  0.17780431    
      3744  0.17271188    
      4032  0.16889039    
      4320  0.16573909    
      4608  0.16297159    
      4896  0.16045178    
      5184  0.15771146    
      5472  0.15568954    
      5760  0.15400013    
      6048  0.15246494    
      6336  0.15100564    
      6624  0.14959285    
      6912  0.14788207    
      7200  0.14672147    
      7488  0.14580256    
      7776  0.14500865    
      8064  0.14424708    
      8352  0.14317738    
      8640  0.14258072    
      8928  0.14215051    
      9216  0.14175037    
      9504  0.14132914    
      9792  0.14087635    
     10080  0.14012580    
     10368  0.13987789    
     10656  0.13981271    
     10944  0.13978687    
     11232  0.13974549    
     11520  0.13967727    
     11808  0.13929771    
     12096  0.13939571    
     12384  0.13971512    
     12672  0.14009406    
     12960  0.14046913    
     13248  0.14052258    
     13536  0.14103511    
     13824  0.14172924    
     14112  0.14250621    
     14400  0.14328247    
     14688  0.14403550    
     14976  0.14477065    
     15264  0.14520101    
     15552  0.14621961    
     15840  0.14746085    
     16128  0.14876406    
     16416  0.15007018    
     16704  0.15139584    
     16992  0.15242766    
     17280  0.15406869    
     17568  0.15589103    
     17856  0.15764122    
     18144  0.15946147    
     18432  0.16141368    
     18720  0.16337207    
     19008  0.16500674    
     19296  0.16780356    
     19584  0.17071721    
     19872  0.17316486    
     20160  0.17520723    
     20448  0.17696737    
     20736  0.17855465    
     21024  0.17952910    
     21312  0.18108262    
     21600  0.18275817    
     21888  0.18441179    
     22176  0.18591224    
     22464  0.18723229    
     22752  0.18843864    
     23040  0.18960552    
     23328  0.19032301    
     23616  0.19174521    
     23904  0.19333108    
     24192  0.19491644    
     24480  0.19635455    
     24768  0.19761872    
     25056  0.19878955    
     25344  0.19994108    
     25632  0.20076220    
     25920  0.20223731    
     26208  0.20383592    
     26496  0.20541385    
     26784  0.20682327    
     27072  0.20804568    
     27360  0.20910193    
     27648  0.21010311    
     27936  0.21090451    
     28224  0.21251157    
     28512  0.21414296    
     28800  0.21567568    
     29088  0.21711089    
     29376  0.21833737    
     29664  0.21935789    
     29952  0.22030565    
     30240  0.22111638    
     30528  0.22273441    
     30816  0.22430502    
     31104  0.22562762    
     31392  0.22681193    
     31680  0.22791848    
     31968  0.22883350    
     32256  0.22957115    
     32544  0.23027608    
     32832  0.23198456    
     33120  0.23362671    
     33408  0.23499303    
     33696  0.23610154    
     33984  0.23716526    
     34272  0.23824914    
     34560  0.23921326    
     34848  0.24017073    
     35136  0.24203403    
     35424  0.24384776    
     35712  0.24561793    
     36000  0.24735530    
     36288  0.24891630    
     36576  0.25034040    
     36864  0.25168830    
     37152  0.25322318    
     37440  0.25591257    
     37728  0.25869533    
     38016  0.26119009    
     38304  0.26341790    
     38592  0.26546264    
     38880  0.26739821    
     39168  0.26927787    
     39456  0.27145243    
     39744  0.27481309    
     40032  0.27822906    
     40320  0.28129980    
     40608  0.28405824    
     40896  0.28660023    
     41184  0.28900710    
     41472  0.29133764    
     41760  0.29402229    
     42048  0.29771158    
     42336  0.30126277    
     42624  0.30451548    
     42912  0.30752185    
     43200  0.31059676    
     43488  0.31376046    
     43776  0.31678045    
     44064  0.32012472    
     44352  0.32448134    
     44640  0.32866055    
     44928  0.33250171    
     45216  0.33606896    
     45504  0.33945462    
     45792  0.34273568    
     46080  0.34596798    
     46368  0.35014945    
     46656  0.35645750    
     46944  0.36229062    
     47232  0.36788791    
     47520  0.37420392    
     47808  0.38005006    
     48096  0.38533348    
     48384  0.39019117    
     48672  0.39477205    
     48960  0.39919224    
     49248  0.40353498    
     49536  0.40785572    
     49824  0.41219193    
     50112  0.41656780    
     50400  0.42072827    
     50688  0.42467597    
     50976  0.42878971    
     51264  0.43310526    
     51552  0.43759528    
     51840  0.44223070    
     52128  0.44698909    
     52416  0.45185605    
     52704  0.45682117    
     52992  0.46187776    
     53280  0.46702084    
     53568  0.47224632    
     53856  0.47755077    
     54144  0.48267496    
     54432  0.48752701    
     54720  0.49251997    
     55008  0.49770486    
     55296  0.50305164    
     55584  0.50852215    
     55872  0.51408249    
     56160  0.51970643    
     56448  0.52537131    
     56736  0.53105736    
     57024  0.53653574    
     57312  0.54160482    
     57600  0.54614955    
     57888  0.54853809    
     58176  0.55074787    
     58464  0.55334073    
     58752  0.55634916    
     59040  0.55964369    
     59328  0.56293541    
     59616  0.56578135    
     59904  0.56851971    
     60192  0.57065004    
     60480  0.57014281    
     60768  0.56901103    
     61056  0.56788069    
     61344  0.56681514    
     61632  0.56568909    
     61920  0.56436229    
     62208  0.56177211    
     62496  0.55618715    
     62784  0.54978639    
     63072  0.54329044    
     63360  0.53683192    
     63648  0.53035307    
     63936  0.52341628    
     64224  0.51408434    
     64512  0.50370276    
     64800  0.49344710    
     65088  0.48364329    
     65376  0.47432208    
     65664  0.46518818    
     65952  0.45419455    
     66240  0.44321397    
     66528  0.43321455    
     66816  0.42359087    
     67104  0.41452214    
     67392  0.40414736    
     67680  0.39416119    
     67968  0.38510224    
     68256  0.37691125    
     68544  0.36772841    
     68832  0.35906366    
     69120  0.35172388    
     69408  0.34488669    
     69696  0.33708182    
     69984  0.32979617    
     70272  0.32346177    
     70560  0.31811690    
     70848  0.31359085    
     71136  0.30817083    
     71424  0.30309951    
     71712  0.29910856    
     72000  0.29543662    
     72288  0.29045689    
     72576  0.28570807    
     72864  0.28168327    
     73152  0.27847138    
     73440  0.27598941    
     73728  0.27267408    
     74016  0.26959252    
     74304  0.26709104    
     74592  0.26555729    
     74880  0.26287806    
     75168  0.26028794    
     75456  0.25821164    
     75744  0.25533509    
     76032  0.25267833    
     76320  0.25058571    
     76608  0.24914657    
     76896  0.24696155    
     77184  0.24525358    
     77472  0.24376309    
     77760  0.24278493    
     78048  0.24102505    
     78336  0.23936960    
     78624  0.23814358    
     78912  0.23749045    
     79200  0.23609154    
     79488  0.23475568    
     79776  0.23408595    
     80064  0.23373447    
     80352  0.23255692    
     80640  0.23137809    
     80928  0.23052825    
     81216  0.23020984    
     81504  0.22918187    
     81792  0.22815730    
     82080  0.22770719    
     82368  0.22745749    
     82656  0.22766393    
     82944  0.22713734    
     83232  0.22653593    
     83520  0.22614820    
     83808  0.22622879    
     84096  0.22588547    
     84384  0.22528540    
     84672  0.22480305    
     84960  0.22459695    
     85248  0.22488835    
     85536  0.22453852    
     85824  0.22408046    
     86112  0.22401404    
     86400  0.22405104    
     86688  0.22449906    
     86976  0.22430508    
     87264  0.22396125    
     87552  0.22371066    
     87840  0.22389865    
     88128  0.22420348    
     88416  0.22492032    
     88704  0.22504535    
     88992  0.22498855    
     89280  0.22496176    
     89568  0.22529107    
     89856  0.22569051    
     90144  0.22621824    
     90432  0.22716290    
     90720  0.22758663    
     91008  0.22780739    
     91296  0.22820562    
     91584  0.22857161    
     91872  0.22898583    
     92160  0.22948717    
     92448  0.23008998    
     92736  0.23079360    
     93024  0.23178193    
     93312  0.23309973    
     93600  0.23394819    
     93888  0.23454122    
     94176  0.23501590    
     94464  0.23563677    
     94752  0.23621587    
     95040  0.23680650    
     95328  0.23743863    
     95616  0.23812462    
     95904  0.23886488    
     96192  0.23981225    
     96480  0.24075179    
     96768  0.24168833    
     97056  0.24262175    
     97344  0.24354912    
     97632  0.24446578    
     97920  0.24536648    
     98208  0.24637777    
     98496  0.24732737    
     98784  0.24822070    
     99072  0.24906193    
     99360  0.24985358    
     99648  0.25059775    
     99936  0.25129634    
    100224  0.25205740    
    100512  0.25274897    
    100800  0.25337920    
    101088  0.25395441    
    101376  0.25448117    
    101664  0.25496179    
    101952  0.25517684    
    102240  0.25545332    
    102528  0.25576553    
    102816  0.25609574    
    103104  0.25650680    
    103392  0.25689793    
    103680  0.25726649    
    103968  0.25761127    
    104256  0.25793195    
    104544  0.25822836    
    104832  0.25832927    
    105120  0.25845900    
    105408  0.25860935    
    105696  0.25877172    
    105984  0.25894064    
    106272  0.25911132    
    106560  0.25927913    
    106848  0.25930223    
    107136  0.25935078    
    107424  0.25942028    
    107712  0.25950497    
    108000  0.25960019    
    108288  0.25970066    
    108576  0.25968835    
    108864  0.25969690    
    109152  0.25972486    
    109440  0.25976846    
    109728  0.25982353    
    110016  0.25988561    
    110304  0.25985581    
    110592  0.25984192    
    110880  0.25984478    
    111168  0.25986141    
    111456  0.25988781    
    111744  0.25992090    
    112032  0.25987828    
    112320  0.25984782    
    112608  0.25980735    
    112896  0.25978300    
    113184  0.25977108    
    113472  0.25970003    
    113760  0.25964311    
    114048  0.25960162    
    114336  0.25957364    
    114624  0.25955617    
    114912  0.25954625    
    115200  0.25946528    
    115488  0.25939560    
    115776  0.25933951    
    116064  0.25929558    
    116352  0.25926131    
    116640  0.25923404    
    116928  0.25916159    
    117216  0.25908080    
    117504  0.25901183    
    117792  0.25895363    
    118080  0.25890484    
    118368  0.25881788    
    118656  0.25873870    
    118944  0.25865635    
    119232  0.25858545    
    119520  0.25852439    
    119808  0.25847057    
    120096  0.25842229    
    120384  0.25832626    
    120672  0.25823593    
    120960  0.25815398    
    121248  0.25808021    
    121536  0.25801310    
    121824  0.25793990    
    122112  0.25783634    
    122400  0.25773782    
    122688  0.25764722    
    122976  0.25756428    
    123264  0.25747699    
    123552  0.25739598    
    123840  0.25732011    
    124128  0.25721395    
    124416  0.25709999    
    124704  0.25699329    
    124992  0.25689399    
    125280  0.25680131    
    125568  0.25670311    
    125856  0.25660962    
    126144  0.25648683    
    126432  0.25636670    
    126720  0.25624174    
    127008  0.25612450    
    127296  0.25601378    
    127584  0.25590789    
    127872  0.25579482    
    128160  0.25568497    
    128448  0.25554356    
    128736  0.25540343    
    129024  0.25525701    
    129312  0.25511742    
    129600  0.25498390    
    129888  0.25485486    
    130176  0.25471666    
    130464  0.25458091    
    130752  0.25441262    
    131040  0.25424495    
    131328  0.25406867    
    131616  0.25389871    
    131904  0.25373369    
    132192  0.25357172    
    132480  0.25341049    
    132768  0.25323322    
    133056  0.25301152    
    133344  0.25278899    
    133632  0.25257048    
    133920  0.25234017    
    134208  0.25211439    
    134496  0.25188962    
    134784  0.25166228    
    135072  0.25140962    
    135360  0.25109416    
    135648  0.25077426    
    135936  0.25045508    
    136224  0.25013447    
    136512  0.24978442    
    136800  0.24942537    
    137088  0.24905120    
    137376  0.24865513    
    137664  0.24812444    
    137952  0.24758005    
    138240  0.24702691    
    138528  0.24645755    
    138816  0.24586119    
    139104  0.24518834    
    139392  0.24447347    
    139680  0.24370570    
    139968  0.24275756    
    140256  0.24177305    
    140544  0.24075080    
    140832  0.23961857    
    141120  0.23842588    
    141408  0.23715198    
    141696  0.23577535    
    141984  0.23427579    
    142272  0.23245899    
    142560  0.23049325    
    142848  0.22846203    
    143136  0.22632487    
    143424  0.22404149    
    143712  0.22157481    
    144000  0.21889089    
    144288  0.21595728    
    144576  0.21250336    
    144864  0.20882745    
    145152  0.20504355    
    145440  0.20106010    
    145728  0.19680397    
    146016  0.19221841    
    146304  0.18725914    
    146592  0.18189107    
    146880  0.17584080    
    147168  0.16988312    
    147456  0.16380702    
    147744  0.15777951    
    148032  0.15364265    
    148320  0.15030731    
    148608  0.14766350    
    148896  0.14558907    
    149184  0.14387228    
    149472  0.14319813    
    149760  0.14301483    
    150048  0.14308009    
    150336  0.14328708    
    150624  0.14358506    
    150912  0.14394806    
    151200  0.14436086    
    151488  0.14481422    
    151776  0.14530176    
    152064  0.14581811    
    152352  0.14630786    
    152640  0.14751944    
    152928  0.14886551    
    153216  0.15016304    
    153504  0.15136644    
    153792  0.15247452    
    154080  0.15349817    
    154368  0.15445092    
    154656  0.15534580    
    154944  0.15619452    
    155232  0.15700629    
    155520  0.15808901    
    155808  0.15891193    
    156096  0.15965134    
    156384  0.16036047    
    156672  0.16105378    
    156960  0.16173509    
    157248  0.16240530    
    157536  0.16306499    
    157824  0.16371441    
    158112  0.16435371    
    158400  0.16498284    
    158688  0.16560128    
    158976  0.16620852    
    159264  0.16714264    
    159552  0.16779713    
    159840  0.16836672    
    160128  0.16890651    
    160416  0.16942985    
    160704  0.16993932    
    160992  0.17043528    
    161280  0.17091724    
    161568  0.17138493    
    161856  0.17183882    
    162144  0.17264365    
    162432  0.17315796    
    162720  0.17371894    
    163008  0.17339686    
    163296  0.17296031    
    163584  0.17263097    
    163872  0.17245081    
    164160  0.17240746    
    164448  0.17285204    
    164736  0.17309929    
    165024  0.17332578    
    165312  0.17376271    
    165600  0.17338702    
    165888  0.17293373    
    166176  0.17261241    
    166464  0.17245714    
    166752  0.17244866    
    167040  0.17293872    
    167328  0.17346764    
    167616  0.17314565    
    167904  0.17273743    
    168192  0.17246263    
    168480  0.17235619    
    168768  0.17239672    
    169056  0.17281654    
    169344  0.17290397    
    169632  0.17266430    
    169920  0.17247494    
    170208  0.17242521    
    170496  0.17251046    
    170784  0.17301320    
    171072  0.17281312    
    171360  0.17254800    
    171648  0.17278697    
    171936  0.17291877    
    172224  0.17343396    
    172512  0.17325120    
    172800  0.17299883    
    173088  0.17286770    
    173376  0.17324756    
    173664  0.17300782    
    173952  0.17273183    
    174240  0.17296578    
    174528  0.17349468    
    174816  0.17332792    
    175104  0.17308828    
    175392  0.17297164    
    175680  0.17301020    
    175968  0.17358479    
    176256  0.17354929    
    176544  0.17343295    
    176832  0.17376430    
    177120  0.17445642    
    177408  0.17433849    
    177696  0.17408414    
    177984  0.17392820    
    178272  0.17392372    
    178560  0.17449337    
    178848  0.17450283    
    179136  0.17442316    
    179424  0.17441873    
    179712  0.17531471    
    180000  0.17546779    
    180288  0.17543869    
    180576  0.17589000    
    180864  0.17579375    
    181152  0.17561457    
    181440  0.17552176    
    181728  0.17600854    
    182016  0.17599708    
    182304  0.17621610    
    182592  0.17632380    
    182880  0.17691706    
    183168  0.17697951    
    183456  0.17691958    
    183744  0.17689797    
    184032  0.17743081    
    184320  0.17748852    
    184608  0.17743307    
    184896  0.17770290    
    185184  0.17837487    
    185472  0.17851324    
    185760  0.17849262    
    186048  0.17847204    
    186336  0.17898417    
    186624  0.17905678    
    186912  0.17900231    
    187200  0.17922561    
    187488  0.17936997    
    187776  0.17999299    
    188064  0.18016832    
    188352  0.18017934    
    188640  0.18015368    
    188928  0.18063125    
    189216  0.18096539    
    189504  0.18103974    
    189792  0.18101707    
    190080  0.18097062    
    190368  0.18142092    
    190656  0.18150154    
    190944  0.18142553    
    191232  0.18152231    
    191520  0.18151085    
    191808  0.18193528    
    192096  0.18199342    
    192384  0.18187666    
    192672  0.18167932    
    192960  0.18165421    
    193248  0.18153158    
    193536  0.18183500    
    193824  0.18182020    
    194112  0.18163054    
    194400  0.18134783    
    194688  0.18120281    
    194976  0.18096797    
    195264  0.18067962    
    195552  0.18083484    
    195840  0.18079080    
    196128  0.18062243    
    196416  0.18055378    
    196704  0.18041177    
    196992  0.18023883    
    197280  0.18005972    
    197568  0.17988862    
    197856  0.17973331    
    198144  0.17973194    
    198432  0.18012583    
    198720  0.18043870    
    199008  0.18067552    
    199296  0.18085147    
    199584  0.18109906    
    199872  0.18128672    
    200160  0.18143465    
    200448  0.18155822    
    200736  0.18166879    
    201024  0.18177441    
    201312  0.18197140    
    201600  0.18214996    
    201888  0.18231755    
    202176  0.18247971    
    202464  0.18264039    
    202752  0.18280217    
    203040  0.18296666    
    203328  0.18320136    
    203616  0.18342480    
    203904  0.18363979    
    204192  0.18384875    
    204480  0.18405344    
    204768  0.18425530    
    205056  0.18445507    
    205344  0.18470132    
    205632  0.18493561    
    205920  0.18515976    
    206208  0.18537515    
    206496  0.18558300    
    206784  0.18578453    
    207072  0.18583612    
    207360  0.18587278    
    207648  0.18591966    
    207936  0.18598510    
    208224  0.18609941    
    208512  0.18622501    
    208800  0.18635906    
    209088  0.18649887    
    209376  0.18664221    
    209664  0.18678695    
    209952  0.18684034    
    210240  0.18688318    
    210528  0.18693224    
    210816  0.18699296    
    211104  0.18706577    
    211392  0.18714882    
    211680  0.18723959    
    211968  0.18727064    
    212256  0.18729688    
    212544  0.18733005    
    212832  0.18737353    
    213120  0.18742724    
    213408  0.18748927    
    213696  0.18750890    
    213984  0.18752626    
    214272  0.18754970    
    214560  0.18758182    
    214848  0.18762220    
    215136  0.18766952    
    215424  0.18768540    
    215712  0.18769929    
    216000  0.18771757    
    216288  0.18774223    
    216576  0.18777315    
    216864  0.18780924    
    217152  0.18782160    
    217440  0.18783209    
    217728  0.18784009    
    218016  0.18785375    
    218304  0.18787283    
    218592  0.18787463    
    218880  0.18787645    
    219168  0.18788193    
    219456  0.18789202    
    219744  0.18790655    
    220032  0.18792477    
    220320  0.18792516    
    220608  0.18792538    
    220896  0.18792830    
    221184  0.18793473    
    221472  0.18794459    
    221760  0.18795721    
    222048  0.18795894    
    222336  0.18795706    
    222624  0.18795733    
    222912  0.18796034    
    223200  0.18796603    
    223488  0.18796326    
    223776  0.18796036    
    224064  0.18795688    
    224352  0.18795615    
    224640  0.18795799    
    224928  0.18796204    
    225216  0.18796779    
    225504  0.18796438    
    225792  0.18796079    
    226080  0.18795839    
    226368  0.18795770    
    226656  0.18795876    
    226944  0.18795943    
    227232  0.18795452    
    227520  0.18794952    
    227808  0.18794556    
    228096  0.18794316    
    228384  0.18794066    
    228672  0.18793961    
    228960  0.18793978    
    229248  0.18793499    
    229536  0.18792842    
    229824  0.18792281    
    230112  0.18791853    
    230400  0.18791544    
    230688  0.18791202    
    230976  0.18790977    
    231264  0.18790327    
    231552  0.18789659    
    231840  0.18788940    
    232128  0.18788344    
    232416  0.18787858    
    232704  0.18787456    
    232992  0.18787023    
    233280  0.18786664    
    233568  0.18785919    
    233856  0.18785144    
    234144  0.18784310    
    234432  0.18783587    
    234720  0.18782955    
    235008  0.18782417    
    235296  0.18781836    
    235584  0.18781322    
    235872  0.18780467    
    236160  0.18779603    
    236448  0.18778683    
    236736  0.18777864    
    237024  0.18777138    
    237312  0.18776494    
    237600  0.18775928    
    237888  0.18775304    
    238176  0.18774265    
    238464  0.18773223    
    238752  0.18772256    
    239040  0.18771264    
    239328  0.18770380    
    239616  0.18769601    
    239904  0.18768890    
    240192  0.18768102    
    240480  0.18766858    
    240768  0.18765579    
    241056  0.18764383    
    241344  0.18763298    
    241632  0.18762144    
    241920  0.18761070    
    242208  0.18760051    
    242496  0.18759057    
    242784  0.18757223    
    243072  0.18755318    
    243360  0.18753478    
    243648  0.18751709    
    243936  0.18749978    
    244224  0.18748032    
    244512  0.18746078    
    244800  0.18744072    
    245088  0.18741050    
    245376  0.18737818    
    245664  0.18734561    
    245952  0.18731011    
    246240  0.18727434    
    246528  0.18723769    
    246816  0.18719944    
    247104  0.18715905    
    247392  0.18710181    
    247680  0.18703653    
    247968  0.18697047    
    248256  0.18690357    
    248544  0.18683478    
    248832  0.18676303    
    249120  0.18668726    
    249408  0.18660639    
    249696  0.18649618    
    249984  0.18637115    
    250272  0.18624409    
    250560  0.18611450    
    250848  0.18598053    
    251136  0.18583976    
    251424  0.18569015    
    251712  0.18552965    
    252000  0.18531454    
    252288  0.18508421    
    252576  0.18484750    
    252864  0.18460307    
    253152  0.18434697    
    253440  0.18405728    
    253728  0.18375047    
    254016  0.18342219    
    254304  0.18298987    
    254592  0.18253130    
    254880  0.18206197    
    255168  0.18157730    
    255456  0.18106824    
    255744  0.18052523    
    256032  0.17994012    
    256320  0.17930543    
    256608  0.17861393    
    256896  0.17785920    
    257184  0.17703471    
    257472  0.17594209    
    257760  0.17480297    
    258048  0.17364839    
    258336  0.17245951    
    258624  0.17121372    
    258912  0.16989209    
    259200  0.16848107    
    259488  0.16696951    
    259776  0.16534908    
    260064  0.16361304    
    260352  0.16175592    
    260640  0.15992138    
    260928  0.15790220    
    261216  0.15571490    
    261504  0.15337275    
    261792  0.15088335    
    262080  0.14825048    
    262368  0.14547455    
    262656  0.14252025    
    262944  0.13935085    
    263232  0.13604558    
    263520  0.13285920    
    263808  0.13197865    
    264096  0.13258162    
    264384  0.13357669    
    264672  0.13445321    
    264960  0.13533269    
    265248  0.13624805    
    265536  0.13719508    
    265824  0.13815837    
    266112  0.13912095    
    266400  0.14006834    
    266688  0.14098831    
    266976  0.14187169    
    267264  0.14305361    
    267552  0.14396012    
    267840  0.14515460    
    268128  0.14570087    
    268416  0.14607136    
    268704  0.14641839    
    268992  0.14677748    
    269280  0.14714669    
    269568  0.14787352    
    269856  0.14834574    
    270144  0.14871182    
    270432  0.14946960    
    270720  0.14959674    
    271008  0.14957774    
    271296  0.14956364    
    271584  0.14958633    
    271872  0.14963971    
    272160  0.15007420    
    272448  0.15074776    
    272736  0.15073432    
    273024  0.15056004    
    273312  0.15039150    
    273600  0.15026554    
    273888  0.15017742    
    274176  0.15061830    
    274464  0.15085399    
    274752  0.15072353    
    275040  0.15052240    
    275328  0.15033656    
    275616  0.15017979    
    275904  0.15058690    
    276192  0.15043868    
    276480  0.15016039    
    276768  0.15024811    
    277056  0.15014729    
    277344  0.15056241    
    277632  0.15041384    
    277920  0.15012299    
    278208  0.14983411    
    278496  0.15015820    
    278784  0.14997590    
    279072  0.14967269    
    279360  0.14972459    
    279648  0.15019077    
    279936  0.15007617    
    280224  0.14980277    
    280512  0.14952323    
    280800  0.14927772    
    281088  0.14967379    
    281376  0.14959057    
    281664  0.14936393    
    281952  0.14944556    
    282240  0.15006115    
    282528  0.15004040    
    282816  0.14981294    
    283104  0.14955252    
    283392  0.14931469    
    283680  0.14973323    
    283968  0.14971486    
    284256  0.14954601    
    284544  0.14934498    
    284832  0.15008834    
    285120  0.15023787    
    285408  0.15015042    
    285696  0.15061118    
    285984  0.15062448    
    286272  0.15047339    
    286560  0.15028240    
    286848  0.15072098    
    287136  0.15076749    
    287424  0.15094261    
    287712  0.15092243    
    288000  0.15145150    
    288288  0.15156564    
    288576  0.15150005    
    288864  0.15136787    
    289152  0.15184253    
    289440  0.15195514    
    289728  0.15190203    
    290016  0.15203920    
    290304  0.15265201    
    290592  0.15285370    
    290880  0.15285152    
    291168  0.15275481    
    291456  0.15323274    
    291744  0.15338106    
    292032  0.15335841    
    292320  0.15348697    
    292608  0.15346737    
    292896  0.15398255    
    293184  0.15417537    
    293472  0.15418065    
    293760  0.15407915    
    294048  0.15451756    
    294336  0.15488397    
    294624  0.15498346    
    294912  0.15492287    
    295200  0.15476592    
    295488  0.15513796    
    295776  0.15524264    
    296064  0.15514696    
    296352  0.15510833    
    296640  0.15490507    
    296928  0.15515785    
    297216  0.15515059    
    297504  0.15495214    
    297792  0.15462624    
    298080  0.15438797    
    298368  0.15403886    
    298656  0.15415420    
    298944  0.15410051    
    299232  0.15390432    
    299520  0.15361312    
    299808  0.15341549    
    300096  0.15314612    
    300384  0.15283814    
    300672  0.15298660    
    300960  0.15306291    
    301248  0.15304597    
    301536  0.15307164    
    301824  0.15300463    
    302112  0.15287639    
    302400  0.15271190    
    302688  0.15253009    
    302976  0.15234406    
    303264  0.15225628    
    303552  0.15251569    
    303840  0.15276195    
    304128  0.15294932    
    304416  0.15307605    
    304704  0.15323128    
    304992  0.15333261    
    305280  0.15339760    
    305568  0.15344067    
    305856  0.15347268    
    306144  0.15350118    
    306432  0.15358871    
    306720  0.15366723    
    307008  0.15374115    
    307296  0.15381415    
    307584  0.15388894    
    307872  0.15396689    
    308160  0.15404913    
    308448  0.15417571    
    308736  0.15429825    
    309024  0.15441729    
    309312  0.15453425    
    309600  0.15465008    
    309888  0.15476526    
    310176  0.15488024    
    310464  0.15502249    
    310752  0.15515906    
    311040  0.15529016    
    311328  0.15541673    
    311616  0.15553939    
    311904  0.15565874    
    312192  0.15568364    
    312480  0.15569282    
    312768  0.15570854    
    313056  0.15573813    
    313344  0.15579690    
    313632  0.15586478    
    313920  0.15593931    
    314208  0.15601832    
    314496  0.15609999    
    314784  0.15618297    
    315072  0.15621352    
