         1   18.200001    
       288   13.196282    
       576  0.19487673    
       864  0.66550123E-03
      1152  0.56401006E-03
      1440  0.54604001E-03
      1728  0.53170678E-03
      2016  0.52011409E-03
      2304  0.51050086E-03
      2592  0.50240190E-03
      2880  0.53308334E-03
      3168  0.10967178E-02
      3456  0.17925053E-02
      3744  0.24037047E-02
      4032  0.29872863E-02
      4320  0.35197381E-02
      4608  0.40062279E-02
      4896  0.44537433E-02
      5184  0.48745009E-02
      5472  0.52639986E-02
      5760  0.56210281E-02
      6048  0.59488094E-02
      6336  0.62493929E-02
      6624  0.65241321E-02
      6912  0.67749196E-02
      7200  0.70006126E-02
      7488  0.71988227E-02
      7776  0.73822206E-02
      8064  0.75570061E-02
      8352  0.77238707E-02
      8640  0.78862002E-02
      8928  0.80431560E-02
      9216  0.81962310E-02
      9504  0.83464701E-02
      9792  0.84951650E-02
     10080  0.86445417E-02
     10368  0.88045876E-02
     10656  0.89736795E-02
     10944  0.91521274E-02
     11232  0.93402434E-02
     11520  0.95383618E-02
     11808  0.97447485E-02
     12096  0.99631073E-02
     12384  0.10192435E-01
     12672  0.10433047E-01
     12960  0.10685195E-01
     13248  0.10947529E-01
     13536  0.11223093E-01
     13824  0.11510928E-01
     14112  0.11811182E-01
     14400  0.12124400E-01
     14688  0.12450914E-01
     14976  0.12790877E-01
     15264  0.13139338E-01
     15552  0.13491326E-01
     15840  0.13852882E-01
     16128  0.14237175E-01
     16416  0.14645982E-01
     16704  0.15080312E-01
     16992  0.15539407E-01
     17280  0.16025754E-01
     17568  0.16538596E-01
     17856  0.17077815E-01
     18144  0.17643094E-01
     18432  0.18234944E-01
     18720  0.18852979E-01
     19008  0.19496080E-01
     19296  0.20165928E-01
     19584  0.20862069E-01
     19872  0.21584669E-01
     20160  0.22333976E-01
     20448  0.23110308E-01
     20736  0.23913732E-01
     21024  0.24743510E-01
     21312  0.25601681E-01
     21600  0.26487961E-01
     21888  0.27403058E-01
     22176  0.28347533E-01
     22464  0.29322142E-01
     22752  0.30327557E-01
     23040  0.31365320E-01
     23328  0.32434691E-01
     23616  0.33538327E-01
     23904  0.34676734E-01
     24192  0.35851348E-01
     24480  0.37063405E-01
     24768  0.38314484E-01
     25056  0.39606214E-01
     25344  0.40940538E-01
     25632  0.42318366E-01
     25920  0.43743953E-01
     26208  0.45218628E-01
     26496  0.46745051E-01
     26784  0.48325945E-01
     27072  0.49964577E-01
     27360  0.51664133E-01
     27648  0.53428579E-01
     27936  0.55260565E-01
     28224  0.57167258E-01
     28512  0.59151985E-01
     28800  0.61220072E-01
     29088  0.63377298E-01
     29376  0.65630063E-01
     29664  0.67985356E-01
     29952  0.70450708E-01
     30240  0.73033184E-01
     30528  0.75744562E-01
     30816  0.78594178E-01
     31104  0.81593372E-01
     31392  0.84754579E-01
     31680  0.88092364E-01
     31968  0.91622412E-01
     32256  0.95362276E-01
     32544  0.99329233E-01
     32832  0.10354908    
     33120  0.10804495    
     33408  0.11284170    
     33696  0.11797339    
     33984  0.12347624    
     34272  0.12939124    
     34560  0.13576226    
     34848  0.14264117    
     35136  0.15009411    
     35424  0.15818913    
     35712  0.16700940    
     36000  0.17665116    
     36288  0.18722624    
     36576  0.19886923    
     36864  0.21173641    
     37152  0.22601092    
     37440  0.24192885    
     37728  0.25975743    
     38016  0.27983293    
     38304  0.30256027    
     38592  0.32844386    
     38880  0.35810995    
     39168  0.39234391    
     39456  0.43212727    
     39744  0.47874075    
     40032  0.53379488    
     40320  0.59936738    
     40608  0.67813754    
     40896  0.77354586    
     41184  0.88996708    
     41472   1.0328358    
     41760   1.2085972    
     42048   1.4243495    
     42336   1.6866089    
     42624   1.9989852    
     42912   2.3585887    
     43200   2.7520645    
     43488   3.1539538    
     43776   3.5307355    
     44064   3.8515055    
     44352   4.1003857    
     44640   4.2817779    
     44928   4.4144330    
     45216   4.5197053    
     45504   4.6129103    
     45792   4.7014909    
     46080   4.7874455    
     46368   4.8703227    
     46656   4.9490747    
     46944   5.0228181    
     47232   5.0910158    
     47520   5.1534948    
     47808   5.2103171    
     48096   5.2616820    
     48384   5.3078694    
     48672   5.3492060    
     48960   5.3860402    
     49248   5.4187303    
     49536   5.4476275    
     49824   5.4730778    
     50112   5.4954171    
     50400   5.5149612    
     50688   5.5320101    
     50976   5.5468507    
     51264   5.5597463    
     51552   5.5709410    
     51840   5.5806556    
     52128   5.5890946    
     52416   5.5964251    
     52704   5.6028147    
     52992   5.6083827    
     53280   5.6132517    
     53568   5.6175098    
     53856   5.6212540    
     54144   5.6245222    
     54432   5.6273866    
     54720   5.6298819    
     55008   5.6320510    
     55296   5.6338844    
     55584   5.6354308    
     55872   5.6366539    
     56160   5.6375675    
     56448   5.6382203    
     56736   5.6385841    
     57024   5.6387081    
     57312   5.6386123    
     57600   5.6383085    
     57888   5.6377811    
     58176   5.6370177    
     58464   5.6360168    
     58752   5.6347446    
     59040   5.6331863    
     59328   5.6313334    
     59616   5.6291132    
     59904   5.6264739    
     60192   5.6233878    
     60480   5.6196861    
     60768   5.6152816    
     61056   5.6100807    
     61344   5.6039739    
     61632   5.5968380    
     61920   5.5886340    
     62208   5.5791912    
     62496   5.5680285    
     62784   5.5549388    
     63072   5.5397053    
     63360   5.5220895    
     63648   5.5018306    
     63936   5.4788990    
     64224   5.4525714    
     64512   5.4223332    
     64800   5.3887358    
     65088   5.3528800    
     65376   5.3155360    
     65664   5.2777147    
     65952   5.2383742    
     66240   5.1982188    
     66528   5.1586304    
     66816   5.1194162    
     67104   5.0817428    
     67392   5.0441093    
     67680   5.0072274    
     67968   4.9717383    
     68256   4.9386563    
     68544   4.9061880    
     68832   4.8749652    
     69120   4.8462076    
     69408   4.8198333    
     69696   4.7940001    
     69984   4.7693524    
     70272   4.7463689    
     70560   4.7253342    
     70848   4.7068372    
     71136   4.6889701    
     71424   4.6721635    
     71712   4.6573286    
     72000   4.6441898    
     72288   4.6308618    
     72576   4.6179280    
     72864   4.6058497    
     73152   4.5948892    
     73440   4.5855207    
     73728   4.5762229    
     74016   4.5673785    
     74304   4.5592790    
     74592   4.5528307    
     74880   4.5460954    
     75168   4.5394731    
     75456   4.5335751    
     75744   4.5273099    
     76032   4.5210786    
     76320   4.5152059    
     76608   4.5101395    
     76896   4.5048122    
     77184   4.4998770    
     77472   4.4951177    
     77760   4.4909573    
     78048   4.4864597    
     78336   4.4819083    
     78624   4.4775610    
     78912   4.4738050    
     79200   4.4697871    
     79488   4.4657574    
     79776   4.4622116    
     80064   4.4591355    
     80352   4.4557762    
     80640   4.4523616    
     80928   4.4491100    
     81216   4.4463577    
     81504   4.4434185    
     81792   4.4404759    
     82080   4.4379344    
     82368   4.4356103    
     82656   4.4337687    
     82944   4.4317908    
     83232   4.4298139    
     83520   4.4279833    
     83808   4.4265676    
     84096   4.4252152    
     84384   4.4237900    
     84672   4.4224291    
     84960   4.4212289    
     85248   4.4204183    
     85536   4.4195180    
     85824   4.4186058    
     86112   4.4179440    
     86400   4.4174018    
     86688   4.4171696    
     86976   4.4168401    
     87264   4.4164801    
     87552   4.4161701    
     87840   4.4161057    
     88128   4.4161587    
     88416   4.4164863    
     88704   4.4167457    
     88992   4.4169750    
     89280   4.4172292    
     89568   4.4176698    
     89856   4.4181919    
     90144   4.4188142    
     90432   4.4196548    
     90720   4.4204497    
     91008   4.4212098    
     91296   4.4220605    
     91584   4.4229321    
     91872   4.4238400    
     92160   4.4248042    
     92448   4.4258423    
     92736   4.4269586    
     93024   4.4282174    
     93312   4.4296126    
     93600   4.4309607    
     93888   4.4322648    
     94176   4.4335423    
     94464   4.4348636    
     94752   4.4361858    
     95040   4.4375119    
     95328   4.4388437    
     95616   4.4401870    
     95904   4.4415398    
     96192   4.4429383    
     96480   4.4443250    
     96768   4.4457140    
     97056   4.4470844    
     97344   4.4484701    
     97632   4.4498415    
     97920   4.4512014    
     98208   4.4525661    
     98496   4.4538999    
     98784   4.4552093    
     99072   4.4564934    
     99360   4.4577484    
     99648   4.4589658    
     99936   4.4601531    
    100224   4.4613218    
    100512   4.4624534    
    100800   4.4635468    
    101088   4.4646025    
    101376   4.4656348    
    101664   4.4666085    
    101952   4.4675384    
    102240   4.4684634    
    102528   4.4693542    
    102816   4.4702315    
    103104   4.4710927    
    103392   4.4719262    
    103680   4.4727154    
    103968   4.4735122    
    104256   4.4742560    
    104544   4.4749637    
    104832   4.4756141    
