         1   172.00000    
       288   172.01572    
       576   172.21126    
       864   172.43335    
      1152   172.64070    
      1440   172.82304    
      1728   172.83037    
      2016   172.80832    
      2304   172.76138    
      2592   172.69559    
      2880   172.61667    
      3168   172.52942    
      3456   172.30394    
      3744   172.05780    
      4032   171.76872    
      4320   171.42320    
      4608   171.01332    
      4896   170.53537    
      5184   169.87941    
      5472   169.16899    
      5760   168.41240    
      6048   167.61880    
      6336   166.79738    
      6624   165.95673    
      6912   165.01906    
      7200   164.08566    
      7488   163.16034    
      7776   162.24646    
      8064   161.34639    
      8352   160.39365    
      8640   159.46469    
      8928   158.55907    
      9216   157.67619    
      9504   156.81602    
      9792   155.97832    
     10080   155.10878    
     10368   154.26657    
     10656   153.45020    
     10944   152.65855    
     11232   151.89090    
     11520   151.14671    
     11808   150.37976    
     12096   149.63821    
     12384   148.92111    
     12672   148.22736    
     12960   147.55614    
     13248   146.86644    
     13536   146.20004    
     13824   145.55589    
     14112   144.93344    
     14400   144.33195    
     14688   143.75085    
     14976   143.18962    
     15264   142.61211    
     15552   142.05524    
     15840   141.51796    
     16128   140.99977    
     16416   140.50008    
     16704   140.01875    
     16992   139.52170    
     17280   139.04312    
     17568   138.58220    
     17856   138.13857    
     18144   137.71210    
     18432   137.30302    
     18720   136.91107    
     19008   136.50250    
     19296   136.11070    
     19584   135.73584    
     19872   135.37755    
     20160   135.03590    
     20448   134.71088    
     20736   134.40327    
     21024   134.07799    
     21312   133.76944    
     21600   133.47774    
     21888   133.20323    
     22176   132.94653    
     22464   132.70793    
     22752   132.48819    
     23040   132.30777    
     23328   132.17099    
     23616   132.09720    
     23904   132.07520    
     24192   132.10384    
     24480   132.18515    
     24768   132.32288    
     25056   132.52193    
     25344   132.78816    
     25632   133.07193    
     25920   133.42633    
     26208   133.85855    
     26496   134.37776    
     26784   134.99429    
     27072   135.71999    
     27360   136.56841    
     27648   137.55495    
     27936   138.58566    
     28224   139.76846    
     28512   141.12337    
     28800   142.67401    
     29088   144.44844    
     29376   146.47810    
     29664   148.79901    
     29952   151.44948    
     30240   154.13524    
     30528   156.80144    
     30816   159.36066    
     31104   161.78873    
     31392   164.07451    
     31680   166.21521    
     31968   168.21236    
     32256   170.07047    
     32544   171.55556    
     32832   172.89494    
     33120   174.10826    
     33408   175.20972    
     33696   176.20982    
     33984   177.11511    
     34272   177.93152    
     34560   178.66212    
     34848   179.05978    
     35136   179.35963    
     35424   179.58083    
     35712   179.73555    
     36000   179.83054    
     36288   179.86935    
     36576   179.85461    
     36864   179.78784    
     37152   179.41718    
     37440   178.98035    
     37728   178.49551    
     38016   177.97293    
     38304   177.41859    
     38592   176.83542    
     38880   176.22487    
     39168   175.58705    
     39456   174.67340    
     39744   173.71771    
     40032   172.73854    
     40320   171.74536    
     40608   170.74318    
     40896   169.73444    
     41184   168.71985    
     41472   167.69930    
     41760   166.43271    
     42048   165.14731    
     42336   163.86288    
     42624   162.58932    
     42912   161.33051    
     43200   160.08696    
     43488   158.85719    
     43776   157.63916    
     44064   156.20135    
     44352   154.76257    
     44640   153.34172    
     44928   151.94681    
     45216   150.57959    
     45504   149.23941    
     45792   147.92375    
     46080   146.62973    
     46368   145.35422    
     46656   144.09416    
     46944   142.84705    
     47232   141.38658    
     47520   139.92607    
     47808   138.48401    
     48096   137.06747    
     48384   135.67763    
     48672   134.31281    
     48960   132.97035    
     49248   131.64719    
     49536   130.34062    
     49824   129.04761    
     50112   127.76588    
     50400   126.49403    
     50688   125.23109    
     50976   123.97585    
     51264   122.72646    
     51552   121.48124    
     51840   120.23885    
     52128   118.99826    
     52416   117.75882    
     52704   116.51999    
     52992   115.28141    
     53280   114.04270    
     53568   112.80377    
     53856   111.56455    
     54144   110.32558    
     54432   109.08772    
     54720   107.85136    
     55008   106.61593    
     55296   105.38100    
     55584   104.14617    
     55872   102.91134    
     56160   101.67657    
     56448   100.44196    
     56736   99.207626    
     57024   97.973587    
     57312   96.741463    
     57600   95.740028    
     57888   94.745506    
     58176   93.736076    
     58464   92.703712    
     58752   91.647087    
     59040   90.567863    
     59328   89.468887    
     59616   88.354179    
     59904   87.226891    
     60192   86.324883    
     60480   85.418343    
     60768   84.487320    
     61056   83.525368    
     61344   82.532463    
     61632   81.511444    
     61920   80.466118    
     62208   79.643867    
     62496   78.810066    
     62784   77.945671    
     63072   77.044762    
     63360   76.108170    
     63648   75.139198    
     63936   74.389702    
     64224   73.621628    
     64512   72.816635    
     64800   71.970634    
     65088   71.084877    
     65376   70.163063    
     65664   69.463577    
     65952   68.741295    
     66240   67.978889    
     66528   67.171791    
     66816   66.321960    
     67104   65.694496    
     67392   65.038246    
     67680   64.336304    
     67968   63.584404    
     68256   63.048954    
     68544   62.474457    
     68832   61.844925    
     69120   61.156952    
     69408   60.684204    
     69696   60.166893    
     69984   59.589634    
     70272   58.949284    
     70560   58.248959    
     70848   57.768127    
     71136   57.244217    
     71424   56.662979    
     71712   56.020859    
     72000   55.669655    
     72288   55.273277    
     72576   54.811825    
     72864   54.279499    
     73152   53.678333    
     73440   53.295761    
     73728   52.861565    
     74016   52.362968    
     74304   51.797504    
     74592   51.453247    
     74880   51.054955    
     75168   50.590546    
     75456   50.346928    
     75744   50.042618    
     76032   49.663631    
     76320   49.206982    
     76608   48.967186    
     76896   48.663864    
     77184   48.285896    
     77472   47.830391    
     77760   47.595879    
     78048   47.299057    
     78336   46.929047    
     78624   46.483761    
     78912   46.260967    
     79200   45.976109    
     79488   45.618877    
     79776   45.186848    
     80064   44.978741    
     80352   44.708611    
     80640   44.366844    
     80928   43.951374    
     81216   43.760506    
     81504   43.507652    
     81792   43.183701    
     82080   42.786266    
     82368   42.316730    
     82656   42.073807    
     82944   41.773914    
     83232   41.409599    
     83520   40.979080    
     83808   40.774105    
     84096   40.512527    
     84384   40.184841    
     84672   39.789433    
     84960   39.328026    
     85248   39.088665    
     85536   38.794205    
     85824   38.438522    
     86112   38.019974    
     86400   37.538952    
     86688   37.274986    
     86976   36.958607    
     87264   36.584774    
     87552   36.152199    
     87840   35.661999    
     88128   35.116333    
     88416   34.779156    
     88704   34.396381    
     88992   33.964851    
     89280   33.484146    
     89568   32.955856    
     89856   32.382034    
     90144   31.766613    
     90432   31.348585    
     90720   30.897766    
     91008   30.413010    
     91296   29.895147    
     91584   29.344952    
     91872   28.765118    
     92160   28.158918    
     92448   27.529709    
     92736   26.880882    
     93024   26.215660    
     93312   25.733515    
     93600   25.241673    
     93888   24.740278    
     94176   24.229797    
     94464   23.711603    
     94752   23.186047    
     95040   22.654467    
     95328   22.118235    
     95616   21.578581    
     95904   21.036705    
     96192   20.493870    
     96480   19.950644    
     96768   19.408001    
     97056   18.866899    
     97344   18.328394    
     97632   17.793608    
     97920   17.263718    
     98208   16.740223    
     98496   16.223980    
     98784   15.716208    
     99072   15.218104    
     99360   14.730776    
     99648   14.255251    
     99936   13.792459    
    100224   13.343598    
    100512   12.908913    
    100800   12.489005    
    101088   12.084471    
    101376   11.695704    
    101664   11.323027    
    101952   10.860158    
    102240   10.418347    
    102528   9.9976988    
    102816   9.5982351    
    103104   9.2199726    
    103392   8.8623810    
    103680   8.5252028    
    103968   8.2080555    
    104256   7.9104505    
    104544   7.6318431    
    104832   7.2890573    
    105120   6.9703097    
    105408   6.6744046    
    105696   6.4002528    
    105984   6.1467261    
    106272   5.9127111    
    106560   5.6970677    
    106848   5.4302139    
    107136   5.1865935    
    107424   4.9644036    
    107712   4.7619619    
    108000   4.5776873    
    108288   4.4101181    
    108576   4.1997209    
    108864   4.0107093    
    109152   3.8408759    
    109440   3.6882658    
    109728   3.5511117    
    110016   3.4278500    
    110304   3.2676446    
    110592   3.1259730    
    110880   3.0004652    
    111168   2.8891113    
    111456   2.7901762    
    111744   2.7021875    
    112032   2.5817008    
    112320   2.4767642    
    112608   2.3851192    
    112896   2.3051000    
    113184   2.2349787    
    113472   2.1366842    
    113760   2.0524242    
    114048   1.9797977    
    114336   1.9169360    
    114624   1.8622637    
    114912   1.8145508    
    115200   1.7412993    
    115488   1.6795852    
    115776   1.6272298    
    116064   1.5825270    
    116352   1.5441388    
    116640   1.5110261    
    116928   1.4549491    
    117216   1.4084250    
    117504   1.3696793    
    117792   1.3371569    
    118080   1.3096861    
    118368   1.2619510    
    118656   1.2229215    
    118944   1.1908216    
    119232   1.1643615    
    119520   1.1423789    
    119808   1.1240174    
    120096   1.1086191    
    120384   1.0745364    
    120672   1.0475336    
    120960   1.0259725    
    121248   1.0086479    
    121536  0.99467343    
    121824  0.98344427    
    122112  0.95554900    
    122400  0.93406498    
    122688  0.91743737    
    122976  0.90456170    
    123264  0.89471173    
    123552  0.88743460    
    123840  0.88223720    
    124128  0.86127567    
    124416  0.84600282    
    124704  0.83513331    
    124992  0.82760417    
    125280  0.82268804    
    125568  0.81992322    
    125856  0.81911063    
    126144  0.80352384    
    126432  0.79322344    
    126720  0.78698480    
    127008  0.78398728    
    127296  0.78352016    
    127584  0.78509122    
    127872  0.78843290    
    128160  0.79352844    
    128448  0.78413165    
    128736  0.77995074    
    129024  0.77981603    
    129312  0.78296757    
    129600  0.78875911    
    129888  0.79677641    
    130176  0.80680770    
    130464  0.81891716    
    130752  0.81821591    
    131040  0.82288748    
    131328  0.83187521    
    131616  0.84454286    
    131904  0.86035556    
    132192  0.87902123    
    132480  0.90040380    
    132768  0.92456889    
    133056  0.93260109    
    133344  0.94813466    
    133632  0.96968210    
    133920  0.99651337    
    134208   1.0282681    
    134496   1.0646409    
    134784   1.1055920    
    135072   1.1513497    
    135360   1.1779882    
    135648   1.2154844    
    135936   1.2620208    
    136224   1.3166220    
    136512   1.3791637    
    136800   1.4498740    
    137088   1.5289152    
    137376   1.6167743    
    137664   1.6796886    
    137952   1.7604884    
    138240   1.8568002    
    138528   1.9676026    
    138816   2.0928671    
    139104   2.2336762    
    139392   2.3917964    
    139680   2.5686607    
    139968   2.7123480    
    140256   2.8875151    
    140544   3.0921159    
    140832   3.3269637    
    141120   3.5942473    
    141408   3.8963990    
    141696   4.2371140    
    141984   4.6211972    
    142272   4.9652848    
    142560   5.3746867    
    142848   5.8505540    
    143136   6.3960814    
    143424   7.0173311    
    143712   7.7226081    
    144000   8.5221033    
    144288   9.4275455    
    144576   10.299768    
    144864   11.310250    
    145152   12.465418    
    145440   13.773204    
    145728   15.243958    
    146016   16.880358    
    146304   18.607300    
    146592   20.289549    
    146880   21.649813    
    147168   22.924978    
    147456   24.113121    
    147744   25.218143    
    148032   26.246302    
    148320   27.207067    
    148608   28.108576    
    148896   28.953556    
    149184   29.505003    
    149472   30.021027    
    149760   30.504623    
    150048   30.960020    
    150336   31.390480    
    150624   31.797907    
    150912   32.182846    
    151200   32.544426    
    151488   32.881741    
    151776   33.193680    
    152064   33.479195    
    152352   33.487595    
    152640   33.477272    
    152928   33.452492    
    153216   33.417324    
    153504   33.374123    
    153792   33.323013    
    154080   33.263077    
    154368   33.192997    
    154656   33.111267    
    154944   33.016235    
    155232   32.906269    
    155520   32.778450    
    155808   32.630985    
    156096   32.465969    
    156384   32.283680    
    156672   32.084061    
    156960   31.867210    
    157248   31.633244    
    157536   31.382284    
    157824   31.114435    
    158112   30.830219    
    158400   30.530178    
    158688   30.214973    
    158976   29.885262    
    159264   29.540272    
    159552   29.179733    
    159840   28.806744    
    160128   28.422478    
    160416   28.027685    
    160704   27.622955    
    160992   27.208698    
    161280   26.785553    
    161568   26.354166    
    161856   25.915194    
    162144   25.467318    
    162432   25.011141    
    162720   24.807461    
    163008   24.586557    
    163296   24.338152    
    163584   24.056936    
    163872   23.741768    
    164160   23.394375    
    164448   23.016397    
    164736   22.611197    
    165024   22.184824    
    165312   22.003578    
    165600   21.791634    
    165888   21.541838    
    166176   21.251896    
    166464   20.923325    
    166752   20.559946    
    167040   20.164959    
    167328   20.008181    
    167616   19.810266    
    167904   19.567480    
    168192   19.279970    
    168480   18.951155    
    168768   18.586226    
    169056   18.456909    
    169344   18.278322    
    169632   18.046560    
    169920   17.765743    
    170208   17.441412    
    170496   17.080120    
    170784   16.955824    
    171072   16.779455    
    171360   16.551079    
    171648   16.272329    
    171936   15.948292    
    172224   15.856913    
    172512   15.705497    
    172800   15.496386    
    173088   15.234692    
    173376   15.197676    
    173664   15.089520    
    173952   14.914552    
    174240   14.677876    
    174528   14.660666    
    174816   14.565089    
    175104   14.398222    
    175392   14.168585    
    175680   13.885806    
    175968   13.831276    
    176256   13.704231    
    176544   13.512262    
    176832   13.261744    
    177120   13.303154    
    177408   13.256761    
    177696   13.131623    
    177984   12.937696    
    178272   12.685687    
    178560   12.657801    
    178848   12.549944    
    179136   12.372840    
    179424   12.137014    
    179712   12.122023    
    180000   12.021587    
    180288   11.849565    
    180576   11.890507    
    180864   11.838108    
    181152   11.706031    
    181440   11.506816    
    181728   11.523282    
    182016   11.449401    
    182304   11.298192    
    182592   11.081334    
    182880   11.082471    
    183168   10.995200    
    183456   10.835060    
    183744   10.615418    
    184032   10.614134    
    184320   10.526220    
    184608   10.367561    
    184896   10.149681    
    185184   10.146681    
    185472   10.056402    
    185760   9.8964033    
    186048   9.6808348    
    186336   9.6801023    
    186624   9.5941410    
    186912   9.4404173    
    187200   9.2310314    
    187488   8.9766178    
    187776   8.9395714    
    188064   8.8251953    
    188352   8.6511669    
    188640   8.4312334    
    188928   8.4193707    
    189216   8.3270683    
    189504   8.1709137    
    189792   7.9666929    
    190080   7.7265844    
    190368   7.6922412    
    190656   7.5848680    
    190944   7.4229307    
    191232   7.2187028    
    191520   6.9817204    
    191808   6.9407034    
    192096   6.8302822    
    192384   6.6693683    
    192672   6.4717903    
    192960   6.2466054    
    193248   6.0010209    
    193536   5.9399147    
    193824   5.8185229    
    194112   5.6550112    
    194400   5.4623637    
    194688   5.2490673    
    194976   5.0215120    
    195264   4.7857952    
    195552   4.7135844    
    195840   4.5917501    
    196128   4.4370565    
    196416   4.2607441    
    196704   4.0702744    
    196992   3.8724554    
    197280   3.6721728    
    197568   3.4730210    
    197856   3.2775633    
    198144   3.0869486    
    198432   3.0217154    
    198720   2.9227703    
    199008   2.8044145    
    199296   2.6762564    
    199584   2.5444024    
    199872   2.4124384    
    200160   2.2834816    
    200448   2.1593268    
    200736   2.0410125    
    201024   1.9290364    
    201312   1.8232594    
    201600   1.7233589    
    201888   1.6294911    
    202176   1.5415354    
    202464   1.4592884    
    202752   1.3824617    
    203040   1.3107324    
    203328   1.2436018    
    203616   1.1805320    
    203904   1.1214662    
    204192   1.0662448    
    204480   1.0146569    
    204768  0.96645129    
    205056  0.92139518    
    205344  0.87920183    
    205632  0.83942795    
    205920  0.80207163    
    206208  0.76702619    
    206496  0.73418325    
    206784  0.70341676    
    207072  0.64177084    
    207360  0.59651178    
    207648  0.56159687    
    207936  0.53328085    
    208224  0.50918651    
    208512  0.48781464    
    208800  0.46842942    
    209088  0.45055211    
    209376  0.43388280    
    209664  0.41824815    
    209952  0.38313866    
    210240  0.35816705    
    210528  0.33940935    
    210816  0.32448354    
    211104  0.31195003    
    211392  0.30094787    
    211680  0.29097417    
    211968  0.26725456    
    212256  0.25078699    
    212544  0.23866853    
    212832  0.22915822    
    213120  0.22122002    
    213408  0.21424556    
    213696  0.19711699    
    213984  0.18543893    
    214272  0.17697917    
    214560  0.17041011    
    214848  0.16495049    
    215136  0.16014709    
    215424  0.14770570    
    215712  0.13930984    
    216000  0.13328378    
    216288  0.12862264    
    216576  0.12475000    
    216864  0.12133753    
    217152  0.11216150    
    217440  0.10601581    
    217728  0.10165040    
    218016  0.98337419E-01
    218304  0.95611207E-01
    218592  0.88485770E-01
    218880  0.83798006E-01
    219168  0.80503121E-01
    219456  0.77984884E-01
    219744  0.75897351E-01
    220032  0.74047849E-01
    220320  0.68758339E-01
    220608  0.65296620E-01
    220896  0.62868781E-01
    221184  0.61017063E-01
    221472  0.59478961E-01
    221760  0.58106702E-01
    222048  0.54080922E-01
    222336  0.51452257E-01
    222624  0.49627896E-01
    222912  0.48245788E-01
    223200  0.47100157E-01
    223488  0.43875936E-01
    223776  0.41793518E-01
    224064  0.40360324E-01
    224352  0.39293095E-01
    224640  0.38417403E-01
    224928  0.37637956E-01
    225216  0.36908351E-01
    225504  0.34554720E-01
    225792  0.33051878E-01
    226080  0.32017041E-01
    226368  0.31234782E-01
    226656  0.30587159E-01
    226944  0.30015159E-01
    227232  0.28180290E-01
    227520  0.27027806E-01
    227808  0.26246117E-01
    228096  0.25662182E-01
    228384  0.25188748E-01
    228672  0.24781860E-01
    228960  0.24408095E-01
    229248  0.23012282E-01
    229536  0.22159779E-01
    229824  0.21605739E-01
    230112  0.21207301E-01
    230400  0.20887546E-01
    230688  0.20612713E-01
    230976  0.20372061E-01
    231264  0.19308394E-01
    231552  0.18683853E-01
    231840  0.18297197E-01
    232128  0.18039791E-01
    232416  0.17847447E-01
    232704  0.17688489E-01
    232992  0.17550657E-01
    233280  0.17435048E-01
    233568  0.16639866E-01
    233856  0.16214227E-01
    234144  0.15985997E-01
    234432  0.15864307E-01
    234720  0.15795929E-01
    235008  0.15755789E-01
    235296  0.15737036E-01
    235584  0.15742002E-01
    235872  0.15226967E-01
    236160  0.15008206E-01
    236448  0.14945910E-01
    236736  0.14969619E-01
    237024  0.15038748E-01
    237312  0.15135316E-01
    237600  0.15251669E-01
    237888  0.15391271E-01
    238176  0.14976182E-01
    238464  0.14897071E-01
    238752  0.14984078E-01
    239040  0.15162248E-01
    239328  0.15395484E-01
    239616  0.15663156E-01
    239904  0.15958453E-01
    240192  0.16284440E-01
    240480  0.16035058E-01
    240768  0.16154813E-01
    241056  0.16450940E-01
    241344  0.16836731E-01
    241632  0.17284602E-01
    241920  0.17782275E-01
    242208  0.18319957E-01
    242496  0.18897826E-01
    242784  0.18818500E-01
    243072  0.19198434E-01
    243360  0.19789455E-01
    243648  0.20488234E-01
    243936  0.21255804E-01
    244224  0.22093592E-01
    244512  0.23007266E-01
    244800  0.23992423E-01
    245088  0.24166446E-01
    245376  0.24934841E-01
    245664  0.25976006E-01
    245952  0.27184118E-01
    246240  0.28518073E-01
    246528  0.29958824E-01
    246816  0.31510927E-01
    247104  0.33187136E-01
    247392  0.33807319E-01
    247680  0.35307121E-01
    247968  0.37220448E-01
    248256  0.39371431E-01
    248544  0.41713774E-01
    248832  0.44250082E-01
    249120  0.47000661E-01
    249408  0.49991965E-01
    249696  0.51509861E-01
    249984  0.54388348E-01
    250272  0.57920400E-01
    250560  0.61863411E-01
    250848  0.66168457E-01
    251136  0.70855327E-01
    251424  0.75968228E-01
    251712  0.81560843E-01
    252000  0.84937535E-01
    252288  0.90507589E-01
    252576  0.97155333E-01
    252864  0.10456286    
    253152  0.11268888    
    253440  0.12165764    
    253728  0.13155711    
    254016  0.14243726    
    254304  0.14973231    
    254592  0.16090059    
    254880  0.17403682    
    255168  0.18865284    
    255456  0.20472579    
    255744  0.22238624    
    256032  0.24182059    
    256320  0.26324406    
    256608  0.28689438    
    256896  0.31303349    
    257184  0.34195238    
    257472  0.36294726    
    257760  0.39342973    
    258048  0.42898855    
    258336  0.46859437    
    258624  0.51229131    
    258912  0.56047434    
    259200  0.61366099    
    259488  0.67244321    
    259776  0.73749256    
    260064  0.80954778    
    260352  0.88943553    
    260640  0.97759432    
    260928   1.0750648    
    261216   1.1833957    
    261504   1.3039800    
    261792   1.4383063    
    262080   1.5880604    
    262368   1.7551525    
    262656   1.9417784    
    262944   2.1505036    
    263232   2.3842854    
    263520   2.6465261    
    263808   2.9411650    
    264096   3.2727616    
    264384   3.6451590    
    264672   4.0639591    
    264960   4.5369520    
    265248   5.0715775    
    265536   5.6754365    
    265824   6.3470788    
    266112   7.0060844    
    266400   7.5586815    
    266688   8.0083370    
    266976   8.3762980    
    267264   8.6733532    
    267552   8.9089375    
    267840   9.3048897    
    268128   9.6058016    
    268416   9.8327894    
    268704   9.9985619    
    268992   10.111636    
    269280   10.179309    
    269568   10.205272    
    269856   10.194997    
    270144   10.155507    
    270432   10.320791    
    270720   10.412737    
    271008   10.446913    
    271296   10.433462    
    271584   10.380255    
    271872   10.293571    
    272160   10.176785    
    272448   10.271605    
    272736   10.293339    
    273024   10.258717    
    273312   10.178776    
    273600   10.062005    
    273888   9.9153881    
    274176   9.9844780    
    274464   9.9765882    
    274752   9.9076195    
    275040   9.7924738    
    275328   9.6415358    
    275616   9.4627848    
    275904   9.5038195    
    276192   9.4683275    
    276480   9.3753529    
    276768   9.2356787    
    277056   9.0594711    
    277344   9.0999823    
    277632   9.0584412    
    277920   8.9565248    
    278208   8.8090286    
    278496   8.8711033    
    278784   8.8425989    
    279072   8.7476683    
    279360   8.6005259    
    279648   8.6600409    
    279936   8.6249304    
    280224   8.5218372    
    280512   8.3687601    
    280800   8.1789904    
    281088   8.2062607    
    281376   8.1451235    
    281664   8.0215807    
    281952   7.8504748    
    282240   7.9505863    
    282528   7.9398241    
    282816   7.8517880    
    283104   7.7083321    
    283392   7.5249634    
    283680   7.5546556    
    283968   7.4917316    
    284256   7.3652835    
    284544   7.1945548    
    284832   7.2299538    
    285120   7.1671648    
    285408   7.0392971    
    285696   7.1072836    
    285984   7.0703549    
    286272   6.9623823    
    286560   6.8053327    
    286848   6.8513246    
    287136   6.7983937    
    287424   6.6773019    
    287712   6.5085688    
    288000   6.5437059    
    288288   6.4818707    
    288576   6.3565154    
    288864   6.1890531    
    289152   6.2234864    
    289440   6.1624727    
    289728   6.0396204    
    290016   5.8740396    
    290304   5.9052086    
    290592   5.8410807    
    290880   5.7166920    
    291168   5.5538325    
    291456   5.5862732    
    291744   5.5258422    
    292032   5.4068570    
    292320   5.2485704    
    292608   5.0643616    
    292896   5.0757003    
    293184   5.0011897    
    293472   4.8742652    
    293760   4.7153883    
    294048   4.7389851    
    294336   4.6739368    
    294624   4.5533175    
    294912   4.3999720    
    295200   4.2277660    
    295488   4.2344608    
    295776   4.1610322    
    296064   4.0404267    
    296352   3.8906898    
    296640   3.7234149    
    296928   3.7220769    
    297216   3.6452570    
    297504   3.5253308    
    297792   3.3814733    
    298080   3.2236438    
    298368   3.0584030    
    298656   3.0421798    
    298944   2.9601004    
    299232   2.8422129    
    299520   2.7061303    
    299808   2.5612261    
    300096   2.4134080    
    300384   2.2672644    
    300672   2.2441485    
    300960   2.1696782    
    301248   2.0697029    
    301536   1.9584371    
    301824   1.8436582    
    302112   1.7306621    
    302400   1.6219608    
    302688   1.5187981    
    302976   1.4215788    
    303264   1.3296758    
    303552   1.3193315    
    303840   1.2751589    
    304128   1.2154554    
    304416   1.1501402    
    304704   1.0841554    
    304992   1.0197929    
    305280  0.95862734    
    305568  0.90123069    
    305856  0.84764403    
    306144  0.79774684    
    306432  0.75107861    
    306720  0.70729059    
    307008  0.66640872    
    307296  0.62829947    
    307584  0.59278262    
    307872  0.55968022    
    308160  0.52881163    
    308448  0.49986976    
    308736  0.47260627    
    309024  0.44706115    
    309312  0.42318210    
    309600  0.40087864    
    309888  0.38004458    
    310176  0.36056527    
    310464  0.34227636    
    310752  0.32497752    
    311040  0.30871668    
    311328  0.29347727    
    311616  0.27920023    
    311904  0.26582366    
    312192  0.23671849    
    312480  0.21752737    
    312768  0.20375474    
    313056  0.19296546    
    313344  0.18380603    
    313632  0.17554827    
    313920  0.16790408    
    314208  0.16072881    
    314496  0.15394683    
    314784  0.14750403    
    315072  0.13188158    
