       288   25.966608    
       576   25.933136    
       864   25.900177    
      1152   25.867218    
      1440   25.834267    
      1728   25.801857    
      2016   25.769447    
      2304   25.737038    
      2592   25.704950    
      2880   25.673090    
      3168   25.641230    
      3456   25.609369    
      3744   25.577852    
      4032   25.546541    
      4320   25.515230    
      4608   25.483919    
      4896   25.452608    
      5184   25.421724    
      5472   25.390963    
      5760   25.360201    
      6048   25.329439    
      6336   25.298677    
      6624   25.267916    
      6912   25.237186    
      7200   25.206974    
      7488   25.176762    
      7776   25.146549    
      8064   25.116337    
      8352   25.086124    
      8640   25.055912    
      8928   25.025700    
      9216   24.995487    
      9504   24.965275    
      9792   24.935062    
     10080   24.904850    
     10368   24.874638    
     10656   24.844425    
     10944   24.814213    
     11232   24.784000    
     11520   24.753788    
     11808   24.723576    
     12096   24.693363    
     12384   24.663151    
     12672   24.632938    
     12960   24.602726    
     13248   24.572514    
     13536   24.542301    
     13824   24.512089    
     14112   24.481447    
     14400   24.450686    
     14688   24.419924    
     14976   24.389162    
     15264   24.358400    
     15552   24.327639    
     15840   24.296877    
     16128   24.265663    
     16416   24.234352    
     16704   24.203041    
     16992   24.171730    
     17280   24.140419    
     17568   24.108677    
     17856   24.076817    
     18144   24.044956    
     18432   24.013096    
     18720   23.980896    
     19008   23.948486    
     19296   23.916077    
     19584   23.883667    
     19872   23.850719    
     20160   23.817760    
     20448   23.784801    
     20736   23.751446    
     21024   23.717937    
     21312   23.684429    
     21600   23.650530    
     21888   23.616472    
     22176   23.582415    
     22464   23.547857    
     22752   23.513250    
     23040   23.478500    
     23328   23.443344    
     23616   23.408188    
     23904   23.372593    
     24192   23.336887    
     24480   23.300959    
     24768   23.264704    
     25056   23.228374    
     25344   23.191570    
     25632   23.154766    
     25920   23.117428    
     26208   23.080074    
     26496   23.042234    
     26784   23.004332    
     27072   22.965958    
     27360   22.927505    
     27648   22.888565    
     27936   22.849564    
     28224   22.810028    
     28512   22.770424    
     28800   22.730324    
     29088   22.690073    
     29376   22.649424    
     29664   22.608490    
     29952   22.567291    
     30240   22.525656    
     30528   22.483873    
     30816   22.441576    
     31104   22.399067    
     31392   22.356220    
     31680   22.312954    
     31968   22.269497    
     32256   22.225552    
     32544   22.181318    
     32832   22.136824    
     33120   22.091808    
     33408   22.046564    
     33696   22.000971    
     33984   21.954914    
     34272   21.908621    
     34560   21.861929    
     34848   21.814802    
     35136   21.767433    
     35424   21.719643    
     35712   21.671429    
     36000   21.622967    
     36288   21.574078    
     36576   21.524761    
     36864   21.475193    
     37152   21.425205    
     37440   21.374781    
     37728   21.324110    
     38016   21.273024    
     38304   21.221497    
     38592   21.169727    
     38880   21.117542    
     39168   21.064919    
     39456   21.012066    
     39744   20.958782    
     40032   20.905087    
     40320   20.851175    
     40608   20.796793    
     40896   20.742065    
     41184   20.687120    
     41472   20.631639    
     41760   20.575935    
     42048   20.519905    
     42336   20.463419    
     42624   20.406792    
     42912   20.349663    
     43200   20.292326    
     43488   20.234648    
     43776   20.176588    
     44064   20.118361    
     44352   20.059650    
     44640   20.000874    
     44928   19.941570    
     45216   19.882244    
     45504   19.822380    
     45792   19.762505    
     46080   19.702116    
     46368   19.641691    
     46656   19.580826    
     46944   19.519852    
     47232   19.458773    
     47520   19.397249    
     47808   19.335726    
     48096   19.273762    
     48384   19.211689    
     48672   19.149616    
     48960   19.087107    
     49248   19.024485    
     49536   18.961863    
     49824   18.899240    
     50112   18.836111    
     50400   18.772940    
     50688   18.709768    
     50976   18.646597    
     51264   18.583426    
     51552   18.520254    
     51840   18.456768    
     52128   18.393047    
     52416   18.329327    
     52704   18.265606    
     52992   18.201885    
     53280   18.138165    
     53568   18.074444    
     53856   18.010887    
     54144   17.947449    
     54432   17.884169    
     54720   17.820997    
     55008   17.757826    
     55296   17.694654    
     55584   17.631571    
     55872   17.568703    
     56160   17.506081    
     56448   17.443459    
     56736   17.381052    
     57024   17.318865    
     57312   17.256792    
     57600   17.194956    
     57888   17.133373    
     58176   17.071882    
     58464   17.010664    
     58752   16.949690    
     59040   16.888990    
     59328   16.828566    
     59616   16.768448    
     59904   16.708744    
     60192   16.649267    
     60480   16.590202    
     60768   16.531590    
     61056   16.473202    
     61344   16.415281    
     61632   16.357851    
     61920   16.300928    
     62208   16.244482    
     62496   16.188379    
     62784   16.132694    
     63072   16.077536    
     63360   16.022913    
     63648   15.968881    
     63936   15.915406    
     64224   15.862471    
     64512   15.810089    
     64800   15.758269    
     65088   15.707022    
     65376   15.656344    
     65664   15.606236    
     65952   15.556695    
     66240   15.507737    
     66528   15.459361    
     66816   15.411569    
     67104   15.364340    
     67392   15.317655    
     67680   15.271517    
     67968   15.225934    
     68256   15.180885    
     68544   15.136352    
     68832   15.092340    
     69120   15.048830    
     69408   15.005806    
     69696   14.963247    
     69984   14.921187    
     70272   14.879604    
     70560   14.838519    
     70848   14.797894    
     71136   14.757736    
     71424   14.718032    
     71712   14.678804    
     72000   14.640018    
     72288   14.601620    
     72576   14.563644    
     72864   14.526102    
     73152   14.489015    
     73440   14.452358    
     73728   14.416104    
     74016   14.380273    
     74304   14.344893    
     74592   14.309923    
     74880   14.275346    
     75168   14.241178    
     75456   14.207397    
     75744   14.173984    
     76032   14.140959    
     76320   14.108343    
     76608   14.076116    
     76896   14.044251    
     77184   14.012768    
     77472   13.981704    
     77760   13.951001    
     78048   13.920671    
     78336   13.890724    
     78624   13.861173    
     78912   13.832012    
     79200   13.803185    
     79488   13.774734    
     79776   13.746690    
     80064   13.718986    
     80352   13.691631    
     80640   13.664660    
     80928   13.638042    
     81216   13.611781    
     81504   13.585872    
     81792   13.560305    
     82080   13.535081    
     82368   13.510262    
     82656   13.485797    
     82944   13.461654    
     83232   13.437854    
     83520   13.414444    
     83808   13.391355    
     84096   13.368571    
     84384   13.346102    
     84672   13.323982    
     84960   13.302234    
     85248   13.280803    
     85536   13.259674    
     85824   13.238854    
     86112   13.218363    
     86400   13.198244    
     86688   13.178432    
     86976   13.158912    
     87264   13.139696    
     87552   13.120793    
     87840   13.102224    
     88128   13.084022    
     88416   13.066126    
     88704   13.048520    
     88992   13.031217    
     89280   13.014225    
     89568   12.997558    
     89856   12.981238    
     90144   12.965272    
     90432   12.949616    
     90720   12.934248    
     91008   12.919177    
     91296   12.904409    
     91584   12.889969    
     91872   12.875839    
     92160   12.862054    
     92448   12.848606    
     92736   12.835495    
     93024   12.822754    
     93312   12.810313    
     93600   12.798146    
     93888   12.786260    
     94176   12.774657    
     94464   12.763341    
     94752   12.752316    
     95040   12.741582    
     95328   12.731141    
     95616   12.720995    
     95904   12.711143    
     96192   12.701586    
     96480   12.692324    
     96768   12.683359    
     97056   12.674695    
     97344   12.666315    
     97632   12.658219    
     97920   12.650403    
     98208   12.642863    
     98496   12.635596    
     98784   12.628595    
     99072   12.621859    
     99360   12.615376    
     99648   12.609131    
     99936   12.603109    
    100224   12.597300    
    100512   12.591702    
    100800   12.586320    
    101088   12.581131    
    101376   12.576106    
    101664   12.571273    
    101952   12.566648    
    102240   12.562231    
    102528   12.558019    
    102816   12.554007    
    103104   12.550159    
    103392   12.546465    
    103680   12.542906    
    103968   12.539480    
    104256   12.536175    
    104544   12.532970    
    104832   12.529916    
    105120   12.526997    
    105408   12.524216    
    105696   12.521524    
    105984   12.518953    
    106272   12.516462    
    106560   12.514042    
    106848   12.511727    
    107136   12.509521    
    107424   12.507401    
    107712   12.505357    
    108000   12.503380    
    108288   12.501464    
    108576   12.499628    
    108864   12.497854    
    109152   12.496161    
    109440   12.494532    
    109728   12.492966    
    110016   12.491440    
    110304   12.489940    
    110592   12.488499    
    110880   12.487126    
    111168   12.485816    
    111456   12.484539    
    111744   12.483283    
    112032   12.482053    
    112320   12.480858    
    112608   12.479696    
    112896   12.478574    
    113184   12.477506    
    113472   12.476478    
    113760   12.475481    
    114048   12.474511    
    114336   12.473556    
    114624   12.472619    
    114912   12.471699    
    115200   12.470798    
    115488   12.469934    
    115776   12.469102    
    116064   12.468278    
    116352   12.467454    
    116640   12.466630    
    116928   12.465843    
    117216   12.465080    
    117504   12.464336    
    117792   12.463606    
    118080   12.462885    
    118368   12.462191    
    118656   12.461514    
    118944   12.460858    
    119232   12.460218    
    119520   12.459590    
    119808   12.458970    
    120096   12.458356    
    120384   12.457749    
    120672   12.457169    
    120960   12.456606    
    121248   12.456057    
    121536   12.455507    
    121824   12.454958    
    122112   12.454409    
    122400   12.453859    
    122688   12.453310    
    122976   12.452761    
    123264   12.452211    
    123552   12.451662    
    123840   12.451113    
    124128   12.450563    
    124416   12.450014    
    124704   12.449465    
    124992   12.448915    
    125280   12.448366    
    125568   12.447817    
    125856   12.447268    
    126144   12.446718    
    126432   12.446169    
    126720   12.445620    
    127008   12.445070    
    127296   12.444521    
    127584   12.443972    
    127872   12.443422    
    128160   12.442873    
    128448   12.442324    
    128736   12.441774    
    129024   12.441225    
    129312   12.440676    
    129600   12.440126    
    129888   12.439561    
    130176   12.438977    
    130464   12.438374    
    130752   12.437751    
    131040   12.437122    
    131328   12.436481    
    131616   12.435822    
    131904   12.435137    
    132192   12.434425    
    132480   12.433689    
    132768   12.432927    
    133056   12.432158    
    133344   12.431377    
    133632   12.430577    
    133920   12.429721    
    134208   12.428835    
    134496   12.427917    
    134784   12.426954    
    135072   12.425953    
    135360   12.424935    
    135648   12.423861    
    135936   12.422729    
    136224   12.421531    
    136512   12.420280    
    136800   12.418959    
    137088   12.417555    
    137376   12.416050    
    137664   12.414466    
    137952   12.412821    
    138240   12.411097    
    138528   12.409222    
    138816   12.407255    
    139104   12.405122    
    139392   12.402836    
    139680   12.400382    
    139968   12.397766    
    140256   12.394997    
    140544   12.392031    
    140832   12.388835    
    141120   12.385389    
    141408   12.381664    
    141696   12.377628    
    141984   12.373241    
    142272   12.368545    
    142560   12.363518    
    142848   12.358092    
    143136   12.352230    
    143424   12.345862    
    143712   12.338941    
    144000   12.331405    
    144288   12.323212    
    144576   12.314380    
    144864   12.304884    
    145152   12.294639    
    145440   12.283560    
    145728   12.271574    
    146016   12.258615    
    146304   12.244632    
    146592   12.229555    
    146880   12.213431    
    147168   12.196264    
    147456   12.178012    
    147744   12.158683    
    148032   12.138407    
    148320   12.117303    
    148608   12.095458    
    148896   12.072966    
    149184   12.049953    
    149472   12.026498    
    149760   12.002654    
    150048   11.978438    
    150336   11.953871    
    150624   11.928984    
    150912   11.903790    
    151200   11.878307    
    151488   11.852551    
    151776   11.826536    
    152064   11.800280    
    152352   11.773840    
    152640   11.747274    
    152928   11.720574    
    153216   11.693760    
    153504   11.666833    
    153792   11.639791    
    154080   11.612655    
    154368   11.585405    
    154656   11.558065    
    154944   11.530650    
    155232   11.503148    
    155520   11.475568    
    155808   11.447939    
    156096   11.420259    
    156384   11.392539    
    156672   11.364792    
    156960   11.337027    
    157248   11.309257    
    157536   11.281488    
    157824   11.253730    
    158112   11.225990    
    158400   11.198294    
    158688   11.170645    
    158976   11.143045    
    159264   11.115503    
    159552   11.088070    
    159840   11.060716    
    160128   11.033460    
    160416   11.006316    
    160704   10.979304    
    160992   10.952414    
    161280   10.925686    
    161568   10.899108    
    161856   10.872695    
    162144   10.846452    
    162432   10.820410    
    162720   10.794477    
    163008   10.768617    
    163296   10.742857    
    163584   10.717198    
    163872   10.691694    
    164160   10.666359    
    164448   10.641224    
    164736   10.616294    
    165024   10.591600    
    165312   10.567071    
    165600   10.542636    
    165888   10.518358    
    166176   10.494247    
    166464   10.470345    
    166752   10.446671    
    167040   10.423254    
    167328   10.400020    
    167616   10.376919    
    167904   10.353976    
    168192   10.331249    
    168480   10.308764    
    168768   10.286544    
    169056   10.264519    
    169344   10.242633    
    169632   10.220929    
    169920   10.199460    
    170208   10.178261    
    170496   10.157365    
    170784   10.136682    
    171072   10.116153    
    171360   10.095824    
    171648   10.075756    
    171936   10.055988    
    172224   10.036419    
    172512   10.017000    
    172800   9.9977922    
    173088   9.9788485    
    173376   9.9600754    
    173664   9.9414244    
    173952   9.9229755    
    174240   9.9047813    
    174528   9.8867588    
    174816   9.8688564    
    175104   9.8511648    
    175392   9.8337193    
    175680   9.8165712    
    175968   9.7996359    
    176256   9.7828522    
    176544   9.7662983    
    176832   9.7500210    
    177120   9.7338924    
    177408   9.7178602    
    177696   9.7019949    
    177984   9.6863651    
    178272   9.6710281    
    178560   9.6558828    
    178848   9.6408892    
    179136   9.6261063    
    179424   9.6115980    
    179712   9.5972681    
    180000   9.5830822    
    180288   9.5691099    
    180576   9.5552664    
    180864   9.5415430    
    181152   9.5279884    
    181440   9.5146761    
    181728   9.5015287    
    182016   9.4885063    
    182304   9.4756813    
    182592   9.4631119    
    182880   9.4507036    
    183168   9.4384193    
    183456   9.4263334    
    183744   9.4145012    
    184032   9.4028349    
    184320   9.3912878    
    184608   9.3799419    
    184896   9.3688440    
    185184   9.3578968    
    185472   9.3470621    
    185760   9.3364258    
    186048   9.3260202    
    186336   9.3157568    
    186624   9.3056211    
    186912   9.2956514    
    187200   9.2859087    
    187488   9.2764292    
    187776   9.2671156    
    188064   9.2579279    
    188352   9.2489281    
    188640   9.2401609    
    188928   9.2315311    
    189216   9.2229948    
    189504   9.2146292    
    189792   9.2064676    
    190080   9.1985455    
    190368   9.1907673    
    190656   9.1830921    
    190944   9.1755924    
    191232   9.1682835    
    191520   9.1611967    
    191808   9.1542444    
    192096   9.1474133    
    192384   9.1407232    
    192672   9.1342306    
    192960   9.1279535    
    193248   9.1219006    
    193536   9.1159821    
    193824   9.1101751    
    194112   9.1045122    
    194400   9.0990238    
    194688   9.0937414    
    194976   9.0886679    
    195264   9.0838099    
    195552   9.0790854    
    195840   9.0744524    
    196128   9.0699625    
    196416   9.0656300    
    196704   9.0614786    
    196992   9.0575094    
    197280   9.0537357    
    197568   9.0501432    
    197856   9.0467367    
    198144   9.0435219    
    198432   9.0404043    
    198720   9.0373650    
    199008   9.0344267    
    199296   9.0316286    
    199584   9.0289402    
    199872   9.0264015    
    200160   9.0239801    
    200448   9.0216913    
    200736   9.0195189    
    201024   9.0174665    
    201312   9.0155134    
    201600   9.0136843    
    201888   9.0119362    
    202176   9.0102701    
    202464   9.0087099    
    202752   9.0072269    
    203040   9.0058298    
    203328   9.0044842    
    203616   9.0032120    
    203904   9.0020132    
    204192   9.0008764    
    204480   8.9997873    
    204768   8.9987478    
    205056   8.9977589    
    205344   8.9968100    
    205632   8.9959030    
    205920   8.9950399    
    206208   8.9942226    
    206496   8.9934511    
    206784   8.9927282    
    207072   8.9920435    
    207360   8.9913855    
    207648   8.9907598    
    207936   8.9901791    
    208224   8.9896421    
    208512   8.9891405    
    208800   8.9886541    
    209088   8.9881830    
    209376   8.9877281    
    209664   8.9872894    
    209952   8.9868832    
    210240   8.9865055    
    210528   8.9861574    
    210816   8.9858360    
    211104   8.9855394    
    211392   8.9852648    
    211680   8.9849901    
    211968   8.9847155    
    212256   8.9844408    
    212544   8.9841661    
    212832   8.9838915    
    213120   8.9836168    
    213408   8.9833422    
    213696   8.9830675    
    213984   8.9827929    
    214272   8.9825373    
    214560   8.9822941    
    214848   8.9820604    
    215136   8.9818354    
    215424   8.9816475    
    215712   8.9814863    
    216000   8.9813461    
    216288   8.9812174    
    216576   8.9811029    
    216864   8.9810038    
    217152   8.9809246    
    217440   8.9808836    
    217728   8.9808722    
    218016   8.9808722    
    218304   8.9808722    
    218592   8.9808722    
    218880   8.9808722    
    219168   8.9808722    
    219456   8.9808722    
    219744   8.9808722    
    220032   8.9808722    
    220320   8.9808722    
    220608   8.9808722    
    220896   8.9808722    
    221184   8.9808722    
    221472   8.9808722    
    221760   8.9808722    
    222048   8.9808722    
    222336   8.9808722    
    222624   8.9808722    
    222912   8.9808722    
    223200   8.9808722    
    223488   8.9808722    
    223776   8.9808722    
    224064   8.9808722    
    224352   8.9808722    
    224640   8.9808722    
    224928   8.9808722    
    225216   8.9808722    
    225504   8.9808722    
    225792   8.9808722    
    226080   8.9808722    
    226368   8.9808722    
    226656   8.9808722    
    226944   8.9808722    
    227232   8.9808722    
    227520   8.9808722    
    227808   8.9808722    
    228096   8.9808722    
    228384   8.9808722    
    228672   8.9808722    
    228960   8.9808722    
    229248   8.9808722    
    229536   8.9808722    
    229824   8.9808722    
    230112   8.9808722    
    230400   8.9808722    
    230688   8.9808722    
    230976   8.9808722    
    231264   8.9808722    
    231552   8.9808722    
    231840   8.9808722    
    232128   8.9808722    
    232416   8.9808722    
    232704   8.9808722    
    232992   8.9808722    
    233280   8.9808722    
    233568   8.9808722    
    233856   8.9808722    
    234144   8.9808722    
    234432   8.9808722    
    234720   8.9808722    
    235008   8.9808722    
    235296   8.9808722    
    235584   8.9808722    
    235872   8.9808722    
    236160   8.9808722    
    236448   8.9808722    
    236736   8.9808722    
    237024   8.9808722    
    237312   8.9808722    
    237600   8.9808722    
    237888   8.9808722    
    238176   8.9808722    
    238464   8.9808722    
    238752   8.9808722    
    239040   8.9808722    
    239328   8.9808722    
    239616   8.9808722    
    239904   8.9808722    
    240192   8.9808722    
    240480   8.9808722    
    240768   8.9808722    
    241056   8.9808722    
    241344   8.9808722    
    241632   8.9808722    
    241920   8.9808722    
    242208   8.9808722    
    242496   8.9808722    
    242784   8.9808722    
    243072   8.9808722    
    243360   8.9808722    
    243648   8.9808722    
    243936   8.9808722    
    244224   8.9808722    
    244512   8.9808722    
    244800   8.9808722    
    245088   8.9808722    
    245376   8.9808722    
    245664   8.9808722    
    245952   8.9808722    
    246240   8.9808722    
    246528   8.9808722    
    246816   8.9808722    
    247104   8.9808722    
    247392   8.9808722    
    247680   8.9808722    
    247968   8.9808722    
    248256   8.9808722    
    248544   8.9808559    
    248832   8.9808092    
    249120   8.9807339    
    249408   8.9806261    
    249696   8.9804926    
    249984   8.9803400    
    250272   8.9801664    
    250560   8.9799700    
    250848   8.9797525    
    251136   8.9795141    
    251424   8.9792528    
    251712   8.9789782    
    252000   8.9787035    
    252288   8.9784288    
    252576   8.9781542    
    252864   8.9778643    
    253152   8.9775391    
    253440   8.9771814    
    253728   8.9767847    
    254016   8.9763556    
    254304   8.9759111    
    254592   8.9754419    
    254880   8.9749117    
    255168   8.9743261    
    255456   8.9736834    
    255744   8.9729681    
    256032   8.9721909    
    256320   8.9713554    
    256608   8.9704275    
    256896   8.9694109    
    257184   8.9682827    
    257472   8.9670668    
    257760   8.9657640    
    258048   8.9643402    
    258336   8.9627686    
    258624   8.9610415    
    258912   8.9591627    
    259200   8.9570866    
    259488   8.9548073    
    259776   8.9522982    
    260064   8.9495325    
    260352   8.9464922    
    260640   8.9431515    
    260928   8.9394722    
    261216   8.9354382    
    261504   8.9309998    
    261792   8.9261274    
    262080   8.9207706    
    262368   8.9149017    
    262656   8.9084692    
    262944   8.9014053    
    263232   8.8936806    
    263520   8.8852291    
    263808   8.8760071    
    264096   8.8659573    
    264384   8.8550234    
    264672   8.8431902    
    264960   8.8306160    
    265248   8.8174734    
    265536   8.8038893    
    265824   8.7899494    
    266112   8.7757273    
    266400   8.7612867    
    266688   8.7466698    
    266976   8.7319269    
    267264   8.7170877    
    267552   8.7021914    
    267840   8.6871490    
    268128   8.6719217    
    268416   8.6565971    
    268704   8.6412277    
    268992   8.6258507    
    269280   8.6104956    
    269568   8.5951929    
    269856   8.5799732    
    270144   8.5648499    
    270432   8.5497284    
    270720   8.5345516    
    271008   8.5193882    
    271296   8.5042858    
    271584   8.4892921    
    271872   8.4744148    
    272160   8.4596968    
    272448   8.4450150    
    272736   8.4303350    
    273024   8.4157209    
    273312   8.4012251    
    273600   8.3868752    
    273888   8.3727045    
    274176   8.3585949    
    274464   8.3445110    
    274752   8.3305178    
    275040   8.3166828    
    275328   8.3030300    
    275616   8.2895908    
    275904   8.2762451    
    276192   8.2629461    
    276480   8.2497673    
    276768   8.2367659    
    277056   8.2239695    
    277344   8.2112694    
    277632   8.1986246    
    277920   8.1861286    
    278208   8.1738119    
    278496   8.1615715    
    278784   8.1493835    
    279072   8.1373215    
    279360   8.1254530    
    279648   8.1136713    
    279936   8.1019421    
    280224   8.0903568    
    280512   8.0789738    
    280800   8.0678310    
    281088   8.0567923    
    281376   8.0458384    
    281664   8.0350428    
    281952   8.0244627    
    282240   8.0139427    
    282528   8.0034494    
    282816   7.9930854    
    283104   7.9829144    
    283392   7.9729733    
    283680   7.9631367    
    283968   7.9533868    
    284256   7.9438043    
    284544   7.9344325    
    284832   7.9251580    
    285120   7.9159694    
    285408   7.9069438    
    285696   7.8979864    
    285984   7.8890858    
    286272   7.8803325    
    286560   7.8717794    
    286848   7.8633184    
    287136   7.8549242    
    287424   7.8466883    
    287712   7.8386521    
    288000   7.8307123    
    288288   7.8228502    
    288576   7.8151445    
    288864   7.8076439    
    289152   7.8002257    
    289440   7.7928867    
    289728   7.7856979    
    290016   7.7787027    
    290304   7.7717919    
    290592   7.7649546    
    290880   7.7582650    
    291168   7.7517648    
    291456   7.7453465    
    291744   7.7389946    
    292032   7.7327814    
    292320   7.7267489    
    292608   7.7209177    
    292896   7.7151809    
    293184   7.7095156    
    293472   7.7039900    
    293760   7.6986365    
    294048   7.6933594    
    294336   7.6881399    
    294624   7.6830468    
    294912   7.6781168    
    295200   7.6733718    
    295488   7.6687074    
    295776   7.6641011    
    296064   7.6596193    
    296352   7.6552901    
    296640   7.6511326    
    296928   7.6470542    
    297216   7.6430354    
    297504   7.6391315    
    297792   7.6353774    
    298080   7.6317830    
    298368   7.6283612    
    298656   7.6250167    
    298944   7.6217308    
    299232   7.6185584    
    299520   7.6155229    
    299808   7.6126361    
    300096   7.6099057    
    300384   7.6073308    
    300672   7.6048245    
    300960   7.6023755    
    301248   7.6000257    
    301536   7.5977902    
    301824   7.5956798    
    302112   7.5936956    
    302400   7.5918312    
    302688   7.5900807    
    302976   7.5884433    
    303264   7.5869093    
    303552   7.5854177    
    303840   7.5839615    
    304128   7.5825725    
    304416   7.5812507    
    304704   7.5800066    
    304992   7.5788398    
    305280   7.5777402    
    305568   7.5767117    
    305856   7.5757461    
    306144   7.5748353    
    306432   7.5739865    
    306720   7.5731807    
    307008   7.5724263    
    307296   7.5717134    
    307584   7.5710440    
    307872   7.5704174    
    308160   7.5698214    
    308448   7.5692563    
    308736   7.5687218    
    309024   7.5682216    
    309312   7.5677519    
    309600   7.5673127    
    309888   7.5668931    
    310176   7.5664930    
    310464   7.5661139    
    310752   7.5657578    
    311040   7.5654192    
    311328   7.5650878    
    311616   7.5647669    
    311904   7.5644679    
    312192   7.5642042    
    312480   7.5639777    
    312768   7.5637622    
    313056   7.5635562    
    313344   7.5633574    
    313632   7.5631657    
    313920   7.5629835    
    314208   7.5628109    
    314496   7.5626488    
    314784   7.5624981    
    315072   7.5623608    
