         1   0.0000000    
        24  0.42880070    
        48  0.83525032    
        72   1.1374582    
        96   1.3620404    
       120   1.5294907    
       144   1.6555003    
       168   1.7517757    
       192   1.8269380    
       216   1.8873256    
       240   1.9376286    
       264   1.9813588    
       288   2.0211840    
       312   2.0591686    
       336   2.0969424    
       360   2.1358242    
       384   2.1769099    
       408   2.2211351    
       432   2.2693245    
       456   2.3222260    
       480   2.3805370    
       504   2.4449263    
       528   2.5160451    
       552   2.5945415    
       576   2.6810677    
       600   2.7762849    
       624   2.8808706    
       648   2.9955153    
       672   3.1209264    
       696   3.2578242    
       720   3.4069409    
       744   3.5690107    
       768   3.7447684    
       792   3.9349387    
       816   4.1402249    
       840   4.3613009    
       864   4.5987945    
       888   4.8532815    
       912   5.1252656    
       936   5.4151735    
       960   5.7233377    
       984   6.0499883    
      1008   6.3952460    
      1032   6.7591147    
      1056   7.0782681    
      1080   7.2814946    
      1104   7.3851743    
      1128   7.4066982    
      1152   7.3631158    
      1176   7.2699947    
      1200   7.1407838    
      1224   6.9864941    
      1248   6.8157892    
      1272   6.6361003    
      1296   6.4531746    
      1320   6.2714868    
      1344   6.0945206    
      1368   5.9249783    
      1392   5.7649679    
      1416   5.6161394    
      1440   5.4797916    
      1464   5.3569574    
      1488   5.2484689    
      1512   5.1550059    
      1536   5.0771322    
      1560   5.0153232    
      1584   4.9699841    
      1608   4.9414620    
      1632   4.9300504    
      1656   4.9359412    
      1680   4.9591937    
      1704   4.9998155    
      1728   5.0577621    
      1752   5.1329288    
      1776   5.2251458    
      1800   5.3341660    
      1824   5.4596648    
      1848   5.6012354    
      1872   5.7583919    
      1896   5.9305725    
      1920   6.1171427    
      1944   6.3174129    
      1968   6.5306067    
      1992   6.7558584    
      2016   6.9923024    
      2040   7.2390866    
      2064   7.4953332    
      2088   7.7602162    
      2112   8.0329952    
      2136   8.3130341    
      2160   8.5997992    
      2184   8.8928795    
      2208   9.1919899    
      2232   9.4969625    
      2256   9.8077497    
      2280   10.124420    
      2304   10.447145    
      2328   10.776184    
      2352   11.111878    
      2376   11.454629    
      2400   11.804872    
      2424   12.163057    
      2448   12.526224    
      2472   12.888347    
      2496   13.253123    
      2520   13.621999    
      2544   13.995415    
      2568   14.373497    
      2592   14.756335    
      2616   15.144107    
      2640   15.537032    
      2664   15.935302    
      2688   16.338963    
      2712   16.747875    
      2736   17.161591    
      2760   17.579378    
      2784   18.000189    
      2808   18.422682    
      2832   18.845177    
      2856   19.265760    
      2880   19.682463    
      2904   20.093307    
      2928   20.496357    
      2952   20.889786    
      2976   21.271807    
      3000   21.647709    
      3024   22.025112    
      3048   22.402426    
      3072   22.764038    
      3096   23.096327    
      3120   23.391962    
      3144   23.649647    
      3168   23.629559    
      3192   23.170322    
      3216   22.443220    
      3240   21.582335    
      3264   20.679911    
      3288   19.794058    
      3312   18.958729    
      3336   18.191751    
      3360   17.500578    
      3384   16.886133    
      3408   16.345400    
      3432   15.873133    
      3456   15.463008    
      3480   15.108375    
      3504   14.802714    
      3528   14.539905    
      3552   14.314342    
      3576   14.120996    
      3600   13.955389    
      3624   13.813581    
      3648   13.692101    
      3672   13.587908    
      3696   13.498329    
      3720   13.421039    
      3744   13.354000    
      3768   13.295436    
      3792   13.243794    
      3816   13.197736    
      3840   13.156094    
      3864   13.117861    
      3888   13.082169    
      3912   13.048271    
      3936   13.015527    
      3960   12.983403    
      3984   12.951430    
      4008   12.919226    
      4032   12.886462    
      4056   12.852868    
      4080   12.818223    
      4104   12.782340    
      4128   12.745073    
      4152   12.706301    
      4176   12.665933    
      4200   12.623899    
      4224   12.580139    
      4248   12.534621    
      4272   12.487316    
      4296   12.438211    
      4320   12.387298    
      4344   12.334579    
      4368   12.280062    
      4392   12.223753    
      4416   12.165668    
      4440   12.105831    
      4464   12.044253    
      4488   11.980937    
      4512   11.915829    
      4536   11.848911    
      4560   11.780191    
      4584   11.709697    
      4608   11.637459    
      4632   11.563516    
      4656   11.487900    
      4680   11.410644    
      4704   11.331777    
      4728   11.251325    
      4752   11.169310    
      4776   11.085752    
      4800   11.000666    
      4824   10.914066    
      4848   10.825966    
      4872   10.736378    
      4896   10.645303    
      4920   10.552750    
      4944   10.458721    
      4968   10.363219    
      4992   10.266243    
      5016   10.167796    
      5040   10.067868    
      5064   9.9664621    
      5088   9.8635740    
      5112   9.7591982    
      5136   9.6533279    
      5160   9.5459528    
      5184   9.4370689    
      5208   9.3266716    
      5232   9.2147493    
      5256   9.1012945    
      5280   8.9862986    
      5304   8.8697500    
      5328   8.7516394    
      5352   8.6318798    
      5376   8.5103893    
      5400   8.3870592    
      5424   8.4921446    
      5448   8.9717016    
      5472   9.6462593    
      5496   10.384063    
      5520   11.097551    
      5544   11.737311    
      5568   12.282044    
      5592   12.728177    
      5616   13.081721    
      5640   13.352881    
      5664   13.552940    
      5688   13.692680    
      5712   13.781711    
      5736   13.828282    
      5760   13.839341    
      5784   13.820681    
      5808   13.777092    
      5832   13.712539    
      5856   13.630288    
      5880   13.532985    
      5904   13.429157    
      5928   13.332881    
      5952   13.237752    
      5976   13.141006    
      6000   13.040578    
      6024   12.934414    
      6048   12.820745    
      6072   12.698302    
      6096   12.566394    
      6120   12.424838    
      6144   12.273797    
      6168   12.113607    
      6192   11.944835    
      6216   11.768153    
      6240   11.584262    
      6264   11.393853    
      6288   11.197563    
      6312   10.995968    
      6336   10.789593    
      6360   10.578884    
      6384   10.364242    
      6408   10.146013    
      6432   9.9245100    
      6456   9.7000027    
      6480   9.4727364    
      6504   9.2429390    
      6528   9.0108166    
      6552   8.7765560    
      6576   8.5403442    
      6600   8.3023548    
      6624   8.2361364    
      6648   8.4920998    
      6672   8.9802237    
      6696   9.6236906    
      6720   10.354511    
      6744   11.114516    
      6768   11.857359    
      6792   12.549516    
      6816   13.169662    
      6840   13.706767    
      6864   14.157557    
      6888   14.524022    
      6912   14.811330    
      6936   15.026254    
      6960   15.176111    
      6984   15.268119    
      7008   15.309023    
      7032   15.304922    
      7056   15.261225    
      7080   15.182667    
      7104   15.073363    
      7128   14.936878    
      7152   14.776297    
      7176   14.594295    
      7200   14.393205    
      7224   14.175060    
      7248   13.941666    
      7272   13.694623    
      7296   13.435364    
      7320   13.165192    
      7344   12.885302    
      7368   12.596800    
      7392   12.300731    
      7416   11.998080    
      7440   11.689800    
      7464   11.376804    
      7488   11.059987    
      7512   10.740222    
      7536   10.418362    
      7560   10.095245    
      7584   9.7716970    
      7608   9.4485121    
      7632   9.1264677    
      7656   8.8063183    
      7680   8.4887772    
      7704   8.1745253    
      7728   7.8642092    
      7752   7.5584297    
      7776   7.2577386    
      7800   6.9626436    
      7824   6.6735992    
      7848   6.3910117    
      7872   6.1152349    
      7896   5.8465776    
      7920   5.5852933    
      7944   5.3318148    
      7968   5.0871911    
      7992   4.8512716    
      8016   4.6239505    
      8040   4.4051256    
      8064   4.1946888    
      8088   3.9925199    
      8112   3.7984860    
      8136   3.6124434    
      8160   3.4342372    
      8184   3.2637014    
      8208   3.1006620    
      8232   2.9449363    
      8256   2.7963347    
      8280   2.6546605    
      8304   2.5197132    
      8328   2.3912873    
      8352   2.2691741    
      8376   2.1531644    
      8400   2.0430455    
      8424   1.9386063    
      8448   1.8396351    
      8472   1.7459208    
      8496   1.6572552    
      8520   1.5734317    
      8544   1.4942477    
      8568   1.4195044    
      8592   1.3490071    
      8616   1.2825664    
      8640   1.2199913    
      8664   1.1610870    
      8688   1.1056566    
      8712   1.0535140    
      8736   1.0044852    
