       288  0.21932951    
       576  0.31239593    
       864  0.41387278    
      1152  0.52716297    
      1440  0.65543389    
      1728  0.80050391    
      2016  0.96415609    
      2304   1.1502795    
      2592   1.3635767    
      2880   1.6097686    
      3168   1.8957273    
      3456   2.2228110    
      3744   2.5886497    
      4032   2.9907668    
      4320   3.4219337    
      4608   3.8698661    
      4896   4.3181076    
      5184   4.7421622    
      5472   5.1212397    
      5760   5.4447885    
      6048   5.7066994    
      6336   5.9051309    
      6624   6.0417604    
      6912   6.1170650    
      7200   6.1361470    
      7488   6.1079655    
      7776   6.0395913    
      8064   5.9376574    
      8352   5.8086395    
      8640   5.6584563    
      8928   5.4922028    
      9216   5.3141313    
      9504   5.1278105    
      9792   4.9362116    
     10080   4.7417865    
     10368   4.5465498    
     10656   4.3521409    
     10944   4.1598811    
     11232   3.9708331    
     11520   3.7858303    
     11808   3.6055207    
     12096   3.4303949    
     12384   3.2608140    
     12672   3.0970263    
     12960   2.9391952    
     13248   2.7874053    
     13536   2.6416821    
     13824   2.5020022    
     14112   2.3683012    
     14400   2.2404814    
     14688   2.1184223    
     14976   2.0019808    
     15264   1.8910022    
     15552   1.7853180    
     15840   1.6847529    
     16128   1.5891281    
     16416   1.4982612    
     16704   1.4119682    
     16992   1.3300658    
     17280   1.2523731    
     17568   1.1787109    
     17856   1.1089052    
     18144   1.0427858    
     18432  0.98018563    
     18720  0.92094439    
     19008  0.86490577    
     19296  0.81191903    
     19584  0.76183891    
     19872  0.71452540    
     20160  0.66984421    
     20448  0.62766677    
     20736  0.58786809    
     21024  0.55033022    
     21312  0.51493919    
     21600  0.48158622    
     21888  0.45016760    
     22176  0.42058367    
     22464  0.39273962    
     22752  0.36654493    
     23040  0.34191296    
     23328  0.31876132    
     23616  0.29701135    
     23904  0.27658808    
     24192  0.25741994    
     24480  0.23943892    
     24768  0.22258019    
     25056  0.20678201    
     25344  0.19198564    
     25632  0.17813522    
     25920  0.16517748    
     26208  0.15306193    
     26496  0.14174055    
     26784  0.13116756    
     27072  0.12129962    
     27360  0.11209545    
     27648  0.10351608    
     27936  0.95524058E-01
     28224  0.88084251E-01
     28512  0.81163220E-01
     28800  0.74729316E-01
     29088  0.68752468E-01
     29376  0.63204266E-01
     29664  0.58057714E-01
     29952  0.53287361E-01
     30240  0.48869070E-01
     30528  0.44780090E-01
     30816  0.40998850E-01
     31104  0.37504997E-01
     31392  0.34279354E-01
     31680  0.31303830E-01
     31968  0.28561352E-01
     32256  0.26035864E-01
     32544  0.23712236E-01
     32832  0.21576215E-01
     33120  0.19614447E-01
     33408  0.17814383E-01
     33696  0.16164191E-01
     33984  0.14652836E-01
     34272  0.13269966E-01
     34560  0.12005873E-01
     34848  0.10851501E-01
     35136  0.97983740E-02
     35424  0.88385707E-02
     35712  0.79647144E-02
     36000  0.71699340E-02
     36288  0.64478121E-02
     36576  0.57924069E-02
     36864  0.51981835E-02
     37152  0.46600075E-02
     37440  0.41731214E-02
     37728  0.37331202E-02
     38016  0.33359276E-02
     38304  0.29777808E-02
     38592  0.26552009E-02
     38880  0.23649854E-02
     39168  0.21041851E-02
     39456  0.18700848E-02
     39744  0.16601942E-02
     40032  0.14722284E-02
     40320  0.13040926E-02
     40608  0.11538728E-02
     40896  0.10198173E-02
     41184  0.90032839E-03
     41472  0.79394976E-03
     41760  0.69935608E-03
     42048  0.61534205E-03
     42336  0.54081419E-03
     42624  0.47478091E-03
     42912  0.41634456E-03
     43200  0.36469323E-03
     43488  0.31909440E-03
     43776  0.27888789E-03
     44064  0.24347799E-03
     44352  0.21233065E-03
     44640  0.18496548E-03
     44928  0.16095236E-03
     45216  0.13990597E-03
     45504  0.12148192E-03
     45792  0.10537251E-03
     46080  0.91303860E-04
     46368  0.79031874E-04
     46656  0.68339723E-04
     46944  0.59034999E-04
     47232  0.50947026E-04
     47520  0.43924840E-04
     47808  0.37834994E-04
     48096  0.32559681E-04
     48384  0.27995118E-04
     48672  0.24049958E-04
     48960  0.20643900E-04
     49248  0.17706467E-04
     49536  0.15175946E-04
     49824  0.12998284E-04
     50112  0.11126236E-04
     50400  0.95185778E-05
     50688  0.81393637E-05
     50976  0.69573339E-05
     51264  0.59452796E-05
     51552  0.50795938E-05
     51840  0.43398086E-05
     52128  0.37081907E-05
     52416  0.31694108E-05
     52704  0.27102258E-05
     52992  0.23192144E-05
     53280  0.19865281E-05
     53568  0.17036955E-05
     53856  0.14634315E-05
     54144  0.12594820E-05
     54432  0.10864836E-05
     54720  0.93983920E-06
     55008  0.81561660E-06
     55296  0.71045406E-06
     55584  0.62147967E-06
     55872  0.54624388E-06
     56160  0.48265940E-06
     56448  0.42894840E-06
     56736  0.38359894E-06
     57024  0.34532576E-06
     57312  0.31303796E-06
     57600  0.28580988E-06
     57888  0.26285650E-06
     58176  0.24351320E-06
     58464  0.22721798E-06
     58752  0.21349490E-06
     59040  0.20194193E-06
     59328  0.19221972E-06
     59616  0.18404162E-06
     59904  0.17716631E-06
     60192  0.17138970E-06
     60480  0.16654052E-06
     60768  0.16247428E-06
     61056  0.15906947E-06
     61344  0.15622371E-06
     61632  0.15385115E-06
     61920  0.15187959E-06
     62208  0.15024831E-06
     62496  0.14890621E-06
     62784  0.14781070E-06
     63072  0.14692580E-06
     63360  0.14622135E-06
     63648  0.14567219E-06
     63936  0.14525699E-06
     64224  0.14495812E-06
     64512  0.14476063E-06
     64800  0.14465199E-06
     65088  0.14462178E-06
     65376  0.14466124E-06
     65664  0.14476308E-06
     65952  0.14492105E-06
     66240  0.14513004E-06
     66528  0.14538575E-06
     66816  0.14568455E-06
     67104  0.14602340E-06
     67392  0.14639987E-06
     67680  0.14681180E-06
     67968  0.14725740E-06
     68256  0.14773518E-06
     68544  0.14824403E-06
     68832  0.14878279E-06
     69120  0.14935067E-06
     69408  0.14994696E-06
     69696  0.15057107E-06
     69984  0.15122248E-06
     70272  0.15190098E-06
     70560  0.15260595E-06
     70848  0.15333747E-06
     71136  0.15409502E-06
     71424  0.15487855E-06
     71712  0.15568801E-06
     72000  0.15652320E-06
     72288  0.15738404E-06
     72576  0.15827061E-06
     72864  0.15918276E-06
     73152  0.16012042E-06
     73440  0.16108362E-06
     73728  0.16207251E-06
     74016  0.16308691E-06
     74304  0.16412689E-06
     74592  0.16519245E-06
     74880  0.16628375E-06
     75168  0.16740071E-06
     75456  0.16854331E-06
     75744  0.16971167E-06
     76032  0.17090585E-06
     76320  0.17212575E-06
     76608  0.17337143E-06
     76896  0.17464308E-06
     77184  0.17594056E-06
     77472  0.17726389E-06
     77760  0.17861325E-06
     78048  0.17998848E-06
     78336  0.18138961E-06
     78624  0.18281682E-06
     78912  0.18426992E-06
     79200  0.18574895E-06
     79488  0.18725402E-06
     79776  0.18878497E-06
     80064  0.19034181E-06
     80352  0.19192464E-06
     80640  0.19353327E-06
     80928  0.19516767E-06
     81216  0.19682798E-06
     81504  0.19851394E-06
     81792  0.20022553E-06
     82080  0.20196269E-06
     82368  0.20372542E-06
     82656  0.20551353E-06
     82944  0.20732692E-06
     83232  0.20916551E-06
     83520  0.21102917E-06
     83808  0.21291778E-06
     84096  0.21483125E-06
     84384  0.21676932E-06
     84672  0.21873190E-06
     84960  0.22071882E-06
     85248  0.22272989E-06
     85536  0.22476489E-06
     85824  0.22682359E-06
     86112  0.22890572E-06
     86400  0.23101120E-06
     86688  0.23313966E-06
     86976  0.23529081E-06
     87264  0.23746450E-06
     87552  0.23966015E-06
     87840  0.24187804E-06
     88128  0.24411742E-06
     88416  0.24637762E-06
     88704  0.24865932E-06
     88992  0.25096085E-06
     89280  0.25328322E-06
     89568  0.25562485E-06
     89856  0.25798582E-06
     90144  0.26036608E-06
     90432  0.26276453E-06
     90720  0.26518089E-06
     91008  0.26761475E-06
     91296  0.27006573E-06
     91584  0.27253336E-06
     91872  0.27501713E-06
     92160  0.27751648E-06
     92448  0.28003072E-06
     92736  0.28255906E-06
     93024  0.28510107E-06
     93312  0.28765692E-06
     93600  0.29022434E-06
     93888  0.29280488E-06
     94176  0.29539601E-06
     94464  0.29799725E-06
     94752  0.30060943E-06
     95040  0.30323068E-06
     95328  0.30586023E-06
     95616  0.30849731E-06
     95904  0.31114121E-06
     96192  0.31379284E-06
     96480  0.31644902E-06
     96768  0.31910929E-06
     97056  0.32177465E-06
     97344  0.32444311E-06
     97632  0.32711156E-06
     97920  0.32978002E-06
     98208  0.33244848E-06
     98496  0.33511694E-06
     98784  0.33778539E-06
     99072  0.34045385E-06
     99360  0.34311984E-06
     99648  0.34578011E-06
     99936  0.34843586E-06
    100224  0.35108604E-06
    100512  0.35372895E-06
    100800  0.35636342E-06
    101088  0.35898864E-06
    101376  0.36160407E-06
    101664  0.36420886E-06
    101952  0.36680046E-06
    102240  0.36937936E-06
    102528  0.37194414E-06
    102816  0.37449334E-06
    103104  0.37702580E-06
    103392  0.37954064E-06
    103680  0.38203706E-06
    103968  0.38451367E-06
    104256  0.38696928E-06
    104544  0.38940263E-06
    104832  0.39181373E-06
    105120  0.39420075E-06
    105408  0.39656220E-06
    105696  0.39889707E-06
    105984  0.40120358E-06
    106272  0.40348155E-06
    106560  0.40572894E-06
    106848  0.40794498E-06
    107136  0.41012854E-06
    107424  0.41227847E-06
    107712  0.41439321E-06
    108000  0.41647218E-06
    108288  0.41851376E-06
    108576  0.42051707E-06
    108864  0.42248078E-06
    109152  0.42440365E-06
    109440  0.42628457E-06
    109728  0.42812260E-06
    110016  0.42991658E-06
    110304  0.43166509E-06
    110592  0.43336723E-06
    110880  0.43502180E-06
    111168  0.43662766E-06
    111456  0.43818378E-06
    111744  0.43968902E-06
    112032  0.44114230E-06
    112320  0.44254253E-06
    112608  0.44388878E-06
    112896  0.44518006E-06
    113184  0.44641524E-06
    113472  0.44759335E-06
    113760  0.44871337E-06
    114048  0.44977440E-06
    114336  0.45077553E-06
    114624  0.45171569E-06
    114912  0.45259435E-06
    115200  0.45341019E-06
    115488  0.45416269E-06
    115776  0.45485100E-06
    116064  0.45547435E-06
    116352  0.45603193E-06
    116640  0.45652308E-06
    116928  0.45694722E-06
    117216  0.45730351E-06
    117504  0.45759140E-06
    117792  0.45781056E-06
    118080  0.45796008E-06
    118368  0.45803986E-06
    118656  0.45804910E-06
    118944  0.45798760E-06
    119232  0.45785504E-06
    119520  0.45765080E-06
    119808  0.45737477E-06
    120096  0.45702677E-06
    120384  0.45660664E-06
    120672  0.45611421E-06
    120960  0.45554930E-06
    121248  0.45491188E-06
    121536  0.45420200E-06
    121824  0.45341977E-06
    122112  0.45256533E-06
    122400  0.45163881E-06
    122688  0.45064036E-06
    122976  0.44957036E-06
    123264  0.44842912E-06
    123552  0.44721708E-06
    123840  0.44593449E-06
    124128  0.44458218E-06
    124416  0.44316033E-06
    124704  0.44166993E-06
    124992  0.44011153E-06
    125280  0.43848570E-06
    125568  0.43679339E-06
    125856  0.43503545E-06
    126144  0.43321285E-06
    126432  0.43132638E-06
    126720  0.42937717E-06
    127008  0.42736642E-06
    127296  0.42529504E-06
    127584  0.42316424E-06
    127872  0.42097537E-06
    128160  0.41872971E-06
    128448  0.41642866E-06
    128736  0.41407330E-06
    129024  0.41166544E-06
    129312  0.40920654E-06
    129600  0.40669789E-06
    129888  0.40414113E-06
    130176  0.40153807E-06
    130464  0.39889022E-06
    130752  0.39619934E-06
    131040  0.39346710E-06
    131328  0.39069525E-06
    131616  0.38788596E-06
    131904  0.38504035E-06
    132192  0.38216083E-06
    132480  0.37924929E-06
    132768  0.37630716E-06
    133056  0.37333706E-06
    133344  0.37034022E-06
    133632  0.36731919E-06
    133920  0.36427511E-06
    134208  0.36121116E-06
    134496  0.35812809E-06
    134784  0.35502876E-06
    135072  0.35191442E-06
    135360  0.34878775E-06
    135648  0.34564997E-06
    135936  0.34250371E-06
    136224  0.33935174E-06
    136512  0.33619216E-06
    136800  0.33303257E-06
    137088  0.32987299E-06
    137376  0.32671340E-06
    137664  0.32355382E-06
    137952  0.32039983E-06
    138240  0.31725128E-06
    138528  0.31411091E-06
    138816  0.31098000E-06
    139104  0.30786018E-06
    139392  0.30475360E-06
    139680  0.30166157E-06
    139968  0.29858538E-06
    140256  0.29552643E-06
    140544  0.29248704E-06
    140832  0.28946744E-06
    141120  0.28647000E-06
    141408  0.28349538E-06
    141696  0.28054498E-06
    141984  0.27761993E-06
    142272  0.27472146E-06
    142560  0.27185098E-06
    142848  0.26900884E-06
    143136  0.26619668E-06
    143424  0.26341516E-06
    143712  0.26066510E-06
    144000  0.25794742E-06
    144288  0.25526285E-06
    144576  0.25261207E-06
    144864  0.24999574E-06
    145152  0.24741487E-06
    145440  0.24486954E-06
    145728  0.24236050E-06
    146016  0.23988824E-06
    146304  0.23745314E-06
    146592  0.23505562E-06
    146880  0.23269604E-06
    147168  0.23037458E-06
    147456  0.22809172E-06
    147744  0.22584749E-06
    148032  0.22364223E-06
    148320  0.22147594E-06
    148608  0.21934893E-06
    148896  0.21726107E-06
    149184  0.21521261E-06
    149472  0.21320351E-06
    149760  0.21123363E-06
    150048  0.20930314E-06
    150336  0.20741187E-06
    150624  0.20555981E-06
    150912  0.20374682E-06
    151200  0.20197275E-06
    151488  0.20023748E-06
    151776  0.19854087E-06
    152064  0.19688270E-06
    152352  0.19526288E-06
    152640  0.19368115E-06
    152928  0.19213721E-06
    153216  0.19063094E-06
    153504  0.18916211E-06
    153792  0.18773044E-06
    154080  0.18633565E-06
    154368  0.18497751E-06
    154656  0.18365576E-06
    154944  0.18237014E-06
    155232  0.18112037E-06
    155520  0.17990614E-06
    155808  0.17872721E-06
    156096  0.17758330E-06
    156384  0.17647415E-06
    156672  0.17539938E-06
    156960  0.17435885E-06
    157248  0.17335221E-06
    157536  0.17237917E-06
    157824  0.17143948E-06
    158112  0.17053286E-06
    158400  0.16965903E-06
    158688  0.16881776E-06
    158976  0.16800884E-06
    159264  0.16723196E-06
    159552  0.16648687E-06
    159840  0.16577327E-06
    160128  0.16509111E-06
    160416  0.16443991E-06
    160704  0.16381962E-06
    160992  0.16322991E-06
    161280  0.16267066E-06
    161568  0.16214143E-06
    161856  0.16164218E-06
    162144  0.16117272E-06
    162432  0.16073284E-06
    162720  0.16032232E-06
    163008  0.15994101E-06
    163296  0.15958872E-06
    163584  0.15926533E-06
    163872  0.15897068E-06
    164160  0.15870459E-06
    164448  0.15846693E-06
    164736  0.15825759E-06
    165024  0.15807636E-06
    165312  0.15792321E-06
    165600  0.15779794E-06
    165888  0.15770046E-06
    166176  0.15763072E-06
    166464  0.15758862E-06
    166752  0.15757399E-06
    167040  0.15758674E-06
    167328  0.15762699E-06
    167616  0.15769446E-06
    167904  0.15778910E-06
    168192  0.15791102E-06
    168480  0.15805998E-06
    168768  0.15823602E-06
    169056  0.15843914E-06
    169344  0.15866915E-06
    169632  0.15892628E-06
    169920  0.15921027E-06
    170208  0.15952122E-06
    170496  0.15985910E-06
    170784  0.16022382E-06
    171072  0.16061556E-06
    171360  0.16103411E-06
    171648  0.16147969E-06
    171936  0.16195216E-06
    172224  0.16245158E-06
    172512  0.16297803E-06
    172800  0.16353138E-06
    173088  0.16411190E-06
    173376  0.16471940E-06
    173664  0.16535398E-06
    173952  0.16601581E-06
    174240  0.16670474E-06
    174528  0.16742096E-06
    174816  0.16816449E-06
    175104  0.16893527E-06
    175392  0.16973348E-06
    175680  0.17055923E-06
    175968  0.17141245E-06
    176256  0.17229321E-06
    176544  0.17320167E-06
    176832  0.17413782E-06
    177120  0.17510173E-06
    177408  0.17609344E-06
    177696  0.17711302E-06
    177984  0.17816063E-06
    178272  0.17923627E-06
    178560  0.18034001E-06
    178848  0.18147190E-06
    179136  0.18263201E-06
    179424  0.18382042E-06
    179712  0.18503718E-06
    180000  0.18628235E-06
    180288  0.18755601E-06
    180576  0.18885819E-06
    180864  0.19018896E-06
    181152  0.19154837E-06
    181440  0.19293645E-06
    181728  0.19435329E-06
    182016  0.19579890E-06
    182304  0.19727334E-06
    182592  0.19877660E-06
    182880  0.20030876E-06
    183168  0.20186981E-06
    183456  0.20345978E-06
    183744  0.20507868E-06
    184032  0.20672651E-06
    184320  0.20840329E-06
    184608  0.21010901E-06
    184896  0.21184364E-06
    185184  0.21360719E-06
    185472  0.21539961E-06
    185760  0.21722089E-06
    186048  0.21907097E-06
    186336  0.22094980E-06
    186624  0.22285734E-06
    186912  0.22479351E-06
    187200  0.22675822E-06
    187488  0.22875140E-06
    187776  0.23077297E-06
    188064  0.23282280E-06
    188352  0.23490075E-06
    188640  0.23700672E-06
    188928  0.23914038E-06
    189216  0.24130205E-06
    189504  0.24349123E-06
    189792  0.24570750E-06
    190080  0.24795139E-06
    190368  0.25022214E-06
    190656  0.25251950E-06
    190944  0.25484334E-06
    191232  0.25719385E-06
    191520  0.25957027E-06
    191808  0.26197245E-06
    192096  0.26440009E-06
    192384  0.26685291E-06
    192672  0.26933068E-06
    192960  0.27183302E-06
    193248  0.27435959E-06
    193536  0.27691010E-06
    193824  0.27948403E-06
    194112  0.28208095E-06
    194400  0.28470060E-06
    194688  0.28734291E-06
    194976  0.29000677E-06
    195264  0.29269196E-06
    195552  0.29539837E-06
    195840  0.29812489E-06
    196128  0.30087159E-06
    196416  0.30363776E-06
    196704  0.30642246E-06
    196992  0.30922564E-06
    197280  0.31204686E-06
    197568  0.31488514E-06
    197856  0.31773990E-06
    198144  0.32061050E-06
    198432  0.32349624E-06
    198720  0.32639733E-06
    199008  0.32931209E-06
    199296  0.33223947E-06
    199584  0.33518057E-06
    199872  0.33813251E-06
    200160  0.34109604E-06
    200448  0.34407014E-06
    200736  0.34705354E-06
    201024  0.35004567E-06
    201312  0.35304578E-06
    201600  0.35605274E-06
    201888  0.35906498E-06
    202176  0.36208536E-06
    202464  0.36510752E-06
    202752  0.36813614E-06
    203040  0.37116476E-06
    203328  0.37419338E-06
    203616  0.37722199E-06
    203904  0.38025061E-06
    204192  0.38327923E-06
    204480  0.38630785E-06
    204768  0.38933615E-06
    205056  0.39235658E-06
    205344  0.39537380E-06
    205632  0.39838497E-06
    205920  0.40138838E-06
    206208  0.40438303E-06
    206496  0.40736816E-06
    206784  0.41034320E-06
    207072  0.41330628E-06
    207360  0.41625682E-06
    207648  0.41919279E-06
    207936  0.42211386E-06
    208224  0.42501867E-06
    208512  0.42790617E-06
    208800  0.43077463E-06
    209088  0.43362331E-06
    209376  0.43645088E-06
    209664  0.43925633E-06
    209952  0.44203929E-06
    210240  0.44479722E-06
    210528  0.44752903E-06
    210816  0.45023378E-06
    211104  0.45290975E-06
    211392  0.45555615E-06
    211680  0.45817131E-06
    211968  0.46075408E-06
    212256  0.46330302E-06
    212544  0.46581718E-06
    212832  0.46829538E-06
    213120  0.47073576E-06
    213408  0.47313756E-06
    213696  0.47549943E-06
    213984  0.47782004E-06
    214272  0.48009747E-06
    214560  0.48233153E-06
    214848  0.48452085E-06
    215136  0.48666379E-06
    215424  0.48875893E-06
    215712  0.49080495E-06
    216000  0.49280078E-06
    216288  0.49474511E-06
    216576  0.49663709E-06
    216864  0.49847569E-06
    217152  0.50025864E-06
    217440  0.50198560E-06
    217728  0.50365503E-06
    218016  0.50526620E-06
    218304  0.50681695E-06
    218592  0.50830721E-06
    218880  0.50973563E-06
    219168  0.51110089E-06
    219456  0.51240193E-06
    219744  0.51363753E-06
    220032  0.51480680E-06
    220320  0.51590871E-06
    220608  0.51694241E-06
    220896  0.51790704E-06
    221184  0.51880170E-06
    221472  0.51962451E-06
    221760  0.52037586E-06
    222048  0.52105412E-06
    222336  0.52165888E-06
    222624  0.52218894E-06
    222912  0.52264443E-06
    223200  0.52302317E-06
    223488  0.52332570E-06
    223776  0.52355119E-06
    224064  0.52369865E-06
    224352  0.52376748E-06
    224640  0.52375771E-06
    224928  0.52366869E-06
    225216  0.52350009E-06
    225504  0.52325140E-06
    225792  0.52292228E-06
    226080  0.52251249E-06
    226368  0.52202165E-06
    226656  0.52144981E-06
    226944  0.52079690E-06
    227232  0.52006271E-06
    227520  0.51924741E-06
    227808  0.51835093E-06
    228096  0.51737351E-06
    228384  0.51631525E-06
    228672  0.51517640E-06
    228960  0.51395733E-06
    229248  0.51265840E-06
    229536  0.51127995E-06
    229824  0.50982248E-06
    230112  0.50828618E-06
    230400  0.50667217E-06
    230688  0.50498124E-06
    230976  0.50321364E-06
    231264  0.50137027E-06
    231552  0.49945254E-06
    231840  0.49746035E-06
    232128  0.49539574E-06
    232416  0.49325911E-06
    232704  0.49105171E-06
    232992  0.48877507E-06
    233280  0.48643022E-06
    233568  0.48401836E-06
    233856  0.48154084E-06
    234144  0.47899908E-06
    234432  0.47639494E-06
    234720  0.47372959E-06
    235008  0.47100477E-06
    235296  0.46822194E-06
    235584  0.46538290E-06
    235872  0.46248960E-06
    236160  0.45954360E-06
    236448  0.45654687E-06
    236736  0.45350131E-06
    237024  0.45040898E-06
    237312  0.44727145E-06
    237600  0.44409114E-06
    237888  0.44087000E-06
    238176  0.43761023E-06
    238464  0.43431345E-06
    238752  0.43098228E-06
    239040  0.42761883E-06
    239328  0.42422525E-06
    239616  0.42080364E-06
    239904  0.41735623E-06
    240192  0.41388535E-06
    240480  0.41039291E-06
    240768  0.40688155E-06
    241056  0.40335340E-06
    241344  0.39981106E-06
    241632  0.39625553E-06
    241920  0.39269031E-06
    242208  0.38911705E-06
    242496  0.38554001E-06
    242784  0.38195509E-06
    243072  0.37836986E-06
    243360  0.37478463E-06
    243648  0.37120682E-06
    243936  0.36763137E-06
    244224  0.36406351E-06
    244512  0.36050503E-06
    244800  0.35695689E-06
    245088  0.35342202E-06
    245376  0.34990165E-06
    245664  0.34639791E-06
    245952  0.34291227E-06
    246240  0.33944727E-06
    246528  0.33600367E-06
    246816  0.33258362E-06
    247104  0.32918871E-06
    247392  0.32582025E-06
    247680  0.32247974E-06
    247968  0.31916866E-06
    248256  0.31588846E-06
    248544  0.31264022E-06
    248832  0.30942519E-06
    249120  0.30624469E-06
    249408  0.30309991E-06
    249696  0.29999137E-06
    249984  0.29692080E-06
    250272  0.29388860E-06
    250560  0.29089574E-06
    250848  0.28794312E-06
    251136  0.28503149E-06
    251424  0.28216152E-06
    251712  0.27933379E-06
    252000  0.27654880E-06
    252288  0.27380736E-06
    252576  0.27110974E-06
    252864  0.26845620E-06
    253152  0.26584763E-06
    253440  0.26328377E-06
    253728  0.26076546E-06
    254016  0.25829246E-06
    254304  0.25586522E-06
    254592  0.25348385E-06
    254880  0.25114824E-06
    255168  0.24885898E-06
    255456  0.24661563E-06
    255744  0.24441829E-06
    256032  0.24226719E-06
    256320  0.24016185E-06
    256608  0.23810254E-06
    256896  0.23608902E-06
    257184  0.23412116E-06
    257472  0.23219881E-06
    257760  0.23032177E-06
    258048  0.22848984E-06
    258336  0.22670281E-06
    258624  0.22496042E-06
    258912  0.22326246E-06
    259200  0.22160867E-06
    259488  0.21999878E-06
    259776  0.21843243E-06
    260064  0.21690941E-06
    260352  0.21542938E-06
    260640  0.21399208E-06
    260928  0.21259707E-06
    261216  0.21124418E-06
    261504  0.20993308E-06
    261792  0.20866334E-06
    262080  0.20743464E-06
    262368  0.20624670E-06
    262656  0.20509925E-06
    262944  0.20399195E-06
    263232  0.20292441E-06
    263520  0.20189626E-06
    263808  0.20090724E-06
    264096  0.19995700E-06
    264384  0.19904546E-06
    264672  0.19817215E-06
    264960  0.19733677E-06
    265248  0.19653915E-06
    265536  0.19577885E-06
    265824  0.19505566E-06
    266112  0.19436928E-06
    266400  0.19371942E-06
    266688  0.19310575E-06
    266976  0.19252803E-06
    267264  0.19198598E-06
    267552  0.19147933E-06
    267840  0.19100808E-06
    268128  0.19057185E-06
    268416  0.19017054E-06
    268704  0.18980369E-06
    268992  0.18947135E-06
    269280  0.18917321E-06
    269568  0.18890914E-06
    269856  0.18867897E-06
    270144  0.18848246E-06
    270432  0.18831953E-06
    270720  0.18818999E-06
    271008  0.18809376E-06
    271296  0.18803067E-06
    271584  0.18800058E-06
    271872  0.18800343E-06
    272160  0.18803901E-06
    272448  0.18810728E-06
    272736  0.18820812E-06
    273024  0.18834146E-06
    273312  0.18850724E-06
    273600  0.18870540E-06
    273888  0.18893584E-06
    274176  0.18919852E-06
    274464  0.18949339E-06
    274752  0.18982038E-06
    275040  0.19017948E-06
    275328  0.19057063E-06
    275616  0.19099390E-06
    275904  0.19144922E-06
    276192  0.19193655E-06
    276480  0.19245587E-06
    276768  0.19300721E-06
    277056  0.19359059E-06
    277344  0.19420607E-06
    277632  0.19485360E-06
    277920  0.19553319E-06
    278208  0.19624488E-06
    278496  0.19698871E-06
    278784  0.19776471E-06
    279072  0.19857296E-06
    279360  0.19941349E-06
    279648  0.20028631E-06
    279936  0.20119147E-06
    280224  0.20212903E-06
    280512  0.20309906E-06
    280800  0.20410162E-06
    281088  0.20513676E-06
    281376  0.20620453E-06
    281664  0.20730502E-06
    281952  0.20843829E-06
    282240  0.20960442E-06
    282528  0.21080346E-06
    282816  0.21203547E-06
    283104  0.21330054E-06
    283392  0.21459870E-06
    283680  0.21593004E-06
    283968  0.21729464E-06
    284256  0.21869262E-06
    284544  0.22012398E-06
    284832  0.22158878E-06
    285120  0.22308706E-06
    285408  0.22461889E-06
    285696  0.22618437E-06
    285984  0.22778360E-06
    286272  0.22941654E-06
    286560  0.23108323E-06
    286848  0.23278380E-06
    287136  0.23451825E-06
    287424  0.23628658E-06
    287712  0.23808882E-06
    288000  0.23992501E-06
    288288  0.24179525E-06
    288576  0.24369962E-06
    288864  0.24563798E-06
    289152  0.24761030E-06
    289440  0.24961656E-06
    289728  0.25165679E-06
    290016  0.25373095E-06
    290304  0.25583927E-06
    290592  0.25798153E-06
    290880  0.26015758E-06
    291168  0.26236742E-06
    291456  0.26461103E-06
    291744  0.26688826E-06
    292032  0.26919906E-06
    292320  0.27154334E-06
    292608  0.27392110E-06
    292896  0.27633223E-06
    293184  0.27877650E-06
    293472  0.28125379E-06
    293760  0.28376394E-06
    294048  0.28630677E-06
    294336  0.28888212E-06
    294624  0.29148981E-06
    294912  0.29412971E-06
    295200  0.29680166E-06
    295488  0.29950527E-06
    295776  0.30224032E-06
    296064  0.30500655E-06
    296352  0.30780362E-06
    296640  0.31063152E-06
    296928  0.31348983E-06
    297216  0.31637796E-06
    297504  0.31929591E-06
    297792  0.32224327E-06
    298080  0.32521942E-06
    298368  0.32822444E-06
    298656  0.33125750E-06
    298944  0.33431834E-06
    299232  0.33740682E-06
    299520  0.34052198E-06
    299808  0.34366352E-06
    300096  0.34683111E-06
    300384  0.35002432E-06
    300672  0.35324240E-06
    300960  0.35648486E-06
    301248  0.35975114E-06
    301536  0.36304104E-06
    301824  0.36635353E-06
    302112  0.36968791E-06
    302400  0.37304389E-06
    302688  0.37642073E-06
    302976  0.37981766E-06
    303264  0.38323381E-06
    303552  0.38666934E-06
    303840  0.39012266E-06
    304128  0.39359330E-06
    304416  0.39708044E-06
    304704  0.40058339E-06
    304992  0.40410112E-06
    305280  0.40763319E-06
    305568  0.41117900E-06
    305856  0.41473655E-06
    306144  0.41830648E-06
    306432  0.42188705E-06
    306720  0.42547714E-06
    307008  0.42907624E-06
    307296  0.43268355E-06
    307584  0.43629774E-06
    307872  0.43991705E-06
    308160  0.44354320E-06
    308448  0.44717109E-06
    308736  0.45080543E-06
    309024  0.45443977E-06
    309312  0.45807411E-06
    309600  0.46170845E-06
    309888  0.46534279E-06
    310176  0.46897514E-06
    310464  0.47260130E-06
    310752  0.47622456E-06
    311040  0.47984253E-06
    311328  0.48345254E-06
    311616  0.48705414E-06
    311904  0.49064562E-06
    312192  0.49422931E-06
    312480  0.49779817E-06
    312768  0.50135395E-06
    313056  0.50489592E-06
    313344  0.50842249E-06
    313632  0.51193217E-06
    313920  0.51542395E-06
    314208  0.51889617E-06
    314496  0.52234583E-06
    314784  0.52577474E-06
    315072  0.52918028E-06
