         1   0.0000000    
       288   0.0000000    
       576   0.0000000    
       864   0.0000000    
      1152   0.0000000    
      1440   0.0000000    
      1728   0.0000000    
      2016   0.0000000    
      2304   0.0000000    
      2592   0.0000000    
      2880   0.0000000    
      3168   0.0000000    
      3456   0.0000000    
      3744   0.0000000    
      4032   0.0000000    
      4320   0.0000000    
      4608   0.0000000    
      4896   0.0000000    
      5184   0.0000000    
      5472   0.0000000    
      5760   0.0000000    
      6048   0.0000000    
      6336   0.0000000    
      6624   0.0000000    
      6912   0.0000000    
      7200   0.0000000    
      7488   0.0000000    
      7776   0.0000000    
      8064   0.0000000    
      8352   0.0000000    
      8640   0.0000000    
      8928   0.0000000    
      9216   0.0000000    
      9504   0.0000000    
      9792   0.0000000    
     10080   0.0000000    
     10368   0.0000000    
     10656   0.0000000    
     10944   0.0000000    
     11232   0.0000000    
     11520   0.0000000    
     11808   0.0000000    
     12096   0.0000000    
     12384   0.0000000    
     12672   0.0000000    
     12960   0.0000000    
     13248   0.0000000    
     13536   0.0000000    
     13824   0.0000000    
     14112   0.0000000    
     14400   0.0000000    
     14688   0.0000000    
     14976   0.0000000    
     15264   0.0000000    
     15552   0.0000000    
     15840   0.0000000    
     16128   0.0000000    
     16416   0.0000000    
     16704   0.0000000    
     16992   0.0000000    
     17280   0.0000000    
     17568   0.0000000    
     17856   0.0000000    
     18144   0.0000000    
     18432   0.0000000    
     18720   0.0000000    
     19008   0.0000000    
     19296   0.0000000    
     19584   0.0000000    
     19872   0.0000000    
     20160   0.0000000    
     20448   0.0000000    
     20736   0.0000000    
     21024   0.0000000    
     21312   0.0000000    
     21600   0.0000000    
     21888   0.0000000    
     22176   0.0000000    
     22464   0.0000000    
     22752   0.0000000    
     23040   0.0000000    
     23328   0.0000000    
     23616   0.0000000    
     23904   0.0000000    
     24192   0.0000000    
     24480   0.0000000    
     24768   0.0000000    
     25056   0.0000000    
     25344   0.0000000    
     25632   0.0000000    
     25920   0.0000000    
     26208   0.0000000    
     26496   0.0000000    
     26784   0.0000000    
     27072   0.0000000    
     27360   0.0000000    
     27648   0.0000000    
     27936   0.0000000    
     28224   0.0000000    
     28512   0.0000000    
     28800   0.0000000    
     29088   0.0000000    
     29376   0.0000000    
     29664   0.0000000    
     29952   0.0000000    
     30240   0.0000000    
     30528   0.0000000    
     30816   0.0000000    
     31104   0.0000000    
     31392   0.0000000    
     31680   0.0000000    
     31968   0.0000000    
     32256   0.0000000    
     32544   0.0000000    
     32832   0.0000000    
     33120   0.0000000    
     33408   0.0000000    
     33696   0.0000000    
     33984   0.0000000    
     34272   0.0000000    
     34560   0.0000000    
     34848   0.0000000    
     35136   0.0000000    
     35424   0.0000000    
     35712   0.0000000    
     36000   0.0000000    
     36288   0.0000000    
     36576   0.0000000    
     36864   0.0000000    
     37152   0.0000000    
     37440   0.0000000    
     37728   0.0000000    
     38016   0.0000000    
     38304   0.0000000    
     38592   0.0000000    
     38880   0.0000000    
     39168   0.0000000    
     39456   0.0000000    
     39744   0.0000000    
     40032   0.0000000    
     40320   0.0000000    
     40608   0.0000000    
     40896   0.0000000    
     41184   0.0000000    
     41472   0.0000000    
     41760   0.0000000    
     42048   0.0000000    
     42336   0.0000000    
     42624   0.0000000    
     42912   0.0000000    
     43200   0.0000000    
     43488   0.0000000    
     43776   0.0000000    
     44064   0.0000000    
     44352   0.0000000    
     44640   0.0000000    
     44928   0.0000000    
     45216   0.0000000    
     45504   0.0000000    
     45792   0.0000000    
     46080   0.0000000    
     46368   0.0000000    
     46656   0.0000000    
     46944   0.0000000    
     47232   0.0000000    
     47520   0.0000000    
     47808   0.0000000    
     48096   0.0000000    
     48384   0.0000000    
     48672   0.0000000    
     48960   0.0000000    
     49248   0.0000000    
     49536   0.0000000    
     49824   0.0000000    
     50112   0.0000000    
     50400   0.0000000    
     50688   0.0000000    
     50976   0.0000000    
     51264   0.0000000    
     51552   0.0000000    
     51840   0.0000000    
     52128   0.0000000    
     52416   0.0000000    
     52704   0.0000000    
     52992   0.0000000    
     53280   0.0000000    
     53568   0.0000000    
     53856   0.0000000    
     54144   0.0000000    
     54432   0.0000000    
     54720   0.0000000    
     55008   0.0000000    
     55296   0.0000000    
     55584   0.0000000    
     55872   0.0000000    
     56160   0.0000000    
     56448   0.0000000    
     56736   0.0000000    
     57024   0.0000000    
     57312   0.0000000    
     57600   0.0000000    
     57888   0.0000000    
     58176   0.0000000    
     58464   0.0000000    
     58752   0.0000000    
     59040   0.0000000    
     59328   0.0000000    
     59616   0.0000000    
     59904   0.0000000    
     60192   0.0000000    
     60480   0.0000000    
     60768   0.0000000    
     61056   0.0000000    
     61344   0.0000000    
     61632   0.0000000    
     61920   0.0000000    
     62208   0.0000000    
     62496   0.0000000    
     62784   0.0000000    
     63072   0.0000000    
     63360   0.0000000    
     63648   0.0000000    
     63936   0.0000000    
     64224   0.0000000    
     64512   0.0000000    
     64800   0.0000000    
     65088   0.0000000    
     65376   0.0000000    
     65664   0.0000000    
     65952   0.0000000    
     66240   0.0000000    
     66528   0.0000000    
     66816   0.0000000    
     67104   0.0000000    
     67392   0.0000000    
     67680   0.0000000    
     67968   0.0000000    
     68256   0.0000000    
     68544   0.0000000    
     68832   0.0000000    
     69120   0.0000000    
     69408   0.0000000    
     69696   0.0000000    
     69984   0.0000000    
     70272   0.0000000    
     70560   0.0000000    
     70848   0.0000000    
     71136   0.0000000    
     71424   0.0000000    
     71712   0.0000000    
     72000   0.0000000    
     72288   0.0000000    
     72576   0.0000000    
     72864   0.0000000    
     73152   0.0000000    
     73440   0.0000000    
     73728   0.0000000    
     74016   0.0000000    
     74304   0.0000000    
     74592   0.0000000    
     74880   0.0000000    
     75168   0.0000000    
     75456   0.0000000    
     75744   0.0000000    
     76032   0.0000000    
     76320   0.0000000    
     76608   0.0000000    
     76896   0.0000000    
     77184   0.0000000    
     77472   0.0000000    
     77760   0.0000000    
     78048   0.0000000    
     78336   0.0000000    
     78624   0.0000000    
     78912   0.0000000    
     79200   0.0000000    
     79488   0.0000000    
     79776   0.0000000    
     80064   0.0000000    
     80352   0.0000000    
     80640   0.0000000    
     80928   0.0000000    
     81216   0.0000000    
     81504   0.0000000    
     81792   0.0000000    
     82080   0.0000000    
     82368   0.0000000    
     82656   0.0000000    
     82944   0.0000000    
     83232   0.0000000    
     83520   0.0000000    
     83808   0.0000000    
     84096   0.0000000    
     84384   0.0000000    
     84672   0.0000000    
     84960   0.0000000    
     85248   0.0000000    
     85536   0.0000000    
     85824   0.0000000    
     86112   0.0000000    
     86400   0.0000000    
     86688   0.0000000    
     86976   0.0000000    
     87264   0.0000000    
     87552   0.0000000    
     87840   0.0000000    
     88128   0.0000000    
     88416   0.0000000    
     88704   0.0000000    
     88992   0.0000000    
     89280   0.0000000    
     89568   0.0000000    
     89856   0.0000000    
     90144   0.0000000    
     90432   0.0000000    
     90720   0.0000000    
     91008   0.0000000    
     91296   0.0000000    
     91584   0.0000000    
     91872   0.0000000    
     92160   0.0000000    
     92448   0.0000000    
     92736   0.0000000    
     93024   0.0000000    
     93312   0.0000000    
     93600   0.0000000    
     93888   0.0000000    
     94176   0.0000000    
     94464   0.0000000    
     94752   0.0000000    
     95040   0.0000000    
     95328   0.0000000    
     95616   0.0000000    
     95904   0.0000000    
     96192   0.0000000    
     96480   0.0000000    
     96768   0.0000000    
     97056   0.0000000    
     97344   0.0000000    
     97632   0.0000000    
     97920   0.0000000    
     98208   0.0000000    
     98496   0.0000000    
     98784   0.0000000    
     99072   0.0000000    
     99360   0.0000000    
     99648   0.0000000    
     99936   0.0000000    
    100224   0.0000000    
    100512   0.0000000    
    100800   0.0000000    
    101088   0.0000000    
    101376   0.0000000    
    101664   0.0000000    
    101952   0.0000000    
    102240   0.0000000    
    102528   0.0000000    
    102816   0.0000000    
    103104   0.0000000    
    103392   0.0000000    
    103680   0.0000000    
    103968   0.0000000    
    104256   0.0000000    
    104544   0.0000000    
    104832   0.0000000    
    105120   0.0000000    
    105408   0.0000000    
    105696   0.0000000    
    105984   0.0000000    
    106272   0.0000000    
    106560   0.0000000    
    106848   0.0000000    
    107136   0.0000000    
    107424   0.0000000    
    107712   0.0000000    
    108000   0.0000000    
    108288   0.0000000    
    108576   0.0000000    
    108864   0.0000000    
    109152   0.0000000    
    109440   0.0000000    
    109728   0.0000000    
    110016   0.0000000    
    110304   0.0000000    
    110592   0.0000000    
    110880   0.0000000    
    111168   0.0000000    
    111456   0.0000000    
    111744   0.0000000    
    112032   0.0000000    
    112320   0.0000000    
    112608   0.0000000    
    112896   0.0000000    
    113184   0.0000000    
    113472   0.0000000    
    113760   0.0000000    
    114048   0.0000000    
    114336   0.0000000    
    114624   0.0000000    
    114912   0.0000000    
    115200   0.0000000    
    115488   0.0000000    
    115776   0.0000000    
    116064   0.0000000    
    116352   0.0000000    
    116640   0.0000000    
    116928   0.0000000    
    117216   0.0000000    
    117504   0.0000000    
    117792   0.0000000    
    118080   0.0000000    
    118368   0.0000000    
    118656   0.0000000    
    118944   0.0000000    
    119232   0.0000000    
    119520   0.0000000    
    119808   0.0000000    
    120096   0.0000000    
    120384   0.0000000    
    120672   0.0000000    
    120960   0.0000000    
    121248   0.0000000    
    121536   0.0000000    
    121824   0.0000000    
    122112   0.0000000    
    122400   0.0000000    
    122688   0.0000000    
    122976   0.0000000    
    123264   0.0000000    
    123552   0.0000000    
    123840   0.0000000    
    124128   0.0000000    
    124416   0.0000000    
    124704   0.0000000    
    124992   0.0000000    
    125280   0.0000000    
    125568   0.0000000    
    125856   0.0000000    
    126144   0.0000000    
    126432   0.0000000    
    126720   0.0000000    
    127008   0.0000000    
    127296   0.0000000    
    127584   0.0000000    
    127872   0.0000000    
    128160   0.0000000    
    128448   0.0000000    
    128736   0.0000000    
    129024   0.0000000    
    129312   0.0000000    
    129600   0.0000000    
    129888   0.0000000    
    130176   0.0000000    
    130464   0.0000000    
    130752   0.0000000    
    131040   0.0000000    
    131328   0.0000000    
    131616   0.0000000    
    131904   0.0000000    
    132192   0.0000000    
    132480   0.0000000    
    132768   0.0000000    
    133056   0.0000000    
    133344   0.0000000    
    133632   0.0000000    
    133920   0.0000000    
    134208   0.0000000    
    134496   0.0000000    
    134784   0.0000000    
    135072   0.0000000    
    135360   0.0000000    
    135648   0.0000000    
    135936   0.0000000    
    136224   0.0000000    
    136512   0.0000000    
    136800   0.0000000    
    137088   0.0000000    
    137376   0.0000000    
    137664   0.0000000    
    137952   0.0000000    
    138240   0.0000000    
    138528   0.0000000    
    138816   0.0000000    
    139104   0.0000000    
    139392   0.0000000    
    139680   0.0000000    
    139968   0.0000000    
    140256   0.0000000    
    140544   0.0000000    
    140832   0.0000000    
    141120   0.0000000    
    141408   0.0000000    
    141696   0.0000000    
    141984   0.0000000    
    142272   0.0000000    
    142560   0.0000000    
    142848   0.0000000    
    143136   0.0000000    
    143424   0.0000000    
    143712   0.0000000    
    144000   0.0000000    
    144288   0.0000000    
    144576   0.0000000    
    144864   0.0000000    
    145152   0.0000000    
    145440   0.0000000    
    145728   0.0000000    
    146016   0.0000000    
    146304   0.0000000    
    146592   0.0000000    
    146880   0.0000000    
    147168   0.0000000    
    147456   0.0000000    
    147744   0.0000000    
    148032   0.0000000    
    148320   0.0000000    
    148608   0.0000000    
    148896   0.0000000    
    149184   0.0000000    
    149472   0.0000000    
    149760   0.0000000    
    150048   0.0000000    
    150336   0.0000000    
    150624   0.0000000    
    150912   0.0000000    
    151200   0.0000000    
    151488   0.0000000    
    151776   0.0000000    
    152064   0.0000000    
    152352   0.0000000    
    152640   0.0000000    
    152928   0.0000000    
    153216   0.0000000    
    153504   0.0000000    
    153792   0.0000000    
    154080   0.0000000    
    154368   0.0000000    
    154656   0.0000000    
    154944   0.0000000    
    155232   0.0000000    
    155520   0.0000000    
    155808   0.0000000    
    156096   0.0000000    
    156384   0.0000000    
    156672   0.0000000    
    156960   0.0000000    
    157248   0.0000000    
    157536   0.0000000    
    157824   0.0000000    
    158112   0.0000000    
    158400   0.0000000    
    158688   0.0000000    
    158976   0.0000000    
    159264   0.0000000    
    159552   0.0000000    
    159840   0.0000000    
    160128   0.0000000    
    160416   0.0000000    
    160704   0.0000000    
    160992   0.0000000    
    161280   0.0000000    
    161568   0.0000000    
    161856   0.0000000    
    162144   0.0000000    
    162432   0.0000000    
    162720   0.0000000    
    163008   0.0000000    
    163296   0.0000000    
    163584   0.0000000    
    163872   0.0000000    
    164160   0.0000000    
    164448   0.0000000    
    164736   0.0000000    
    165024   0.0000000    
    165312   0.0000000    
    165600   0.0000000    
    165888   0.0000000    
    166176   0.0000000    
    166464   0.0000000    
    166752   0.0000000    
    167040   0.0000000    
    167328   0.0000000    
    167616   0.0000000    
    167904   0.0000000    
    168192   0.0000000    
    168480   0.0000000    
    168768   0.0000000    
    169056   0.0000000    
    169344   0.0000000    
    169632   0.0000000    
    169920   0.0000000    
    170208   0.0000000    
    170496   0.0000000    
    170784   0.0000000    
    171072   0.0000000    
    171360   0.0000000    
    171648   0.0000000    
    171936   0.0000000    
    172224   0.0000000    
    172512   0.0000000    
    172800   0.0000000    
    173088   0.0000000    
    173376   0.0000000    
    173664   0.0000000    
    173952   0.0000000    
    174240   0.0000000    
    174528   0.0000000    
    174816   0.0000000    
    175104   0.0000000    
    175392   0.0000000    
    175680   0.0000000    
    175968   0.0000000    
    176256   0.0000000    
    176544   0.0000000    
    176832   0.0000000    
    177120   0.0000000    
    177408   0.0000000    
    177696   0.0000000    
    177984   0.0000000    
    178272   0.0000000    
    178560   0.0000000    
    178848   0.0000000    
    179136   0.0000000    
    179424   0.0000000    
    179712   0.0000000    
    180000   0.0000000    
    180288   0.0000000    
    180576   0.0000000    
    180864   0.0000000    
    181152   0.0000000    
    181440   0.0000000    
    181728   0.0000000    
    182016   0.0000000    
    182304   0.0000000    
    182592   0.0000000    
    182880   0.0000000    
    183168   0.0000000    
    183456   0.0000000    
    183744   0.0000000    
    184032   0.0000000    
    184320   0.0000000    
    184608   0.0000000    
    184896   0.0000000    
    185184   0.0000000    
    185472   0.0000000    
    185760   0.0000000    
    186048   0.0000000    
    186336   0.0000000    
    186624   0.0000000    
    186912   0.0000000    
    187200   0.0000000    
    187488   0.0000000    
    187776   0.0000000    
    188064   0.0000000    
    188352   0.0000000    
    188640   0.0000000    
    188928   0.0000000    
    189216   0.0000000    
    189504   0.0000000    
    189792   0.0000000    
    190080   0.0000000    
    190368   0.0000000    
    190656   0.0000000    
    190944   0.0000000    
    191232   0.0000000    
    191520   0.0000000    
    191808   0.0000000    
    192096   0.0000000    
    192384   0.0000000    
    192672   0.0000000    
    192960   0.0000000    
    193248   0.0000000    
    193536   0.0000000    
    193824   0.0000000    
    194112   0.0000000    
    194400   0.0000000    
    194688   0.0000000    
    194976   0.0000000    
    195264   0.0000000    
    195552   0.0000000    
    195840   0.0000000    
    196128   0.0000000    
    196416   0.0000000    
    196704   0.0000000    
    196992   0.0000000    
    197280   0.0000000    
    197568   0.0000000    
    197856   0.0000000    
    198144   0.0000000    
    198432   0.0000000    
    198720   0.0000000    
    199008   0.0000000    
    199296   0.0000000    
    199584   0.0000000    
    199872   0.0000000    
    200160   0.0000000    
    200448   0.0000000    
    200736   0.0000000    
    201024   0.0000000    
    201312   0.0000000    
    201600   0.0000000    
    201888   0.0000000    
    202176   0.0000000    
    202464   0.0000000    
    202752   0.0000000    
    203040   0.0000000    
    203328   0.0000000    
    203616   0.0000000    
    203904   0.0000000    
    204192   0.0000000    
    204480   0.0000000    
    204768   0.0000000    
    205056   0.0000000    
    205344   0.0000000    
    205632   0.0000000    
    205920   0.0000000    
    206208   0.0000000    
    206496   0.0000000    
    206784   0.0000000    
    207072   0.0000000    
    207360   0.0000000    
    207648   0.0000000    
    207936   0.0000000    
    208224   0.0000000    
    208512   0.0000000    
    208800   0.0000000    
    209088   0.0000000    
    209376   0.0000000    
    209664   0.0000000    
    209952   0.0000000    
    210240   0.0000000    
    210528   0.0000000    
    210816   0.0000000    
    211104   0.0000000    
    211392   0.0000000    
    211680   0.0000000    
    211968   0.0000000    
    212256   0.0000000    
    212544   0.0000000    
    212832   0.0000000    
    213120   0.0000000    
    213408   0.0000000    
    213696   0.0000000    
    213984   0.0000000    
    214272   0.0000000    
    214560   0.0000000    
    214848   0.0000000    
    215136   0.0000000    
    215424   0.0000000    
    215712   0.0000000    
    216000   0.0000000    
    216288   0.0000000    
    216576   0.0000000    
    216864   0.0000000    
    217152   0.0000000    
    217440   0.0000000    
    217728   0.0000000    
    218016   0.0000000    
    218304   0.0000000    
    218592   0.0000000    
    218880   0.0000000    
    219168   0.0000000    
    219456   0.0000000    
    219744   0.0000000    
    220032   0.0000000    
    220320   0.0000000    
    220608   0.0000000    
    220896   0.0000000    
    221184   0.0000000    
    221472   0.0000000    
    221760   0.0000000    
    222048   0.0000000    
    222336   0.0000000    
    222624   0.0000000    
    222912   0.0000000    
    223200   0.0000000    
    223488   0.0000000    
    223776   0.0000000    
    224064   0.0000000    
    224352   0.0000000    
    224640   0.0000000    
    224928   0.0000000    
    225216   0.0000000    
    225504   0.0000000    
    225792   0.0000000    
    226080   0.0000000    
    226368   0.0000000    
    226656   0.0000000    
    226944   0.0000000    
    227232   0.0000000    
    227520   0.0000000    
    227808   0.0000000    
    228096   0.0000000    
    228384   0.0000000    
    228672   0.0000000    
    228960   0.0000000    
    229248   0.0000000    
    229536   0.0000000    
    229824   0.0000000    
    230112   0.0000000    
    230400   0.0000000    
    230688   0.0000000    
    230976   0.0000000    
    231264   0.0000000    
    231552   0.0000000    
    231840   0.0000000    
    232128   0.0000000    
    232416   0.0000000    
    232704   0.0000000    
    232992   0.0000000    
    233280   0.0000000    
    233568   0.0000000    
    233856   0.0000000    
    234144   0.0000000    
    234432   0.0000000    
    234720   0.0000000    
    235008   0.0000000    
    235296   0.0000000    
    235584   0.0000000    
    235872   0.0000000    
    236160   0.0000000    
    236448   0.0000000    
    236736   0.0000000    
    237024   0.0000000    
    237312   0.0000000    
    237600   0.0000000    
    237888   0.0000000    
    238176   0.0000000    
    238464   0.0000000    
    238752   0.0000000    
    239040   0.0000000    
    239328   0.0000000    
    239616   0.0000000    
    239904   0.0000000    
    240192   0.0000000    
    240480   0.0000000    
    240768   0.0000000    
    241056   0.0000000    
    241344   0.0000000    
    241632   0.0000000    
    241920   0.0000000    
    242208   0.0000000    
    242496   0.0000000    
    242784   0.0000000    
    243072   0.0000000    
    243360   0.0000000    
    243648   0.0000000    
    243936   0.0000000    
    244224   0.0000000    
    244512   0.0000000    
    244800   0.0000000    
    245088   0.0000000    
    245376   0.0000000    
    245664   0.0000000    
    245952   0.0000000    
    246240   0.0000000    
    246528   0.0000000    
    246816   0.0000000    
    247104   0.0000000    
    247392   0.0000000    
    247680   0.0000000    
    247968   0.0000000    
    248256   0.0000000    
    248544   0.0000000    
    248832   0.0000000    
    249120   0.0000000    
    249408   0.0000000    
    249696   0.0000000    
    249984   0.0000000    
    250272   0.0000000    
    250560   0.0000000    
    250848   0.0000000    
    251136   0.0000000    
    251424   0.0000000    
    251712   0.0000000    
    252000   0.0000000    
    252288   0.0000000    
    252576   0.0000000    
    252864   0.0000000    
    253152   0.0000000    
    253440   0.0000000    
    253728   0.0000000    
    254016   0.0000000    
    254304   0.0000000    
    254592   0.0000000    
    254880   0.0000000    
    255168   0.0000000    
    255456   0.0000000    
    255744   0.0000000    
    256032   0.0000000    
    256320   0.0000000    
    256608   0.0000000    
    256896   0.0000000    
    257184   0.0000000    
    257472   0.0000000    
    257760   0.0000000    
    258048   0.0000000    
    258336   0.0000000    
    258624   0.0000000    
    258912   0.0000000    
    259200   0.0000000    
    259488   0.0000000    
    259776   0.0000000    
    260064   0.0000000    
    260352   0.0000000    
    260640   0.0000000    
    260928   0.0000000    
    261216   0.0000000    
    261504   0.0000000    
    261792   0.0000000    
    262080   0.0000000    
    262368   0.0000000    
    262656   0.0000000    
    262944   0.0000000    
    263232   0.0000000    
    263520   0.0000000    
    263808   0.0000000    
    264096   0.0000000    
    264384   0.0000000    
    264672   0.0000000    
    264960   0.0000000    
    265248   0.0000000    
    265536   0.0000000    
    265824   0.0000000    
    266112   0.0000000    
    266400   0.0000000    
    266688   0.0000000    
    266976   0.0000000    
    267264   0.0000000    
    267552   0.0000000    
    267840   0.0000000    
    268128   0.0000000    
    268416   0.0000000    
    268704   0.0000000    
    268992   0.0000000    
    269280   0.0000000    
    269568   0.0000000    
    269856   0.0000000    
    270144   0.0000000    
    270432   0.0000000    
    270720   0.0000000    
    271008   0.0000000    
    271296   0.0000000    
    271584   0.0000000    
    271872   0.0000000    
    272160   0.0000000    
    272448   0.0000000    
    272736   0.0000000    
    273024   0.0000000    
    273312   0.0000000    
    273600   0.0000000    
    273888   0.0000000    
    274176   0.0000000    
    274464   0.0000000    
    274752   0.0000000    
    275040   0.0000000    
    275328   0.0000000    
    275616   0.0000000    
    275904   0.0000000    
    276192   0.0000000    
    276480   0.0000000    
    276768   0.0000000    
    277056   0.0000000    
    277344   0.0000000    
    277632   0.0000000    
    277920   0.0000000    
    278208   0.0000000    
    278496   0.0000000    
    278784   0.0000000    
    279072   0.0000000    
    279360   0.0000000    
    279648   0.0000000    
    279936   0.0000000    
    280224   0.0000000    
    280512   0.0000000    
    280800   0.0000000    
    281088   0.0000000    
    281376   0.0000000    
    281664   0.0000000    
    281952   0.0000000    
    282240   0.0000000    
    282528   0.0000000    
    282816   0.0000000    
    283104   0.0000000    
    283392   0.0000000    
    283680   0.0000000    
    283968   0.0000000    
    284256   0.0000000    
    284544   0.0000000    
    284832   0.0000000    
    285120   0.0000000    
    285408   0.0000000    
    285696   0.0000000    
    285984   0.0000000    
    286272   0.0000000    
    286560   0.0000000    
    286848   0.0000000    
    287136   0.0000000    
    287424   0.0000000    
    287712   0.0000000    
    288000   0.0000000    
    288288   0.0000000    
    288576   0.0000000    
    288864   0.0000000    
    289152   0.0000000    
    289440   0.0000000    
    289728   0.0000000    
    290016   0.0000000    
    290304   0.0000000    
    290592   0.0000000    
    290880   0.0000000    
    291168   0.0000000    
    291456   0.0000000    
    291744   0.0000000    
    292032   0.0000000    
    292320   0.0000000    
    292608   0.0000000    
    292896   0.0000000    
    293184   0.0000000    
    293472   0.0000000    
    293760   0.0000000    
    294048   0.0000000    
    294336   0.0000000    
    294624   0.0000000    
    294912   0.0000000    
    295200   0.0000000    
    295488   0.0000000    
    295776   0.0000000    
    296064   0.0000000    
    296352   0.0000000    
    296640   0.0000000    
    296928   0.0000000    
    297216   0.0000000    
    297504   0.0000000    
    297792   0.0000000    
    298080   0.0000000    
    298368   0.0000000    
    298656   0.0000000    
    298944   0.0000000    
    299232   0.0000000    
    299520   0.0000000    
    299808   0.0000000    
    300096   0.0000000    
    300384   0.0000000    
    300672   0.0000000    
    300960   0.0000000    
    301248   0.0000000    
    301536   0.0000000    
    301824   0.0000000    
    302112   0.0000000    
    302400   0.0000000    
    302688   0.0000000    
    302976   0.0000000    
    303264   0.0000000    
    303552   0.0000000    
    303840   0.0000000    
    304128   0.0000000    
    304416   0.0000000    
    304704   0.0000000    
    304992   0.0000000    
    305280   0.0000000    
    305568   0.0000000    
    305856   0.0000000    
    306144   0.0000000    
    306432   0.0000000    
    306720   0.0000000    
    307008   0.0000000    
    307296   0.0000000    
    307584   0.0000000    
    307872   0.0000000    
    308160   0.0000000    
    308448   0.0000000    
    308736   0.0000000    
    309024   0.0000000    
    309312   0.0000000    
    309600   0.0000000    
    309888   0.0000000    
    310176   0.0000000    
    310464   0.0000000    
    310752   0.0000000    
    311040   0.0000000    
    311328   0.0000000    
    311616   0.0000000    
    311904   0.0000000    
    312192   0.0000000    
    312480   0.0000000    
    312768   0.0000000    
    313056   0.0000000    
    313344   0.0000000    
    313632   0.0000000    
    313920   0.0000000    
    314208   0.0000000    
    314496   0.0000000    
    314784   0.0000000    
    315072   0.0000000    
