         1   243.00000    
       288   260.17252    
       576   286.20834    
       864   313.21448    
      1152   337.00552    
      1440   357.91925    
      1728   376.44736    
      2016   392.92871    
      2304   407.52838    
      2592   420.42230    
      2880   431.78174    
      3168   441.71994    
      3456   450.32388    
      3744   457.75885    
      4032   463.97919    
      4320   469.07855    
      4608   473.24347    
      4896   476.63321    
      5184   479.42200    
      5472   481.68896    
      5760   483.51767    
      6048   484.97653    
      6336   486.12061    
      6624   486.99426    
      6912   487.65118    
      7200   488.10229    
      7488   488.36340    
      7776   488.44943    
      8064   488.36722    
      8352   488.13278    
      8640   487.73962    
      8928   487.18600    
      9216   486.47012    
      9504   485.59103    
      9792   484.54886    
     10080   483.35159    
     10368   481.99664    
     10656   480.48376    
     10944   478.81299    
     11232   476.98615    
     11520   475.00528    
     11808   472.87830    
     12096   470.60611    
     12384   468.19418    
     12672   465.64780    
     12960   462.97281    
     13248   460.17728    
     13536   457.26599    
     13824   454.24506    
     14112   451.12180    
     14400   447.90240    
     14688   444.59360    
     14976   441.20108    
     15264   437.73264    
     15552   434.19946    
     15840   430.62524    
     16128   427.00110    
     16416   423.32315    
     16704   419.59250    
     16992   415.81171    
     17280   411.98227    
     17568   408.10806    
     17856   404.19189    
     18144   400.23715    
     18432   396.24719    
     18720   392.22464    
     19008   388.17212    
     19296   384.09250    
     19584   379.98730    
     19872   375.85861    
     20160   371.70926    
     20448   367.53931    
     20736   363.35175    
     21024   359.14807    
     21312   354.92944    
     21600   350.69687    
     21888   346.45090    
     22176   342.19363    
     22464   337.92480    
     22752   333.64572    
     23040   329.35770    
     23328   325.06119    
     23616   320.75610    
     23904   316.44287    
     24192   312.12167    
     24480   307.79443    
     24768   303.46228    
     25056   299.12326    
     25344   294.77792    
     25632   290.42938    
     25920   286.07501    
     26208   281.71719    
     26496   277.35425    
     26784   272.98810    
     27072   268.61679    
     27360   264.24411    
     27648   259.86462    
     27936   255.48413    
     28224   251.10019    
     28512   246.71457    
     28800   242.32549    
     29088   237.93420    
     29376   233.54054    
     29664   229.14412    
     29952   224.74617    
     30240   220.34613    
     30528   215.94438    
     30816   211.54135    
     31104   207.13625    
     31392   202.73064    
     31680   198.32336    
     31968   193.91411    
     32256   189.50459    
     32544   185.09483    
     32832   180.68480    
     33120   176.27443    
     33408   171.86351    
     33696   167.45248    
     33984   163.04163    
     34272   158.63115    
     34560   154.22115    
     34848   149.81174    
     35136   145.40302    
     35424   140.99667    
     35712   136.59207    
     36000   132.18980    
     36288   127.78973    
     36576   123.39359    
     36864   119.00153    
     37152   114.61394    
     37440   110.23106    
     37728   105.85445    
     38016   101.48535    
     38304   97.124397    
     38592   92.773048    
     38880   88.432968    
     39168   84.106148    
     39456   79.794792    
     39744   75.501740    
     40032   71.230362    
     40320   66.984955    
     40608   62.770824    
     40896   58.594593    
     41184   54.464680    
     41472   50.391712    
     41760   46.389095    
     42048   42.473560    
     42336   38.665478    
     42624   34.988888    
     42912   31.470512    
     43200   28.137907    
     43488   25.016609    
     43776   22.126919    
     44064   19.481335    
     44352   17.083611    
     44640   14.929345    
     44928   13.007734    
     45216   11.303767    
     45504   9.8001223    
     45792   8.4786329    
     46080   7.3212690    
     46368   6.3106904    
     46656   5.4306526    
     46944   4.6661401    
     47232   4.0034370    
     47520   3.4301450    
     47808   2.9351299    
     48096   2.5084605    
     48384   2.1413105    
     48672   1.8258827    
     48960   1.5552990    
     49248   1.3235211    
     49536   1.1252632    
     49824  0.95590675    
     50112  0.81142962    
     50400  0.68833494    
     50688  0.58358979    
     50976  0.49456811    
     51264  0.41900262    
     51552  0.35493657    
     51840  0.30068582    
     52128  0.25480407    
     52416  0.21604948    
     52704  0.18335967    
     52992  0.15582640    
     53280  0.13267560    
     53568  0.11324814    
     53856  0.96984923E-01
     54144  0.83412610E-01
     54432  0.72132424E-01
     54720  0.62809907E-01
     55008  0.55166293E-01
     55296  0.48971228E-01
     55584  0.44036560E-01
     55872  0.40211208E-01
     56160  0.37376821E-01
     56448  0.35444520E-01
     56736  0.34351774E-01
     57024  0.34060273E-01
     57312  0.34554072E-01
     57600  0.35865229E-01
     57888  0.38057696E-01
     58176  0.41193791E-01
     58464  0.45359805E-01
     58752  0.50666999E-01
     59040  0.57253432E-01
     59328  0.65284275E-01
     59616  0.74954607E-01
     59904  0.86494826E-01
     60192  0.10028554    
     60480  0.11679623    
     60768  0.13643491    
     61056  0.15966560    
     61344  0.18701369    
     61632  0.21906967    
     61920  0.25648624    
     62208  0.30034816    
     62496  0.35197684    
     62784  0.41243118    
     63072  0.48287123    
     63360  0.56455922    
     63648  0.65884906    
     63936  0.76808494    
     64224  0.89486647    
     64512   1.0401477    
     64800   1.2015702    
     65088   1.3722465    
     65376   1.5465671    
     65664   1.7228991    
     65952   1.9001722    
     66240   2.0750926    
     66528   2.2442782    
     66816   2.4045866    
     67104   2.5556412    
     67392   2.6975408    
     67680   2.8278794    
     67968   2.9446044    
     68256   3.0486193    
     68544   3.1412711    
     68832   3.2211134    
     69120   3.2869833    
     69408   3.3407302    
     69696   3.3845735    
     69984   3.4176853    
     70272   3.4394627    
     70560   3.4496491    
     70848   3.4507246    
     71136   3.4452484    
     71424   3.4328289    
     71712   3.4131665    
     72000   3.3890545    
     72288   3.3632348    
     72576   3.3348403    
     72864   3.3030751    
     73152   3.2673705    
     73440   3.2294655    
     73728   3.1910911    
     74016   3.1514916    
     74304   3.1100304    
     74592   3.0681288    
     74880   3.0272350    
     75168   2.9865708    
     75456   2.9472115    
     75744   2.9101827    
     76032   2.8743689    
     76320   2.8387959    
     76608   2.8043859    
     76896   2.7720869    
     77184   2.7408855    
     77472   2.7099328    
     77760   2.6802087    
     78048   2.6526539    
     78336   2.6263602    
     78624   2.6005058    
     78912   2.5758758    
     79200   2.5532227    
     79488   2.5316045    
     79776   2.5101671    
     80064   2.4895985    
     80352   2.4706416    
     80640   2.4524381    
     80928   2.4342198    
     81216   2.4166472    
     81504   2.4003675    
     81792   2.3845699    
     82080   2.3685300    
     82368   2.3516498    
     82656   2.3347025    
     82944   2.3184075    
     83232   2.3021519    
     83520   2.2853982    
     83808   2.2687995    
     84096   2.2529488    
     84384   2.2372386    
     84672   2.2211664    
     84960   2.2043118    
     85248   2.1873124    
     85536   2.1707664    
     85824   2.1541831    
     86112   2.1371288    
     86400   2.1192300    
     86688   2.1010954    
     86976   2.0832832    
     87264   2.0653851    
     87552   2.0470493    
     87840   2.0279710    
     88128   2.0078831    
     88416   1.9873602    
     88704   1.9669187    
     88992   1.9462576    
     89280   1.9251200    
     89568   1.9032830    
     89856   1.8805567    
     90144   1.8568169    
     90432   1.8325654    
     90720   1.8082520    
     91008   1.7836776    
     91296   1.7586726    
     91584   1.7330893    
     91872   1.7068311    
     92160   1.6798227    
     92448   1.6520143    
     92736   1.6233768    
     93024   1.5938946    
     93312   1.5639633    
     93600   1.5339483    
     93888   1.5037843    
     94176   1.4734243    
     94464   1.4428338    
     94752   1.4119942    
     95040   1.3809098    
     95328   1.3495977    
     95616   1.3180873    
     95904   1.2864159    
     96192   1.2546306    
     96480   1.2227728    
     96768   1.1909028    
     97056   1.1590791    
     97344   1.1273599    
     97632   1.0958040    
     97920   1.0644679    
     98208   1.0334047    
     98496   1.0026637    
     98784  0.97229677    
     99072  0.94234914    
     99360  0.91286284    
     99648  0.88387686    
     99936  0.85542470    
    100224  0.82753664    
    100512  0.80023581    
    100800  0.77354646    
    101088  0.74748755    
    101376  0.72207463    
    101664  0.69731975    
    101952  0.67316478    
    102240  0.64955980    
    102528  0.62652862    
    102816  0.60408926    
    103104  0.58225626    
    103392  0.56103975    
    103680  0.54044658    
    103968  0.52048069    
    104256  0.50114328    
    104544  0.48243266    
    104832  0.46431184    
