         1   0.0000000    
        24   0.0000000    
        48   0.0000000    
        72   0.0000000    
        96   0.0000000    
       120   0.0000000    
       144   0.0000000    
       168   0.0000000    
       192   0.0000000    
       216   0.0000000    
       240   0.0000000    
       264   0.0000000    
       288   0.0000000    
       312   0.0000000    
       336   0.0000000    
       360   0.0000000    
       384   0.0000000    
       408   0.0000000    
       432   0.0000000    
       456   0.0000000    
       480   0.0000000    
       504   0.0000000    
       528   0.0000000    
       552   0.0000000    
       576   0.0000000    
       600   0.0000000    
       624   0.0000000    
       648   0.0000000    
       672   0.0000000    
       696   0.0000000    
       720   0.0000000    
       744   0.0000000    
       768   0.0000000    
       792   0.0000000    
       816   0.0000000    
       840   0.0000000    
       864   0.0000000    
       888   0.0000000    
       912   0.0000000    
       936   0.0000000    
       960   0.0000000    
       984   0.0000000    
      1008   0.0000000    
      1032   0.0000000    
      1056   0.0000000    
      1080   0.0000000    
      1104   0.0000000    
      1128   0.0000000    
      1152   0.0000000    
      1176   0.0000000    
      1200   0.0000000    
      1224   0.0000000    
      1248   0.0000000    
      1272   0.0000000    
      1296   0.0000000    
      1320   0.0000000    
      1344   0.0000000    
      1368   0.0000000    
      1392   0.0000000    
      1416   0.0000000    
      1440   0.0000000    
      1464   0.0000000    
      1488   0.0000000    
      1512   0.0000000    
      1536   0.0000000    
      1560   0.0000000    
      1584   0.0000000    
      1608   0.0000000    
      1632   0.0000000    
      1656   0.0000000    
      1680   0.0000000    
      1704   0.0000000    
      1728   0.0000000    
      1752   0.0000000    
      1776   0.0000000    
      1800   0.0000000    
      1824   0.0000000    
      1848   0.0000000    
      1872   0.0000000    
      1896   0.0000000    
      1920   0.0000000    
      1944   0.0000000    
      1968   0.0000000    
      1992   0.0000000    
      2016   0.0000000    
      2040   0.0000000    
      2064   0.0000000    
      2088   0.0000000    
      2112   0.0000000    
      2136   0.0000000    
      2160   0.0000000    
      2184   0.0000000    
      2208   0.0000000    
      2232   0.0000000    
      2256   0.0000000    
      2280   0.0000000    
      2304   0.0000000    
      2328   0.0000000    
      2352   0.0000000    
      2376   0.0000000    
      2400   0.0000000    
      2424   0.0000000    
      2448   0.0000000    
      2472   0.0000000    
      2496   0.0000000    
      2520   0.0000000    
      2544   0.0000000    
      2568   0.0000000    
      2592   0.0000000    
      2616   0.0000000    
      2640   0.0000000    
      2664   0.0000000    
      2688   0.0000000    
      2712   0.0000000    
      2736   0.0000000    
      2760   0.0000000    
      2784   0.0000000    
      2808   0.0000000    
      2832   0.0000000    
      2856   0.0000000    
      2880   0.0000000    
      2904   0.0000000    
      2928   0.0000000    
      2952   0.0000000    
      2976   0.0000000    
      3000   0.0000000    
      3024   0.0000000    
      3048   0.0000000    
      3072   0.0000000    
      3096   0.0000000    
      3120   0.0000000    
      3144   0.0000000    
      3168   0.0000000    
      3192   0.0000000    
      3216   0.0000000    
      3240   0.0000000    
      3264   0.0000000    
      3288   0.0000000    
      3312   0.0000000    
      3336   0.0000000    
      3360   0.0000000    
      3384   0.0000000    
      3408   0.0000000    
      3432   0.0000000    
      3456   0.0000000    
      3480   0.0000000    
      3504   0.0000000    
      3528   0.0000000    
      3552   0.0000000    
      3576   0.0000000    
      3600   0.0000000    
      3624   0.0000000    
      3648   0.0000000    
      3672   0.0000000    
      3696   0.0000000    
      3720   0.0000000    
      3744   0.0000000    
      3768   0.0000000    
      3792   0.0000000    
      3816   0.0000000    
      3840   0.0000000    
      3864   0.0000000    
      3888   0.0000000    
      3912   0.0000000    
      3936   0.0000000    
      3960   0.0000000    
      3984   0.0000000    
      4008   0.0000000    
      4032   0.0000000    
      4056   0.0000000    
      4080   0.0000000    
      4104   0.0000000    
      4128   0.0000000    
      4152   0.0000000    
      4176   0.0000000    
      4200   0.0000000    
      4224   0.0000000    
      4248   0.0000000    
      4272   0.0000000    
      4296   0.0000000    
      4320   0.0000000    
      4344   0.0000000    
      4368   0.0000000    
      4392   0.0000000    
      4416   0.0000000    
      4440   0.0000000    
      4464   0.0000000    
      4488   0.0000000    
      4512   0.0000000    
      4536   0.0000000    
      4560   0.0000000    
      4584   0.0000000    
      4608   0.0000000    
      4632   0.0000000    
      4656   0.0000000    
      4680   0.0000000    
      4704   0.0000000    
      4728   0.0000000    
      4752   0.0000000    
      4776   0.0000000    
      4800   0.0000000    
      4824   0.0000000    
      4848   0.0000000    
      4872   0.0000000    
      4896   0.0000000    
      4920   0.0000000    
      4944   0.0000000    
      4968   0.0000000    
      4992   0.0000000    
      5016   0.0000000    
      5040   0.0000000    
      5064   0.0000000    
      5088   0.0000000    
      5112   0.0000000    
      5136   0.0000000    
      5160   0.0000000    
      5184   0.0000000    
      5208   0.0000000    
      5232   0.0000000    
      5256   0.0000000    
      5280   0.0000000    
      5304   0.0000000    
      5328   0.0000000    
      5352   0.0000000    
      5376   0.0000000    
      5400   0.0000000    
      5424   0.0000000    
      5448   0.0000000    
      5472   0.0000000    
      5496   0.0000000    
      5520   0.0000000    
      5544   0.0000000    
      5568   0.0000000    
      5592   0.0000000    
      5616   0.0000000    
      5640   0.0000000    
      5664   0.0000000    
      5688   0.0000000    
      5712   0.0000000    
      5736   0.0000000    
      5760   0.0000000    
      5784   0.0000000    
      5808   0.0000000    
      5832   0.0000000    
      5856   0.0000000    
      5880   0.0000000    
      5904   0.0000000    
      5928   0.0000000    
      5952   0.0000000    
      5976   0.0000000    
      6000   0.0000000    
      6024   0.0000000    
      6048   0.0000000    
      6072   0.0000000    
      6096   0.0000000    
      6120   0.0000000    
      6144   0.0000000    
      6168   0.0000000    
      6192   0.0000000    
      6216   0.0000000    
      6240   0.0000000    
      6264   0.0000000    
      6288   0.0000000    
      6312   0.0000000    
      6336   0.0000000    
      6360   0.0000000    
      6384   0.0000000    
      6408   0.0000000    
      6432   0.0000000    
      6456   0.0000000    
      6480   0.0000000    
      6504   0.0000000    
      6528   0.0000000    
      6552   0.0000000    
      6576   0.0000000    
      6600   0.0000000    
      6624   0.0000000    
      6648   0.0000000    
      6672   0.0000000    
      6696   0.0000000    
      6720   0.0000000    
      6744   0.0000000    
      6768   0.0000000    
      6792   0.0000000    
      6816   0.0000000    
      6840   0.0000000    
      6864   0.0000000    
      6888   0.0000000    
      6912   0.0000000    
      6936   0.0000000    
      6960   0.0000000    
      6984   0.0000000    
      7008   0.0000000    
      7032   0.0000000    
      7056   0.0000000    
      7080   0.0000000    
      7104   0.0000000    
      7128   0.0000000    
      7152   0.0000000    
      7176   0.0000000    
      7200   0.0000000    
      7224   0.0000000    
      7248   0.0000000    
      7272   0.0000000    
      7296   0.0000000    
      7320   0.0000000    
      7344   0.0000000    
      7368   0.0000000    
      7392   0.0000000    
      7416   0.0000000    
      7440   0.0000000    
      7464   0.0000000    
      7488   0.0000000    
      7512   0.0000000    
      7536   0.0000000    
      7560   0.0000000    
      7584   0.0000000    
      7608   0.0000000    
      7632   0.0000000    
      7656   0.0000000    
      7680   0.0000000    
      7704   0.0000000    
      7728   0.0000000    
      7752   0.0000000    
      7776   0.0000000    
      7800   0.0000000    
      7824   0.0000000    
      7848   0.0000000    
      7872   0.0000000    
      7896   0.0000000    
      7920   0.0000000    
      7944   0.0000000    
      7968   0.0000000    
      7992   0.0000000    
      8016   0.0000000    
      8040   0.0000000    
      8064   0.0000000    
      8088   0.0000000    
      8112   0.0000000    
      8136   0.0000000    
      8160   0.0000000    
      8184   0.0000000    
      8208   0.0000000    
      8232   0.0000000    
      8256   0.0000000    
      8280   0.0000000    
      8304   0.0000000    
      8328   0.0000000    
      8352   0.0000000    
      8376   0.0000000    
      8400   0.0000000    
      8424   0.0000000    
      8448   0.0000000    
      8472   0.0000000    
      8496   0.0000000    
      8520   0.0000000    
      8544   0.0000000    
      8568   0.0000000    
      8592   0.0000000    
      8616   0.0000000    
      8640   0.0000000    
      8664   0.0000000    
      8688   0.0000000    
      8712   0.0000000    
      8736   0.0000000    
