       288   122.84892    
       576   122.69781    
       864   122.54840    
      1152   122.39899    
      1440   122.25056    
      1728   122.10334    
      2016   121.95612    
      2304   121.80986    
      2592   121.66484    
      2880   121.51982    
      3168   121.37487    
      3456   121.23205    
      3744   121.08923    
      4032   120.94640    
      4320   120.80397    
      4608   120.66335    
      4896   120.52272    
      5184   120.38210    
      5472   120.24147    
      5760   120.10229    
      6048   119.96386    
      6336   119.82543    
      6624   119.68700    
      6912   119.54858    
      7200   119.41015    
      7488   119.27353    
      7776   119.13730    
      8064   119.00107    
      8352   118.86484    
      8640   118.72861    
      8928   118.59238    
      9216   118.45615    
      9504   118.31992    
      9792   118.18369    
     10080   118.04745    
     10368   117.91122    
     10656   117.77499    
     10944   117.63876    
     11232   117.50253    
     11520   117.36630    
     11808   117.23007    
     12096   117.09384    
     12384   116.95761    
     12672   116.82138    
     12960   116.68515    
     13248   116.54892    
     13536   116.41269    
     13824   116.27646    
     14112   116.14023    
     14400   116.00323    
     14688   115.86481    
     14976   115.72638    
     15264   115.58795    
     15552   115.44952    
     15840   115.31110    
     16128   115.17215    
     16416   115.03152    
     16704   114.89090    
     16992   114.75027    
     17280   114.60965    
     17568   114.46758    
     17856   114.32475    
     18144   114.18193    
     18432   114.03911    
     18720   113.89445    
     19008   113.74944    
     19296   113.60442    
     19584   113.45836    
     19872   113.31114    
     20160   113.16393    
     20448   113.01575    
     20736   112.86633    
     21024   112.71692    
     21312   112.56608    
     21600   112.41447    
     21888   112.26273    
     22176   112.10892    
     22464   111.95512    
     22752   111.79995    
     23040   111.64394    
     23328   111.48725    
     23616   111.32905    
     23904   111.17059    
     24192   111.01019    
     24480   110.84976    
     24768   110.68716    
     25056   110.52457    
     25344   110.35978    
     25632   110.19488    
     25920   110.02789    
     26208   109.86052    
     26496   109.69133    
     26784   109.52139    
     27072   109.35000    
     27360   109.17735    
     27648   109.00377    
     27936   108.82832    
     28224   108.65217    
     28512   108.47419    
     28800   108.29506    
     29088   108.11488    
     29376   107.93269    
     29664   107.74958    
     29952   107.56501    
     30240   107.37870    
     30528   107.19134    
     30816   107.00237    
     31104   106.81171    
     31392   106.61988    
     31680   106.42652    
     31968   106.23129    
     32256   106.03482    
     32544   105.83707    
     32832   105.63712    
     33120   105.43584    
     33408   105.23323    
     33696   105.02888    
     33984   104.82269    
     34272   104.61510    
     34560   104.40607    
     34848   104.19514    
     35136   103.98248    
     35424   103.76835    
     35712   103.55274    
     36000   103.33521    
     36288   103.11591    
     36576   102.89511    
     36864   102.67280    
     37152   102.44868    
     37440   102.22266    
     37728   101.99512    
     38016   101.76606    
     38304   101.53535    
     38592   101.30257    
     38880   101.06829    
     39168   100.83250    
     39456   100.59520    
     39744   100.35573    
     40032   100.11478    
     40320   99.872368    
     40608   99.628471    
     40896   99.382423    
     41184   99.134956    
     41472   98.886108    
     41760   98.635620    
     42048   98.383224    
     42336   98.129517    
     42624   97.874535    
     42912   97.617455    
     43200   97.359062    
     43488   97.099510    
     43776   96.838036    
     44064   96.575195    
     44352   96.311348    
     44640   96.045479    
     44928   95.778519    
     45216   95.510452    
     45504   95.240479    
     45792   94.969818    
     46080   94.697357    
     46368   94.423965    
     46656   94.149307    
     46944   93.873360    
     47232   93.596504    
     47520   93.318222    
     47808   93.039169    
     48096   92.758835    
     48384   92.477585    
     48672   92.195572    
     48960   91.912125    
     49248   91.628677    
     49536   91.343285    
     49824   91.057640    
     50112   90.771820    
     50400   90.483978    
     50688   90.196136    
     50976   89.908295    
     51264   89.618919    
     51552   89.328880    
     51840   89.038841    
     52128   88.748802    
     52416   88.458763    
     52704   88.166626    
     52992   87.874390    
     53280   87.582153    
     53568   87.289917    
     53856   86.997681    
     54144   86.705444    
     54432   86.413208    
     54720   86.120972    
     55008   85.828735    
     55296   85.536499    
     55584   85.244263    
     55872   84.952026    
     56160   84.659790    
     56448   84.367554    
     56736   84.077255    
     57024   83.787216    
     57312   83.497177    
     57600   83.207138    
     57888   82.917572    
     58176   82.629730    
     58464   82.341888    
     58752   82.054047    
     59040   81.768234    
     59328   81.482590    
     59616   81.197426    
     59904   80.913979    
     60192   80.630531    
     60480   80.348969    
     60768   80.067719    
     61056   79.788071    
     61344   79.509018    
     61632   79.231651    
     61920   78.954796    
     62208   78.680008    
     62496   78.405823    
     62784   78.133362    
     63072   77.862167    
     63360   77.591919    
     63648   77.323853    
     63936   77.056885    
     64224   76.791107    
     64512   76.527435    
     64800   76.265152    
     65088   76.004250    
     65376   75.744972    
     65664   75.487724    
     65952   75.231995    
     66240   74.977852    
     66528   74.725342    
     66816   74.474854    
     67104   74.226227    
     67392   73.979332    
     67680   73.734207    
     67968   73.490883    
     68256   73.249397    
     68544   73.009895    
     68832   72.772469    
     69120   72.536934    
     69408   72.303307    
     69696   72.071617    
     69984   71.841881    
     70272   71.614113    
     70560   71.388329    
     70848   71.164543    
     71136   70.942772    
     71424   70.723045    
     71712   70.505486    
     72000   70.289955    
     72288   70.076462    
     72576   69.865005    
     72864   69.655594    
     73152   69.448235    
     73440   69.242928    
     73728   69.039673    
     74016   68.838463    
     74304   68.639305    
     74592   68.442192    
     74880   68.247124    
     75168   68.054092    
     75456   67.863098    
     75744   67.674133    
     76032   67.487358    
     76320   67.302597    
     76608   67.119850    
     76896   66.939102    
     77184   66.760338    
     77472   66.583549    
     77760   66.408722    
     78048   66.235840    
     78336   66.064888    
     78624   65.895851    
     78912   65.728859    
     79200   65.563911    
     79488   65.400841    
     79776   65.239624    
     80064   65.080246    
     80352   64.922676    
     80640   64.766891    
     80928   64.613083    
     81216   64.461250    
     81504   64.311150    
     81792   64.162750    
     82080   64.016014    
     82368   63.871300    
     82656   63.728100    
     82944   63.586781    
     83232   63.447037    
     83520   63.309071    
     83808   63.172691    
     84096   63.038033    
     84384   62.904919    
     84672   62.773518    
     84960   62.643562    
     85248   62.515358    
     85536   62.388573    
     85824   62.263382    
     86112   62.139713    
     86400   62.017437    
     86688   61.896770    
     86976   61.777515    
     87264   61.659618    
     87552   61.543217    
     87840   61.428238    
     88128   61.314579    
     88416   61.202229    
     88704   61.091274    
     88992   60.981686    
     89280   60.873360    
     89568   60.766285    
     89856   60.660450    
     90144   60.555843    
     90432   60.452446    
     90720   60.350304    
     91008   60.249355    
     91296   60.149559    
     91584   60.050896    
     91872   59.953350    
     92160   59.856899    
     92448   59.761528    
     92736   59.667217    
     93024   59.573940    
     93312   59.481678    
     93600   59.390491    
     93888   59.300320    
     94176   59.211113    
     94464   59.122849    
     94752   59.035496    
     95040   58.949028    
     95328   58.863411    
     95616   58.778816    
     95904   58.695118    
     96192   58.612202    
     96480   58.530033    
     96768   58.448734    
     97056   58.368370    
     97344   58.288670    
     97632   58.209587    
     97920   58.131584    
     98208   58.054169    
     98496   57.977264    
     98784   57.901459    
     99072   57.826107    
     99360   57.751400    
     99648   57.677536    
     99936   57.603989    
    100224   57.531479    
    100512   57.459270    
    100800   57.387859    
    101088   57.316898    
    101376   57.246586    
    101664   57.176773    
    101952   57.107559    
    102240   57.038784    
    102528   56.970669    
    102816   56.902802    
    103104   56.835785    
    103392   56.768768    
    103680   56.702755    
    103968   56.636837    
    104256   56.571400    
    104544   56.506580    
    104832   56.441761    
    105120   56.377792    
    105408   56.314072    
    105696   56.250351    
    105984   56.187569    
    106272   56.124947    
    106560   56.062325    
    106848   56.000378    
    107136   55.938854    
    107424   55.877331    
    107712   55.815807    
    108000   55.755314    
    108288   55.694889    
    108576   55.634464    
    108864   55.574039    
    109152   55.514267    
    109440   55.454941    
    109728   55.395615    
    110016   55.336288    
    110304   55.276962    
    110592   55.217724    
    110880   55.159496    
    111168   55.101269    
    111456   55.043041    
    111744   54.984814    
    112032   54.926586    
    112320   54.868359    
    112608   54.810131    
    112896   54.751904    
    113184   54.693928    
    113472   54.636799    
    113760   54.579670    
    114048   54.522541    
    114336   54.465412    
    114624   54.408283    
    114912   54.351154    
    115200   54.294025    
    115488   54.236897    
    115776   54.179768    
    116064   54.122639    
    116352   54.065510    
    116640   54.008381    
    116928   53.951252    
    117216   53.894123    
    117504   53.836994    
    117792   53.779739    
    118080   53.721512    
    118368   53.663284    
    118656   53.605057    
    118944   53.546829    
    119232   53.488602    
    119520   53.430374    
    119808   53.372147    
    120096   53.313919    
    120384   53.255692    
    120672   53.196411    
    120960   53.137085    
    121248   53.077759    
    121536   53.018433    
    121824   52.959106    
    122112   52.899590    
    122400   52.839165    
    122688   52.778740    
    122976   52.718315    
    123264   52.657890    
    123552   52.596844    
    123840   52.535320    
    124128   52.473797    
    124416   52.412273    
    124704   52.350075    
    124992   52.287453    
    125280   52.224831    
    125568   52.162098    
    125856   52.098377    
    126144   52.034657    
    126432   51.970936    
    126720   51.906223    
    127008   51.841404    
    127296   51.776585    
    127584   51.710720    
    127872   51.644802    
    128160   51.578678    
    128448   51.511662    
    128736   51.444645    
    129024   51.376984    
    129312   51.308868    
    129600   51.240623    
    129888   51.171410    
    130176   51.102196    
    130464   51.032146    
    130752   50.961834    
    131040   50.890972    
    131328   50.819561    
    131616   50.747791    
    131904   50.675282    
    132192   50.602520    
    132480   50.528912    
    132768   50.455090    
    133056   50.380383    
    133344   50.305435    
    133632   50.229630    
    133920   50.153496    
    134208   50.076591    
    134496   49.999222    
    134784   49.921219    
    135072   49.842564    
    135360   49.763462    
    135648   49.683479    
    135936   49.603233    
    136224   49.521935    
    136512   49.440289    
    136800   49.357891    
    137088   49.274815    
    137376   49.191319    
    137664   49.106785    
    137952   49.021866    
    138240   48.936172    
    138528   48.849747    
    138816   48.762890    
    139104   48.674999    
    139392   48.586597    
    139680   48.497608    
    139968   48.407646    
    140256   48.317207    
    140544   48.226021    
    140832   48.133999    
    141120   48.041477    
    141408   47.948093    
    141696   47.853970    
    141984   47.759335    
    142272   47.663754    
    142560   47.567505    
    142848   47.470741    
    143136   47.372963    
    143424   47.274582    
    143712   47.175686    
    144000   47.075710    
    144288   46.975208    
    144576   46.874134    
    144864   46.772030    
    145152   46.669434    
    145440   46.566162    
    145728   46.461983    
    146016   46.357338    
    146304   46.251869    
    146592   46.145676    
    146880   46.039055    
    147168   45.931389    
    147456   45.823269    
    147744   45.714504    
    148032   45.604912    
    148320   45.494984    
    148608   45.384022    
    148896   45.272701    
    149184   45.160641    
    149472   45.047974    
    149760   44.934814    
    150048   44.820862    
    150336   44.706604    
    150624   44.591434    
    150912   44.476078    
    151200   44.359772    
    151488   44.243317    
    151776   44.125980    
    152064   44.008427    
    152352   43.890186    
    152640   43.771534    
    152928   43.652557    
    153216   43.532806    
    153504   43.413055    
    153792   43.292458    
    154080   43.171608    
    154368   43.050758    
    154656   42.928856    
    154944   42.806908    
    155232   42.684959    
    155520   42.562229    
    155808   42.439182    
    156096   42.316135    
    156384   42.193089    
    156672   42.069332    
    156960   41.945187    
    157248   41.821041    
    157536   41.696896    
    157824   41.572750    
    158112   41.448605    
    158400   41.324459    
    158688   41.199299    
    158976   41.074055    
    159264   40.948811    
    159552   40.823566    
    159840   40.698322    
    160128   40.573078    
    160416   40.447834    
    160704   40.322590    
    160992   40.197628    
    161280   40.073483    
    161568   39.949337    
    161856   39.825191    
    162144   39.701046    
    162432   39.576900    
    162720   39.452755    
    163008   39.329212    
    163296   39.206165    
    163584   39.083118    
    163872   38.960072    
    164160   38.837666    
    164448   38.715717    
    164736   38.593769    
    165024   38.472309    
    165312   38.351460    
    165600   38.230610    
    165888   38.110584    
    166176   37.990833    
    166464   37.871460    
    166752   37.752808    
    167040   37.634308    
    167328   37.516754    
    167616   37.399300    
    167904   37.282845    
    168192   37.166565    
    168480   37.051208    
    168768   36.936214    
    169056   36.821957    
    169344   36.708332    
    169632   36.595173    
    169920   36.482994    
    170208   36.371227    
    170496   36.260265    
    170784   36.150059    
    171072   36.040367    
    171360   35.931602    
    171648   35.823563    
    171936   35.716110    
    172224   35.609543    
    172512   35.503811    
    172800   35.398727    
    173088   35.294357    
    173376   35.191044    
    173664   35.088428    
    173952   34.986526    
    174240   34.885452    
    174528   34.785381    
    174816   34.686058    
    175104   34.587498    
    175392   34.489719    
    175680   34.393032    
    175968   34.297127    
    176256   34.202015    
    176544   34.107700    
    176832   34.014317    
    177120   33.921909    
    177408   33.830315    
    177696   33.739536    
    177984   33.649574    
    178272   33.560585    
    178560   33.472542    
    178848   33.385323    
    179136   33.298923    
    179424   33.213348    
    179712   33.128754    
    180000   33.045097    
    180288   32.962257    
    180576   32.880230    
    180864   32.799011    
    181152   32.718811    
    181440   32.639496    
    181728   32.560978    
    182016   32.483253    
    182304   32.406349    
    182592   32.330505    
    182880   32.255436    
    183168   32.181133    
    183456   32.107582    
    183744   32.035072    
    184032   31.963299    
    184320   31.892321    
    184608   31.822220    
    184896   31.752861    
    185184   31.684385    
    185472   31.616631    
    185760   31.549744    
    186048   31.483591    
    186336   31.418238    
    186624   31.353664    
    186912   31.289803    
    187200   31.226786    
    187488   31.164467    
    187776   31.102880    
    188064   31.042084    
    188352   30.981972    
    188640   30.922564    
    188928   30.863935    
    189216   30.805977    
    189504   30.748684    
    189792   30.692114    
    190080   30.636248    
    190368   30.581032    
    190656   30.526461    
    190944   30.472530    
    191232   30.419306    
    191520   30.366716    
    191808   30.314747    
    192096   30.263391    
    192384   30.212645    
    192672   30.162500    
    192960   30.112953    
    193248   30.063995    
    193536   30.015619    
    193824   29.967827    
    194112   29.920605    
    194400   29.873936    
    194688   29.827810    
    194976   29.782219    
    195264   29.737175    
    195552   29.692659    
    195840   29.648659    
    196128   29.605164    
    196416   29.562164    
    196704   29.519650    
    196992   29.477606    
    197280   29.436022    
    197568   29.394884    
    197856   29.354235    
    198144   29.314079    
    198432   29.274343    
    198720   29.235010    
    199008   29.196064    
    199296   29.157612    
    199584   29.119583    
    199872   29.081905    
    200160   29.044559    
    200448   29.007755    
    200736   28.971268    
    201024   28.935066    
    201312   28.899361    
    201600   28.863970    
    201888   28.828815    
    202176   28.794209    
    202464   28.759809    
    202752   28.725752    
    203040   28.692078    
    203328   28.658569    
    203616   28.625584    
    203904   28.592701    
    204192   28.560291    
    204480   28.528017    
    204768   28.496157    
    205056   28.464445    
    205344   28.433134    
    205632   28.401932    
    205920   28.371170    
    206208   28.340416    
    206496   28.310204    
    206784   28.279991    
    207072   28.250168    
    207360   28.220505    
    207648   28.190981    
    207936   28.161867    
    208224   28.132753    
    208512   28.103983    
    208800   28.075418    
    209088   28.046854    
    209376   28.018721    
    209664   27.990705    
    209952   27.962690    
    210240   27.935055    
    210528   27.907589    
    210816   27.880123    
    211104   27.852795    
    211392   27.825878    
    211680   27.798962    
    211968   27.772045    
    212256   27.745319    
    212544   27.718952    
    212832   27.692585    
    213120   27.666218    
    213408   27.639851    
    213696   27.613894    
    213984   27.588076    
    214272   27.562258    
    214560   27.536440    
    214848   27.510622    
    215136   27.484804    
    215424   27.459497    
    215712   27.434229    
    216000   27.408960    
    216288   27.383692    
    216576   27.358423    
    216864   27.333155    
    217152   27.307886    
    217440   27.282618    
    217728   27.257349    
    218016   27.232538    
    218304   27.207819    
    218592   27.183100    
    218880   27.158381    
    219168   27.133661    
    219456   27.108942    
    219744   27.084223    
    220032   27.059504    
    220320   27.034784    
    220608   27.010065    
    220896   26.985346    
    221184   26.960627    
    221472   26.935907    
    221760   26.911188    
    222048   26.886469    
    222336   26.861750    
    222624   26.837030    
    222912   26.812311    
    223200   26.787592    
    223488   26.762365    
    223776   26.737097    
    224064   26.711828    
    224352   26.686560    
    224640   26.661291    
    224928   26.636023    
    225216   26.610754    
    225504   26.585485    
    225792   26.560217    
    226080   26.534672    
    226368   26.508854    
    226656   26.483036    
    226944   26.457218    
    227232   26.431400    
    227520   26.405582    
    227808   26.379551    
    228096   26.353184    
    228384   26.326817    
    228672   26.300449    
    228960   26.274082    
    229248   26.247446    
    229536   26.220530    
    229824   26.193613    
    230112   26.166697    
    230400   26.139626    
    230688   26.112160    
    230976   26.084694    
    231264   26.057228    
    231552   26.029470    
    231840   26.001455    
    232128   25.973440    
    232416   25.945362    
    232704   25.916798    
    232992   25.888233    
    233280   25.859669    
    233568   25.830578    
    233856   25.801464    
    234144   25.772348    
    234432   25.742685    
    234720   25.713022    
    235008   25.683239    
    235296   25.653027    
    235584   25.622814    
    235872   25.592287    
    236160   25.561525    
    236448   25.530739    
    236736   25.499428    
    237024   25.468117    
    237312   25.436464    
    237600   25.404604    
    237888   25.372585    
    238176   25.340176    
    238464   25.307749    
    238752   25.274790    
    239040   25.241831    
    239328   25.208408    
    239616   25.174900    
    239904   25.140999    
    240192   25.106941    
    240480   25.072529    
    240768   25.037922    
    241056   25.002974    
    241344   24.967817    
    241632   24.932310    
    241920   24.896605    
    242208   24.860518    
    242496   24.824263    
    242784   24.787575    
    243072   24.750771    
    243360   24.713467    
    243648   24.676081    
    243936   24.638178    
    244224   24.600149    
    244512   24.561697    
    244800   24.523012    
    245088   24.484011    
    245376   24.444660    
    245664   24.405109    
    245952   24.365086    
    246240   24.324932    
    246528   24.284283    
    246816   24.243443    
    247104   24.202244    
    247392   24.160715    
    247680   24.118967    
    247968   24.076746    
    248256   24.034382    
    248544   23.991535    
    248832   23.948477    
    249120   23.905081    
    249408   23.861332    
    249696   23.817387    
    249984   23.772951    
    250272   23.728384    
    250560   23.683340    
    250848   23.638098    
    251136   23.592505    
    251424   23.546597    
    251712   23.500454    
    252000   23.453892    
    252288   23.407200    
    252576   23.359999    
    252864   23.312723    
    253152   23.264933    
    253440   23.217054    
    253728   23.168715    
    254016   23.120260    
    254304   23.071371    
    254592   23.022367    
    254880   22.972929    
    255168   22.923414    
    255456   22.873426    
    255744   22.823439    
    256032   22.772907    
    256320   22.722370    
    256608   22.671425    
    256896   22.620338    
    257184   22.569048    
    257472   22.517412    
    257760   22.465776    
    258048   22.413679    
    258336   22.361494    
    258624   22.309261    
    258912   22.256527    
    259200   22.203793    
    259488   22.151043    
    259776   22.097759    
    260064   22.044476    
    260352   21.991192    
    260640   21.937647    
    260928   21.883814    
    261216   21.829981    
    261504   21.776148    
    261792   21.722315    
    262080   21.667940    
    262368   21.613558    
    262656   21.559175    
    262944   21.504793    
    263232   21.450411    
    263520   21.396029    
    263808   21.341646    
    264096   21.287264    
    264384   21.232391    
    264672   21.177460    
    264960   21.122528    
    265248   21.067596    
    265536   21.012665    
    265824   20.957733    
    266112   20.903017    
    266400   20.848635    
    266688   20.794252    
    266976   20.739870    
    267264   20.685488    
    267552   20.631105    
    267840   20.576723    
    268128   20.522341    
    268416   20.468113    
    268704   20.414280    
    268992   20.360447    
    269280   20.306614    
    269568   20.252781    
    269856   20.199442    
    270144   20.146158    
    270432   20.092875    
    270720   20.039848    
    271008   19.987114    
    271296   19.934380    
    271584   19.881939    
    271872   19.829754    
    272160   19.777569    
    272448   19.725887    
    272736   19.674252    
    273024   19.622902    
    273312   19.571815    
    273600   19.520887    
    273888   19.470350    
    274176   19.419916    
    274464   19.369928    
    274752   19.320045    
    275040   19.270607    
    275328   19.221323    
    275616   19.172434    
    275904   19.123787    
    276192   19.075447    
    276480   19.027470    
    276768   18.979679    
    277056   18.932402    
    277344   18.885298    
    277632   18.838606    
    277920   18.792244    
    278208   18.746101    
    278496   18.700502    
    278784   18.655132    
    279072   18.610088    
    279360   18.565510    
    279648   18.521185    
    279936   18.477240    
    280224   18.433729    
    280512   18.390493    
    280800   18.347647    
    281088   18.305241    
    281376   18.263124    
    281664   18.221376    
    281952   18.180103    
    282240   18.139128    
    282528   18.098478    
    282816   18.058355    
    283104   18.018538    
    283392   17.979027    
    283680   17.940025    
    283968   17.901373    
    284256   17.863029    
    284544   17.825127    
    284832   17.787642    
    285120   17.750465    
    285408   17.713661    
    285696   17.677340    
    285984   17.641323    
    286272   17.605618    
    286560   17.570454    
    286848   17.535587    
    287136   17.501015    
    287424   17.466957    
    287712   17.433224    
    288000   17.399775    
    288288   17.366816    
    288576   17.334194    
    288864   17.301846    
    289152   17.269985    
    289440   17.238449    
    289728   17.207169    
    290016   17.176407    
    290304   17.145922    
    290592   17.115709    
    290880   17.086010    
    291168   17.056538    
    291456   17.027424    
    291744   16.998714    
    292032   16.970207    
    292320   16.942192    
    292608   16.914421    
    292896   16.886955    
    293184   16.859907    
    293472   16.833017    
    293760   16.806650    
    294048   16.780449    
    294336   16.754631    
    294624   16.729101    
    294912   16.703833    
    295200   16.678953    
    295488   16.654234    
    295776   16.629984    
    296064   16.605814    
    296352   16.582169    
    296640   16.558554    
    296928   16.535482    
    297216   16.512419    
    297504   16.489897    
    297792   16.467375    
    298080   16.445383    
    298368   16.423410    
    298656   16.401907    
    298944   16.380484    
    299232   16.359432    
    299520   16.338558    
    299808   16.317921    
    300096   16.297596    
    300384   16.277327    
    300672   16.257551    
    300960   16.237776    
    301248   16.218376    
    301536   16.199150    
    301824   16.180016    
    302112   16.161339    
    302400   16.142662    
    302688   16.124283    
    302976   16.106155    
    303264   16.088028    
    303552   16.070335    
    303840   16.052757    
    304128   16.035179    
    304416   16.018095    
    304704   16.001066    
    304992   15.984208    
    305280   15.967468    
    305568   15.950989    
    305856   15.934628    
    306144   15.918423    
    306432   15.902426    
    306720   15.886502    
    307008   15.870847    
    307296   15.855254    
    307584   15.839873    
    307872   15.824593    
    308160   15.809486    
    308448   15.794497    
    308736   15.779665    
    309024   15.764942    
    309312   15.750385    
    309600   15.735903    
    309888   15.721621    
    310176   15.707350    
    310464   15.693342    
    310752   15.679335    
    311040   15.665516    
    311328   15.651783    
    311616   15.638102    
    311904   15.624643    
    312192   15.611185    
    312480   15.597869    
    312768   15.584685    
    313056   15.571502    
    313344   15.558496    
    313632   15.545588    
    313920   15.532679    
    314208   15.519915    
    314496   15.507280    
    314784   15.494646    
    315072   15.482039    
