       288   3.6700916    
       576   3.7187438    
       864   3.5771644    
      1152   3.3899159    
      1440   3.1976492    
      1728   3.0116889    
      2016   2.8357718    
      2304   2.6707089    
      2592   2.5157745    
      2880   2.3702953    
      3168   2.2336471    
      3456   2.1052530    
      3744   1.9845796    
      4032   1.8711296    
      4320   1.7644417    
      4608   1.6640854    
      4896   1.5696607    
      5184   1.4807955    
      5472   1.3971429    
      5760   1.3183750    
      6048   1.2441871    
      6336   1.1742951    
      6624   1.1084319    
      6912   1.0463501    
      7200  0.98781824    
      7488  0.93261915    
      7776  0.88055038    
      8064  0.83142328    
      8352  0.78506130    
      8640  0.74129993    
      8928  0.69998491    
      9216  0.66097182    
      9504  0.62412632    
      9792  0.58932191    
     10080  0.55644035    
     10368  0.52537113    
     10656  0.49601036    
     10944  0.46826065    
     11232  0.44203070    
     11520  0.41723481    
     11808  0.39379260    
     12096  0.37162852    
     12384  0.35067141    
     12672  0.33085454    
     12960  0.31211489    
     13248  0.29439363    
     13536  0.27763489    
     13824  0.26178640    
     14112  0.24679860    
     14400  0.23262514    
     14688  0.21922214    
     14976  0.20654811    
     15264  0.19456409    
     15552  0.18323319    
     15840  0.17252064    
     16128  0.16239356    
     16416  0.15282090    
     16704  0.14377330    
     16992  0.13522305    
     17280  0.12714384    
     17568  0.11951092    
     17856  0.11230082    
     18144  0.10549122    
     18432  0.99061109E-01
     18720  0.92990562E-01
     19008  0.87260678E-01
     19296  0.81853494E-01
     19584  0.76752134E-01
     19872  0.71940437E-01
     20160  0.67403167E-01
     20448  0.63125871E-01
     20736  0.59094843E-01
     21024  0.55297028E-01
     21312  0.51720075E-01
     21600  0.48352264E-01
     21888  0.45182426E-01
     22176  0.42200014E-01
     22464  0.39394982E-01
     22752  0.36757793E-01
     23040  0.34279406E-01
     23328  0.31951193E-01
     23616  0.29765010E-01
     23904  0.27713083E-01
     24192  0.25788054E-01
     24480  0.23982914E-01
     24768  0.22291029E-01
     25056  0.20706074E-01
     25344  0.19222051E-01
     25632  0.17833263E-01
     25920  0.16534302E-01
     26208  0.15320038E-01
     26496  0.14185607E-01
     26784  0.13126355E-01
     27072  0.12137901E-01
     27360  0.11216084E-01
     27648  0.10356949E-01
     27936  0.95567489E-02
     28224  0.88119321E-02
     28512  0.81191342E-02
     28800  0.74751591E-02
     29088  0.68769874E-02
     29376  0.63217590E-02
     29664  0.58067585E-02
     29952  0.53294511E-02
     30240  0.48874021E-02
     30528  0.44783242E-02
     30816  0.41000554E-02
     31104  0.37505566E-02
     31392  0.34279025E-02
     31680  0.31302811E-02
     31968  0.28559819E-02
     32256  0.26033958E-02
     32544  0.23710092E-02
     32832  0.21573897E-02
     33120  0.19612026E-02
     33408  0.17811897E-02
     33696  0.16161713E-02
     33984  0.14650406E-02
     34272  0.13267603E-02
     34560  0.12003606E-02
     34848  0.10849339E-02
     35136  0.97963377E-03
     35424  0.88366552E-03
     35712  0.79629157E-03
     36000  0.71682496E-03
     36288  0.64462470E-03
     36576  0.57909539E-03
     36864  0.51968399E-03
     37152  0.46587706E-03
     37440  0.41719832E-03
     37728  0.37320776E-03
     38016  0.33349742E-03
     38304  0.29769048E-03
     38592  0.26543971E-03
     38880  0.23642454E-03
     39168  0.21035020E-03
     39456  0.18694552E-03
     39744  0.16596128E-03
     40032  0.14716898E-03
     40320  0.13035932E-03
     40608  0.11534076E-03
     40896  0.10193824E-03
     41184  0.89992122E-04
     41472  0.79356607E-04
     41760  0.69899455E-04
     42048  0.61500090E-04
     42336  0.54049102E-04
     42624  0.47447393E-04
     42912  0.41605195E-04
     43200  0.36441372E-04
     43488  0.31882653E-04
     43776  0.27863023E-04
     44064  0.24322995E-04
     44352  0.21209122E-04
     44640  0.18473402E-04
     44928  0.16072807E-04
     45216  0.13968797E-04
     45504  0.12126951E-04
     45792  0.10516525E-04
     46080  0.91101201E-05
     46368  0.78833446E-05
     46656  0.68145218E-05
     46944  0.58843998E-05
     47232  0.50759245E-05
     47520  0.43740015E-05
     47808  0.37652894E-05
     48096  0.32380133E-05
     48384  0.27817914E-05
     48672  0.23874893E-05
     48960  0.20470864E-05
     49248  0.17535335E-05
     49536  0.15006584E-05
     49824  0.12830571E-05
     50112  0.10960089E-05
     50400  0.93539023E-06
     50688  0.79760798E-06
     50976  0.67953505E-06
     51264  0.57845403E-06
     51552  0.49200310E-06
     51840  0.41813635E-06
     52128  0.35508131E-06
     52416  0.30130505E-06
     52704  0.25548343E-06
     52992  0.21647466E-06
     53280  0.18329418E-06
     53568  0.15509507E-06
     53856  0.13114892E-06
     54144  0.11083066E-06
     54432  0.93603845E-07
     54720  0.79009105E-07
     55008  0.66653264E-07
     55296  0.56200061E-07
     55584  0.47362672E-07
     55872  0.39896140E-07
     56160  0.33591707E-07
     56448  0.28271677E-07
     56736  0.23784976E-07
     57024  0.20003068E-07
     57312  0.16816907E-07
     57600  0.14133932E-07
     57888  0.11875732E-07
     58176  0.99758690E-08
     58464  0.83781346E-08
     58752  0.70349770E-08
     59040  0.59062160E-08
     59328  0.49579345E-08
     59616  0.41614996E-08
     59904  0.34927641E-08
     60192  0.29313825E-08
     60480  0.24602136E-08
     60768  0.20648232E-08
     61056  0.17330704E-08
     61344  0.14547403E-08
     61632  0.12212485E-08
     61920  0.10253792E-08
     62208  0.86107410E-09
     62496  0.72324319E-09
     62784  0.60761646E-09
     63072  0.51060889E-09
     63360  0.42921375E-09
     63648  0.36090916E-09
     63936  0.30358066E-09
     64224  0.25545466E-09
     64512  0.21504515E-09
     64800  0.18110648E-09
     65088  0.15259438E-09
     65376  0.12863373E-09
     65664  0.10849115E-09
     65952  0.91552321E-10
     66240  0.77301957E-10
     66528  0.65308439E-10
     66816  0.55209746E-10
     67104  0.46702711E-10
     67392  0.39532815E-10
     67680  0.33486759E-10
     67968  0.28385606E-10
     68256  0.24079277E-10
     68544  0.20441742E-10
     68832  0.17367243E-10
     69120  0.14766978E-10
     69408  0.12566340E-10
     69696  0.10702648E-10
     69984  0.91231944E-11
     70272  0.77836669E-11
     70560  0.66467777E-11
     70848  0.56811331E-11
     71136  0.48603010E-11
     71424  0.41619993E-11
     71712  0.35674616E-11
     72000  0.30608415E-11
     72288  0.26287726E-11
     72576  0.22599628E-11
     72864  0.19448774E-11
     73152  0.16754458E-11
     73440  0.14448452E-11
     73728  0.12472961E-11
     74016  0.10779019E-11
     74304  0.93251318E-12
     74592  0.80760870E-12
     74880  0.70019787E-12
     75168  0.60774004E-12
     75456  0.52807438E-12
     75744  0.45936226E-12
     76032  0.40003778E-12
     76320  0.34876672E-12
     76608  0.30440993E-12
     76896  0.26599583E-12
     77184  0.23269383E-12
     77472  0.20379309E-12
     77760  0.17868576E-12
     78048  0.15685101E-12
     78336  0.13784208E-12
     78624  0.12127571E-12
     78912  0.10682277E-12
     79200  0.94200208E-13
     79488  0.83164324E-13
     79776  0.73505438E-13
     80064  0.65042623E-13
     80352  0.57619789E-13
     80640  0.51102199E-13
     80928  0.45373268E-13
     81216  0.40332209E-13
     81504  0.35891595E-13
     81792  0.31975812E-13
     82080  0.28519139E-13
     82368  0.25464455E-13
     82656  0.22762149E-13
     82944  0.20369045E-13
     83232  0.18247511E-13
     83520  0.16364753E-13
     83808  0.14692142E-13
     84096  0.13204667E-13
     84384  0.11880454E-13
     84672  0.10700371E-13
     84960  0.96476341E-14
     85248  0.87075487E-14
     85536  0.78671954E-14
     85824  0.71152343E-14
     86112  0.64416940E-14
     86400  0.58377841E-14
     86688  0.52957677E-14
     86976  0.48088208E-14
     87264  0.43709238E-14
     87552  0.39767481E-14
     87840  0.36215859E-14
     88128  0.33012675E-14
     88416  0.30120977E-14
     88704  0.27508022E-14
     88992  0.25144721E-14
     89280  0.23005237E-14
     89568  0.21066595E-14
     89856  0.19308360E-14
     90144  0.17712254E-14
     90432  0.16262047E-14
     90720  0.14943238E-14
     91008  0.13742862E-14
     91296  0.12649337E-14
     91584  0.11652305E-14
     91872  0.10742446E-14
     92160  0.99114576E-15
     92448  0.91518670E-15
     92736  0.84569633E-15
     93024  0.78207193E-15
     93312  0.72377128E-15
     93600  0.67030593E-15
     93888  0.62123625E-15
     94176  0.57616642E-15
     94464  0.53473762E-15
     94752  0.49662685E-15
     95040  0.46154195E-15
     95328  0.42921896E-15
     95616  0.39941828E-15
     95904  0.37192349E-15
     96192  0.34653738E-15
     96480  0.32308195E-15
     96768  0.30139537E-15
     97056  0.28133021E-15
     97344  0.26275280E-15
     97632  0.24554117E-15
     97920  0.22958434E-15
     98208  0.21478124E-15
     98496  0.20103955E-15
     98784  0.18827510E-15
     99072  0.17641105E-15
     99360  0.16537699E-15
     99648  0.15510863E-15
     99936  0.14554723E-15
    100224  0.13663874E-15
    100512  0.12833376E-15
    100800  0.12058709E-15
    101088  0.11335702E-15
    101376  0.10660539E-15
    101664  0.10029710E-15
    101952  0.94399870E-16
    102240  0.88883998E-16
    102528  0.83722179E-16
    102816  0.78889208E-16
    103104  0.74361850E-16
    103392  0.70118724E-16
    103680  0.66140018E-16
    103968  0.62407508E-16
    104256  0.58904306E-16
    104544  0.55614807E-16
    104832  0.52524745E-16
    105120  0.49620633E-16
    105408  0.46890060E-16
    105696  0.44321575E-16
    105984  0.41904569E-16
    106272  0.39629171E-16
    106560  0.37486224E-16
    106848  0.35467235E-16
    107136  0.33564316E-16
    107424  0.31770121E-16
    107712  0.30077816E-16
    108000  0.28481059E-16
    108288  0.26973923E-16
    108576  0.25550896E-16
    108864  0.24206847E-16
    109152  0.22936981E-16
    109440  0.21736801E-16
    109728  0.20602189E-16
    110016  0.19529228E-16
    110304  0.18514267E-16
    110592  0.17553907E-16
    110880  0.16644968E-16
    111168  0.15784476E-16
    111456  0.14969635E-16
    111744  0.14197832E-16
    112032  0.13466630E-16
    112320  0.12773735E-16
    112608  0.12117003E-16
    112896  0.11494403E-16
    113184  0.10904056E-16
    113472  0.10344181E-16
    113760  0.98131083E-17
    114048  0.93092709E-17
    114336  0.88311912E-17
    114624  0.83774834E-17
    114912  0.79468449E-17
    115200  0.75380448E-17
    115488  0.71499284E-17
    115776  0.67814045E-17
    116064  0.64314467E-17
    116352  0.60990884E-17
    116640  0.57834148E-17
    116928  0.54835668E-17
    117216  0.51987309E-17
    117504  0.49281369E-17
    117792  0.46710649E-17
    118080  0.44268250E-17
    118368  0.41947727E-17
    118656  0.39742968E-17
    118944  0.37648133E-17
    119232  0.35657767E-17
    119520  0.33766669E-17
    119808  0.31969931E-17
    120096  0.30262889E-17
    120384  0.28641162E-17
    120672  0.27100550E-17
    120960  0.25637086E-17
    121248  0.24247017E-17
    121536  0.22926771E-17
    121824  0.21672951E-17
    122112  0.20482355E-17
    122400  0.19351932E-17
    122688  0.18278770E-17
    122976  0.17260108E-17
    123264  0.16293328E-17
    123552  0.15375938E-17
    123840  0.14505561E-17
    124128  0.13679945E-17
    124416  0.12896942E-17
    124704  0.12154510E-17
    124992  0.11450704E-17
    125280  0.10783665E-17
    125568  0.10151631E-17
    125856  0.95529155E-18
    126144  0.89859184E-18
    126432  0.84491102E-18
    126720  0.79410290E-18
    127008  0.74602882E-18
    127296  0.70055611E-18
    127584  0.65755813E-18
    127872  0.61691420E-18
    128160  0.57850970E-18
    128448  0.54223364E-18
    128736  0.50798164E-18
    129024  0.47565346E-18
    129312  0.44515361E-18
    129600  0.41639062E-18
    129888  0.38927761E-18
    130176  0.36373112E-18
    130464  0.33967190E-18
    130752  0.31702392E-18
    131040  0.29571487E-18
    131328  0.27567562E-18
    131616  0.25684017E-18
    131904  0.23914554E-18
    132192  0.22253139E-18
    132480  0.20694071E-18
    132768  0.19231864E-18
    133056  0.17861294E-18
    133344  0.16577384E-18
    133632  0.15375381E-18
    133920  0.14250761E-18
    134208  0.13199206E-18
    134496  0.12216602E-18
    134784  0.11299045E-18
    135072  0.10442799E-18
    135360  0.96443159E-19
    135648  0.89002353E-19
    135936  0.82073216E-19
    136224  0.75625369E-19
    136512  0.69629796E-19
    136800  0.64058986E-19
    137088  0.58886839E-19
    137376  0.54088552E-19
    137664  0.49640579E-19
    137952  0.45520696E-19
    138240  0.41707807E-19
    138528  0.38181975E-19
    138816  0.34924325E-19
    139104  0.31916993E-19
    139392  0.29143159E-19
    139680  0.26586932E-19
    139968  0.24233345E-19
    140256  0.22068261E-19
    140544  0.20078420E-19
    140832  0.18251306E-19
    141120  0.16575176E-19
    141408  0.15039021E-19
    141696  0.13632447E-19
    141984  0.12345786E-19
    142272  0.11169953E-19
    142560  0.10096464E-19
    142848  0.91173737E-20
    143136  0.82252716E-20
    143424  0.74132468E-20
    143712  0.66748608E-20
    144000  0.60041301E-20
    144288  0.53954750E-20
    144576  0.48437249E-20
    144864  0.43440824E-20
    145152  0.38920984E-20
    145440  0.34836586E-20
    145728  0.31149596E-20
    146016  0.27824914E-20
    146304  0.24830112E-20
    146592  0.22135359E-20
    146880  0.19713204E-20
    147168  0.17538438E-20
    147456  0.15587909E-20
    147744  0.13840382E-20
    148032  0.12276429E-20
    148320  0.10878294E-20
    148608  0.96297556E-21
    148896  0.85160122E-21
    149184  0.75236050E-21
    149472  0.66402666E-21
    149760  0.58548686E-21
    150048  0.51572995E-21
    150336  0.45384185E-21
    150624  0.39899338E-21
    150912  0.35043607E-21
    151200  0.30749432E-21
    151488  0.26955879E-21
    151776  0.23608163E-21
    152064  0.20656959E-21
    152352  0.18058035E-21
    152640  0.15771714E-21
    152928  0.13762469E-21
    153216  0.11998520E-21
    153504  0.10451483E-21
    153792  0.90960358E-22
    154080  0.79096338E-22
    154368  0.68722022E-22
    154656  0.59659184E-22
    154944  0.51749452E-22
    155232  0.44852842E-22
    155520  0.38845029E-22
    155808  0.33616310E-22
    156096  0.29069688E-22
    156384  0.25119710E-22
    156672  0.21691012E-22
    156960  0.18717356E-22
    157248  0.16140493E-22
    157536  0.13909295E-22
    157824  0.11978934E-22
    158112  0.10310148E-22
    158400  0.88685865E-23
    158688  0.76242286E-23
    158976  0.65508690E-23
    159264  0.56256582E-23
    159552  0.48286854E-23
    159840  0.41426210E-23
    160128  0.35524111E-23
    160416  0.30449680E-23
    160704  0.26089448E-23
    160992  0.22344972E-23
    161280  0.19131019E-23
    161568  0.16373872E-23
    161856  0.14009744E-23
    162144  0.11983564E-23
    162432  0.10247786E-23
    162720  0.87613939E-24
    163008  0.74890599E-24
    163296  0.64003559E-24
    163584  0.54690918E-24
    163872  0.46727431E-24
    164160  0.39919604E-24
    164448  0.34101202E-24
    164736  0.29129576E-24
    165024  0.24882352E-24
    165312  0.21254585E-24
    165600  0.18156447E-24
    165888  0.15510921E-24
    166176  0.13252088E-24
    166464  0.11323558E-24
    166752  0.96770935E-25
    167040  0.82714605E-25
    167328  0.70714151E-25
    167616  0.60468506E-25
    167904  0.51720414E-25
    168192  0.44250268E-25
    168480  0.37870642E-25
    168768  0.32421502E-25
    169056  0.27766320E-25
    169344  0.23788640E-25
    169632  0.20389093E-25
    169920  0.17482899E-25
    170208  0.14997782E-25
    170496  0.12872100E-25
    170784  0.11053262E-25
    171072  0.94964339E-26
    171360  0.81633692E-26
    171648  0.70214491E-26
    171936  0.60428583E-26
    172224  0.52038631E-26
    172512  0.44842089E-26
    172800  0.38666218E-26
    173088  0.33363505E-26
    173376  0.28808112E-26
    173664  0.24892537E-26
    173952  0.21525000E-26
    174240  0.18627065E-26
    174528  0.16131719E-26
    174816  0.13981679E-26
    175104  0.12127954E-26
    175392  0.10528643E-26
    175680  0.91478774E-27
    175968  0.79549650E-27
    176256  0.69235954E-27
    176544  0.60312441E-27
    176832  0.52585986E-27
    177120  0.45890852E-27
    177408  0.40084898E-27
    177696  0.35045988E-27
    177984  0.30669291E-27
    178272  0.26864693E-27
    178560  0.23554650E-27
    178848  0.20672407E-27
    179136  0.18160609E-27
    179424  0.15969739E-27
    179712  0.14057109E-27
    180000  0.12385914E-27
    180288  0.10924362E-27
    180576  0.96450361E-28
    180864  0.85241882E-28
    181152  0.75412862E-28
    181440  0.66785641E-28
    181728  0.59206132E-28
    182016  0.52541048E-28
    182304  0.46674521E-28
    182592  0.41505984E-28
    182880  0.36948141E-28
    183168  0.32924988E-28
    183456  0.29370374E-28
    183744  0.26226787E-28
    184032  0.23444002E-28
    184320  0.20978249E-28
    184608  0.18791306E-28
    184896  0.16849775E-28
    185184  0.15124456E-28
    185472  0.13589791E-28
    185760  0.12223397E-28
    186048  0.11005654E-28
    186336  0.99193307E-29
    186624  0.89493308E-29
    186912  0.80823629E-29
    187200  0.73067337E-29
    187488  0.66121606E-29
    187776  0.59895778E-29
    188064  0.54309855E-29
    188352  0.49293428E-29
    188640  0.44784153E-29
    188928  0.40726900E-29
    189216  0.37072985E-29
    189504  0.33779213E-29
    189792  0.30807266E-29
    190080  0.28123343E-29
    190368  0.25697253E-29
    190656  0.23502217E-29
    190944  0.21514420E-29
    191232  0.19712674E-29
    191520  0.18078057E-29
    191808  0.16593816E-29
    192096  0.15244892E-29
    192384  0.14017868E-29
    192672  0.12900758E-29
    192960  0.11882828E-29
    193248  0.10954479E-29
    193536  0.10107101E-29
    193824  0.93329775E-30
    194112  0.86251813E-30
    194400  0.79774962E-30
    194688  0.73843229E-30
    194976  0.68406276E-30
    195264  0.63418837E-30
    195552  0.58839939E-30
    195840  0.54632962E-30
    196128  0.50764575E-30
    196416  0.47204708E-30
    196704  0.43926273E-30
    196992  0.40904693E-30
    197280  0.38117706E-30
    197568  0.35545198E-30
    197856  0.33168865E-30
    198144  0.30972184E-30
    198432  0.28940083E-30
    198720  0.27058871E-30
    199008  0.25316126E-30
    199296  0.23700505E-30
    199584  0.22201689E-30
    199872  0.20810289E-30
    200160  0.19517707E-30
    200448  0.18316159E-30
    200736  0.17198474E-30
    201024  0.16158118E-30
    201312  0.15189116E-30
    201600  0.14285987E-30
    201888  0.13443736E-30
    202176  0.12657761E-30
    202464  0.11923860E-30
    202752  0.11238153E-30
    203040  0.10597103E-30
    203328  0.99974396E-31
    203616  0.94361645E-31
    203904  0.89105187E-31
    204192  0.84179607E-31
    204480  0.79561495E-31
    204768  0.75229276E-31
    205056  0.71162994E-31
    205344  0.67344359E-31
    205632  0.63756275E-31
    205920  0.60383129E-31
    206208  0.57210399E-31
    206496  0.54224661E-31
    206784  0.51413507E-31
    207072  0.48765413E-31
    207360  0.46269703E-31
    207648  0.43916501E-31
    207936  0.41696636E-31
    208224  0.39601573E-31
    208512  0.37623413E-31
    208800  0.35754782E-31
    209088  0.33988867E-31
    209376  0.32319277E-31
    209664  0.30740088E-31
    209952  0.29245850E-31
    210240  0.27831366E-31
    210528  0.26491822E-31
    210816  0.25222756E-31
    211104  0.24019988E-31
    211392  0.22879608E-31
    211680  0.21798004E-31
    211968  0.20771754E-31
    212256  0.19797680E-31
    212544  0.18872813E-31
    212832  0.17994356E-31
    213120  0.17159705E-31
    213408  0.16366415E-31
    213696  0.15612190E-31
    213984  0.14894886E-31
    214272  0.14212482E-31
    214560  0.13563089E-31
    214848  0.12944935E-31
    215136  0.12356343E-31
    215424  0.11795744E-31
    215712  0.11261665E-31
    216000  0.10752720E-31
    216288  0.10267602E-31
    216576  0.98050834E-32
    216864  0.93640005E-32
    217152  0.89432646E-32
    217440  0.85418539E-32
    217728  0.81587933E-32
    218016  0.77931690E-32
    218304  0.74441170E-32
    218592  0.71108239E-32
    218880  0.67925148E-32
    219168  0.64884680E-32
    219456  0.61979923E-32
    219744  0.59204368E-32
    220032  0.56551865E-32
    220320  0.54016621E-32
    220608  0.51593105E-32
    220896  0.49276073E-32
    221184  0.47060600E-32
    221472  0.44942018E-32
    221760  0.42915862E-32
    222048  0.40977913E-32
    222336  0.39124177E-32
    222624  0.37350852E-32
    222912  0.35654349E-32
    223200  0.34031204E-32
    223488  0.32478171E-32
    223776  0.30992177E-32
    224064  0.29570269E-32
    224352  0.28209653E-32
    224640  0.26907664E-32
    224928  0.25661767E-32
    225216  0.24469548E-32
    225504  0.23328697E-32
    225792  0.22237040E-32
    226080  0.21192477E-32
    226368  0.20193011E-32
    226656  0.19236750E-32
    226944  0.18321874E-32
    227232  0.17446641E-32
    227520  0.16609414E-32
    227808  0.15808614E-32
    228096  0.15042727E-32
    228384  0.14310308E-32
    228672  0.13609973E-32
    228960  0.12940408E-32
    229248  0.12300343E-32
    229536  0.11688569E-32
    229824  0.11103930E-32
    230112  0.10545322E-32
    230400  0.10011670E-32
    230688  0.95019607E-33
    230976  0.90152170E-33
    231264  0.85505018E-33
    231552  0.81069143E-33
    231840  0.76835968E-33
    232128  0.72797116E-33
    232416  0.68944805E-33
    232704  0.65271312E-33
    232992  0.61769289E-33
    233280  0.58431703E-33
    233568  0.55251789E-33
    233856  0.52223040E-33
    234144  0.49339181E-33
    234432  0.46594208E-33
    234720  0.43982320E-33
    235008  0.41497949E-33
    235296  0.39135738E-33
    235584  0.36890525E-33
    235872  0.34757352E-33
    236160  0.32731436E-33
    236448  0.30808185E-33
    236736  0.28983182E-33
    237024  0.27252144E-33
    237312  0.25610973E-33
    237600  0.24055730E-33
    237888  0.22582599E-33
    238176  0.21187934E-33
    238464  0.19868199E-33
    238752  0.18620005E-33
    239040  0.17440085E-33
    239328  0.16325292E-33
    239616  0.15272607E-33
    239904  0.14279120E-33
    240192  0.13342033E-33
    240480  0.12458651E-33
    240768  0.11626389E-33
    241056  0.10842759E-33
    241344  0.10105366E-33
    241632  0.94119141E-34
    241920  0.87601995E-34
    242208  0.81481061E-34
    242496  0.75736039E-34
    242784  0.70347408E-34
    243072  0.65296524E-34
    243360  0.60565418E-34
    243648  0.56136990E-34
    243936  0.51994801E-34
    244224  0.48123163E-34
    244512  0.44507014E-34
    244800  0.41131896E-34
    245088  0.37984318E-34
    245376  0.35051066E-34
    245664  0.32319658E-34
    245952  0.29778162E-34
    246240  0.27415260E-34
    246528  0.25220154E-34
    246816  0.23182552E-34
    247104  0.21292700E-34
    247392  0.19541328E-34
    247680  0.17919628E-34
    247968  0.16419264E-34
    248256  0.15032331E-34
    248544  0.13751337E-34
    248832  0.12569220E-34
    249120  0.11479284E-34
    249408  0.10475212E-34
    249696  0.95510552E-35
    249984  0.87012052E-35
    250272  0.79203746E-35
    250560  0.72036093E-35
    250848  0.65462351E-35
    251136  0.59438731E-35
    251424  0.53924218E-35
    251712  0.48880376E-35
    252000  0.44271213E-35
    252288  0.40063117E-35
    252576  0.36224709E-35
    252864  0.32726723E-35
    253152  0.29541947E-35
    253440  0.26644903E-35
    253728  0.24012064E-35
    254016  0.21621525E-35
    254304  0.19452986E-35
    254592  0.17487618E-35
    254880  0.15708044E-35
    255168  0.14098157E-35
    255456  0.12643109E-35
    255744  0.11329191E-35
    256032  0.10143789E-35
    256320  0.90752976E-36
    256608  0.81130383E-36
    256896  0.72472309E-36
    257184  0.64688941E-36
    257472  0.57698045E-36
    257760  0.51424394E-36
    258048  0.45799259E-36
    258336  0.40759885E-36
    258624  0.36249152E-36
    258912  0.32214984E-36
    259200  0.28610019E-36
    259488  0.25391199E-36
    259776  0.22519555E-36
    260064  0.19959640E-36
    260352  0.17679422E-36
    260640  0.15649908E-36
    260928  0.13844908E-36
    261216  0.12240778E-36
    261504  0.10816235E-36
    261792  0.95520777E-37
    262080  0.84310406E-37
    262368  0.74376124E-37
    262656  0.65578571E-37
    262944  0.57792777E-37
    263232  0.50906987E-37
    263520  0.44820904E-37
    263808  0.39444929E-37
    264096  0.34699028E-37
    264384  0.30511794E-37
    264672  0.26819465E-37
    264960  0.23565378E-37
    265248  0.20698975E-37
    265536  0.18175337E-37
    265824  0.15954530E-37
    266112  0.14001125E-37
    266400  0.12283688E-37
    266688  0.10774318E-37
    266976  0.94483460E-38
    267264  0.82839258E-38
    267552  0.72617402E-38
    267840  0.63646850E-38
    268128  0.55777550E-38
    268416  0.48875889E-38
    268704  0.42824578E-38
    268992  0.37520145E-38
    269280  0.32871435E-38
    269568  0.28798295E-38
    269856  0.25230043E-38
    270144  0.22104516E-38
    270432  0.19367178E-38
    270720  0.16970089E-38
    271008  0.14871154E-38
    271296  0.13033393E-38
    271584  0.11424380E-38
    271872  0.10015585E-38
    272160  0.87822458E-39
    272448  0.77023631E-39
    272736  0.67568230E-39
    273024  0.59288518E-39
    273312  0.52038059E-39
    273600  0.45687795E-39
    273888  0.40124920E-39
    274176  0.35251905E-39
    274464  0.30981308E-39
    274752  0.27238720E-39
    275040  0.23957860E-39
    275328  0.21080854E-39
    275616  0.18557255E-39
    275904  0.16344045E-39
    276192  0.14401565E-39
    276480  0.12695484E-39
    276768  0.11198337E-39
    277056  0.98819568E-40
    277344  0.87267263E-40
    277632  0.77092435E-40
    277920  0.68157756E-40
    278208  0.60288064E-40
    278496  0.53368452E-40
    278784  0.47267199E-40
    279072  0.41865193E-40
    279360  0.37159633E-40
    279648  0.32968349E-40
    279936  0.29261915E-40
    280224  0.26002494E-40
    280512  0.23142444E-40
    280800  0.20622909E-40
    281088  0.18361214E-40
    281376  0.16343344E-40
    281664  0.14629556E-40
    281952  0.13015260E-40
    282240  0.11675619E-40
    282528  0.10464897E-40
    282816  0.92541751E-41
    283104  0.83979817E-41
    283392  0.75908338E-41
    283680  0.67836859E-41
    283968  0.59765380E-41
    284256  0.54062095E-41
    284544  0.50026355E-41
    284832  0.45990616E-41
    285120  0.41954876E-41
    285408  0.37919136E-41
    285696  0.33883397E-41
    285984  0.29847657E-41
    286272  0.25811918E-41
    286560  0.21776178E-41
    286848  0.20220737E-41
    287136  0.20220737E-41
    287424  0.20220737E-41
    287712  0.20220737E-41
    288000  0.20220737E-41
    288288  0.20220737E-41
    288576  0.20220737E-41
    288864  0.20220737E-41
    289152  0.20220737E-41
    289440  0.20220737E-41
    289728  0.20220737E-41
    290016  0.20220737E-41
    290304  0.20220737E-41
    290592  0.20220737E-41
    290880  0.20220737E-41
    291168  0.20220737E-41
    291456  0.20220737E-41
    291744  0.20220737E-41
    292032  0.20220737E-41
    292320  0.20220737E-41
    292608  0.20220737E-41
    292896  0.20220737E-41
    293184  0.20220737E-41
    293472  0.20220737E-41
    293760  0.20220737E-41
    294048  0.20220737E-41
    294336  0.20220737E-41
    294624  0.20220737E-41
    294912  0.20220737E-41
    295200  0.20220737E-41
    295488  0.20220737E-41
    295776  0.20220737E-41
    296064  0.20220737E-41
    296352  0.20220737E-41
    296640  0.20220737E-41
    296928  0.20220737E-41
    297216  0.20220737E-41
    297504  0.20220737E-41
    297792  0.20220737E-41
    298080  0.20220737E-41
    298368  0.20220737E-41
    298656  0.20220737E-41
    298944  0.20220737E-41
    299232  0.20220737E-41
    299520  0.20220737E-41
    299808  0.20220737E-41
    300096  0.20220737E-41
    300384  0.20220737E-41
    300672  0.20220737E-41
    300960  0.20220737E-41
    301248  0.20220737E-41
    301536  0.20220737E-41
    301824  0.20220737E-41
    302112  0.20220737E-41
    302400  0.20220737E-41
    302688  0.20220737E-41
    302976  0.20220737E-41
    303264  0.20220737E-41
    303552  0.20220737E-41
    303840  0.20220737E-41
    304128  0.20220737E-41
    304416  0.20220737E-41
    304704  0.20220737E-41
    304992  0.20220737E-41
    305280  0.20220737E-41
    305568  0.20220737E-41
    305856  0.20220737E-41
    306144  0.20220737E-41
    306432  0.20220737E-41
    306720  0.20220737E-41
    307008  0.20220737E-41
    307296  0.20220737E-41
    307584  0.20220737E-41
    307872  0.20220737E-41
    308160  0.20220737E-41
    308448  0.20220737E-41
    308736  0.20220737E-41
    309024  0.20220737E-41
    309312  0.20220737E-41
    309600  0.20220737E-41
    309888  0.20220737E-41
    310176  0.20220737E-41
    310464  0.20220737E-41
    310752  0.20220737E-41
    311040  0.20220737E-41
    311328  0.20220737E-41
    311616  0.20220737E-41
    311904  0.20220737E-41
    312192  0.20220737E-41
    312480  0.20220737E-41
    312768  0.20220737E-41
    313056  0.20220737E-41
    313344  0.20220737E-41
    313632  0.20220737E-41
    313920  0.20220737E-41
    314208  0.20220737E-41
    314496  0.20220737E-41
    314784  0.20220737E-41
    315072  0.20220737E-41
