         1   4.4000001    
        24   4.3731818    
        48   4.3476715    
        72   4.3260016    
        96   4.3072629    
       120   4.2908354    
       144   4.2762599    
       168   4.2631826    
       192   4.2513199    
       216   4.2404413    
       240   4.2303519    
       264   4.2208924    
       288   4.2119284    
       312   4.2033439    
       336   4.1950421    
       360   4.1869411    
       384   4.1789718    
       408   4.1710782    
       432   4.1632147    
       456   4.1553407    
       480   4.1474271    
       504   4.1394486    
       528   4.1313848    
       552   4.1232204    
       576   4.1149464    
       600   4.1065540    
       624   4.0980396    
       648   4.0893974    
       672   4.0806293    
       696   4.0717359    
       720   4.0627189    
       744   4.0535803    
       768   4.0443273    
       792   4.0349631    
       816   4.0254931    
       840   4.0159235    
       864   4.0062609    
       888   3.9965112    
       912   3.9866827    
       936   3.9767821    
       960   3.9668162    
       984   3.9567931    
      1008   3.9467192    
      1032   3.9366024    
      1056   3.9196348    
      1080   3.9097919    
      1104   3.9056427    
      1128   3.9057627    
      1152   3.9089801    
      1176   3.9143667    
      1200   3.9211953    
      1224   3.9252746    
      1248   3.9304409    
      1272   3.9363775    
      1296   3.9427330    
      1320   3.9491975    
      1344   3.9555197    
      1368   3.9615035    
      1392   3.9670000    
      1416   3.9718993    
      1440   3.9761250    
      1464   3.9796302    
      1488   3.9823892    
      1512   3.9843950    
      1536   3.9856544    
      1560   3.9861863    
      1584   3.9860156    
      1608   3.9851756    
      1632   3.9837029    
      1656   3.9816380    
      1680   3.9790282    
      1704   3.9759252    
      1728   3.9723783    
      1752   3.9684355    
      1776   3.9641414    
      1800   3.9595377    
      1824   3.9546642    
      1848   3.9495575    
      1872   3.9442511    
      1896   3.9387748    
      1920   3.9331563    
      1944   3.9274189    
      1968   3.9215846    
      1992   3.9156773    
      2016   3.9097178    
      2040   3.9037213    
      2064   3.8977020    
      2088   3.8916721    
      2112   3.8856401    
      2136   3.8796101    
      2160   3.8735850    
      2184   3.8675628    
      2208   3.8615398    
      2232   3.8555121    
      2256   3.8494716    
      2280   3.8434095    
      2304   3.8373184    
      2328   3.8311877    
      2352   3.8250062    
      2376   3.8187637    
      2400   3.8124509    
      2424   3.8060579    
      2448   3.7926381    
      2472   3.7813885    
      2496   3.7719498    
      2520   3.7637916    
      2544   3.7564902    
      2568   3.7497275    
      2592   3.7432699    
      2616   3.7369499    
      2640   3.7306504    
      2664   3.7242968    
      2688   3.7178438    
      2712   3.7112732    
      2736   3.7045848    
      2760   3.6977925    
      2784   3.6909204    
      2808   3.6839993    
      2832   3.6770697    
      2856   3.6701751    
      2880   3.6633592    
      2904   3.6566598    
      2928   3.6501160    
      2952   3.6437609    
      2976   3.6384068    
      3000   3.6335275    
      3024   3.6300690    
      3048   3.6268232    
      3072   3.6240973    
      3096   3.6219556    
      3120   3.6203277    
      3144   3.6191013    
      3168   3.6108453    
      3192   3.6218135    
      3216   3.6437190    
      3240   3.6707020    
      3264   3.6991713    
      3288   3.7270467    
      3312   3.7532096    
      3336   3.7771366    
      3360   3.7986612    
      3384   3.8178194    
      3408   3.8347540    
      3432   3.8496535    
      3456   3.8627224    
      3480   3.8741624    
      3504   3.8841619    
      3528   3.8928940    
      3552   3.9005144    
      3576   3.9071622    
      3600   3.9129622    
      3624   3.9180257    
      3648   3.9224513    
      3672   3.9263253    
      3696   3.9297271    
      3720   3.9327252    
      3744   3.9353793    
      3768   3.9377437    
      3792   3.9398663    
      3816   3.9417887    
      3840   3.9435463    
      3864   3.9451711    
      3888   3.9466906    
      3912   3.9481297    
      3936   3.9495080    
      3960   3.9508431    
      3984   3.9521511    
      4008   3.9534445    
      4032   3.9547346    
      4056   3.9560316    
      4080   3.9573429    
      4104   3.9586754    
      4128   3.9600351    
      4152   3.9614265    
      4176   3.9628527    
      4200   3.9643188    
      4224   3.9658256    
      4248   3.9673755    
      4272   3.9689701    
      4296   3.9706101    
      4320   3.9722972    
      4344   3.9740317    
      4368   3.9758141    
      4392   3.9776447    
      4416   3.9795234    
      4440   3.9814510    
      4464   3.9834249    
      4488   3.9854460    
      4512   3.9875174    
      4536   3.9896407    
      4560   3.9918160    
      4584   3.9940434    
      4608   3.9963210    
      4632   3.9986477    
      4656   4.0010242    
      4680   4.0034480    
      4704   4.0059199    
      4728   4.0084376    
      4752   4.0110025    
      4776   4.0136132    
      4800   4.0162683    
      4824   4.0189686    
      4848   4.0217133    
      4872   4.0245018    
      4896   4.0273347    
      4920   4.0302105    
      4944   4.0331297    
      4968   4.0360928    
      4992   4.0390992    
      5016   4.0421491    
      5040   4.0452418    
      5064   4.0483789    
      5088   4.0515590    
      5112   4.0547824    
      5136   4.0580492    
      5160   4.0613604    
      5184   4.0647135    
      5208   4.0681105    
      5232   4.0715504    
      5256   4.0750341    
      5280   4.0785623    
      5304   4.0821352    
      5328   4.0857511    
      5352   4.0894136    
      5376   4.0931258    
      5400   4.0968895    
      5424   4.1109500    
      5448   4.1033092    
      5472   4.0859323    
      5496   4.0656290    
      5520   4.0458875    
      5544   4.0283084    
      5568   4.0134621    
      5592   4.0013838    
      5616   3.9918694    
      5640   3.9846213    
      5664   3.9793279    
      5688   3.9756989    
      5712   3.9734757    
      5736   3.9724367    
      5760   3.9723935    
      5784   3.9731874    
      5808   3.9746859    
      5832   3.9767783    
      5856   3.9793725    
      5880   3.9823942    
      5904   3.9960217    
      5928   4.0050535    
      5952   4.0110717    
      5976   4.0154128    
      6000   4.0189266    
      6024   4.0221367    
      6048   4.0253553    
      6072   4.0287528    
      6096   4.0324130    
      6120   4.0363650    
      6144   4.0406117    
      6168   4.0451393    
      6192   4.0499287    
      6216   4.0549564    
      6240   4.0601988    
      6264   4.0656319    
      6288   4.0712366    
      6312   4.0769930    
      6336   4.0828867    
      6360   4.0889025    
      6384   4.0950303    
      6408   4.1012592    
      6432   4.1075788    
      6456   4.1139827    
      6480   4.1204638    
      6504   4.1270175    
      6528   4.1336379    
      6552   4.1403208    
      6576   4.1470604    
      6600   4.1538548    
      6624   4.1690192    
      6648   4.1684780    
      6672   4.1589818    
      6696   4.1453209    
      6720   4.1304483    
      6744   4.1161184    
      6768   4.1032882    
      6792   4.0923882    
      6816   4.0835252    
      6840   4.0766187    
      6864   4.0714960    
      6888   4.0679469    
      6912   4.0657620    
      6936   4.0647421    
      6960   4.0647140    
      6984   4.0655255    
      7008   4.0670476    
      7032   4.0691724    
      7056   4.0718069    
      7080   4.0748758    
      7104   4.0783129    
      7128   4.0820618    
      7152   4.0860772    
      7176   4.0903201    
      7200   4.0947576    
      7224   4.0993581    
      7248   4.1040969    
      7272   4.1089549    
      7296   4.1139140    
      7320   4.1189566    
      7344   4.1240692    
      7368   4.1292415    
      7392   4.1344604    
      7416   4.1397195    
      7440   4.1450100    
      7464   4.1503234    
      7488   4.1556516    
      7512   4.1609898    
      7536   4.1663299    
      7560   4.1716704    
      7584   4.1770024    
      7608   4.1823225    
      7632   4.1876249    
      7656   4.1929021    
      7680   4.1981516    
      7704   4.2033668    
      7728   4.2085443    
      7752   4.2136774    
      7776   4.2187600    
      7800   4.2237897    
      7824   4.2287617    
      7848   4.2336698    
      7872   4.2385130    
      7896   4.2432852    
      7920   4.2479830    
      7944   4.2545238    
      7968   4.2605200    
      7992   4.2660213    
      8016   4.2711129    
      8040   4.2758679    
      8064   4.2803440    
      8088   4.2845874    
      8112   4.2886319    
      8136   4.2925034    
      8160   4.2962203    
      8184   4.2997980    
      8208   4.3032455    
      8232   4.3065720    
      8256   4.3097849    
      8280   4.3128867    
      8304   4.3158822    
      8328   4.3187733    
      8352   4.3215623    
      8376   4.3242507    
      8400   4.3268404    
      8424   4.3293324    
      8448   4.3317256    
      8472   4.3340216    
      8496   4.3362226    
      8520   4.3383260    
      8544   4.3403330    
      8568   4.3422437    
      8592   4.3440590    
      8616   4.3457770    
      8640   4.3473983    
      8664   4.3489237    
      8688   4.3503547    
      8712   4.3516979    
      8736   4.3529544    
