       288  0.28294460E-08
       576  0.26183975E-08
       864  0.24331472E-08
      1152  0.22706472E-08
      1440  0.21280337E-08
      1728  0.20231330E-08
      2016  0.19291053E-08
      2304  0.18446766E-08
      2592  0.17686795E-08
      2880  0.17001025E-08
      3168  0.16380493E-08
      3456  0.15981306E-08
      3744  0.15602100E-08
      4032  0.15241116E-08
      4320  0.14896987E-08
      4608  0.14568459E-08
      4896  0.14254452E-08
      5184  0.14100806E-08
      5472  0.13933539E-08
      5760  0.13755437E-08
      6048  0.13569105E-08
      6336  0.13376790E-08
      6624  0.13180486E-08
      6912  0.13120084E-08
      7200  0.13034008E-08
      7488  0.12943782E-08
      7776  0.12833976E-08
      8064  0.12708634E-08
      8352  0.12705192E-08
      8640  0.12668653E-08
      8928  0.12604792E-08
      9216  0.12518906E-08
      9504  0.12415533E-08
      9792  0.12298603E-08
     10080  0.12318851E-08
     10368  0.12304561E-08
     10656  0.12262145E-08
     10944  0.12197179E-08
     11232  0.12114501E-08
     11520  0.12018246E-08
     11808  0.12039836E-08
     12096  0.12046562E-08
     12384  0.12024753E-08
     12672  0.11980273E-08
     12960  0.11918146E-08
     13248  0.11969333E-08
     13536  0.11985914E-08
     13824  0.11991920E-08
     14112  0.11972926E-08
     14400  0.11934422E-08
     14688  0.11881041E-08
     14976  0.11816663E-08
     15264  0.11886676E-08
     15552  0.11922793E-08
     15840  0.11932072E-08
     16128  0.11920491E-08
     16416  0.11892984E-08
     16704  0.11871883E-08
     16992  0.11962296E-08
     17280  0.12018461E-08
     17568  0.12047606E-08
     17856  0.12055884E-08
     18144  0.12066727E-08
     18432  0.12062111E-08
     18720  0.12046162E-08
     19008  0.12145712E-08
     19296  0.12231228E-08
     19584  0.12286521E-08
     19872  0.12317711E-08
     20160  0.12330125E-08
     20448  0.12347519E-08
     20736  0.12349896E-08
     21024  0.12465690E-08
     21312  0.12546034E-08
     21600  0.12618265E-08
     21888  0.12664891E-08
     22176  0.12691785E-08
     22464  0.12703659E-08
     22752  0.12724668E-08
     23040  0.12732518E-08
     23328  0.12857397E-08
     23616  0.12945212E-08
     23904  0.13024984E-08
     24192  0.13077549E-08
     24480  0.13109027E-08
     24768  0.13124075E-08
     25056  0.13148004E-08
     25344  0.13156665E-08
     25632  0.13270890E-08
     25920  0.13346819E-08
     26208  0.13414703E-08
     26496  0.13453672E-08
     26784  0.13469917E-08
     27072  0.13468249E-08
     27360  0.13452327E-08
     27648  0.13448196E-08
     27936  0.13563548E-08
     28224  0.13631225E-08
     28512  0.13662281E-08
     28800  0.13688772E-08
     29088  0.13687357E-08
     29376  0.13664755E-08
     29664  0.13626199E-08
     29952  0.13600504E-08
     30240  0.13698801E-08
     30528  0.13745869E-08
     30816  0.13755865E-08
     31104  0.13739511E-08
     31392  0.13730296E-08
     31680  0.13701568E-08
     31968  0.13660156E-08
     32256  0.13611267E-08
     32544  0.13728942E-08
     32832  0.13792981E-08
     33120  0.13821050E-08
     33408  0.13825839E-08
     33696  0.13816567E-08
     33984  0.13827238E-08
     34272  0.13826031E-08
     34560  0.13818815E-08
     34848  0.13958081E-08
     35136  0.14049045E-08
     35424  0.14109170E-08
     35712  0.14179122E-08
     36000  0.14228855E-08
     36288  0.14266850E-08
     36576  0.14298751E-08
     36864  0.14328291E-08
     37152  0.14511661E-08
     37440  0.14674009E-08
     37728  0.14793731E-08
     38016  0.14886559E-08
     38304  0.14962905E-08
     38592  0.15029582E-08
     38880  0.15091035E-08
     39168  0.15150116E-08
     39456  0.15369140E-08
     39744  0.15565056E-08
     40032  0.15714485E-08
     40320  0.15834321E-08
     40608  0.15935616E-08
     40896  0.16025546E-08
     41184  0.16108758E-08
     41472  0.16188207E-08
     41760  0.16434109E-08
     42048  0.16619910E-08
     42336  0.16767362E-08
     42624  0.16890458E-08
     42912  0.16998253E-08
     43200  0.17133214E-08
     43488  0.17249630E-08
     43776  0.17354412E-08
     44064  0.17628942E-08
     44352  0.17836503E-08
     44640  0.18001317E-08
     44928  0.18138843E-08
     45216  0.18259037E-08
     45504  0.18368319E-08
     45792  0.18470780E-08
     46080  0.18569035E-08
     46368  0.18844051E-08
     46656  0.19121020E-08
     46944  0.19329647E-08
     47232  0.19690145E-08
     47520  0.19953774E-08
     47808  0.20155271E-08
     48096  0.20317059E-08
     48384  0.20453350E-08
     48672  0.20573248E-08
     48960  0.20682631E-08
     49248  0.20785236E-08
     49536  0.20883399E-08
     49824  0.20978659E-08
     50112  0.21071915E-08
     50400  0.21118460E-08
     50688  0.21179873E-08
     50976  0.21250603E-08
     51264  0.21327025E-08
     51552  0.21406752E-08
     51840  0.21488236E-08
     52128  0.21570430E-08
     52416  0.21652613E-08
     52704  0.21734290E-08
     52992  0.21815116E-08
     53280  0.21894728E-08
     53568  0.21972908E-08
     53856  0.22049369E-08
     54144  0.22076385E-08
     54432  0.22118147E-08
     54720  0.22168340E-08
     55008  0.22222806E-08
     55296  0.22278772E-08
     55584  0.22334365E-08
     55872  0.22388205E-08
     56160  0.22439317E-08
     56448  0.22486926E-08
     56736  0.22530302E-08
     57024  0.22521840E-08
     57312  0.22524480E-08
     57600  0.22295614E-08
     57888  0.22151707E-08
     58176  0.22058400E-08
     58464  0.21993769E-08
     58752  0.21943687E-08
     59040  0.21898821E-08
     59328  0.21807103E-08
     59616  0.21726616E-08
     59904  0.21648388E-08
     60192  0.21333628E-08
     60480  0.21094482E-08
     60768  0.20896911E-08
     61056  0.20719302E-08
     61344  0.20547737E-08
     61632  0.20373245E-08
     61920  0.20149036E-08
     62208  0.19708066E-08
     62496  0.19343240E-08
     62784  0.19019770E-08
     63072  0.18716393E-08
     63360  0.18420437E-08
     63648  0.18124608E-08
     63936  0.17626366E-08
     64224  0.17162221E-08
     64512  0.16753142E-08
     64800  0.16377476E-08
     65088  0.16022768E-08
     65376  0.15682403E-08
     65664  0.15179208E-08
     65952  0.14750698E-08
     66240  0.14371153E-08
     66528  0.13999264E-08
     66816  0.13664712E-08
     67104  0.13204420E-08
     67392  0.12823235E-08
     67680  0.12494751E-08
     67968  0.12203688E-08
     68256  0.11803265E-08
     68544  0.11476892E-08
     68832  0.11199982E-08
     69120  0.10938376E-08
     69408  0.10587715E-08
     69696  0.10309869E-08
     69984  0.10079769E-08
     70272  0.98831787E-09
     70560  0.97118991E-09
     70848  0.94484354E-09
     71136  0.92418484E-09
     71424  0.90728164E-09
     71712  0.89145719E-09
     72000  0.86569213E-09
     72288  0.84638824E-09
     72576  0.83118662E-09
     72864  0.81878093E-09
     73152  0.80842127E-09
     73440  0.79010221E-09
     73728  0.77639883E-09
     74016  0.76568984E-09
     74304  0.75706597E-09
     74592  0.73965473E-09
     74880  0.72717021E-09
     75168  0.71778783E-09
     75456  0.70184925E-09
     75744  0.69038447E-09
     76032  0.68177952E-09
     76320  0.67513067E-09
     76608  0.66173250E-09
     76896  0.65221173E-09
     77184  0.64406569E-09
     77472  0.63814148E-09
     77760  0.62590982E-09
     78048  0.61740918E-09
     78336  0.61128896E-09
     78624  0.60678373E-09
     78912  0.59596611E-09
     79200  0.58851168E-09
     79488  0.58322114E-09
     79776  0.57844041E-09
     80064  0.56795396E-09
     80352  0.56087046E-09
     80640  0.55595817E-09
     80928  0.55250615E-09
     81216  0.54320864E-09
     81504  0.53692290E-09
     81792  0.53258953E-09
     82080  0.52871829E-09
     82368  0.52617127E-09
     82656  0.51794541E-09
     82944  0.51249477E-09
     83232  0.50885024E-09
     83520  0.50643512E-09
     83808  0.49856297E-09
     84096  0.49253190E-09
     84384  0.48857790E-09
     84672  0.48601639E-09
     84960  0.48442766E-09
     85248  0.47749893E-09
     85536  0.47297610E-09
     85824  0.47006482E-09
     86112  0.46754595E-09
     86400  0.46611687E-09
     86688  0.45969048E-09
     86976  0.45557488E-09
     87264  0.45302101E-09
     87552  0.45155782E-09
     87840  0.45021431E-09
     88128  0.44971074E-09
     88416  0.44436366E-09
     88704  0.44103884E-09
     88992  0.43910328E-09
     89280  0.43814452E-09
     89568  0.43726173E-09
     89856  0.43711387E-09
     90144  0.43749065E-09
     90432  0.43315537E-09
     90720  0.43046330E-09
     91008  0.42891060E-09
     91296  0.42755854E-09
     91584  0.42695211E-09
     91872  0.42685880E-09
     92160  0.42711340E-09
     92448  0.42759443E-09
     92736  0.42821766E-09
     93024  0.42837459E-09
     93312  0.42404560E-09
     93600  0.42093593E-09
     93888  0.41867540E-09
     94176  0.41699880E-09
     94464  0.41518905E-09
     94752  0.41378020E-09
     95040  0.41263068E-09
     95328  0.41163806E-09
     95616  0.41072837E-09
     95904  0.40984729E-09
     96192  0.40846651E-09
     96480  0.40716991E-09
     96768  0.40590162E-09
     97056  0.40462045E-09
     97344  0.40329590E-09
     97632  0.40190556E-09
     97920  0.40043402E-09
     98208  0.39841044E-09
     98496  0.39639581E-09
     98784  0.39435868E-09
     99072  0.39227849E-09
     99360  0.39013945E-09
     99648  0.38793099E-09
     99936  0.38564607E-09
    100224  0.38284526E-09
    100512  0.38006451E-09
    100800  0.37728076E-09
    101088  0.37447984E-09
    101376  0.37164985E-09
    101664  0.36878581E-09
    101952  0.36965617E-09
    102240  0.36969700E-09
    102528  0.36904857E-09
    102816  0.36783765E-09
    103104  0.36576528E-09
    103392  0.36340617E-09
    103680  0.36081230E-09
    103968  0.35803099E-09
    104256  0.35509889E-09
    104544  0.35204800E-09
    104832  0.35252704E-09
    105120  0.35216086E-09
    105408  0.35110995E-09
    105696  0.34950667E-09
    105984  0.34746253E-09
    106272  0.34507014E-09
    106560  0.34240621E-09
    106848  0.34307457E-09
    107136  0.34282482E-09
    107424  0.34183636E-09
    107712  0.34026115E-09
    108000  0.33822342E-09
    108288  0.33583014E-09
    108576  0.33665548E-09
    108864  0.33651484E-09
    109152  0.33560726E-09
    109440  0.33409578E-09
    109728  0.33211572E-09
    110016  0.32977826E-09
    110304  0.33062011E-09
    110592  0.33050113E-09
    110880  0.32962338E-09
    111168  0.32815536E-09
    111456  0.32623768E-09
    111744  0.32398287E-09
    112032  0.32488431E-09
    112320  0.32483652E-09
    112608  0.32439623E-09
    112896  0.32330888E-09
    113184  0.32172978E-09
    113472  0.32316338E-09
    113760  0.32355318E-09
    114048  0.32313419E-09
    114336  0.32209585E-09
    114624  0.32059067E-09
    114912  0.31874600E-09
    115200  0.32036776E-09
    115488  0.32094438E-09
    115776  0.32071995E-09
    116064  0.31988906E-09
    116352  0.31860789E-09
    116640  0.31699973E-09
    116928  0.31850900E-09
    117216  0.31940159E-09
    117504  0.31947789E-09
    117792  0.31894246E-09
    118080  0.31795469E-09
    118368  0.31999656E-09
    118656  0.32099176E-09
    118944  0.32154754E-09
    119232  0.32142616E-09
    119520  0.32080485E-09
    119808  0.31982253E-09
    120096  0.31858541E-09
    120384  0.32088465E-09
    120672  0.32214484E-09
    120960  0.32262570E-09
    121248  0.32252881E-09
    121536  0.32201111E-09
    121824  0.32157110E-09
    122112  0.32418912E-09
    122400  0.32574307E-09
    122688  0.32650505E-09
    122976  0.32668149E-09
    123264  0.32680783E-09
    123552  0.32653774E-09
    123840  0.32598532E-09
    124128  0.32863304E-09
    124416  0.33064174E-09
    124704  0.33180483E-09
    124992  0.33234560E-09
    125280  0.33243355E-09
    125568  0.33258973E-09
    125856  0.33241662E-09
    126144  0.33543784E-09
    126432  0.33738723E-09
    126720  0.33893813E-09
    127008  0.33980296E-09
    127296  0.34016781E-09
    127584  0.34017203E-09
    127872  0.34032940E-09
    128160  0.34018613E-09
    128448  0.34330727E-09
    128736  0.34532610E-09
    129024  0.34694253E-09
    129312  0.34784450E-09
    129600  0.34822070E-09
    129888  0.34821027E-09
    130176  0.34835251E-09
    130464  0.34815964E-09
    130752  0.35088801E-09
    131040  0.35252287E-09
    131328  0.35378950E-09
    131616  0.35433090E-09
    131904  0.35433803E-09
    132192  0.35394726E-09
    132480  0.35325756E-09
    132768  0.35280578E-09
    133056  0.35565631E-09
    133344  0.35717462E-09
    133632  0.35772504E-09
    133920  0.35803596E-09
    134208  0.35769473E-09
    134496  0.35689043E-09
    134784  0.35575670E-09
    135072  0.35487707E-09
    135360  0.35738895E-09
    135648  0.35846903E-09
    135936  0.35856598E-09
    136224  0.35799966E-09
    136512  0.35748662E-09
    136800  0.35652875E-09
    137088  0.35529821E-09
    137376  0.35391540E-09
    137664  0.35674422E-09
    137952  0.35803069E-09
    138240  0.35832334E-09
    138528  0.35799727E-09
    138816  0.35730799E-09
    139104  0.35694789E-09
    139392  0.35630107E-09
    139680  0.35550685E-09
    139968  0.35845718E-09
    140256  0.35994649E-09
    140544  0.36053344E-09
    140832  0.36111222E-09
    141120  0.36116735E-09
    141408  0.36092107E-09
    141696  0.36050840E-09
    141984  0.36001008E-09
    142272  0.36323786E-09
    142560  0.36546402E-09
    142848  0.36651132E-09
    143136  0.36684419E-09
    143424  0.36674566E-09
    143712  0.36638201E-09
    144000  0.36584608E-09
    144288  0.36518599E-09
    144576  0.36806694E-09
    144864  0.36984610E-09
    145152  0.37035938E-09
    145440  0.37010259E-09
    145728  0.36936365E-09
    146016  0.36830036E-09
    146304  0.36699227E-09
    146592  0.36547246E-09
    146880  0.36711709E-09
    147168  0.36706810E-09
    147456  0.36599815E-09
    147744  0.36431877E-09
    148032  0.36273523E-09
    148320  0.36243583E-09
    148608  0.36267200E-09
    148896  0.36347741E-09
    149184  0.36794065E-09
    149472  0.37156248E-09
    149760  0.37490622E-09
    150048  0.37820044E-09
    150336  0.38151751E-09
    150624  0.38486817E-09
    150912  0.38824283E-09
    151200  0.39163070E-09
    151488  0.39501685E-09
    151776  0.39838835E-09
    152064  0.40173520E-09
    152352  0.40850640E-09
    152640  0.41390258E-09
    152928  0.41861076E-09
    153216  0.42291412E-09
    153504  0.42692924E-09
    153792  0.43071086E-09
    154080  0.43429096E-09
    154368  0.43769746E-09
    154656  0.44095336E-09
    154944  0.44407489E-09
    155232  0.44707674E-09
    155520  0.44929568E-09
    155808  0.45181531E-09
    156096  0.45439780E-09
    156384  0.45695089E-09
    156672  0.45944326E-09
    156960  0.46186641E-09
    157248  0.46422080E-09
    157536  0.46650894E-09
    157824  0.46873394E-09
    158112  0.47089505E-09
    158400  0.47299314E-09
    158688  0.47502868E-09
    158976  0.47700194E-09
    159264  0.47818105E-09
    159552  0.47973692E-09
    159840  0.48139265E-09
    160128  0.48304327E-09
    160416  0.48465337E-09
    160704  0.48621351E-09
    160992  0.48772220E-09
    161280  0.48918020E-09
    161568  0.49059179E-09
    161856  0.49195853E-09
    162144  0.49254467E-09
    162432  0.49353155E-09
    162720  0.49017629E-09
    163008  0.48863735E-09
    163296  0.48797549E-09
    163584  0.48780396E-09
    163872  0.48795268E-09
    164160  0.48833249E-09
    164448  0.48814391E-09
    164736  0.48852911E-09
    165024  0.48917448E-09
    165312  0.48539606E-09
    165600  0.48354087E-09
    165888  0.48266052E-09
    166176  0.48234683E-09
    166464  0.48240828E-09
    166752  0.48273824E-09
    167040  0.48254600E-09
    167328  0.47832938E-09
    167616  0.47627446E-09
    167904  0.47532156E-09
    168192  0.47500259E-09
    168480  0.47509502E-09
    168768  0.47547866E-09
    169056  0.47145915E-09
    169344  0.46876719E-09
    169632  0.46760512E-09
    169920  0.46725485E-09
    170208  0.46738879E-09
    170496  0.46784315E-09
    170784  0.46386459E-09
    171072  0.46196849E-09
    171360  0.46119711E-09
    171648  0.46039755E-09
    171936  0.46043194E-09
    172224  0.45622550E-09
    172512  0.45422452E-09
    172800  0.45342408E-09
    173088  0.45332962E-09
    173376  0.44900730E-09
    173664  0.44691983E-09
    173952  0.44607540E-09
    174240  0.44530396E-09
    174528  0.44069798E-09
    174816  0.43849696E-09
    175104  0.43761675E-09
    175392  0.43750917E-09
    175680  0.43788700E-09
    175968  0.43390624E-09
    176256  0.43205761E-09
    176544  0.43141013E-09
    176832  0.43084453E-09
    177120  0.42536058E-09
    177408  0.42263079E-09
    177696  0.42144177E-09
    177984  0.42115350E-09
    178272  0.42142240E-09
    178560  0.41740969E-09
    178848  0.41551401E-09
    179136  0.41483855E-09
    179424  0.41489082E-09
    179712  0.41015261E-09
    180000  0.40788797E-09
    180288  0.40702020E-09
    180576  0.40236159E-09
    180864  0.40002959E-09
    181152  0.39905249E-09
    181440  0.39888531E-09
    181728  0.39467038E-09
    182016  0.39257678E-09
    182304  0.39115886E-09
    182592  0.39079479E-09
    182880  0.38651476E-09
    183168  0.38436884E-09
    183456  0.38348349E-09
    183744  0.38335640E-09
    184032  0.37923029E-09
    184320  0.37712869E-09
    184608  0.37624409E-09
    184896  0.37556369E-09
    185184  0.37117678E-09
    185472  0.36891090E-09
    185760  0.36791789E-09
    186048  0.36769451E-09
    186336  0.36359016E-09
    186624  0.36143155E-09
    186912  0.36046574E-09
    187200  0.35973249E-09
    187488  0.35970285E-09
    187776  0.35579067E-09
    188064  0.35372802E-09
    188352  0.35281514E-09
    188640  0.35261744E-09
    188928  0.34865991E-09
    189216  0.34603936E-09
    189504  0.34479258E-09
    189792  0.34439498E-09
    190080  0.34452957E-09
    190368  0.34088005E-09
    190656  0.33892034E-09
    190944  0.33805078E-09
    191232  0.33742933E-09
    191520  0.33745526E-09
    191808  0.33387693E-09
    192096  0.33195524E-09
    192384  0.33111469E-09
    192672  0.33098105E-09
    192960  0.33088646E-09
    193248  0.33127431E-09
    193536  0.32810277E-09
    193824  0.32641637E-09
    194112  0.32572073E-09
    194400  0.32568329E-09
    194688  0.32567651E-09
    194976  0.32611125E-09
    195264  0.32683337E-09
    195552  0.32406550E-09
    195840  0.32255582E-09
    196128  0.32190950E-09
    196416  0.32145250E-09
    196704  0.32151523E-09
    196992  0.32191719E-09
    197280  0.32253988E-09
    197568  0.32329886E-09
    197856  0.32413658E-09
    198144  0.32465086E-09
    198432  0.32183123E-09
    198720  0.32001579E-09
    199008  0.31891018E-09
    199296  0.31828859E-09
    199584  0.31762465E-09
    199872  0.31726008E-09
    200160  0.31707878E-09
    200448  0.31699995E-09
    200736  0.31696520E-09
    201024  0.31693373E-09
    201312  0.31653591E-09
    201600  0.31618044E-09
    201888  0.31582967E-09
    202176  0.31545661E-09
    202464  0.31504085E-09
    202752  0.31456837E-09
    203040  0.31402939E-09
    203328  0.31309147E-09
    203616  0.31215361E-09
    203904  0.31119402E-09
    204192  0.31019606E-09
    204480  0.30914876E-09
    204768  0.30804351E-09
    205056  0.30687686E-09
    205344  0.30533015E-09
    205632  0.30378849E-09
    205920  0.30223454E-09
    206208  0.30065631E-09
    206496  0.29904576E-09
    206784  0.29739627E-09
    207072  0.29871836E-09
    207360  0.29932998E-09
    207648  0.29935723E-09
    207936  0.29891453E-09
    208224  0.29779865E-09
    208512  0.29644112E-09
    208800  0.29488637E-09
    209088  0.29317193E-09
    209376  0.29132774E-09
    209664  0.28937835E-09
    209952  0.29029057E-09
    210240  0.29047384E-09
    210528  0.29007258E-09
    210816  0.28920449E-09
    211104  0.28796643E-09
    211392  0.28643807E-09
    211680  0.28468097E-09
    211968  0.28565544E-09
    212256  0.28584213E-09
    212544  0.28540179E-09
    212832  0.28446751E-09
    213120  0.28314701E-09
    213408  0.28152858E-09
    213696  0.28256986E-09
    213984  0.28278202E-09
    214272  0.28234284E-09
    214560  0.28139510E-09
    214848  0.28005495E-09
    215136  0.27841640E-09
    215424  0.27942229E-09
    215712  0.27959768E-09
    216000  0.27912833E-09
    216288  0.27816310E-09
    216576  0.27681943E-09
    216864  0.27519087E-09
    217152  0.27620173E-09
    217440  0.27639158E-09
    217728  0.27621291E-09
    218016  0.27549193E-09
    218304  0.27436109E-09
    218592  0.27576161E-09
    218880  0.27626418E-09
    219168  0.27608046E-09
    219456  0.27537639E-09
    219744  0.27428190E-09
    220032  0.27290001E-09
    220320  0.27440883E-09
    220608  0.27502287E-09
    220896  0.27495828E-09
    221184  0.27438296E-09
    221472  0.27343103E-09
    221760  0.27220826E-09
    222048  0.27361657E-09
    222336  0.27445582E-09
    222624  0.27460464E-09
    222912  0.27423830E-09
    223200  0.27349614E-09
    223488  0.27531721E-09
    223776  0.27623887E-09
    224064  0.27675207E-09
    224352  0.27669855E-09
    224640  0.27623109E-09
    224928  0.27546476E-09
    225216  0.27448807E-09
    225504  0.27647512E-09
    225792  0.27757466E-09
    226080  0.27801450E-09
    226368  0.27796923E-09
    226656  0.27757191E-09
    226944  0.27721389E-09
    227232  0.27945204E-09
    227520  0.28078309E-09
    227808  0.28144156E-09
    228096  0.28160857E-09
    228384  0.28170621E-09
    228672  0.28147840E-09
    228960  0.28102179E-09
    229248  0.28328037E-09
    229536  0.28495495E-09
    229824  0.28591646E-09
    230112  0.28636060E-09
    230400  0.28643110E-09
    230688  0.28653618E-09
    230976  0.28637173E-09
    231264  0.28891581E-09
    231552  0.29055061E-09
    231840  0.29181726E-09
    232128  0.29251626E-09
    232416  0.29280359E-09
    232704  0.29279559E-09
    232992  0.29289687E-09
    233280  0.29276018E-09
    233568  0.29539146E-09
    233856  0.29708513E-09
    234144  0.29840885E-09
    234432  0.29914382E-09
    234720  0.29944996E-09
    235008  0.29944239E-09
    235296  0.29953992E-09
    235584  0.29937172E-09
    235872  0.30168310E-09
    236160  0.30307540E-09
    236448  0.30413358E-09
    236736  0.30459796E-09
    237024  0.30462724E-09
    237312  0.30433789E-09
    237600  0.30381109E-09
    237888  0.30346173E-09
    238176  0.30592404E-09
    238464  0.30726746E-09
    238752  0.30780392E-09
    239040  0.30812153E-09
    239328  0.30790975E-09
    239616  0.30732272E-09
    239904  0.30647185E-09
    240192  0.30581890E-09
    240480  0.30806580E-09
    240768  0.30910671E-09
    241056  0.30932443E-09
    241344  0.30898759E-09
    241632  0.30867206E-09
    241920  0.30799926E-09
    242208  0.30710723E-09
    242496  0.30609329E-09
    242784  0.30865768E-09
    243072  0.30992087E-09
    243360  0.31035213E-09
    243648  0.31027150E-09
    243936  0.30988967E-09
    244224  0.30976044E-09
    244512  0.30940583E-09
    244800  0.30894148E-09
    245088  0.31174141E-09
    245376  0.31330857E-09
    245664  0.31412253E-09
    245952  0.31492020E-09
    246240  0.31530586E-09
    246528  0.31546402E-09
    246816  0.31550829E-09
    247104  0.31550862E-09
    247392  0.31886510E-09
    247680  0.32137815E-09
    247968  0.32294428E-09
    248256  0.32394756E-09
    248544  0.32462605E-09
    248832  0.32512509E-09
    249120  0.32553280E-09
    249408  0.32590167E-09
    249696  0.32967848E-09
    249984  0.33258252E-09
    250272  0.33448946E-09
    250560  0.33580416E-09
    250848  0.33677314E-09
    251136  0.33754488E-09
    251424  0.33820829E-09
    251712  0.33881614E-09
    252000  0.34286821E-09
    252288  0.34551523E-09
    252576  0.34731917E-09
    252864  0.34862163E-09
    253152  0.34962896E-09
    253440  0.35100062E-09
    253728  0.35205550E-09
    254016  0.35292347E-09
    254304  0.35720082E-09
    254592  0.35997369E-09
    254880  0.36184350E-09
    255168  0.36317149E-09
    255456  0.36417502E-09
    255744  0.36498121E-09
    256032  0.36566297E-09
    256320  0.36626013E-09
    256608  0.36679423E-09
    256896  0.36727510E-09
    257184  0.36770526E-09
    257472  0.37163086E-09
    257760  0.37399017E-09
    258048  0.37540324E-09
    258336  0.37624870E-09
    258624  0.37674230E-09
    258912  0.37700365E-09
    259200  0.37709835E-09
    259488  0.37706002E-09
    259776  0.37690540E-09
    260064  0.37663986E-09
    260352  0.37626449E-09
    260640  0.37522044E-09
    260928  0.37434417E-09
    261216  0.37349848E-09
    261504  0.37260983E-09
    261792  0.37164083E-09
    262080  0.37057299E-09
    262368  0.36939854E-09
    262656  0.36810635E-09
    262944  0.36666623E-09
    263232  0.36507605E-09
    263520  0.36341657E-09
    263808  0.36241332E-09
    264096  0.36305026E-09
    264384  0.36447442E-09
    264672  0.36694689E-09
    264960  0.36995421E-09
    265248  0.37323428E-09
    265536  0.37664982E-09
    265824  0.38011908E-09
    266112  0.38358791E-09
    266400  0.38701498E-09
    266688  0.39037512E-09
    266976  0.39365222E-09
    267264  0.39628889E-09
    267552  0.39915055E-09
    267840  0.39856379E-09
    268128  0.39946602E-09
    268416  0.40103731E-09
    268704  0.40290155E-09
    268992  0.40488612E-09
    269280  0.40690676E-09
    269568  0.40834505E-09
    269856  0.41010936E-09
    270144  0.41195108E-09
    270432  0.41009141E-09
    270720  0.40985673E-09
    271008  0.41039705E-09
    271296  0.41131695E-09
    271584  0.41243040E-09
    271872  0.41364423E-09
    272160  0.41432574E-09
    272448  0.41157452E-09
    272736  0.41068754E-09
    273024  0.41070475E-09
    273312  0.41117942E-09
    273600  0.41189965E-09
    273888  0.41275999E-09
    274176  0.40982559E-09
    274464  0.40810202E-09
    274752  0.40766515E-09
    275040  0.40784648E-09
    275328  0.40834552E-09
    275616  0.40902204E-09
    275904  0.40585793E-09
    276192  0.40454545E-09
    276480  0.40419301E-09
    276768  0.40378537E-09
    277056  0.40401338E-09
    277344  0.40055420E-09
    277632  0.39905479E-09
    277920  0.39858175E-09
    278208  0.39865938E-09
    278496  0.39505796E-09
    278784  0.39344350E-09
    279072  0.39289003E-09
    279360  0.39236592E-09
    279648  0.38849068E-09
    279936  0.38674655E-09
    280224  0.38613032E-09
    280512  0.38612349E-09
    280800  0.38646658E-09
    281088  0.38299930E-09
    281376  0.38144798E-09
    281664  0.38094475E-09
    281952  0.38050069E-09
    282240  0.37576800E-09
    282528  0.37351772E-09
    282816  0.37261755E-09
    283104  0.37245673E-09
    283392  0.37271561E-09
    283680  0.36922423E-09
    283968  0.36763464E-09
    284256  0.36711229E-09
    284544  0.36718584E-09
    284832  0.36310305E-09
    285120  0.36123188E-09
    285408  0.36057962E-09
    285696  0.35661760E-09
    285984  0.35473915E-09
    286272  0.35403894E-09
    286560  0.35400255E-09
    286848  0.35040418E-09
    287136  0.34870809E-09
    287424  0.34762906E-09
    287712  0.34743075E-09
    288000  0.34378050E-09
    288288  0.34204695E-09
    288576  0.34142020E-09
    288864  0.34142672E-09
    289152  0.33790651E-09
    289440  0.33621192E-09
    289728  0.33559089E-09
    290016  0.33514608E-09
    290304  0.33141856E-09
    290592  0.32959860E-09
    290880  0.32890068E-09
    291168  0.32885231E-09
    291456  0.32536213E-09
    291744  0.32363007E-09
    292032  0.32295325E-09
    292320  0.32248010E-09
    292608  0.32258488E-09
    292896  0.31923097E-09
    293184  0.31755423E-09
    293472  0.31690242E-09
    293760  0.31686548E-09
    294048  0.31347824E-09
    294336  0.31133762E-09
    294624  0.31041367E-09
    294912  0.31021768E-09
    295200  0.31045844E-09
    295488  0.30730896E-09
    295776  0.30569428E-09
    296064  0.30504843E-09
    296352  0.30461703E-09
    296640  0.30471489E-09
    296928  0.30156039E-09
    297216  0.29989961E-09
    297504  0.29919633E-09
    297792  0.29909580E-09
    298080  0.29902067E-09
    298368  0.29934014E-09
    298656  0.29646116E-09
    298944  0.29494246E-09
    299232  0.29432784E-09
    299520  0.29430355E-09
    299808  0.29432282E-09
    300096  0.29473260E-09
    300384  0.29540151E-09
    300672  0.29294725E-09
    300960  0.29166344E-09
    301248  0.29118102E-09
    301536  0.29089914E-09
    301824  0.29107863E-09
    302112  0.29155500E-09
    302400  0.29221864E-09
    302688  0.29299427E-09
    302976  0.29383226E-09
    303264  0.29438996E-09
    303552  0.29191777E-09
    303840  0.29036390E-09
    304128  0.28945416E-09
    304416  0.28897798E-09
    304704  0.28847580E-09
    304992  0.28823366E-09
    305280  0.28814920E-09
    305568  0.28815095E-09
    305856  0.28818842E-09
    306144  0.28822564E-09
    306432  0.28794966E-09
    306720  0.28770716E-09
    307008  0.28746508E-09
    307296  0.28719932E-09
    307584  0.28689323E-09
    307872  0.28653457E-09
    308160  0.28611577E-09
    308448  0.28535260E-09
    308736  0.28458594E-09
    309024  0.28379712E-09
    309312  0.28297312E-09
    309600  0.28210381E-09
    309888  0.28118230E-09
    310176  0.28020444E-09
    310464  0.27889796E-09
    310752  0.27759181E-09
    311040  0.27627334E-09
    311328  0.27493188E-09
    311616  0.27355984E-09
    311904  0.27215208E-09
    312192  0.27344890E-09
    312480  0.27408581E-09
    312768  0.27419009E-09
    313056  0.27386546E-09
    313344  0.27294572E-09
    313632  0.27180466E-09
    313920  0.27048389E-09
    314208  0.26901864E-09
    314496  0.26743679E-09
    314784  0.26575891E-09
    315072  0.26668798E-09
