       288  0.28255525E-08
       576  0.26116569E-08
       864  0.24242948E-08
      1152  0.22602404E-08
      1440  0.21165141E-08
      1728  0.20109769E-08
      2016  0.19165445E-08
      2304  0.18318626E-08
      2592  0.17557538E-08
      2880  0.16871746E-08
      3168  0.16252019E-08
      3456  0.15854635E-08
      3744  0.15477390E-08
      4032  0.15118649E-08
      4320  0.14776874E-08
      4608  0.14450772E-08
      4896  0.14139201E-08
      5184  0.13988148E-08
      5472  0.13823227E-08
      5760  0.13647447E-08
      6048  0.13463303E-08
      6336  0.13273076E-08
      6624  0.13078753E-08
      6912  0.13020351E-08
      7200  0.12936140E-08
      7488  0.12847502E-08
      7776  0.12739182E-08
      8064  0.12615217E-08
      8352  0.12613161E-08
      8640  0.12577795E-08
      8928  0.12515056E-08
      9216  0.12430190E-08
      9504  0.12327759E-08
      9792  0.12211715E-08
     10080  0.12232808E-08
     10368  0.12219232E-08
     10656  0.12177449E-08
     10944  0.12113075E-08
     11232  0.12030920E-08
     11520  0.11935141E-08
     11808  0.11957239E-08
     12096  0.11964312E-08
     12384  0.11942776E-08
     12672  0.11898518E-08
     12960  0.11836563E-08
     13248  0.11887983E-08
     13536  0.11904656E-08
     13824  0.11910664E-08
     14112  0.11891611E-08
     14400  0.11853012E-08
     14688  0.11799486E-08
     14976  0.11734914E-08
     15264  0.11804808E-08
     15552  0.11840675E-08
     15840  0.11849602E-08
     16128  0.11837596E-08
     16416  0.11809606E-08
     16704  0.11787910E-08
     16992  0.11877885E-08
     17280  0.11933374E-08
     17568  0.11961844E-08
     17856  0.11969351E-08
     18144  0.11979293E-08
     18432  0.11973708E-08
     18720  0.11956595E-08
     19008  0.12054394E-08
     19296  0.12137072E-08
     19584  0.12189316E-08
     19872  0.12217650E-08
     20160  0.12227594E-08
     20448  0.12243169E-08
     20736  0.12244505E-08
     21024  0.12360232E-08
     21312  0.12440464E-08
     21600  0.12512655E-08
     21888  0.12559227E-08
     22176  0.12586139E-08
     22464  0.12598081E-08
     22752  0.12619149E-08
     23040  0.12627083E-08
     23328  0.12752658E-08
     23616  0.12840967E-08
     23904  0.12920796E-08
     24192  0.12973391E-08
     24480  0.13004837E-08
     24768  0.13019833E-08
     25056  0.13043663E-08
     25344  0.13052205E-08
     25632  0.13166995E-08
     25920  0.13243041E-08
     26208  0.13310895E-08
     26496  0.13349772E-08
     26784  0.13365898E-08
     27072  0.13364124E-08
     27360  0.13348139E-08
     27648  0.13343922E-08
     27936  0.13459983E-08
     28224  0.13528036E-08
     28512  0.13559294E-08
     28800  0.13585794E-08
     29088  0.13584367E-08
     29376  0.13561796E-08
     29664  0.13523306E-08
     29952  0.13497662E-08
     30240  0.13596874E-08
     30528  0.13644500E-08
     30816  0.13654897E-08
     31104  0.13638853E-08
     31392  0.13629772E-08
     31680  0.13601207E-08
     31968  0.13560015E-08
     32256  0.13511363E-08
     32544  0.13630055E-08
     32832  0.13694670E-08
     33120  0.13723030E-08
     33408  0.13728070E-08
     33696  0.13718980E-08
     33984  0.13729708E-08
     34272  0.13728537E-08
     34560  0.13721375E-08
     34848  0.13861502E-08
     35136  0.13952910E-08
     35424  0.14013235E-08
     35712  0.14083120E-08
     36000  0.14132673E-08
     36288  0.14170427E-08
     36576  0.14202085E-08
     36864  0.14231392E-08
     37152  0.14415565E-08
     37440  0.14578010E-08
     37728  0.14697475E-08
     38016  0.14789913E-08
     38304  0.14865821E-08
     38592  0.14932083E-08
     38880  0.14993151E-08
     39168  0.15051903E-08
     39456  0.15271747E-08
     39744  0.15467790E-08
     40032  0.15617060E-08
     40320  0.15736641E-08
     40608  0.15837673E-08
     40896  0.15927398E-08
     41184  0.16010491E-08
     41472  0.16089912E-08
     41760  0.16337025E-08
     42048  0.16523548E-08
     42336  0.16671445E-08
     42624  0.16794893E-08
     42912  0.16903047E-08
     43200  0.17038366E-08
     43488  0.17155208E-08
     43776  0.17260536E-08
     44064  0.17537130E-08
     44352  0.17746131E-08
     44640  0.17912180E-08
     44928  0.18050859E-08
     45216  0.18172278E-08
     45504  0.18282917E-08
     45792  0.18386884E-08
     46080  0.18486817E-08
     46368  0.18584390E-08
     46656  0.18680653E-08
     46944  0.18776261E-08
     47232  0.19063224E-08
     47520  0.19281889E-08
     47808  0.19457034E-08
     48096  0.19604569E-08
     48384  0.19734385E-08
     48672  0.19941537E-08
     48960  0.20286961E-08
     49248  0.20542317E-08
     49536  0.20740114E-08
     49824  0.20901147E-08
     50112  0.21038762E-08
     50400  0.21115916E-08
     50688  0.21199773E-08
     50976  0.21287911E-08
     51264  0.21378792E-08
     51552  0.21471418E-08
     51840  0.21565074E-08
     52128  0.21659310E-08
     52416  0.21753863E-08
     52704  0.21848530E-08
     52992  0.21943114E-08
     53280  0.22037547E-08
     53568  0.22131705E-08
     53856  0.22225521E-08
     54144  0.22270736E-08
     54432  0.22332671E-08
     54720  0.22405056E-08
     55008  0.22483877E-08
     55296  0.22566549E-08
     55584  0.22651432E-08
     55872  0.22737490E-08
     56160  0.22823963E-08
     56448  0.22910411E-08
     56736  0.22996558E-08
     57024  0.23033839E-08
     57312  0.23087345E-08
     57600  0.22907107E-08
     57888  0.22820421E-08
     58176  0.22791677E-08
     58464  0.22796467E-08
     58752  0.22819782E-08
     59040  0.22853022E-08
     59328  0.22842492E-08
     59616  0.22850515E-08
     59904  0.22868880E-08
     60192  0.22644446E-08
     60480  0.22508646E-08
     60768  0.22426769E-08
     61056  0.22376794E-08
     61344  0.22344562E-08
     61632  0.22320836E-08
     61920  0.22252997E-08
     62208  0.21953515E-08
     62496  0.21747215E-08
     62784  0.21596214E-08
     63072  0.21476425E-08
     63360  0.21372237E-08
     63648  0.21273554E-08
     63936  0.20934903E-08
     64224  0.20631001E-08
     64512  0.20387954E-08
     64800  0.20178461E-08
     65088  0.19985125E-08
     65376  0.19796931E-08
     65664  0.19381097E-08
     65952  0.19039326E-08
     66240  0.18739632E-08
     66528  0.18425508E-08
     66816  0.18136064E-08
     67104  0.17649804E-08
     67392  0.17244046E-08
     67680  0.16886927E-08
     67968  0.16559313E-08
     68256  0.16058039E-08
     68544  0.15638075E-08
     68832  0.15269768E-08
     69120  0.14906950E-08
     69408  0.14405176E-08
     69696  0.13992038E-08
     69984  0.13636831E-08
     70272  0.13321311E-08
     70560  0.13034822E-08
     70848  0.12617385E-08
     71136  0.12273669E-08
     71424  0.11979679E-08
     71712  0.11699752E-08
     72000  0.11286981E-08
     72288  0.10960997E-08
     72576  0.10692062E-08
     72864  0.10462708E-08
     73152  0.10262525E-08
     73440  0.99623076E-09
     73728  0.97237240E-09
     74016  0.95266328E-09
     74304  0.93592423E-09
     74592  0.90846936E-09
     74880  0.88742574E-09
     75168  0.87058311E-09
     75456  0.84604568E-09
     75744  0.82730200E-09
     76032  0.81237950E-09
     76320  0.80013379E-09
     76608  0.78007473E-09
     76896  0.76489109E-09
     77184  0.75160123E-09
     77472  0.74117079E-09
     77760  0.72357625E-09
     78048  0.71055306E-09
     78336  0.70053097E-09
     78624  0.69259487E-09
     78912  0.67758316E-09
     79200  0.66659234E-09
     79488  0.65825245E-09
     79776  0.65064926E-09
     80064  0.63671568E-09
     80352  0.62675770E-09
     80640  0.61939248E-09
     80928  0.61380906E-09
     81216  0.60180361E-09
     81504  0.59325717E-09
     81792  0.58699368E-09
     82080  0.58134036E-09
     82368  0.57724975E-09
     82656  0.56697802E-09
     82944  0.55983274E-09
     83232  0.55475324E-09
     83520  0.55110178E-09
     83808  0.54154498E-09
     84096  0.53403687E-09
     84384  0.52885013E-09
     84672  0.52524390E-09
     84960  0.52276367E-09
     85248  0.51454202E-09
     85536  0.50895943E-09
     85824  0.50516197E-09
     86112  0.50182430E-09
     86400  0.49971111E-09
     86688  0.49225196E-09
     86976  0.48730192E-09
     87264  0.48406112E-09
     87552  0.48202992E-09
     87840  0.48015786E-09
     88128  0.47922344E-09
     88416  0.47313481E-09
     88704  0.46922088E-09
     88992  0.46681009E-09
     89280  0.46546775E-09
     89568  0.46422566E-09
     89856  0.46379464E-09
     90144  0.46395618E-09
     90432  0.45911919E-09
     90720  0.45603146E-09
     91008  0.45415993E-09
     91296  0.45250342E-09
     91584  0.45165038E-09
     91872  0.45135826E-09
     92160  0.45145102E-09
     92448  0.45180282E-09
     92736  0.45232199E-09
     93024  0.45235010E-09
     93312  0.44762760E-09
     93600  0.44417653E-09
     93888  0.44160595E-09
     94176  0.43963852E-09
     94464  0.43751250E-09
     94752  0.43579912E-09
     95040  0.43434970E-09
     95328  0.43305670E-09
     95616  0.43184356E-09
     95904  0.43065529E-09
     96192  0.42893125E-09
     96480  0.42729151E-09
     96768  0.42567783E-09
     97056  0.42404713E-09
     97344  0.42236667E-09
     97632  0.42061307E-09
     97920  0.41876894E-09
     98208  0.41633713E-09
     98496  0.41390771E-09
     98784  0.41144854E-09
     99072  0.40893705E-09
     99360  0.40635728E-09
     99648  0.40369791E-09
     99936  0.40095560E-09
    100224  0.39766884E-09
    100512  0.39439757E-09
    100800  0.39112250E-09
    101088  0.38782846E-09
    101376  0.38450726E-09
    101664  0.38115264E-09
    101952  0.38167031E-09
    102240  0.38133913E-09
    102528  0.38031006E-09
    102816  0.37870945E-09
    103104  0.37622569E-09
    103392  0.37345649E-09
    103680  0.37045392E-09
    103968  0.36726680E-09
    104256  0.36393352E-09
    104544  0.36048836E-09
    104832  0.36067266E-09
    105120  0.36000569E-09
    105408  0.35865141E-09
    105696  0.35674386E-09
    105984  0.35439754E-09
    106272  0.35170569E-09
    106560  0.34874958E-09
    106848  0.34919997E-09
    107136  0.34872713E-09
    107424  0.34751274E-09
    107712  0.34571096E-09
    108000  0.34344991E-09
    108288  0.34083350E-09
    108576  0.34149783E-09
    108864  0.34119149E-09
    109152  0.34011416E-09
    109440  0.33843173E-09
    109728  0.33628100E-09
    110016  0.33377562E-09
    110304  0.33449776E-09
    110592  0.33425337E-09
    110880  0.33324696E-09
    111168  0.33165137E-09
    111456  0.32960359E-09
    111744  0.32722086E-09
    112032  0.32803754E-09
    112320  0.32789649E-09
    112608  0.32736583E-09
    112896  0.32618214E-09
    113184  0.32450684E-09
    113472  0.32587991E-09
    113760  0.32620062E-09
    114048  0.32570568E-09
    114336  0.32459080E-09
    114624  0.32300818E-09
    114912  0.32108385E-09
    115200  0.32266054E-09
    115488  0.32318523E-09
    115776  0.32290481E-09
    116064  0.32201436E-09
    116352  0.32067296E-09
    116640  0.31900324E-09
    116928  0.32047823E-09
    117216  0.32133268E-09
    117504  0.32136663E-09
    117792  0.32078470E-09
    118080  0.31974878E-09
    118368  0.32176584E-09
    118656  0.32272979E-09
    118944  0.32325181E-09
    119232  0.32309402E-09
    119520  0.32243261E-09
    119808  0.32140970E-09
    120096  0.32013084E-09
    120384  0.32241604E-09
    120672  0.32365075E-09
    120960  0.32410261E-09
    121248  0.32397510E-09
    121536  0.32342426E-09
    121824  0.32295167E-09
    122112  0.32555772E-09
    122400  0.32709227E-09
    122688  0.32783046E-09
    122976  0.32798064E-09
    123264  0.32808059E-09
    123552  0.32778111E-09
    123840  0.32719930E-09
    124128  0.32983494E-09
    124416  0.33182782E-09
    124704  0.33297071E-09
    124992  0.33348840E-09
    125280  0.33355113E-09
    125568  0.33368228E-09
    125856  0.33348208E-09
    126144  0.33649239E-09
    126432  0.33842720E-09
    126720  0.33995912E-09
    127008  0.34080136E-09
    127296  0.34114100E-09
    127584  0.34111886E-09
    127872  0.34125122E-09
    128160  0.34108175E-09
    128448  0.34418937E-09
    128736  0.34618772E-09
    129024  0.34778355E-09
    129312  0.34866121E-09
    129600  0.34901113E-09
    129888  0.34897249E-09
    130176  0.34908709E-09
    130464  0.34886502E-09
    130752  0.35157213E-09
    131040  0.35318590E-09
    131328  0.35442493E-09
    131616  0.35493647E-09
    131904  0.35491202E-09
    132192  0.35448799E-09
    132480  0.35376438E-09
    132768  0.35327893E-09
    133056  0.35610370E-09
    133344  0.35759154E-09
    133632  0.35810624E-09
    133920  0.35837969E-09
    134208  0.35799955E-09
    134496  0.35715478E-09
    134784  0.35597963E-09
    135072  0.35505804E-09
    135360  0.35753003E-09
    135648  0.35856570E-09
    135936  0.35861533E-09
    136224  0.35799963E-09
    136512  0.35743694E-09
    136800  0.35642675E-09
    137088  0.35514267E-09
    137376  0.35370454E-09
    137664  0.35647205E-09
    137952  0.35769232E-09
    138240  0.35791500E-09
    138528  0.35751727E-09
    138816  0.35675310E-09
    139104  0.35631309E-09
    139392  0.35558206E-09
    139680  0.35469908E-09
    139968  0.35754200E-09
    140256  0.35892106E-09
    140544  0.35939177E-09
    140832  0.35984585E-09
    141120  0.35977002E-09
    141408  0.35938649E-09
    141696  0.35883060E-09
    141984  0.35818118E-09
    142272  0.36121736E-09
    142560  0.36323991E-09
    142848  0.36408115E-09
    143136  0.36420422E-09
    143424  0.36389078E-09
    143712  0.36330453E-09
    144000  0.36253633E-09
    144288  0.36163300E-09
    144576  0.36420220E-09
    144864  0.36566530E-09
    145152  0.36587269E-09
    145440  0.36531653E-09
    145728  0.36427930E-09
    146016  0.36291387E-09
    146304  0.36129499E-09
    146592  0.35944817E-09
    146880  0.36065911E-09
    147168  0.36022299E-09
    147456  0.35889999E-09
    147744  0.35762077E-09
    148032  0.35698547E-09
    148320  0.35753087E-09
    148608  0.35841710E-09
    148896  0.35971498E-09
    149184  0.36452827E-09
    149472  0.36844555E-09
    149760  0.37204376E-09
    150048  0.37555328E-09
    150336  0.37905393E-09
    150624  0.38256096E-09
    150912  0.38606915E-09
    151200  0.38956849E-09
    151488  0.39305664E-09
    151776  0.39652498E-09
    152064  0.39996728E-09
    152352  0.40682613E-09
    152640  0.41233889E-09
    152928  0.41718606E-09
    153216  0.42164411E-09
    153504  0.42583131E-09
    153792  0.42979592E-09
    154080  0.43356765E-09
    154368  0.43716922E-09
    154656  0.44062617E-09
    154944  0.44395307E-09
    155232  0.44716339E-09
    155520  0.44959206E-09
    155808  0.45232418E-09
    156096  0.45512211E-09
    156384  0.45789250E-09
    156672  0.46060356E-09
    156960  0.46324661E-09
    157248  0.46582066E-09
    157536  0.46832893E-09
    157824  0.47077214E-09
    158112  0.47315024E-09
    158400  0.47546250E-09
    158688  0.47770937E-09
    158976  0.47989152E-09
    159264  0.48126975E-09
    159552  0.48302401E-09
    159840  0.48487464E-09
    160128  0.48671661E-09
    160416  0.48851395E-09
    160704  0.49025478E-09
    160992  0.49193899E-09
    161280  0.49356835E-09
    161568  0.49514215E-09
    161856  0.49666526E-09
    162144  0.49738569E-09
    162432  0.49850685E-09
    162720  0.49521259E-09
    163008  0.49371318E-09
    163296  0.49306720E-09
    163584  0.49289822E-09
    163872  0.49304572E-09
    164160  0.49342652E-09
    164448  0.49323701E-09
    164736  0.49363635E-09
    165024  0.49430632E-09
    165312  0.49049054E-09
    165600  0.48858695E-09
    165888  0.48764648E-09
    166176  0.48727056E-09
    166464  0.48727522E-09
    166752  0.48756293E-09
    167040  0.48732662E-09
    167328  0.48302112E-09
    167616  0.48087506E-09
    167904  0.47982596E-09
    168192  0.47941623E-09
    168480  0.47943161E-09
    168768  0.47975529E-09
    169056  0.47562942E-09
    169344  0.47282056E-09
    169632  0.47154503E-09
    169920  0.47109355E-09
    170208  0.47114418E-09
    170496  0.47153320E-09
    170784  0.46744847E-09
    171072  0.46544429E-09
    171360  0.46456364E-09
    171648  0.46365772E-09
    171936  0.46360524E-09
    172224  0.45928106E-09
    172512  0.45716028E-09
    172800  0.45624104E-09
    173088  0.45603987E-09
    173376  0.45157919E-09
    173664  0.44935317E-09
    173952  0.44837439E-09
    174240  0.44748000E-09
    174528  0.44273263E-09
    174816  0.44039261E-09
    175104  0.43937978E-09
    175392  0.43915555E-09
    175680  0.43944051E-09
    175968  0.43535245E-09
    176256  0.43339518E-09
    176544  0.43264167E-09
    176832  0.43198140E-09
    177120  0.42638190E-09
    177408  0.42352685E-09
    177696  0.42221104E-09
    177984  0.42180720E-09
    178272  0.42197962E-09
    178560  0.41786918E-09
    178848  0.41587236E-09
    179136  0.41509812E-09
    179424  0.41506176E-09
    179712  0.41023368E-09
    180000  0.40787276E-09
    180288  0.40690862E-09
    180576  0.40214992E-09
    180864  0.39970974E-09
    181152  0.39862474E-09
    181440  0.39836054E-09
    181728  0.39405756E-09
    182016  0.39186948E-09
    182304  0.39036047E-09
    182592  0.38991407E-09
    182880  0.38556280E-09
    183168  0.38333775E-09
    183456  0.38237150E-09
    183744  0.38216924E-09
    184032  0.37798156E-09
    184320  0.37580897E-09
    184608  0.37485057E-09
    184896  0.37410555E-09
    185184  0.36966669E-09
    185472  0.36733747E-09
    185760  0.36627643E-09
    186048  0.36598957E-09
    186336  0.36184003E-09
    186624  0.35962433E-09
    186912  0.35859571E-09
    187200  0.35780179E-09
    187488  0.35771755E-09
    187776  0.35377518E-09
    188064  0.35167000E-09
    188352  0.35070760E-09
    188640  0.35045949E-09
    188928  0.34647119E-09
    189216  0.34381181E-09
    189504  0.34251718E-09
    189792  0.34207040E-09
    190080  0.34215719E-09
    190368  0.33848557E-09
    190656  0.33649011E-09
    190944  0.33557337E-09
    191232  0.33490893E-09
    191520  0.33489353E-09
    191808  0.33129929E-09
    192096  0.32934752E-09
    192384  0.32846798E-09
    192672  0.32828909E-09
    192960  0.32815101E-09
    193248  0.32849637E-09
    193536  0.32531358E-09
    193824  0.32360228E-09
    194112  0.32287287E-09
    194400  0.32279529E-09
    194688  0.32274847E-09
    194976  0.32314509E-09
    195264  0.32383304E-09
    195552  0.32105996E-09
    195840  0.31953368E-09
    196128  0.31886252E-09
    196416  0.31838213E-09
    196704  0.31842060E-09
    196992  0.31880040E-09
    197280  0.31940034E-09
    197568  0.32013914E-09
    197856  0.32095820E-09
    198144  0.32145664E-09
    198432  0.31865036E-09
    198720  0.31683745E-09
    199008  0.31572603E-09
    199296  0.31509320E-09
    199584  0.31442174E-09
    199872  0.31404784E-09
    200160  0.31385633E-09
    200448  0.31376571E-09
    200736  0.31371822E-09
    201024  0.31367497E-09
    201312  0.31327235E-09
    201600  0.31291203E-09
    201888  0.31255579E-09
    202176  0.31217673E-09
    202464  0.31175487E-09
    202752  0.31127667E-09
    203040  0.31073347E-09
    203328  0.30979824E-09
    203616  0.30886302E-09
    203904  0.30790656E-09
    204192  0.30691374E-09
    204480  0.30587285E-09
    204768  0.30477593E-09
    205056  0.30361766E-09
    205344  0.30208486E-09
    205632  0.30055672E-09
    205920  0.29901787E-09
    206208  0.29745531E-09
    206496  0.29586092E-09
    206784  0.29422895E-09
    207072  0.29554426E-09
    207360  0.29614888E-09
    207648  0.29618025E-09
    207936  0.29574446E-09
    208224  0.29464364E-09
    208512  0.29330216E-09
    208800  0.29176811E-09
    209088  0.29007730E-09
    209376  0.28825792E-09
    209664  0.28633515E-09
    209952  0.28724903E-09
    210240  0.28743830E-09
    210528  0.28704591E-09
    210816  0.28619229E-09
    211104  0.28497274E-09
    211392  0.28346511E-09
    211680  0.28173397E-09
    211968  0.28271135E-09
    212256  0.28290284E-09
    212544  0.28247332E-09
    212832  0.28155453E-09
    213120  0.28025379E-09
    213408  0.27865729E-09
    213696  0.27969707E-09
    213984  0.27991590E-09
    214272  0.27948840E-09
    214560  0.27855684E-09
    214848  0.27723709E-09
    215136  0.27562133E-09
    215424  0.27662400E-09
    215712  0.27680538E-09
    216000  0.27634997E-09
    216288  0.27540120E-09
    216576  0.27407573E-09
    216864  0.27247149E-09
    217152  0.27348313E-09
    217440  0.27367802E-09
    217728  0.27350569E-09
    218016  0.27279512E-09
    218304  0.27167815E-09
    218592  0.27307140E-09
    218880  0.27357544E-09
    219168  0.27339891E-09
    219456  0.27270455E-09
    219744  0.27162270E-09
    220032  0.27026101E-09
    220320  0.27175776E-09
    220608  0.27236782E-09
    220896  0.27230546E-09
    221184  0.27173810E-09
    221472  0.27079944E-09
    221760  0.26959013E-09
    222048  0.27099176E-09
    222336  0.27182276E-09
    222624  0.27196936E-09
    222912  0.27160771E-09
    223200  0.27087249E-09
    223488  0.27267968E-09
    223776  0.27359376E-09
    224064  0.27409872E-09
    224352  0.27404459E-09
    224640  0.27357930E-09
    224928  0.27281830E-09
    225216  0.27185260E-09
    225504  0.27382099E-09
    225792  0.27490693E-09
    226080  0.27533836E-09
    226368  0.27528890E-09
    226656  0.27489505E-09
    226944  0.27453745E-09
    227232  0.27675062E-09
    227520  0.27806446E-09
    227808  0.27871155E-09
    228096  0.27887245E-09
    228384  0.27896402E-09
    228672  0.27873431E-09
    228960  0.27827740E-09
    229248  0.28050925E-09
    229536  0.28216093E-09
    229824  0.28310865E-09
    230112  0.28354283E-09
    230400  0.28360594E-09
    230688  0.28370065E-09
    230976  0.28353325E-09
    231264  0.28605021E-09
    231552  0.28766375E-09
    231840  0.28891070E-09
    232128  0.28959388E-09
    232416  0.28987074E-09
    232704  0.28985753E-09
    232992  0.28994854E-09
    233280  0.28980385E-09
    233568  0.29240083E-09
    233856  0.29407057E-09
    234144  0.29537325E-09
    234432  0.29609379E-09
    234720  0.29638914E-09
    235008  0.29637454E-09
    235296  0.29646507E-09
    235584  0.29629499E-09
    235872  0.29858038E-09
    236160  0.29995489E-09
    236448  0.30099231E-09
    236736  0.30144451E-09
    237024  0.30146985E-09
    237312  0.30118030E-09
    237600  0.30065517E-09
    237888  0.30030337E-09
    238176  0.30273967E-09
    238464  0.30406611E-09
    238752  0.30459610E-09
    239040  0.30490757E-09
    239328  0.30469735E-09
    239616  0.30411737E-09
    239904  0.30327882E-09
    240192  0.30263136E-09
    240480  0.30485520E-09
    240768  0.30588521E-09
    241056  0.30610126E-09
    241344  0.30576980E-09
    241632  0.30545869E-09
    241920  0.30479511E-09
    242208  0.30391428E-09
    242496  0.30291483E-09
    242784  0.30545513E-09
    243072  0.30670474E-09
    243360  0.30713138E-09
    243648  0.30704997E-09
    243936  0.30666913E-09
    244224  0.30653410E-09
    244512  0.30617980E-09
    244800  0.30572062E-09
    245088  0.30849476E-09
    245376  0.31004133E-09
    245664  0.31084266E-09
    245952  0.31162459E-09
    246240  0.31199948E-09
    246528  0.31214878E-09
    246816  0.31218506E-09
    247104  0.31217726E-09
    247392  0.31549413E-09
    247680  0.31797170E-09
    247968  0.31951330E-09
    248256  0.32049854E-09
    248544  0.32116232E-09
    248832  0.32164899E-09
    249120  0.32204525E-09
    249408  0.32240352E-09
    249696  0.32613848E-09
    249984  0.32900785E-09
    250272  0.33089220E-09
    250560  0.33219200E-09
    250848  0.33315026E-09
    251136  0.33391417E-09
    251424  0.33457165E-09
    251712  0.33517533E-09
    252000  0.33919503E-09
    252288  0.34182365E-09
    252576  0.34361827E-09
    252864  0.34491851E-09
    253152  0.34592954E-09
    253440  0.34730174E-09
    253728  0.34836534E-09
    254016  0.34924796E-09
    254304  0.35352310E-09
    254592  0.35631423E-09
    254880  0.35821318E-09
    255168  0.35958025E-09
    255456  0.36062986E-09
    255744  0.36148942E-09
    256032  0.36223166E-09
    256320  0.36289702E-09
    256608  0.36350781E-09
    256896  0.36407438E-09
    257184  0.36460071E-09
    257472  0.36863437E-09
    257760  0.37113154E-09
    258048  0.37270331E-09
    258336  0.37371942E-09
    258624  0.37439102E-09
    258912  0.37483894E-09
    259200  0.37512932E-09
    259488  0.37529624E-09
    259776  0.37535605E-09
    260064  0.37531581E-09
    260352  0.37517583E-09
    260640  0.37437209E-09
    260928  0.37373718E-09
    261216  0.37314174E-09
    261504  0.37251263E-09
    261792  0.37181061E-09
    262080  0.37101461E-09
    262368  0.37011441E-09
    262656  0.36910580E-09
    262944  0.36798786E-09
    263232  0.36676165E-09
    263520  0.36542058E-09
    263808  0.36394060E-09
    264096  0.36232789E-09
    264384  0.36018558E-09
    264672  0.35896378E-09
    264960  0.35941411E-09
    265248  0.36114930E-09
    265536  0.36364031E-09
    265824  0.36657280E-09
    266112  0.36976172E-09
    266400  0.37309103E-09
    266688  0.37649187E-09
    266976  0.37991185E-09
    267264  0.38279566E-09
    267552  0.38594739E-09
    267840  0.38580716E-09
    268128  0.38711798E-09
    268416  0.38907902E-09
    268704  0.39132522E-09
    268992  0.39368844E-09
    269280  0.39608697E-09
    269568  0.39792705E-09
    269856  0.40007903E-09
    270144  0.40229697E-09
    270432  0.40088322E-09
    270720  0.40102005E-09
    271008  0.40188688E-09
    271296  0.40311052E-09
    271584  0.40451972E-09
    271872  0.40602455E-09
    272160  0.40700671E-09
    272448  0.40459855E-09
    272736  0.40398723E-09
    273024  0.40424111E-09
    273312  0.40493256E-09
    273600  0.40586162E-09
    273888  0.40692938E-09
    274176  0.40424766E-09
    274464  0.40273446E-09
    274752  0.40247286E-09
    275040  0.40281720E-09
    275328  0.40347584E-09
    275616  0.40430986E-09
    275904  0.40134018E-09
    276192  0.40017495E-09
    276480  0.39994594E-09
    276768  0.39966344E-09
    277056  0.40001344E-09
    277344  0.39670262E-09
    277632  0.39530965E-09
    277920  0.39492173E-09
    278208  0.39508186E-09
    278496  0.39158898E-09
    278784  0.39004711E-09
    279072  0.38955139E-09
    279360  0.38909206E-09
    279648  0.38530282E-09
    279936  0.38361109E-09
    280224  0.38303258E-09
    280512  0.38306527E-09
    280800  0.38345216E-09
    281088  0.38005923E-09
    281376  0.37855130E-09
    281664  0.37807527E-09
    281952  0.37766021E-09
    282240  0.37298631E-09
    282528  0.37075723E-09
    282816  0.36986239E-09
    283104  0.36970549E-09
    283392  0.36997369E-09
    283680  0.36651823E-09
    283968  0.36494044E-09
    284256  0.36441877E-09
    284544  0.36449851E-09
    284832  0.36044884E-09
    285120  0.35858394E-09
    285408  0.35792430E-09
    285696  0.35397654E-09
    285984  0.35208894E-09
    286272  0.35136932E-09
    286560  0.35131623E-09
    286848  0.34772868E-09
    287136  0.34602171E-09
    287424  0.34492839E-09
    287712  0.34471681E-09
    288000  0.34107822E-09
    288288  0.33933539E-09
    288576  0.33869108E-09
    288864  0.33867945E-09
    289152  0.33516567E-09
    289440  0.33345868E-09
    289728  0.33281727E-09
    290016  0.33236000E-09
    290304  0.32864206E-09
    290592  0.32681105E-09
    290880  0.32609132E-09
    291168  0.32602129E-09
    291456  0.32253833E-09
    291744  0.32079436E-09
    292032  0.32009731E-09
    292320  0.31960509E-09
    292608  0.31968653E-09
    292896  0.31634315E-09
    293184  0.31465805E-09
    293472  0.31398872E-09
    293760  0.31393271E-09
    294048  0.31055097E-09
    294336  0.30840602E-09
    294624  0.30746497E-09
    294912  0.30724287E-09
    295200  0.30744624E-09
    295488  0.30427599E-09
    295776  0.30261055E-09
    296064  0.30189340E-09
    296352  0.30139027E-09
    296640  0.30141892E-09
    296928  0.29823413E-09
    297216  0.29653191E-09
    297504  0.29578365E-09
    297792  0.29564048E-09
    298080  0.29553104E-09
    298368  0.29581509E-09
    298656  0.29294309E-09
    298944  0.29141983E-09
    299232  0.29079592E-09
    299520  0.29076441E-09
    299808  0.29078806E-09
    300096  0.29119701E-09
    300384  0.29186217E-09
    300672  0.28943795E-09
    300960  0.28817079E-09
    301248  0.28769631E-09
    301536  0.28742458E-09
    301824  0.28760716E-09
    302112  0.28808109E-09
    302400  0.28873987E-09
    302688  0.28950878E-09
    302976  0.29033870E-09
    303264  0.29089514E-09
    303552  0.28844985E-09
    303840  0.28691161E-09
    304128  0.28600949E-09
    304416  0.28553679E-09
    304704  0.28504213E-09
    304992  0.28480279E-09
    305280  0.28471836E-09
    305568  0.28471892E-09
    305856  0.28475591E-09
    306144  0.28479383E-09
    306432  0.28452318E-09
    306720  0.28428448E-09
    307008  0.28404509E-09
    307296  0.28378364E-09
    307584  0.28348351E-09
    307872  0.28313218E-09
    308160  0.28272135E-09
    308448  0.28197328E-09
    308736  0.28122055E-09
    309024  0.28044567E-09
    309312  0.27963509E-09
    309600  0.27877914E-09
    309888  0.27787123E-09
    310176  0.27690794E-09
    310464  0.27562447E-09
    310752  0.27434260E-09
    311040  0.27304753E-09
    311328  0.27172894E-09
    311616  0.27038069E-09
    311904  0.26899824E-09
    312192  0.27029418E-09
    312480  0.27093203E-09
    312768  0.27104019E-09
    313056  0.27072511E-09
    313344  0.26982430E-09
    313632  0.26870556E-09
    313920  0.26741115E-09
    314208  0.26597352E-09
    314496  0.26441838E-09
    314784  0.26276981E-09
    315072  0.26370259E-09
