         1  0.30649887E-08
       288  0.28167861E-08
       576  0.26295481E-08
       864  0.24878484E-08
      1152  0.23775721E-08
      1440  0.22888196E-08
      1728  0.22183864E-08
      2016  0.21586717E-08
      2304  0.21070936E-08
      2592  0.20618252E-08
      2880  0.20215978E-08
      3168  0.19854647E-08
      3456  0.19543700E-08
      3744  0.19263957E-08
      4032  0.19015156E-08
      4320  0.18799482E-08
      4608  0.18618260E-08
      4896  0.18471552E-08
      5184  0.18371598E-08
      5472  0.18306293E-08
      5760  0.18277000E-08
      6048  0.18284728E-08
      6336  0.18330046E-08
      6624  0.18413441E-08
      6912  0.18548911E-08
      7200  0.18721715E-08
      7488  0.18936881E-08
      7776  0.19188582E-08
      8064  0.19475981E-08
      8352  0.19815865E-08
      8640  0.20188740E-08
      8928  0.20593713E-08
      9216  0.21028415E-08
      9504  0.21490885E-08
      9792  0.21978475E-08
     10080  0.22521209E-08
     10368  0.23083309E-08
     10656  0.23661593E-08
     10944  0.24252658E-08
     11232  0.24852955E-08
     11520  0.25458786E-08
     11808  0.26097671E-08
     12096  0.26746552E-08
     12384  0.27389495E-08
     12672  0.28022651E-08
     12960  0.28642173E-08
     13248  0.29666067E-08
     13536  0.31034402E-08
     13824  0.32330554E-08
     14112  0.33533085E-08
     14400  0.34641043E-08
     14688  0.35654026E-08
     14976  0.36571521E-08
     15264  0.37471333E-08
     15552  0.38274135E-08
     15840  0.38979731E-08
     16128  0.39589456E-08
     16416  0.40104307E-08
     16704  0.40546135E-08
     16992  0.40963717E-08
     17280  0.41288812E-08
     17568  0.41523567E-08
     17856  0.41670400E-08
     18144  0.41753525E-08
     18432  0.41753765E-08
     18720  0.41674371E-08
     19008  0.41598911E-08
     19296  0.41469042E-08
     19584  0.41266550E-08
     19872  0.40995545E-08
     20160  0.40660972E-08
     20448  0.40289811E-08
     20736  0.39862784E-08
     21024  0.39471209E-08
     21312  0.39027834E-08
     21600  0.38559782E-08
     21888  0.38048134E-08
     22176  0.37498298E-08
     22464  0.36915047E-08
     22752  0.36327081E-08
     23040  0.35713694E-08
     23328  0.35170942E-08
     23616  0.34603229E-08
     23904  0.34038574E-08
     24192  0.33455974E-08
     24480  0.32859833E-08
     24768  0.32254803E-08
     25056  0.31670746E-08
     25344  0.31087004E-08
     25632  0.30595393E-08
     25920  0.30105030E-08
     26208  0.29647063E-08
     26496  0.29198528E-08
     26784  0.28764540E-08
     27072  0.28349714E-08
     27360  0.27957958E-08
     27648  0.27618698E-08
     27936  0.27399687E-08
     28224  0.27195044E-08
     28512  0.27008875E-08
     28800  0.26871454E-08
     29088  0.26755063E-08
     29376  0.26662887E-08
     29664  0.26597633E-08
     29952  0.26589684E-08
     30240  0.26706404E-08
     30528  0.26837810E-08
     30816  0.26988283E-08
     31104  0.27161600E-08
     31392  0.27390221E-08
     31680  0.27643547E-08
     31968  0.27924907E-08
     32256  0.28237184E-08
     32544  0.28716647E-08
     32832  0.29213303E-08
     33120  0.29732612E-08
     33408  0.30279319E-08
     33696  0.30857683E-08
     33984  0.31503786E-08
     34272  0.32184584E-08
     34560  0.32903993E-08
     34848  0.33776151E-08
     35136  0.34680738E-08
     35424  0.35623022E-08
     35712  0.36642178E-08
     36000  0.37704440E-08
     36288  0.38814476E-08
     36576  0.39976555E-08
     36864  0.41194594E-08
     37152  0.42591521E-08
     37440  0.44076782E-08
     37728  0.45615693E-08
     38016  0.47213242E-08
     38304  0.48873976E-08
     38592  0.50602047E-08
     38880  0.52401083E-08
     39168  0.54274243E-08
     39456  0.56350911E-08
     39744  0.58537877E-08
     40032  0.60795933E-08
     40320  0.63127836E-08
     40608  0.65535564E-08
     40896  0.68020114E-08
     41184  0.70581287E-08
     41472  0.73217716E-08
     41760  0.76057134E-08
     42048  0.78958244E-08
     42336  0.81915434E-08
     42624  0.84922531E-08
     42912  0.87972554E-08
     43200  0.91101695E-08
     43488  0.94264312E-08
     43776  0.97465049E-08
     44064  0.10084040E-07
     44352  0.10427888E-07
     44640  0.10780219E-07
     44928  0.11143214E-07
     45216  0.11518580E-07
     45504  0.11907527E-07
     45792  0.12310833E-07
     46080  0.12728901E-07
     46368  0.13161884E-07
     46656  0.13609719E-07
     46944  0.14072226E-07
     47232  0.14559986E-07
     47520  0.15061607E-07
     47808  0.15576861E-07
     48096  0.16105263E-07
     48384  0.16646551E-07
     48672  0.17200374E-07
     48960  0.17766451E-07
     49248  0.18344414E-07
     49536  0.18933866E-07
     49824  0.19534610E-07
     50112  0.20146160E-07
     50400  0.20763455E-07
     50688  0.21390827E-07
     50976  0.22028058E-07
     51264  0.22674836E-07
     51552  0.23330800E-07
     51840  0.23995575E-07
     52128  0.24668889E-07
     52416  0.25350541E-07
     52704  0.26040018E-07
     52992  0.26736981E-07
     53280  0.27441336E-07
     53568  0.28152526E-07
     53856  0.28870431E-07
     54144  0.29589431E-07
     54432  0.30314435E-07
     54720  0.31044959E-07
     55008  0.31781191E-07
     55296  0.32522298E-07
     55584  0.33268453E-07
     55872  0.34018907E-07
     56160  0.34773741E-07
     56448  0.35532221E-07
     56736  0.36294452E-07
     57024  0.37054381E-07
     57312  0.37817411E-07
     57600  0.38574381E-07
     57888  0.39333830E-07
     58176  0.40095035E-07
     58464  0.40858069E-07
     58752  0.41622645E-07
     59040  0.42388205E-07
     59328  0.43148926E-07
     59616  0.43910177E-07
     59904  0.44671573E-07
     60192  0.45423761E-07
     60480  0.46175412E-07
     60768  0.46926161E-07
     61056  0.47675627E-07
     61344  0.48423434E-07
     61632  0.49169191E-07
     61920  0.49907445E-07
     62208  0.50633329E-07
     62496  0.51355947E-07
     62784  0.52075261E-07
     63072  0.52790394E-07
     63360  0.53501303E-07
     63648  0.54207021E-07
     63936  0.54897558E-07
     64224  0.55577015E-07
     64512  0.56249746E-07
     64800  0.56915614E-07
     65088  0.57573875E-07
     65376  0.58224305E-07
     65664  0.58854990E-07
     65952  0.59476065E-07
     66240  0.60086812E-07
     66528  0.60681771E-07
     66816  0.61265219E-07
     67104  0.61824224E-07
     67392  0.62369843E-07
     67680  0.62901819E-07
     67968  0.63419272E-07
     68256  0.63907663E-07
     68544  0.64378760E-07
     68832  0.64832157E-07
     69120  0.65262732E-07
     69408  0.65657765E-07
     69696  0.66031589E-07
     69984  0.66383173E-07
     70272  0.66711131E-07
     70560  0.67015158E-07
     70848  0.67273469E-07
     71136  0.67503819E-07
     71424  0.67705237E-07
     71712  0.67871106E-07
     72000  0.67976032E-07
     72288  0.68046390E-07
     72576  0.68081015E-07
     72864  0.68077469E-07
     73152  0.68034431E-07
     73440  0.67918840E-07
     73728  0.67759473E-07
     74016  0.67554531E-07
     74304  0.67302310E-07
     74592  0.66956666E-07
     74880  0.66559195E-07
     75168  0.66108441E-07
     75456  0.65556314E-07
     75744  0.64946974E-07
     76032  0.64279256E-07
     76320  0.63552001E-07
     76608  0.62706782E-07
     76896  0.61800179E-07
     77184  0.60827780E-07
     77472  0.59794012E-07
     77760  0.58628636E-07
     78048  0.57403387E-07
     78336  0.56119870E-07
     78624  0.54780170E-07
     78912  0.53302458E-07
     79200  0.51774933E-07
     79488  0.50201514E-07
     79776  0.48582681E-07
     80064  0.46830543E-07
     80352  0.45050122E-07
     80640  0.43247489E-07
     80928  0.41429200E-07
     81216  0.39496793E-07
     81504  0.37568174E-07
     81792  0.35650853E-07
     82080  0.33748790E-07
     82368  0.31873526E-07
     82656  0.29923726E-07
     82944  0.28024433E-07
     83232  0.26182299E-07
     83520  0.24403363E-07
     83808  0.22590415E-07
     84096  0.20859533E-07
     84384  0.19218168E-07
     84672  0.17668773E-07
     84960  0.16212839E-07
     85248  0.14763399E-07
     85536  0.13421770E-07
     85824  0.12185619E-07
     86112  0.11048731E-07
     86400  0.10010704E-07
     86688  0.89993257E-08
     86976  0.80908107E-08
     87264  0.72780866E-08
     87552  0.65539392E-08
     87840  0.59084146E-08
     88128  0.53375597E-08
     88416  0.47885291E-08
     88704  0.43110662E-08
     88992  0.38969947E-08
     89280  0.35387526E-08
     89568  0.32269274E-08
     89856  0.29582392E-08
     90144  0.27269855E-08
     90432  0.24983662E-08
     90720  0.23048372E-08
     91008  0.21409616E-08
     91296  0.19997235E-08
     91584  0.18799915E-08
     91872  0.17782936E-08
     92160  0.16917014E-08
     92448  0.16177522E-08
     92736  0.15543911E-08
     93024  0.14977759E-08
     93312  0.14283857E-08
     93600  0.13705981E-08
     93888  0.13222281E-08
     94176  0.12815190E-08
     94464  0.12449826E-08
     94752  0.12140402E-08
     95040  0.11876788E-08
     95328  0.11650867E-08
     95616  0.11456192E-08
     95904  0.11287528E-08
     96192  0.11121217E-08
     96480  0.10977695E-08
     96768  0.10853232E-08
     97056  0.10744803E-08
     97344  0.10649578E-08
     97632  0.10564311E-08
     97920  0.10486094E-08
     98208  0.10394212E-08
     98496  0.10309448E-08
     98784  0.10229595E-08
     99072  0.10152931E-08
     99360  0.10078104E-08
     99648  0.10004092E-08
     99936  0.99301045E-09
    100224  0.98377428E-09
    100512  0.97482078E-09
    100800  0.96603114E-09
    101088  0.95731845E-09
    101376  0.94861485E-09
    101664  0.93986829E-09
    101952  0.94569685E-09
    102240  0.94818409E-09
    102528  0.94797148E-09
    102816  0.94556407E-09
    103104  0.93971220E-09
    103392  0.93275931E-09
    103680  0.92490460E-09
    103968  0.91631058E-09
    104256  0.90710972E-09
    104544  0.89741348E-09
    104832  0.90122032E-09
