         1  0.30649887E-08
       288  0.28318934E-08
       576  0.25566091E-08
       864  0.23162143E-08
      1152  0.21152973E-08
      1440  0.19474757E-08
      1728  0.18235174E-08
      2016  0.17185333E-08
      2304  0.16291150E-08
      2592  0.15525059E-08
      2880  0.14864612E-08
      3168  0.14582624E-08
      3456  0.14727062E-08
      3744  0.14803079E-08
      4032  0.14820665E-08
      4320  0.14788795E-08
      4608  0.14715483E-08
      4896  0.14607838E-08
      5184  0.14620636E-08
      5472  0.14586314E-08
      5760  0.14512614E-08
      6048  0.14406291E-08
      6336  0.14273397E-08
      6624  0.14119210E-08
      6912  0.14095203E-08
      7200  0.14032758E-08
      7488  0.13956842E-08
      7776  0.13852319E-08
      8064  0.13724862E-08
      8352  0.13723738E-08
      8640  0.13682973E-08
      8928  0.13609741E-08
      9216  0.13510295E-08
      9504  0.13390105E-08
      9792  0.13253881E-08
     10080  0.13265025E-08
     10368  0.13238048E-08
     10656  0.13180144E-08
     10944  0.13097632E-08
     11232  0.12995891E-08
     11520  0.12879556E-08
     11808  0.12890945E-08
     12096  0.12886067E-08
     12384  0.12850537E-08
     12672  0.12790804E-08
     12960  0.12712362E-08
     13248  0.12756508E-08
     13536  0.12763588E-08
     13824  0.12759301E-08
     14112  0.12728355E-08
     14400  0.12676725E-08
     14688  0.12609432E-08
     14976  0.12530672E-08
     15264  0.12596674E-08
     15552  0.12626239E-08
     15840  0.12627132E-08
     16128  0.12605764E-08
     16416  0.12567531E-08
     16704  0.12536214E-08
     16992  0.12624650E-08
     17280  0.12676273E-08
     17568  0.12699021E-08
     17856  0.12699486E-08
     18144  0.12702566E-08
     18432  0.12689222E-08
     18720  0.12663880E-08
     19008  0.12761902E-08
     19296  0.12844733E-08
     19584  0.12895943E-08
     19872  0.12922154E-08
     20160  0.12928961E-08
     20448  0.12941349E-08
     20736  0.12938101E-08
     21024  0.13054915E-08
     21312  0.13133611E-08
     21600  0.13203093E-08
     21888  0.13245006E-08
     22176  0.13265703E-08
     22464  0.13270216E-08
     22752  0.13283908E-08
     23040  0.13283512E-08
     23328  0.13405834E-08
     23616  0.13488678E-08
     23904  0.13562426E-08
     24192  0.13607316E-08
     24480  0.13629733E-08
     24768  0.13634740E-08
     25056  0.13648714E-08
     25344  0.13646627E-08
     25632  0.13754371E-08
     25920  0.13821705E-08
     26208  0.13880291E-08
     26496  0.13908557E-08
     26784  0.13912974E-08
     27072  0.13898688E-08
     27360  0.13869512E-08
     27648  0.13852378E-08
     27936  0.13958559E-08
     28224  0.14015097E-08
     28512  0.14033391E-08
     28800  0.14046564E-08
     29088  0.14030824E-08
     29376  0.13993158E-08
     29664  0.13939047E-08
     29952  0.13898115E-08
     30240  0.13984223E-08
     30528  0.14017597E-08
     30816  0.14012890E-08
     31104  0.13981172E-08
     31392  0.13956690E-08
     31680  0.13912547E-08
     31968  0.13855752E-08
     32256  0.13791623E-08
     32544  0.13896790E-08
     32832  0.13947175E-08
     33120  0.13960970E-08
     33408  0.13951104E-08
     33696  0.13927062E-08
     33984  0.13923085E-08
     34272  0.13907142E-08
     34560  0.13885146E-08
     34848  0.14010177E-08
     35136  0.14086059E-08
     35424  0.14130562E-08
     35712  0.14184460E-08
     36000  0.14217815E-08
     36288  0.14239174E-08
     36576  0.14254190E-08
     36864  0.14266585E-08
     37152  0.14431412E-08
     37440  0.14574372E-08
     37728  0.14674281E-08
     38016  0.14746996E-08
     38304  0.14802949E-08
     38592  0.14848941E-08
     38880  0.14889381E-08
     39168  0.14927077E-08
     39456  0.15121278E-08
     39744  0.15291594E-08
     40032  0.15415439E-08
     40320  0.15509671E-08
     40608  0.15585264E-08
     40896  0.15649283E-08
     41184  0.15706273E-08
     41472  0.15759097E-08
     41760  0.15972635E-08
     42048  0.16126724E-08
     42336  0.16242798E-08
     42624  0.16334665E-08
     42912  0.16411205E-08
     43200  0.16513141E-08
     43488  0.16596544E-08
     43776  0.16668118E-08
     44064  0.16901104E-08
     44352  0.17068712E-08
     44640  0.17194574E-08
     44928  0.17293731E-08
     45216  0.17375795E-08
     45504  0.17446885E-08
     45792  0.17510872E-08
     46080  0.17570179E-08
     46368  0.17626316E-08
     46656  0.17680228E-08
     46944  0.17732478E-08
     47232  0.17960959E-08
     47520  0.18124363E-08
     47808  0.18246387E-08
     48096  0.18341940E-08
     48384  0.18420389E-08
     48672  0.18487684E-08
     48960  0.18547587E-08
     49248  0.18602353E-08
     49536  0.18653532E-08
     49824  0.18701982E-08
     50112  0.18748263E-08
     50400  0.18753039E-08
     50688  0.18770714E-08
     50976  0.18796067E-08
     51264  0.18825781E-08
     51552  0.18857760E-08
     51840  0.18890627E-08
     52128  0.18923538E-08
     52416  0.18955983E-08
     52704  0.18987594E-08
     52992  0.19018191E-08
     53280  0.19047612E-08
     53568  0.19075790E-08
     53856  0.19102691E-08
     54144  0.19087831E-08
     54432  0.19086688E-08
     54720  0.19093651E-08
     55008  0.19105191E-08
     55296  0.19119109E-08
     55584  0.19134057E-08
     55872  0.19149218E-08
     56160  0.19164079E-08
     56448  0.19178359E-08
     56736  0.19191821E-08
     57024  0.19165280E-08
     57312  0.19152595E-08
     57600  0.18949349E-08
     57888  0.18822781E-08
     58176  0.18742750E-08
     58464  0.18691020E-08
     58752  0.18656592E-08
     59040  0.18632862E-08
     59328  0.18577300E-08
     59616  0.18540696E-08
     59904  0.18515920E-08
     60192  0.18301147E-08
     60480  0.18161668E-08
     60768  0.18067974E-08
     61056  0.18002461E-08
     61344  0.17954576E-08
     61632  0.17918077E-08
     61920  0.17852685E-08
     62208  0.17611841E-08
     62496  0.17452625E-08
     62784  0.17343249E-08
     63072  0.17264866E-08
     63360  0.17206279E-08
     63648  0.17160892E-08
     63936  0.16934479E-08
     64224  0.16746304E-08
     64512  0.16617014E-08
     64800  0.16524574E-08
     65088  0.16455908E-08
     65376  0.16403262E-08
     65664  0.16176240E-08
     65952  0.16021755E-08
     66240  0.15912155E-08
     66528  0.15799512E-08
     66816  0.15718805E-08
     67104  0.15477969E-08
     67392  0.15314036E-08
     67680  0.15197934E-08
     67968  0.15112686E-08
     68256  0.14872110E-08
     68544  0.14706367E-08
     68832  0.14587423E-08
     69120  0.14470289E-08
     69408  0.14214155E-08
     69696  0.14038348E-08
     69984  0.13912815E-08
     70272  0.13820122E-08
     70560  0.13750145E-08
     70848  0.13531888E-08
     71136  0.13381076E-08
     71424  0.13273079E-08
     71712  0.13168223E-08
     72000  0.12899740E-08
     72288  0.12716057E-08
     72576  0.12585443E-08
     72864  0.12489577E-08
     73152  0.12417836E-08
     73440  0.12211577E-08
     73728  0.12068528E-08
     74016  0.11966153E-08
     74304  0.11891467E-08
     74592  0.11666685E-08
     74880  0.11513207E-08
     75168  0.11405373E-08
     75456  0.11185514E-08
     75744  0.11032942E-08
     76032  0.10923616E-08
     76320  0.10843610E-08
     76608  0.10648141E-08
     76896  0.10511670E-08
     77184  0.10393834E-08
     77472  0.10310364E-08
     77760  0.10119640E-08
     78048  0.99875763E-09
     78336  0.98938535E-09
     78624  0.98264819E-09
     78912  0.96526509E-09
     79200  0.95320341E-09
     79488  0.94465480E-09
     79776  0.93682262E-09
     80064  0.91934771E-09
     80352  0.90732816E-09
     80640  0.89891306E-09
     80928  0.89299895E-09
     81216  0.87735552E-09
     81504  0.86655000E-09
     81792  0.85898288E-09
     82080  0.85214663E-09
     82368  0.84758278E-09
     82656  0.83365842E-09
     82944  0.82423640E-09
     83232  0.81787149E-09
     83520  0.81368168E-09
     83808  0.80053159E-09
     84096  0.79021062E-09
     84384  0.78332157E-09
     84672  0.77885709E-09
     84960  0.77618978E-09
     85248  0.76482815E-09
     85536  0.75736400E-09
     85824  0.75262396E-09
     86112  0.74857931E-09
     86400  0.74650208E-09
     86688  0.73629852E-09
     86976  0.72985434E-09
     87264  0.72608092E-09
     87552  0.72428707E-09
     87840  0.72282513E-09
     88128  0.72299933E-09
     88416  0.71531608E-09
     88704  0.71097006E-09
     88992  0.70908429E-09
     89280  0.70906997E-09
     89568  0.70936623E-09
     89856  0.71116829E-09
     90144  0.71418604E-09
     90432  0.70943962E-09
     90720  0.70743622E-09
     91008  0.70745632E-09
     91296  0.70788453E-09
     91584  0.70975925E-09
     91872  0.71274131E-09
     92160  0.71658207E-09
     92448  0.72109496E-09
     92736  0.72613554E-09
     93024  0.73054579E-09
     93312  0.72711209E-09
     93600  0.72568140E-09
     93888  0.72569895E-09
     94176  0.72675838E-09
     94464  0.72751688E-09
     94752  0.72900919E-09
     95040  0.73100781E-09
     95328  0.73333817E-09
     95616  0.73586603E-09
     95904  0.73848638E-09
     96192  0.74011830E-09
     96480  0.74189127E-09
     96768  0.74370976E-09
     97056  0.74549922E-09
     97344  0.74720141E-09
     97632  0.74877166E-09
     97920  0.75017648E-09
     98208  0.75041179E-09
     98496  0.75060635E-09
     98784  0.75069967E-09
     99072  0.75064233E-09
     99360  0.75038964E-09
     99648  0.74990619E-09
     99936  0.74916146E-09
    100224  0.74715945E-09
    100512  0.74501666E-09
    100800  0.74268447E-09
    101088  0.74012357E-09
    101376  0.73730383E-09
    101664  0.73420103E-09
    101952  0.73870576E-09
    102240  0.74163214E-09
    102528  0.74318790E-09
    102816  0.74354312E-09
    103104  0.74189804E-09
    103392  0.73946393E-09
    103680  0.73631495E-09
    103968  0.73251538E-09
    104256  0.72812156E-09
    104544  0.72318362E-09
    104832  0.72559281E-09
