         1  0.19438481E-09
       288  0.70498912E-09
       576  0.75610757E-09
       864  0.79978585E-09
      1152  0.84274343E-09
      1440  0.88559865E-09
      1728  0.92929470E-09
      2016  0.97304675E-09
      2304  0.10170997E-08
      2592  0.10615954E-08
      2880  0.11066854E-08
      3168  0.11526787E-08
      3456  0.12015574E-08
      3744  0.12534549E-08
      4032  0.13106424E-08
      4320  0.13758222E-08
      4608  0.14510186E-08
      4896  0.15378205E-08
      5184  0.16387242E-08
      5472  0.17537172E-08
      5760  0.18845867E-08
      6048  0.20329607E-08
      6336  0.22003943E-08
      6624  0.23884275E-08
      6912  0.26011286E-08
      7200  0.28372380E-08
      7488  0.31014635E-08
      7776  0.33935317E-08
      8064  0.37155599E-08
      8352  0.40739554E-08
      8640  0.44654351E-08
      8928  0.48917710E-08
      9216  0.53544218E-08
      9504  0.58548690E-08
      9792  0.63943832E-08
     10080  0.69886208E-08
     10368  0.76241431E-08
     10656  0.83018312E-08
     10944  0.90224006E-08
     11232  0.97862216E-08
     11520  0.10593525E-07
     11808  0.11459254E-07
     12096  0.12377770E-07
     12384  0.13338951E-07
     12672  0.14341797E-07
     12960  0.15384936E-07
     13248  0.16489315E-07
     13536  0.17630670E-07
     13824  0.18819790E-07
     14112  0.20040615E-07
     14400  0.21290120E-07
     14688  0.22564418E-07
     14976  0.23859796E-07
     15264  0.24997487E-07
     15552  0.25912557E-07
     15840  0.26840345E-07
     16128  0.27776583E-07
     16416  0.28716446E-07
     16704  0.29671581E-07
     16992  0.30667444E-07
     17280  0.31654086E-07
     17568  0.32627536E-07
     17856  0.33584051E-07
     18144  0.34538498E-07
     18432  0.35468609E-07
     18720  0.36370743E-07
     19008  0.37306211E-07
     19296  0.38228109E-07
     19584  0.39111992E-07
     19872  0.39955424E-07
     20160  0.40755680E-07
     20448  0.41534364E-07
     20736  0.42265356E-07
     21024  0.43031992E-07
     21312  0.43746095E-07
     21600  0.44431747E-07
     21888  0.45061764E-07
     22176  0.45635431E-07
     22464  0.46152927E-07
     22752  0.46642139E-07
     23040  0.47074288E-07
     23328  0.47561301E-07
     23616  0.47987967E-07
     23904  0.48385679E-07
     24192  0.48724733E-07
     24480  0.49006431E-07
     24768  0.49233336E-07
     25056  0.49440374E-07
     25344  0.49594842E-07
     25632  0.49826358E-07
     25920  0.50003219E-07
     26208  0.50162683E-07
     26496  0.50271208E-07
     26784  0.50332375E-07
     27072  0.50350305E-07
     27360  0.50328552E-07
     27648  0.50307470E-07
     27936  0.50417285E-07
     28224  0.50480367E-07
     28512  0.50500756E-07
     28800  0.50521937E-07
     29088  0.50505037E-07
     29376  0.50454460E-07
     29664  0.50374439E-07
     29952  0.50310035E-07
     30240  0.50416531E-07
     30528  0.50479805E-07
     30816  0.50504941E-07
     31104  0.50496688E-07
     31392  0.50504738E-07
     31680  0.50486182E-07
     31968  0.50447287E-07
     32256  0.50392430E-07
     32544  0.50604811E-07
     32832  0.50774297E-07
     33120  0.50906738E-07
     33408  0.51007422E-07
     33696  0.51080846E-07
     33984  0.51180134E-07
     34272  0.51252918E-07
     34560  0.51303061E-07
     34848  0.51612837E-07
     35136  0.51869510E-07
     35424  0.52080559E-07
     35712  0.52308746E-07
     36000  0.52507652E-07
     36288  0.52689469E-07
     36576  0.52864525E-07
     36864  0.53041539E-07
     37152  0.53559873E-07
     37440  0.54100855E-07
     37728  0.54613512E-07
     38016  0.55108401E-07
     38304  0.55594096E-07
     38592  0.56077273E-07
     38880  0.56562897E-07
     39168  0.57054283E-07
     39456  0.57940319E-07
     39744  0.58838161E-07
     40032  0.59688759E-07
     40320  0.60497079E-07
     40608  0.61264871E-07
     40896  0.61990690E-07
     41184  0.62669521E-07
     41472  0.63292887E-07
     41760  0.64284109E-07
     42048  0.65136057E-07
     42336  0.65839636E-07
     42624  0.66384992E-07
     42912  0.66765573E-07
     43200  0.67037469E-07
     43488  0.67159114E-07
     43776  0.67170845E-07
     44064  0.67559306E-07
     44352  0.67906967E-07
     44640  0.68286766E-07
     44928  0.68758695E-07
     45216  0.69365541E-07
     45504  0.70133382E-07
     45792  0.71074460E-07
     46080  0.72191732E-07
     46368  0.73481928E-07
     46656  0.74938306E-07
     46944  0.76552510E-07
     47232  0.78710706E-07
     47520  0.80974914E-07
     47808  0.83341277E-07
     48096  0.85806192E-07
     48384  0.88366349E-07
     48672  0.91018542E-07
     48960  0.93759922E-07
     49248  0.96587783E-07
     49536  0.99499694E-07
     49824  0.10249341E-06
     50112  0.10556673E-06
     50400  0.10865976E-06
     50688  0.11183138E-06
     50976  0.11507899E-06
     51264  0.11840085E-06
     51552  0.12179471E-06
     51840  0.12525859E-06
     52128  0.12879156E-06
     52416  0.13239334E-06
     52704  0.13606166E-06
     52992  0.13979417E-06
     53280  0.14358822E-06
     53568  0.14744136E-06
     53856  0.15135090E-06
     54144  0.15525130E-06
     54432  0.15920470E-06
     54720  0.16320807E-06
     55008  0.16725826E-06
     55296  0.17135207E-06
     55584  0.17548588E-06
     55872  0.17965634E-06
     56160  0.18385998E-06
     56448  0.18809345E-06
     56736  0.19235382E-06
     57024  0.19657172E-06
     57312  0.20081018E-06
     57600  0.20462629E-06
     57888  0.20846457E-06
     58176  0.21231976E-06
     58464  0.21618702E-06
     58752  0.22006084E-06
     59040  0.22393699E-06
     59328  0.22774437E-06
     59616  0.23154593E-06
     59904  0.23533711E-06
     60192  0.23863211E-06
     60480  0.24191246E-06
     60768  0.24517428E-06
     61056  0.24841208E-06
     61344  0.25161685E-06
     61632  0.25478602E-06
     61920  0.25784848E-06
     62208  0.26033902E-06
     62496  0.26278252E-06
     62784  0.26517503E-06
     63072  0.26751280E-06
     63360  0.26978643E-06
     63648  0.27199130E-06
     63936  0.27354938E-06
     64224  0.27496600E-06
     64512  0.27630429E-06
     64800  0.27755706E-06
     65088  0.27871511E-06
     65376  0.27977148E-06
     65664  0.28009870E-06
     65952  0.28032298E-06
     66240  0.28043840E-06
     66528  0.28038227E-06
     66816  0.28021327E-06
     67104  0.27925057E-06
     67392  0.27818243E-06
     67680  0.27700708E-06
     67968  0.27572665E-06
     68256  0.27360863E-06
     68544  0.27139836E-06
     68832  0.26909706E-06
     69120  0.26665091E-06
     69408  0.26333299E-06
     69696  0.25995575E-06
     69984  0.25652366E-06
     70272  0.25304331E-06
     70560  0.24952001E-06
     70848  0.24509006E-06
     71136  0.24065767E-06
     71424  0.23623065E-06
     71712  0.23176554E-06
     72000  0.22617593E-06
     72288  0.22066345E-06
     72576  0.21523580E-06
     72864  0.20990136E-06
     73152  0.20466940E-06
     73440  0.19856242E-06
     73728  0.19262461E-06
     74016  0.18686225E-06
     74304  0.18128176E-06
     74592  0.17482802E-06
     74880  0.16863713E-06
     75168  0.16271024E-06
     75456  0.15604429E-06
     75744  0.14972022E-06
     76032  0.14373234E-06
     76320  0.13807497E-06
     76608  0.13176498E-06
     76896  0.12586216E-06
     77184  0.12031090E-06
     77472  0.11515066E-06
     77760  0.10943171E-06
     78048  0.10417178E-06
     78336  0.99344433E-07
     78624  0.94924388E-07
     78912  0.90018709E-07
     79200  0.85577689E-07
     79488  0.81566071E-07
     79776  0.77910052E-07
     80064  0.73825703E-07
     80352  0.70191021E-07
     80640  0.66963800E-07
     80928  0.64105620E-07
     81216  0.60857680E-07
     81504  0.58017292E-07
     81792  0.55539662E-07
     82080  0.53347286E-07
     82368  0.51448961E-07
     82656  0.49161336E-07
     82944  0.47205553E-07
     83232  0.45540517E-07
     83520  0.44130491E-07
     83808  0.42353449E-07
     84096  0.40830308E-07
     84384  0.39563712E-07
     84672  0.38519154E-07
     84960  0.37667110E-07
     85248  0.36446941E-07
     85536  0.35458406E-07
     85824  0.34667703E-07
     86112  0.34014313E-07
     86400  0.33512865E-07
     86688  0.32652942E-07
     86976  0.31980679E-07
     87264  0.31463088E-07
     87552  0.31073526E-07
     87840  0.30760166E-07
     88128  0.30540246E-07
     88416  0.29947202E-07
     88704  0.29487586E-07
     88992  0.29138072E-07
     89280  0.28879759E-07
     89568  0.28668401E-07
     89856  0.28524532E-07
     90144  0.28436991E-07
     90432  0.27975801E-07
     90720  0.27615075E-07
     91008  0.27337274E-07
     91296  0.27100045E-07
     91584  0.26923551E-07
     91872  0.26797304E-07
     92160  0.26712533E-07
     92448  0.26661946E-07
     92736  0.26639309E-07
     93024  0.26614256E-07
     93312  0.26221763E-07
     93600  0.25901718E-07
     93888  0.25641405E-07
     94176  0.25430216E-07
     94464  0.25233975E-07
     94752  0.25073925E-07
     95040  0.24943297E-07
     95328  0.24836387E-07
     95616  0.24748312E-07
     95904  0.24674915E-07
     96192  0.24589001E-07
     96480  0.24514087E-07
     96768  0.24447163E-07
     97056  0.24385640E-07
     97344  0.24327253E-07
     97632  0.24270069E-07
     97920  0.24212390E-07
     98208  0.24130262E-07
     98496  0.24047598E-07
     98784  0.23963013E-07
     99072  0.23875332E-07
     99360  0.23783535E-07
     99648  0.23686756E-07
     99936  0.23584313E-07
    100224  0.23453838E-07
    100512  0.23319199E-07
    100800  0.23179743E-07
    101088  0.23034962E-07
    101376  0.22884468E-07
    101664  0.22727987E-07
    101952  0.22865885E-07
    102240  0.22959155E-07
    102528  0.23011559E-07
    102816  0.23026820E-07
    103104  0.22988035E-07
    103392  0.22920577E-07
    103680  0.22827066E-07
    103968  0.22709910E-07
    104256  0.22571342E-07
    104544  0.22413502E-07
    104832  0.22524553E-07
