         1  0.19438481E-09
       288  0.15317096E-08
       576  0.16151550E-08
       864  0.16866838E-08
      1152  0.17573251E-08
      1440  0.18280786E-08
      1728  0.19012953E-08
      2016  0.19746704E-08
      2304  0.20486000E-08
      2592  0.21233686E-08
      2880  0.21992475E-08
      3168  0.22767579E-08
      3456  0.23596711E-08
      3744  0.24476599E-08
      4032  0.25445150E-08
      4320  0.26547220E-08
      4608  0.27817422E-08
      4896  0.29282954E-08
      5184  0.30990508E-08
      5472  0.32935961E-08
      5760  0.35149903E-08
      6048  0.37660164E-08
      6336  0.40492489E-08
      6624  0.43671893E-08
      6912  0.47269735E-08
      7200  0.51253748E-08
      7488  0.55689382E-08
      7776  0.60555831E-08
      8064  0.65878130E-08
      8352  0.71767960E-08
      8640  0.78157472E-08
      8928  0.85074365E-08
      9216  0.92545331E-08
      9504  0.10059910E-07
      9792  0.10926898E-07
     10080  0.11885892E-07
     10368  0.12914626E-07
     10656  0.14014978E-07
     10944  0.15188695E-07
     11232  0.16437074E-07
     11520  0.17760875E-07
     11808  0.19189269E-07
     12096  0.20710706E-07
     12384  0.22308882E-07
     12672  0.23982338E-07
     12960  0.25729657E-07
     13248  0.27592002E-07
     13536  0.29524871E-07
     13824  0.31548520E-07
     14112  0.33635281E-07
     14400  0.35780410E-07
     14688  0.37978587E-07
     14976  0.40224030E-07
     15264  0.42613795E-07
     15552  0.44503000E-07
     15840  0.45868749E-07
     16128  0.47266951E-07
     16416  0.48689806E-07
     16704  0.50159443E-07
     16992  0.51729792E-07
     17280  0.53305477E-07
     17568  0.54880566E-07
     17856  0.56448940E-07
     18144  0.58040257E-07
     18432  0.59613768E-07
     18720  0.61165252E-07
     19008  0.62813129E-07
     19296  0.64466001E-07
     19584  0.66080858E-07
     19872  0.67652870E-07
     20160  0.69178753E-07
     20448  0.70698448E-07
     20736  0.72163715E-07
     21024  0.73736629E-07
     21312  0.75246049E-07
     21600  0.76738957E-07
     21888  0.78162650E-07
     22176  0.79515765E-07
     22464  0.80799410E-07
     22752  0.82065647E-07
     23040  0.83258769E-07
     23328  0.84597637E-07
     23616  0.85855902E-07
     23904  0.87092857E-07
     24192  0.88248541E-07
     24480  0.89326313E-07
     24768  0.90329117E-07
     25056  0.91325170E-07
     25344  0.92253515E-07
     25632  0.93374616E-07
     25920  0.94427776E-07
     26208  0.95490293E-07
     26496  0.96498070E-07
     26784  0.97460465E-07
     27072  0.98386906E-07
     27360  0.99286389E-07
     27648  0.10024237E-06
     27936  0.10152034E-06
     28224  0.10276700E-06
     28512  0.10399284E-06
     28800  0.10528631E-06
     29088  0.10657210E-06
     29376  0.10786158E-06
     29664  0.10916755E-06
     29952  0.11058668E-06
     30240  0.11243794E-06
     30528  0.11429721E-06
     30816  0.11617561E-06
     31104  0.11808399E-06
     31392  0.12012235E-06
     31680  0.12220137E-06
     31968  0.12433013E-06
     32256  0.12651735E-06
     32544  0.12934160E-06
     32832  0.13219588E-06
     33120  0.13509138E-06
     33408  0.13803930E-06
     33696  0.14104955E-06
     33984  0.14423493E-06
     34272  0.14749206E-06
     34560  0.15082954E-06
     34848  0.15481284E-06
     35136  0.15885459E-06
     35424  0.16296590E-06
     35712  0.16726980E-06
     36000  0.17165807E-06
     36288  0.17613966E-06
     36576  0.18072160E-06
     36864  0.18540973E-06
     37152  0.19085402E-06
     37440  0.19649636E-06
     37728  0.20221778E-06
     38016  0.20802361E-06
     38304  0.21391713E-06
     38592  0.21989960E-06
     38880  0.22596977E-06
     39168  0.23212418E-06
     39456  0.23908254E-06
     39744  0.24620016E-06
     40032  0.25333503E-06
     40320  0.26047192E-06
     40608  0.26758931E-06
     40896  0.27465927E-06
     41184  0.28164595E-06
     41472  0.28850502E-06
     41760  0.29596129E-06
     42048  0.30314072E-06
     42336  0.30997884E-06
     42624  0.31641119E-06
     42912  0.32238447E-06
     43200  0.32798093E-06
     43488  0.33310201E-06
     43776  0.33781862E-06
     44064  0.34298262E-06
     44352  0.34797327E-06
     44640  0.35295079E-06
     44928  0.35805374E-06
     45216  0.36339145E-06
     45504  0.36904035E-06
     45792  0.37504870E-06
     46080  0.38144310E-06
     46368  0.38823561E-06
     46656  0.39542729E-06
     46944  0.40301305E-06
     47232  0.41159876E-06
     47520  0.42053537E-06
     47808  0.42981213E-06
     48096  0.43941793E-06
     48384  0.44934123E-06
     48672  0.45956932E-06
     48960  0.47009129E-06
     49248  0.48089618E-06
     49536  0.49197342E-06
     49824  0.50331204E-06
     50112  0.51490383E-06
     50400  0.52662762E-06
     50688  0.53858520E-06
     50976  0.55076924E-06
     51264  0.56317197E-06
     51552  0.57578353E-06
     51840  0.58859661E-06
     52128  0.60160500E-06
     52416  0.61480250E-06
     52704  0.62817833E-06
     52992  0.64172895E-06
     53280  0.65544680E-06
     53568  0.66932313E-06
     53856  0.68335578E-06
     54144  0.69741100E-06
     54432  0.71160815E-06
     54720  0.72593861E-06
     55008  0.74039934E-06
     55296  0.75497974E-06
     55584  0.76967740E-06
     55872  0.78448375E-06
     56160  0.79939036E-06
     56448  0.81438640E-06
     56736  0.82947474E-06
     57024  0.84451909E-06
     57312  0.85963762E-06
     57600  0.87432431E-06
     57888  0.88907376E-06
     58176  0.90387641E-06
     58464  0.91872715E-06
     58752  0.93362189E-06
     59040  0.94854795E-06
     59328  0.96337385E-06
     59616  0.97821805E-06
     59904  0.99308488E-06
     60192  0.10074244E-05
     60480  0.10217525E-05
     60768  0.10360733E-05
     61056  0.10503618E-05
     61344  0.10646208E-05
     61632  0.10788530E-05
     61920  0.10929047E-05
     62208  0.11063300E-05
     62496  0.11196782E-05
     62784  0.11329507E-05
     63072  0.11461320E-05
     63360  0.11592211E-05
     63648  0.11721870E-05
     63936  0.11844053E-05
     64224  0.11963468E-05
     64512  0.12081390E-05
     64800  0.12197636E-05
     65088  0.12312071E-05
     65376  0.12424658E-05
     65664  0.12528105E-05
     65952  0.12629267E-05
     66240  0.12728112E-05
     66528  0.12823358E-05
     66816  0.12916208E-05
     67104  0.12998493E-05
     67392  0.13078051E-05
     67680  0.13154823E-05
     67968  0.13228668E-05
     68256  0.13290711E-05
     68544  0.13349559E-05
     68832  0.13405325E-05
     69120  0.13456729E-05
     69408  0.13494713E-05
     69696  0.13529210E-05
     69984  0.13560290E-05
     70272  0.13587913E-05
     70560  0.13612020E-05
     70848  0.13620303E-05
     71136  0.13624849E-05
     71424  0.13625692E-05
     71712  0.13621873E-05
     72000  0.13596477E-05
     72288  0.13566956E-05
     72576  0.13533406E-05
     72864  0.13495961E-05
     73152  0.13454708E-05
     73440  0.13391870E-05
     73728  0.13324932E-05
     74016  0.13254112E-05
     74304  0.13179579E-05
     74592  0.13079505E-05
     74880  0.12975577E-05
     75168  0.12868032E-05
     75456  0.12733866E-05
     75744  0.12596070E-05
     76032  0.12454951E-05
     76320  0.12310875E-05
     76608  0.12137428E-05
     76896  0.11961253E-05
     77184  0.11781806E-05
     77472  0.11600576E-05
     77760  0.11387585E-05
     78048  0.11173399E-05
     78336  0.10958568E-05
     78624  0.10743596E-05
     78912  0.10495354E-05
     79200  0.10248049E-05
     79488  0.10002258E-05
     79776  0.97576958E-06
     80064  0.94792773E-06
     80352  0.92045747E-06
     80640  0.89341609E-06
     80928  0.86686049E-06
     81216  0.83701138E-06
     81504  0.80784821E-06
     81792  0.77941996E-06
     82080  0.75169044E-06
     82368  0.72479060E-06
     82656  0.69479552E-06
     82944  0.66586568E-06
     83232  0.63802457E-06
     83520  0.61129072E-06
     83808  0.58183849E-06
     84096  0.55365797E-06
     84384  0.52683640E-06
     84672  0.50136168E-06
     84960  0.47721579E-06
     85248  0.45080404E-06
     85536  0.42595644E-06
     85824  0.40262424E-06
     86112  0.38068396E-06
     86400  0.36015831E-06
     86688  0.33785585E-06
     86976  0.31716743E-06
     87264  0.29800654E-06
     87552  0.28028686E-06
     87840  0.26386041E-06
     88128  0.24871352E-06
     88416  0.23222834E-06
     88704  0.21717906E-06
     88992  0.20347468E-06
     89280  0.19101078E-06
     89568  0.17962704E-06
     89856  0.16929496E-06
     90144  0.15992607E-06
     90432  0.14954685E-06
     90720  0.14023320E-06
     91008  0.13188111E-06
     91296  0.12433699E-06
     91584  0.11757809E-06
     91872  0.11152422E-06
     92160  0.10610304E-06
     92448  0.10124901E-06
     92736  0.96902731E-07
     93024  0.92961095E-07
     93312  0.88150777E-07
     93600  0.83894250E-07
     93888  0.80125673E-07
     94176  0.76786982E-07
     94464  0.73776455E-07
     94752  0.71104651E-07
     95040  0.68730643E-07
     95328  0.66618277E-07
     95616  0.64735566E-07
     95904  0.63054102E-07
     96192  0.61503094E-07
     96480  0.60111603E-07
     96768  0.58859712E-07
     97056  0.57729583E-07
     97344  0.56705066E-07
     97632  0.55770322E-07
     97920  0.54911023E-07
     98208  0.54071194E-07
     98496  0.53288442E-07
     98784  0.52553020E-07
     99072  0.51856315E-07
     99360  0.51190955E-07
     99648  0.50550643E-07
     99936  0.49929952E-07
    100224  0.49282217E-07
    100512  0.48650438E-07
    100800  0.48030795E-07
    101088  0.47420130E-07
    101376  0.46815831E-07
    101664  0.46215792E-07
    101952  0.46311222E-07
    102240  0.46316003E-07
    102528  0.46238075E-07
    102816  0.46085027E-07
    103104  0.45825225E-07
    103392  0.45508049E-07
    103680  0.45139405E-07
    103968  0.44724992E-07
    104256  0.44270031E-07
    104544  0.43779437E-07
    104832  0.43908976E-07
