       288  0.22980418E-09
       576  0.25945848E-09
       864  0.28397540E-09
      1152  0.30405378E-09
      1440  0.32029673E-09
      1728  0.33675318E-09
      2016  0.34992345E-09
      2304  0.36023765E-09
      2592  0.36807796E-09
      2880  0.37378189E-09
      3168  0.37764819E-09
      3456  0.38396314E-09
      3744  0.38831907E-09
      4032  0.39099168E-09
      4320  0.39222181E-09
      4608  0.39222425E-09
      4896  0.39118997E-09
      5184  0.39343895E-09
      5472  0.39427694E-09
      5760  0.39391843E-09
      6048  0.39255596E-09
      6336  0.39035908E-09
      6624  0.38747666E-09
      6912  0.38816914E-09
      7200  0.38769571E-09
      7488  0.38676740E-09
      7776  0.38495646E-09
      8064  0.38242554E-09
      8352  0.38339365E-09
      8640  0.38317924E-09
      8928  0.38198678E-09
      9216  0.37999695E-09
      9504  0.37736642E-09
      9792  0.37423159E-09
     10080  0.37523493E-09
     10368  0.37511436E-09
     10656  0.37407621E-09
     10944  0.37230136E-09
     11232  0.36994513E-09
     11520  0.36714007E-09
     11808  0.36793996E-09
     12096  0.36825670E-09
     12384  0.36767614E-09
     12672  0.36638231E-09
     12960  0.36453215E-09
     13248  0.36616066E-09
     13536  0.36671613E-09
     13824  0.36693770E-09
     14112  0.36638187E-09
     14400  0.36521908E-09
     14688  0.36359318E-09
     14976  0.36162395E-09
     15264  0.36379727E-09
     15552  0.36491876E-09
     15840  0.36520920E-09
     16128  0.36485290E-09
     16416  0.36400349E-09
     16704  0.36334755E-09
     16992  0.36613482E-09
     17280  0.36785711E-09
     17568  0.36874562E-09
     17856  0.36898834E-09
     18144  0.36930634E-09
     18432  0.36914541E-09
     18720  0.36862954E-09
     19008  0.37165956E-09
     19296  0.37422052E-09
     19584  0.37584236E-09
     19872  0.37672818E-09
     20160  0.37704703E-09
     20448  0.37754019E-09
     20736  0.37759498E-09
     21024  0.38117795E-09
     21312  0.38366746E-09
     21600  0.38590708E-09
     21888  0.38735945E-09
     22176  0.38820577E-09
     22464  0.38859099E-09
     22752  0.38925829E-09
     23040  0.38952083E-09
     23328  0.39341089E-09
     23616  0.39615441E-09
     23904  0.39863904E-09
     24192  0.40028195E-09
     24480  0.40127288E-09
     24768  0.40175696E-09
     25056  0.40251444E-09
     25344  0.40280068E-09
     25632  0.40636577E-09
     25920  0.40873804E-09
     26208  0.41085779E-09
     26496  0.41208292E-09
     26784  0.41260656E-09
     27072  0.41257889E-09
     27360  0.41211284E-09
     27648  0.41201081E-09
     27936  0.41562290E-09
     28224  0.41775375E-09
     28512  0.41875048E-09
     28800  0.41960113E-09
     29088  0.41958992E-09
     29376  0.41892576E-09
     29664  0.41777068E-09
     29952  0.41701359E-09
     30240  0.42011197E-09
     30528  0.42162188E-09
     30816  0.42198178E-09
     31104  0.42152334E-09
     31392  0.42128390E-09
     31680  0.42044201E-09
     31968  0.41921000E-09
     32256  0.41774872E-09
     32544  0.42146450E-09
     32832  0.42350676E-09
     33120  0.42443080E-09
     33408  0.42463491E-09
     33696  0.42440276E-09
     33984  0.42478543E-09
     34272  0.42480147E-09
     34560  0.42463386E-09
     34848  0.42902870E-09
     35136  0.43191309E-09
     35424  0.43383894E-09
     35712  0.43606360E-09
     36000  0.43766069E-09
     36288  0.43889475E-09
     36576  0.43994219E-09
     36864  0.44091863E-09
     37152  0.44669335E-09
     37440  0.45180015E-09
     37728  0.45557977E-09
     38016  0.45852463E-09
     38304  0.46095977E-09
     38592  0.46309845E-09
     38880  0.46507898E-09
     39168  0.46699034E-09
     39456  0.47390247E-09
     39744  0.48008203E-09
     40032  0.48481391E-09
     40320  0.48862836E-09
     40608  0.49187110E-09
     40896  0.49476656E-09
     41184  0.49745963E-09
     41472  0.50004301E-09
     41760  0.50784338E-09
     42048  0.51376586E-09
     42336  0.51849403E-09
     42624  0.52246707E-09
     42912  0.52596982E-09
     43200  0.53032428E-09
     43488  0.53410987E-09
     43776  0.53754295E-09
     44064  0.54631605E-09
     44352  0.55299354E-09
     44640  0.55834137E-09
     44928  0.56284338E-09
     45216  0.56681515E-09
     45504  0.57045824E-09
     45792  0.57390165E-09
     46080  0.57722799E-09
     46368  0.58048960E-09
     46656  0.58371979E-09
     46944  0.58693916E-09
     47232  0.59615329E-09
     47520  0.60324523E-09
     47808  0.60899119E-09
     48096  0.61388011E-09
     48384  0.61823130E-09
     48672  0.62222788E-09
     48960  0.62582256E-09
     49248  0.62910688E-09
     49536  0.63221733E-09
     49824  0.63523092E-09
     50112  0.63819339E-09
     50400  0.63975347E-09
     50688  0.64179018E-09
     50976  0.64413413E-09
     51264  0.64667582E-09
     51552  0.64934352E-09
     51840  0.65209049E-09
     52128  0.65488548E-09
     52416  0.65770966E-09
     52704  0.66054973E-09
     52992  0.66339684E-09
     53280  0.66624395E-09
     53568  0.66908568E-09
     53856  0.67191930E-09
     54144  0.67328570E-09
     54432  0.67515765E-09
     54720  0.67734651E-09
     55008  0.67973049E-09
     55296  0.68223077E-09
     55584  0.68479850E-09
     55872  0.68740091E-09
     56160  0.69001649E-09
     56448  0.69263079E-09
     56736  0.69523687E-09
     57024  0.69636436E-09
     57312  0.69798589E-09
     57600  0.69253481E-09
     57888  0.68991279E-09
     58176  0.68904227E-09
     58464  0.68918538E-09
     58752  0.68988770E-09
     59040  0.69089134E-09
     59328  0.69057243E-09
     59616  0.69081568E-09
     59904  0.69136913E-09
     60192  0.68458372E-09
     60480  0.68047851E-09
     60768  0.67800343E-09
     61056  0.67649314E-09
     61344  0.67551964E-09
     61632  0.67480344E-09
     61920  0.67275130E-09
     62208  0.66369887E-09
     62496  0.65746397E-09
     62784  0.65290112E-09
     63072  0.64928085E-09
     63360  0.64613220E-09
     63648  0.64314781E-09
     63936  0.63291250E-09
     64224  0.62372690E-09
     64512  0.61638139E-09
     64800  0.61004946E-09
     65088  0.60420619E-09
     65376  0.59851646E-09
     65664  0.58594773E-09
     65952  0.57561711E-09
     66240  0.56655886E-09
     66528  0.55706262E-09
     66816  0.54831284E-09
     67104  0.53361410E-09
     67392  0.52134908E-09
     67680  0.51055460E-09
     67968  0.50064919E-09
     68256  0.48549620E-09
     68544  0.47280163E-09
     68832  0.46166820E-09
     69120  0.45069964E-09
     69408  0.43553086E-09
     69696  0.42304141E-09
     69984  0.41230352E-09
     70272  0.40276524E-09
     70560  0.39410428E-09
     70848  0.38148476E-09
     71136  0.37109418E-09
     71424  0.36220668E-09
     71712  0.35374195E-09
     72000  0.34126355E-09
     72288  0.33140876E-09
     72576  0.32327896E-09
     72864  0.31634551E-09
     73152  0.31029521E-09
     73440  0.30121886E-09
     73728  0.29400568E-09
     74016  0.28804684E-09
     74304  0.28298461E-09
     74592  0.27468458E-09
     74880  0.26832286E-09
     75168  0.26323094E-09
     75456  0.25581276E-09
     75744  0.25014615E-09
     76032  0.24563471E-09
     76320  0.24193242E-09
     76608  0.23586791E-09
     76896  0.23127754E-09
     77184  0.22725963E-09
     77472  0.22410671E-09
     77760  0.21878706E-09
     78048  0.21484979E-09
     78336  0.21181974E-09
     78624  0.20942073E-09
     78912  0.20488188E-09
     79200  0.20155884E-09
     79488  0.19903729E-09
     79776  0.19673869E-09
     80064  0.19252595E-09
     80352  0.18951535E-09
     80640  0.18728862E-09
     80928  0.18560045E-09
     81216  0.18197069E-09
     81504  0.17938664E-09
     81792  0.17749284E-09
     82080  0.17578380E-09
     82368  0.17454743E-09
     82656  0.17144168E-09
     82944  0.16928139E-09
     83232  0.16774571E-09
     83520  0.16664203E-09
     83808  0.16375246E-09
     84096  0.16148230E-09
     84384  0.15991419E-09
     84672  0.15882376E-09
     84960  0.15807393E-09
     85248  0.15558804E-09
     85536  0.15390034E-09
     85824  0.15275219E-09
     86112  0.15174333E-09
     86400  0.15110474E-09
     86688  0.14884928E-09
     86976  0.14735245E-09
     87264  0.14637266E-09
     87552  0.14575863E-09
     87840  0.14519258E-09
     88128  0.14491119E-09
     88416  0.14307007E-09
     88704  0.14188654E-09
     88992  0.14115754E-09
     89280  0.14075170E-09
     89568  0.14037611E-09
     89856  0.14024612E-09
     90144  0.14029505E-09
     90432  0.13883263E-09
     90720  0.13789890E-09
     91008  0.13733313E-09
     91296  0.13683241E-09
     91584  0.13657453E-09
     91872  0.13648627E-09
     92160  0.13651469E-09
     92448  0.13662105E-09
     92736  0.13677852E-09
     93024  0.13678679E-09
     93312  0.13535888E-09
     93600  0.13431552E-09
     93888  0.13353831E-09
     94176  0.13294338E-09
     94464  0.13230061E-09
     94752  0.13178261E-09
     95040  0.13134449E-09
     95328  0.13095364E-09
     95616  0.13058699E-09
     95904  0.13022769E-09
     96192  0.12970647E-09
     96480  0.12921059E-09
     96768  0.12872282E-09
     97056  0.12822975E-09
     97344  0.12772168E-09
     97632  0.12719167E-09
     97920  0.12663418E-09
     98208  0.12589874E-09
     98496  0.12516418E-09
     98784  0.12442086E-09
     99072  0.12366164E-09
     99360  0.12288152E-09
     99648  0.12207742E-09
     99936  0.12124821E-09
    100224  0.12025421E-09
    100512  0.11926513E-09
    100800  0.11827467E-09
    101088  0.11727869E-09
    101376  0.11627451E-09
    101664  0.11526010E-09
    101952  0.11541632E-09
    102240  0.11531607E-09
    102528  0.11500521E-09
    102816  0.11452124E-09
    103104  0.11377021E-09
    103392  0.11293284E-09
    103680  0.11202493E-09
    103968  0.11106118E-09
    104256  0.11005331E-09
    104544  0.10901157E-09
    104832  0.10906699E-09
    105120  0.10886571E-09
    105408  0.10845629E-09
    105696  0.10787946E-09
    105984  0.10716997E-09
    106272  0.10635597E-09
    106560  0.10546204E-09
    106848  0.10559911E-09
    107136  0.10545598E-09
    107424  0.10508878E-09
    107712  0.10454378E-09
    108000  0.10386013E-09
    108288  0.10306895E-09
    108576  0.10326906E-09
    108864  0.10317648E-09
    109152  0.10285069E-09
    109440  0.10234202E-09
    109728  0.10169172E-09
    110016  0.10093417E-09
    110304  0.10115324E-09
    110592  0.10107885E-09
    110880  0.10077462E-09
    111168  0.10029208E-09
    111456  0.99672812E-10
    111744  0.98952263E-10
    112032  0.99198524E-10
    112320  0.99156024E-10
    112608  0.98995707E-10
    112896  0.98637855E-10
    113184  0.98131364E-10
    113472  0.98546719E-10
    113760  0.98643885E-10
    114048  0.98494282E-10
    114336  0.98157218E-10
    114624  0.97678643E-10
    114912  0.97096692E-10
    115200  0.97573158E-10
    115488  0.97732156E-10
    115776  0.97647369E-10
    116064  0.97378154E-10
    116352  0.96972520E-10
    116640  0.96467619E-10
    116928  0.96913762E-10
    117216  0.97172166E-10
    117504  0.97182408E-10
    117792  0.97006451E-10
    118080  0.96693160E-10
    118368  0.97303172E-10
    118656  0.97594988E-10
    118944  0.97752854E-10
    119232  0.97704934E-10
    119520  0.97504858E-10
    119808  0.97195502E-10
    120096  0.96808735E-10
    120384  0.97498974E-10
    120672  0.97872564E-10
    120960  0.98009344E-10
    121248  0.97970757E-10
    121536  0.97804251E-10
    121824  0.97661386E-10
    122112  0.98448541E-10
    122400  0.98912913E-10
    122688  0.99136220E-10
    122976  0.99181781E-10
    123264  0.99212139E-10
    123552  0.99121752E-10
    123840  0.98945845E-10
    124128  0.99743470E-10
    124416  0.10034631E-09
    124704  0.10069184E-09
    124992  0.10084842E-09
    125280  0.10086739E-09
    125568  0.10090699E-09
    125856  0.10084644E-09
    126144  0.10175599E-09
    126432  0.10234045E-09
    126720  0.10280411E-09
    127008  0.10305888E-09
    127296  0.10316172E-09
    127584  0.10315516E-09
    127872  0.10319519E-09
    128160  0.10314398E-09
    128448  0.10408351E-09
    128736  0.10468839E-09
    129024  0.10517107E-09
    129312  0.10543647E-09
    129600  0.10554223E-09
    129888  0.10553056E-09
    130176  0.10556518E-09
    130464  0.10549800E-09
    130752  0.10631741E-09
    131040  0.10680514E-09
    131328  0.10717991E-09
    131616  0.10733456E-09
    131904  0.10732697E-09
    132192  0.10719878E-09
    132480  0.10697991E-09
    132768  0.10683305E-09
    133056  0.10768750E-09
    133344  0.10813721E-09
    133632  0.10829296E-09
    133920  0.10837601E-09
    134208  0.10826089E-09
    134496  0.10800537E-09
    134784  0.10764989E-09
    135072  0.10737113E-09
    135360  0.10811838E-09
    135648  0.10843164E-09
    135936  0.10844681E-09
    136224  0.10826059E-09
    136512  0.10809039E-09
    136800  0.10778491E-09
    137088  0.10739653E-09
    137376  0.10696156E-09
    137664  0.10779885E-09
    137952  0.10816749E-09
    138240  0.10823484E-09
    138528  0.10811452E-09
    138816  0.10788336E-09
    139104  0.10775023E-09
    139392  0.10752912E-09
    139680  0.10726204E-09
    139968  0.10812139E-09
    140256  0.10853807E-09
    140544  0.10868079E-09
    140832  0.10881816E-09
    141120  0.10879527E-09
    141408  0.10867932E-09
    141696  0.10851133E-09
    141984  0.10831502E-09
    142272  0.10923362E-09
    142560  0.10984525E-09
    142848  0.11009963E-09
    143136  0.11013678E-09
    143424  0.11004193E-09
    143712  0.10986460E-09
    144000  0.10963227E-09
    144288  0.10935908E-09
    144576  0.11013580E-09
    144864  0.11057821E-09
    145152  0.11064085E-09
    145440  0.11047266E-09
    145728  0.11015897E-09
    146016  0.10974609E-09
    146304  0.10925650E-09
    146592  0.10869795E-09
    146880  0.10906427E-09
    147168  0.10893214E-09
    147456  0.10853199E-09
    147744  0.10814508E-09
    148032  0.10795283E-09
    148320  0.10811761E-09
    148608  0.10838552E-09
    148896  0.10877790E-09
    149184  0.11023317E-09
    149472  0.11141761E-09
    149760  0.11250566E-09
    150048  0.11356689E-09
    150336  0.11462543E-09
    150624  0.11568586E-09
    150912  0.11674661E-09
    151200  0.11780478E-09
    151488  0.11885956E-09
    151776  0.11990836E-09
    152064  0.12094915E-09
    152352  0.12302304E-09
    152640  0.12468954E-09
    152928  0.12615516E-09
    153216  0.12750313E-09
    153504  0.12876955E-09
    153792  0.12996877E-09
    154080  0.13110941E-09
    154368  0.13219847E-09
    154656  0.13324382E-09
    154944  0.13424986E-09
    155232  0.13522067E-09
    155520  0.13595503E-09
    155808  0.13678124E-09
    156096  0.13762735E-09
    156384  0.13846518E-09
    156672  0.13928504E-09
    156960  0.14008431E-09
    157248  0.14086260E-09
    157536  0.14162115E-09
    157824  0.14236005E-09
    158112  0.14307909E-09
    158400  0.14377841E-09
    158688  0.14445792E-09
    158976  0.14511789E-09
    159264  0.14553463E-09
    159552  0.14606516E-09
    159840  0.14662471E-09
    160128  0.14718178E-09
    160416  0.14772539E-09
    160704  0.14825199E-09
    160992  0.14876131E-09
    161280  0.14925389E-09
    161568  0.14973002E-09
    161856  0.15019053E-09
    162144  0.15040923E-09
    162432  0.15074766E-09
    162720  0.14975163E-09
    163008  0.14929845E-09
    163296  0.14910329E-09
    163584  0.14905227E-09
    163872  0.14909680E-09
    164160  0.14921220E-09
    164448  0.14915483E-09
    164736  0.14927611E-09
    165024  0.14947894E-09
    165312  0.14832519E-09
    165600  0.14774947E-09
    165888  0.14746511E-09
    166176  0.14735138E-09
    166464  0.14735298E-09
    166752  0.14743984E-09
    167040  0.14736856E-09
    167328  0.14606677E-09
    167616  0.14541782E-09
    167904  0.14510075E-09
    168192  0.14497704E-09
    168480  0.14498172E-09
    168768  0.14507905E-09
    169056  0.14383174E-09
    169344  0.14298254E-09
    169632  0.14259707E-09
    169920  0.14246058E-09
    170208  0.14247549E-09
    170496  0.14259376E-09
    170784  0.14135874E-09
    171072  0.14075287E-09
    171360  0.14048669E-09
    171648  0.14021259E-09
    171936  0.14019662E-09
    172224  0.13888926E-09
    172512  0.13824816E-09
    172800  0.13797011E-09
    173088  0.13790871E-09
    173376  0.13656014E-09
    173664  0.13588712E-09
    173952  0.13559148E-09
    174240  0.13532125E-09
    174528  0.13388576E-09
    174816  0.13317827E-09
    175104  0.13287220E-09
    175392  0.13280461E-09
    175680  0.13289102E-09
    175968  0.13165476E-09
    176256  0.13106279E-09
    176544  0.13083500E-09
    176832  0.13063577E-09
    177120  0.12894238E-09
    177408  0.12807908E-09
    177696  0.12768125E-09
    177984  0.12755921E-09
    178272  0.12761101E-09
    178560  0.12636797E-09
    178848  0.12576426E-09
    179136  0.12553024E-09
    179424  0.12551915E-09
    179712  0.12405924E-09
    180000  0.12334539E-09
    180288  0.12305383E-09
    180576  0.12161486E-09
    180864  0.12087695E-09
    181152  0.12054890E-09
    181440  0.12046909E-09
    181728  0.11916783E-09
    182016  0.11850627E-09
    182304  0.11805004E-09
    182592  0.11791484E-09
    182880  0.11659917E-09
    183168  0.11592643E-09
    183456  0.11563433E-09
    183744  0.11557341E-09
    184032  0.11430702E-09
    184320  0.11365010E-09
    184608  0.11336029E-09
    184896  0.11313511E-09
    185184  0.11179280E-09
    185472  0.11108844E-09
    185760  0.11076771E-09
    186048  0.11068094E-09
    186336  0.10942608E-09
    186624  0.10875609E-09
    186912  0.10844512E-09
    187200  0.10820514E-09
    187488  0.10817977E-09
    187776  0.10698756E-09
    188064  0.10635102E-09
    188352  0.10606001E-09
    188640  0.10598544E-09
    188928  0.10477926E-09
    189216  0.10397503E-09
    189504  0.10358349E-09
    189792  0.10344834E-09
    190080  0.10347426E-09
    190368  0.10236400E-09
    190656  0.10176063E-09
    190944  0.10148352E-09
    191232  0.10128266E-09
    191520  0.10127789E-09
    191808  0.10019100E-09
    192096  0.99600848E-10
    192384  0.99334929E-10
    192672  0.99280917E-10
    192960  0.99239249E-10
    193248  0.99344012E-10
    193536  0.98381511E-10
    193824  0.97863995E-10
    194112  0.97643407E-10
    194400  0.97619933E-10
    194688  0.97605847E-10
    194976  0.97725689E-10
    195264  0.97933522E-10
    195552  0.97095006E-10
    195840  0.96633507E-10
    196128  0.96430607E-10
    196416  0.96285362E-10
    196704  0.96297054E-10
    196992  0.96411969E-10
    197280  0.96593421E-10
    197568  0.96816818E-10
    197856  0.97064530E-10
    198144  0.97215562E-10
    198432  0.96366908E-10
    198720  0.95818652E-10
    199008  0.95482601E-10
    199296  0.95291205E-10
    199584  0.95088062E-10
    199872  0.94974958E-10
    200160  0.94917074E-10
    200448  0.94889686E-10
    200736  0.94875226E-10
    201024  0.94862153E-10
    201312  0.94740465E-10
    201600  0.94631560E-10
    201888  0.94523861E-10
    202176  0.94409175E-10
    202464  0.94281562E-10
    202752  0.94136948E-10
    203040  0.93972712E-10
    203328  0.93689875E-10
    203616  0.93407067E-10
    203904  0.93117868E-10
    204192  0.92817663E-10
    204480  0.92502894E-10
    204768  0.92171187E-10
    205056  0.91820850E-10
    205344  0.91357311E-10
    205632  0.90895180E-10
    205920  0.90429823E-10
    206208  0.89957278E-10
    206496  0.89475115E-10
    206784  0.88981641E-10
    207072  0.89378963E-10
    207360  0.89562427E-10
    207648  0.89571781E-10
    207936  0.89440018E-10
    208224  0.89107013E-10
    208512  0.88701366E-10
    208800  0.88237515E-10
    209088  0.87726257E-10
    209376  0.87175989E-10
    209664  0.86594468E-10
    209952  0.86869983E-10
    210240  0.86926959E-10
    210528  0.86808429E-10
    210816  0.86550322E-10
    211104  0.86181541E-10
    211392  0.85725732E-10
    211680  0.85202324E-10
    211968  0.85497408E-10
    212256  0.85555528E-10
    212544  0.85425826E-10
    212832  0.85148132E-10
    213120  0.84754891E-10
    213408  0.84272152E-10
    213696  0.84586498E-10
    213984  0.84652500E-10
    214272  0.84523305E-10
    214560  0.84241662E-10
    214848  0.83842586E-10
    215136  0.83354004E-10
    215424  0.83656887E-10
    215712  0.83712273E-10
    216000  0.83574543E-10
    216288  0.83287689E-10
    216576  0.82886926E-10
    216864  0.82401898E-10
    217152  0.82707556E-10
    217440  0.82766467E-10
    217728  0.82714509E-10
    218016  0.82499695E-10
    218304  0.82161958E-10
    218592  0.82583128E-10
    218880  0.82735430E-10
    219168  0.82682125E-10
    219456  0.82472112E-10
    219744  0.82144964E-10
    220032  0.81733224E-10
    220320  0.82186327E-10
    220608  0.82370805E-10
    220896  0.82351924E-10
    221184  0.82180297E-10
    221472  0.81896413E-10
    221760  0.81530623E-10
    222048  0.81954415E-10
    222336  0.82205930E-10
    222624  0.82250318E-10
    222912  0.82140905E-10
    223200  0.81918500E-10
    223488  0.82464847E-10
    223776  0.82741029E-10
    224064  0.82893692E-10
    224352  0.82877330E-10
    224640  0.82736602E-10
    224928  0.82506578E-10
    225216  0.82214548E-10
    225504  0.82810224E-10
    225792  0.83138850E-10
    226080  0.83269294E-10
    226368  0.83254292E-10
    226656  0.83135186E-10
    226944  0.83026981E-10
    227232  0.83696480E-10
    227520  0.84093663E-10
    227808  0.84289360E-10
    228096  0.84338016E-10
    228384  0.84365639E-10
    228672  0.84296153E-10
    228960  0.84157945E-10
    229248  0.84832724E-10
    229536  0.85332290E-10
    229824  0.85618956E-10
    230112  0.85750254E-10
    230400  0.85769315E-10
    230688  0.85798008E-10
    230976  0.85747354E-10
    231264  0.86508259E-10
    231552  0.86995716E-10
    231840  0.87372616E-10
    232128  0.87579444E-10
    232416  0.87663314E-10
    232704  0.87659352E-10
    232992  0.87686920E-10
    233280  0.87643184E-10
    233568  0.88428466E-10
    233856  0.88933465E-10
    234144  0.89327795E-10
    234432  0.89545725E-10
    234720  0.89635056E-10
    235008  0.89630629E-10
    235296  0.89658003E-10
    235584  0.89606586E-10
    235872  0.90297853E-10
    236160  0.90713277E-10
    236448  0.91027547E-10
    236736  0.91164312E-10
    237024  0.91171945E-10
    237312  0.91084314E-10
    237600  0.90925427E-10
    237888  0.90819088E-10
    238176  0.91555839E-10
    238464  0.91957233E-10
    238752  0.92117772E-10
    239040  0.92211953E-10
    239328  0.92148261E-10
    239616  0.91972818E-10
    239904  0.91719181E-10
    240192  0.91523289E-10
    240480  0.92195855E-10
    240768  0.92507571E-10
    241056  0.92572693E-10
    241344  0.92472925E-10
    241632  0.92378757E-10
    241920  0.92177925E-10
    242208  0.91911499E-10
    242496  0.91609192E-10
    242784  0.92376877E-10
    243072  0.92754346E-10
    243360  0.92883708E-10
    243648  0.92859269E-10
    243936  0.92744062E-10
    244224  0.92703185E-10
    244512  0.92596139E-10
    244800  0.92457271E-10
    245088  0.93296280E-10
    245376  0.93764177E-10
    245664  0.94006809E-10
    245952  0.94243217E-10
    246240  0.94356474E-10
    246528  0.94401514E-10
    246816  0.94412422E-10
    247104  0.94410035E-10
    247392  0.95412567E-10
    247680  0.96162293E-10
    247968  0.96628441E-10
    248256  0.96926377E-10
    248544  0.97127202E-10
    248832  0.97274411E-10
    249120  0.97394301E-10
    249408  0.97502680E-10
    249696  0.98632054E-10
    249984  0.99499652E-10
    250272  0.10006958E-09
    250560  0.10046271E-09
    250848  0.10075257E-09
    251136  0.10098361E-09
    251424  0.10118251E-09
    251712  0.10136506E-09
    252000  0.10258087E-09
    252288  0.10337592E-09
    252576  0.10391869E-09
    252864  0.10431183E-09
    253152  0.10461756E-09
    253440  0.10503254E-09
    253728  0.10535418E-09
    254016  0.10562115E-09
    254304  0.10691415E-09
    254592  0.10775842E-09
    254880  0.10833273E-09
    255168  0.10874612E-09
    255456  0.10906336E-09
    255744  0.10932327E-09
    256032  0.10954769E-09
    256320  0.10974888E-09
    256608  0.10993353E-09
    256896  0.11010481E-09
    257184  0.11026394E-09
    257472  0.11148430E-09
    257760  0.11223908E-09
    258048  0.11271476E-09
    258336  0.11302184E-09
    258624  0.11322492E-09
    258912  0.11336036E-09
    259200  0.11344815E-09
    259488  0.11349857E-09
    259776  0.11351672E-09
    260064  0.11350444E-09
    260352  0.11346204E-09
    260640  0.11321897E-09
    260928  0.11302696E-09
    261216  0.11284676E-09
    261504  0.11265650E-09
    261792  0.11244414E-09
    262080  0.11220339E-09
    262368  0.11193112E-09
    262656  0.11162603E-09
    262944  0.11128787E-09
    263232  0.11091702E-09
    263520  0.11051133E-09
    263808  0.11006372E-09
    264096  0.10957597E-09
    264384  0.10892805E-09
    264672  0.10855845E-09
    264960  0.10869455E-09
    265248  0.10921927E-09
    265536  0.10997256E-09
    265824  0.11085938E-09
    266112  0.11182362E-09
    266400  0.11283035E-09
    266688  0.11385872E-09
    266976  0.11489283E-09
    267264  0.11576452E-09
    267552  0.11671793E-09
    267840  0.11667556E-09
    268128  0.11707205E-09
    268416  0.11766510E-09
    268704  0.11834447E-09
    268992  0.11905908E-09
    269280  0.11978439E-09
    269568  0.12034095E-09
    269856  0.12099154E-09
    270144  0.12166181E-09
    270432  0.12123436E-09
    270720  0.12127586E-09
    271008  0.12153817E-09
    271296  0.12190822E-09
    271584  0.12233441E-09
    271872  0.12278970E-09
    272160  0.12308685E-09
    272448  0.12235865E-09
    272736  0.12217370E-09
    273024  0.12225042E-09
    273312  0.12245953E-09
    273600  0.12274058E-09
    273888  0.12306348E-09
    274176  0.12225253E-09
    274464  0.12179499E-09
    274752  0.12171590E-09
    275040  0.12182018E-09
    275328  0.12201931E-09
    275616  0.12227151E-09
    275904  0.12137354E-09
    276192  0.12102107E-09
    276480  0.12095192E-09
    276768  0.12086679E-09
    277056  0.12097300E-09
    277344  0.11997153E-09
    277632  0.11955027E-09
    277920  0.11943291E-09
    278208  0.11948115E-09
    278496  0.11842488E-09
    278784  0.11795863E-09
    279072  0.11780878E-09
    279360  0.11766983E-09
    279648  0.11652401E-09
    279936  0.11601250E-09
    280224  0.11583751E-09
    280512  0.11584744E-09
    280800  0.11596412E-09
    281088  0.11493823E-09
    281376  0.11448236E-09
    281664  0.11433854E-09
    281952  0.11421326E-09
    282240  0.11279981E-09
    282528  0.11212572E-09
    282816  0.11185518E-09
    283104  0.11180780E-09
    283392  0.11188939E-09
    283680  0.11084431E-09
    283968  0.11036712E-09
    284256  0.11020935E-09
    284544  0.11023282E-09
    284832  0.10900819E-09
    285120  0.10844434E-09
    285408  0.10824505E-09
    285696  0.10705127E-09
    285984  0.10648048E-09
    286272  0.10626292E-09
    286560  0.10624693E-09
    286848  0.10516207E-09
    287136  0.10464592E-09
    287424  0.10431526E-09
    287712  0.10425107E-09
    288000  0.10315073E-09
    288288  0.10262378E-09
    288576  0.10242898E-09
    288864  0.10242517E-09
    289152  0.10136270E-09
    289440  0.10084663E-09
    289728  0.10065283E-09
    290016  0.10051455E-09
    290304  0.99390239E-10
    290592  0.98836571E-10
    290880  0.98618967E-10
    291168  0.98597866E-10
    291456  0.97544549E-10
    291744  0.97017144E-10
    292032  0.96806396E-10
    292320  0.96657585E-10
    292608  0.96682246E-10
    292896  0.95671158E-10
    293184  0.95161573E-10
    293472  0.94959221E-10
    293760  0.94942013E-10
    294048  0.93919435E-10
    294336  0.93270849E-10
    294624  0.92986334E-10
    294912  0.92919263E-10
    295200  0.92980380E-10
    295488  0.92021765E-10
    295776  0.91518154E-10
    296064  0.91301328E-10
    296352  0.91149296E-10
    296640  0.91158324E-10
    296928  0.90195164E-10
    297216  0.89680374E-10
    297504  0.89454125E-10
    297792  0.89410826E-10
    298080  0.89377665E-10
    298368  0.89463603E-10
    298656  0.88594951E-10
    298944  0.88134340E-10
    299232  0.87945706E-10
    299520  0.87936283E-10
    299808  0.87943354E-10
    300096  0.88066991E-10
    300384  0.88268448E-10
    300672  0.87535243E-10
    300960  0.87151994E-10
    301248  0.87008505E-10
    301536  0.86926306E-10
    301824  0.86981547E-10
    302112  0.87124800E-10
    302400  0.87324044E-10
    302688  0.87556636E-10
    302976  0.87807685E-10
    303264  0.87976029E-10
    303552  0.87236496E-10
    303840  0.86771243E-10
    304128  0.86498420E-10
    304416  0.86355395E-10
    304704  0.86205820E-10
    304992  0.86133413E-10
    305280  0.86107892E-10
    305568  0.86108051E-10
    305856  0.86119237E-10
    306144  0.86130693E-10
    306432  0.86049008E-10
    306720  0.85976774E-10
    307008  0.85904485E-10
    307296  0.85825444E-10
    307584  0.85734662E-10
    307872  0.85628407E-10
    308160  0.85504097E-10
    308448  0.85277771E-10
    308736  0.85050231E-10
    309024  0.84815904E-10
    309312  0.84570684E-10
    309600  0.84311877E-10
    309888  0.84037374E-10
    310176  0.83746100E-10
    310464  0.83357946E-10
    310752  0.82970304E-10
    311040  0.82578763E-10
    311328  0.82180034E-10
    311616  0.81772235E-10
    311904  0.81354076E-10
    312192  0.81745916E-10
    312480  0.81938650E-10
    312768  0.81971735E-10
    313056  0.81876367E-10
    313344  0.81603918E-10
    313632  0.81265605E-10
    313920  0.80874113E-10
    314208  0.80439252E-10
    314496  0.79968976E-10
    314784  0.79470389E-10
    315072  0.79752545E-10
