         1  0.19438481E-09
       288  0.19030325E-09
       576  0.18602234E-09
       864  0.18300096E-09
      1152  0.18119015E-09
      1440  0.18026652E-09
      1728  0.18014196E-09
      2016  0.18050904E-09
      2304  0.18127355E-09
      2592  0.18237077E-09
      2880  0.18375362E-09
      3168  0.18540056E-09
      3456  0.18746885E-09
      3744  0.18991134E-09
      4032  0.19288139E-09
      4320  0.19656614E-09
      4608  0.20110522E-09
      4896  0.20659743E-09
      5184  0.21323514E-09
      5472  0.22096840E-09
      5760  0.22989785E-09
      6048  0.24010233E-09
      6336  0.25164723E-09
      6624  0.26458757E-09
      6912  0.27916325E-09
      7200  0.29518252E-09
      7488  0.31284270E-09
      7776  0.33198030E-09
      8064  0.35259728E-09
      8352  0.37501488E-09
      8640  0.39888387E-09
      8928  0.42417961E-09
      9216  0.45086374E-09
      9504  0.47888454E-09
      9792  0.50816984E-09
     10080  0.53947130E-09
     10368  0.57188482E-09
     10656  0.60531735E-09
     10944  0.63966560E-09
     11232  0.67482719E-09
     11520  0.71067341E-09
     11808  0.74781431E-09
     12096  0.78581330E-09
     12384  0.82412127E-09
     12672  0.86259921E-09
     12960  0.90109509E-09
     13248  0.93841113E-09
     13536  0.97337061E-09
     13824  0.10084202E-08
     14112  0.10429579E-08
     14400  0.10768570E-08
     14688  0.11099743E-08
     14976  0.11421688E-08
     15264  0.11750697E-08
     15552  0.12068122E-08
     15840  0.12372505E-08
     16128  0.12662592E-08
     16416  0.12936834E-08
     16704  0.13199687E-08
     16992  0.13460121E-08
     17280  0.13701281E-08
     17568  0.13922381E-08
     17856  0.14122385E-08
     18144  0.14306575E-08
     18432  0.14468082E-08
     18720  0.14606465E-08
     19008  0.14741109E-08
     19296  0.14857544E-08
     19584  0.14949283E-08
     19872  0.15016168E-08
     20160  0.15058226E-08
     20448  0.15081987E-08
     20736  0.15080792E-08
     21024  0.15078696E-08
     21312  0.15051783E-08
     21600  0.15007250E-08
     21888  0.14938676E-08
     22176  0.14846839E-08
     22464  0.14732802E-08
     22752  0.14604559E-08
     23040  0.14455713E-08
     23328  0.14314990E-08
     23616  0.14154550E-08
     23904  0.13983071E-08
     24192  0.13794219E-08
     24480  0.13589632E-08
     24768  0.13370844E-08
     25056  0.13147003E-08
     25344  0.12911588E-08
     25632  0.12693800E-08
     25920  0.12465148E-08
     26208  0.12235198E-08
     26496  0.11997145E-08
     26784  0.11752522E-08
     27072  0.11503075E-08
     27360  0.11250334E-08
     27648  0.11003993E-08
     27936  0.10788185E-08
     28224  0.10568334E-08
     28512  0.10345905E-08
     28800  0.10130752E-08
     29088  0.99146003E-09
     29376  0.96987929E-09
     29664  0.94844410E-09
     29952  0.92812019E-09
     30240  0.91135427E-09
     30528  0.89435431E-09
     30816  0.87726121E-09
     31104  0.86019414E-09
     31392  0.84415763E-09
     31680  0.82817647E-09
     31968  0.81235829E-09
     32256  0.79677359E-09
     32544  0.78595902E-09
     32832  0.77465095E-09
     33120  0.76302592E-09
     33408  0.75122703E-09
     33696  0.73937390E-09
     33984  0.72854034E-09
     34272  0.71762452E-09
     34560  0.70673245E-09
     34848  0.69975598E-09
     35136  0.69209721E-09
     35424  0.68397504E-09
     35712  0.67656797E-09
     36000  0.66876554E-09
     36288  0.66073003E-09
     36576  0.65258399E-09
     36864  0.64442451E-09
     37152  0.64049832E-09
     37440  0.63665412E-09
     37728  0.63186251E-09
     38016  0.62641098E-09
     38304  0.62052280E-09
     38592  0.61436151E-09
     38880  0.60804567E-09
     39168  0.60165856E-09
     39456  0.59988114E-09
     39744  0.59787775E-09
     40032  0.59461180E-09
     40320  0.59044608E-09
     40608  0.58563254E-09
     40896  0.58033917E-09
     41184  0.57473737E-09
     41472  0.56892946E-09
     41760  0.56804850E-09
     42048  0.56528909E-09
     42336  0.56110006E-09
     42624  0.55576832E-09
     42912  0.54949362E-09
     43200  0.54355964E-09
     43488  0.53671823E-09
     43776  0.52945492E-09
     44064  0.52776949E-09
     44352  0.52517413E-09
     44640  0.52292126E-09
     44928  0.52180715E-09
     45216  0.52224053E-09
     45504  0.52435872E-09
     45792  0.52812943E-09
     46080  0.53343591E-09
     46368  0.54013666E-09
     46656  0.54809457E-09
     46944  0.55719102E-09
     47232  0.57309574E-09
     47520  0.58811017E-09
     47808  0.60283739E-09
     48096  0.61766015E-09
     48384  0.63282518E-09
     48672  0.64849154E-09
     48960  0.66475786E-09
     49248  0.68169065E-09
     49536  0.69933032E-09
     49824  0.71770101E-09
     50112  0.73681805E-09
     50400  0.75534923E-09
     50688  0.77498158E-09
     50976  0.79560136E-09
     51264  0.81712603E-09
     51552  0.83949309E-09
     51840  0.86265062E-09
     52128  0.88655755E-09
     52416  0.91117264E-09
     52704  0.93645758E-09
     52992  0.96237740E-09
     53280  0.98889119E-09
     53568  0.10159592E-08
     53856  0.10435383E-08
     54144  0.10700852E-08
     54432  0.10973451E-08
     54720  0.11251939E-08
     55008  0.11535245E-08
     55296  0.11822368E-08
     55584  0.12112410E-08
     55872  0.12404514E-08
     56160  0.12697822E-08
     56448  0.12991510E-08
     56736  0.13284761E-08
     57024  0.13561191E-08
     57312  0.13838179E-08
     57600  0.14034875E-08
     57888  0.14242317E-08
     58176  0.14456850E-08
     58464  0.14675415E-08
     58752  0.14895479E-08
     59040  0.15114812E-08
     59328  0.15315398E-08
     59616  0.15514053E-08
     59904  0.15708801E-08
     60192  0.15812961E-08
     60480  0.15922677E-08
     60768  0.16034496E-08
     61056  0.16145453E-08
     61344  0.16253128E-08
     61632  0.16355396E-08
     61920  0.16434522E-08
     62208  0.16418303E-08
     62496  0.16407850E-08
     62784  0.16399618E-08
     63072  0.16390794E-08
     63360  0.16379025E-08
     63648  0.16362413E-08
     63936  0.16248497E-08
     64224  0.16125435E-08
     64512  0.16008731E-08
     64800  0.15894628E-08
     65088  0.15779288E-08
     65376  0.15659792E-08
     65664  0.15442546E-08
     65952  0.15233432E-08
     66240  0.15028708E-08
     66528  0.14810254E-08
     66816  0.14593760E-08
     67104  0.14284905E-08
     67392  0.13991773E-08
     67680  0.13710376E-08
     67968  0.13437624E-08
     68256  0.13079440E-08
     68544  0.12744831E-08
     68832  0.12429289E-08
     69120  0.12115179E-08
     69408  0.11725643E-08
     69696  0.11370092E-08
     69984  0.11042627E-08
     70272  0.10738677E-08
     70560  0.10454733E-08
     70848  0.10098337E-08
     71136  0.97788344E-09
     71424  0.94899544E-09
     71712  0.92138697E-09
     72000  0.88561974E-09
     72288  0.85480240E-09
     72576  0.82797080E-09
     72864  0.80438334E-09
     73152  0.78347395E-09
     73440  0.75637180E-09
     73728  0.73355100E-09
     74016  0.71413847E-09
     74304  0.69748451E-09
     74592  0.67370726E-09
     74880  0.65459921E-09
     75168  0.63911132E-09
     75456  0.61851774E-09
     75744  0.60264405E-09
     76032  0.59036409E-09
     76320  0.58087507E-09
     76608  0.56595845E-09
     76896  0.55522836E-09
     77184  0.54657850E-09
     77472  0.54074650E-09
     77760  0.52970889E-09
     78048  0.52277699E-09
     78336  0.51884214E-09
     78624  0.51702376E-09
     78912  0.50947341E-09
     79200  0.50514304E-09
     79488  0.50305682E-09
     79776  0.50154858E-09
     80064  0.49435755E-09
     80352  0.49027493E-09
     80640  0.48837279E-09
     80928  0.48801979E-09
     81216  0.48182064E-09
     81504  0.47842008E-09
     81792  0.47699783E-09
     82080  0.47604576E-09
     82368  0.47639226E-09
     82656  0.47083298E-09
     82944  0.46786197E-09
     83232  0.46674409E-09
     83520  0.46696802E-09
     83808  0.46147422E-09
     84096  0.45760892E-09
     84384  0.45581705E-09
     84672  0.45553106E-09
     84960  0.45635343E-09
     85248  0.45144091E-09
     85536  0.44884421E-09
     85824  0.44793358E-09
     86112  0.44742124E-09
     86400  0.44804704E-09
     86688  0.44311890E-09
     86976  0.44043028E-09
     87264  0.43938653E-09
     87552  0.43956200E-09
     87840  0.43985379E-09
     88128  0.44102710E-09
     88416  0.43664483E-09
     88704  0.43424159E-09
     88992  0.43331119E-09
     89280  0.43348442E-09
     89568  0.43372955E-09
     89856  0.43477882E-09
     90144  0.43644027E-09
     90432  0.43255988E-09
     90720  0.43036627E-09
     91008  0.42944548E-09
     91296  0.42875517E-09
     91584  0.42895346E-09
     91872  0.42982751E-09
     92160  0.43121579E-09
     92448  0.43299420E-09
     92736  0.43506809E-09
     93024  0.43667814E-09
     93312  0.43283346E-09
     93600  0.43036322E-09
     93888  0.42894741E-09
     94176  0.42833934E-09
     94464  0.42767495E-09
     94752  0.42760551E-09
     95040  0.42798665E-09
     95328  0.42870427E-09
     95616  0.42966861E-09
     95904  0.43080747E-09
     96192  0.43142598E-09
     96480  0.43222489E-09
     96768  0.43314410E-09
     97056  0.43413428E-09
     97344  0.43515494E-09
     97632  0.43617260E-09
     97920  0.43715928E-09
     98208  0.43748347E-09
     98496  0.43783266E-09
     98784  0.43817255E-09
     99072  0.43847437E-09
     99360  0.43871434E-09
     99648  0.43887291E-09
     99936  0.43893322E-09
    100224  0.43829537E-09
    100512  0.43762471E-09
    100800  0.43689702E-09
    101088  0.43609227E-09
    101376  0.43519410E-09
    101664  0.43418882E-09
    101952  0.43784407E-09
    102240  0.44063314E-09
    102528  0.44265883E-09
    102816  0.44400700E-09
    103104  0.44420168E-09
    103392  0.44393358E-09
    103680  0.44324658E-09
    103968  0.44217888E-09
    104256  0.44076423E-09
    104544  0.43903256E-09
    104832  0.44158158E-09
