       288  0.23008542E-09
       576  0.26000971E-09
       864  0.28478692E-09
      1152  0.30511399E-09
      1440  0.32159114E-09
      1728  0.33823969E-09
      2016  0.35159289E-09
      2304  0.36207595E-09
      2592  0.37006970E-09
      2880  0.37591139E-09
      3168  0.37989953E-09
      3456  0.38630488E-09
      3744  0.39074341E-09
      4032  0.39348744E-09
      4320  0.39477868E-09
      4608  0.39483292E-09
      4896  0.39384138E-09
      5184  0.39611420E-09
      5472  0.39697085E-09
      5760  0.39662854E-09
      6048  0.39527764E-09
      6336  0.39308792E-09
      6624  0.39020870E-09
      6912  0.39089404E-09
      7200  0.39041506E-09
      7488  0.38948031E-09
      7776  0.38766179E-09
      8064  0.38512227E-09
      8352  0.38607631E-09
      8640  0.38584780E-09
      8928  0.38464337E-09
      9216  0.38264145E-09
      9504  0.37999909E-09
      9792  0.37685224E-09
     10080  0.37784134E-09
     10368  0.37770773E-09
     10656  0.37665965E-09
     10944  0.37487596E-09
     11232  0.37251155E-09
     11520  0.36969880E-09
     11808  0.37048811E-09
     12096  0.37079972E-09
     12384  0.37021539E-09
     12672  0.36891923E-09
     12960  0.36706779E-09
     13248  0.36869272E-09
     13536  0.36924652E-09
     13824  0.36947129E-09
     14112  0.36892037E-09
     14400  0.36776349E-09
     14688  0.36614461E-09
     14976  0.36418366E-09
     15264  0.36636319E-09
     15552  0.36749553E-09
     15840  0.36779901E-09
     16128  0.36745770E-09
     16416  0.36662481E-09
     16704  0.36598885E-09
     16992  0.36879191E-09
     17280  0.37053674E-09
     17568  0.37144879E-09
     17856  0.37171730E-09
     18144  0.37206499E-09
     18432  0.37193640E-09
     18720  0.37145800E-09
     19008  0.37454032E-09
     19296  0.37719183E-09
     19584  0.37891179E-09
     19872  0.37988876E-09
     20160  0.38028691E-09
     20448  0.38083930E-09
     20736  0.38092901E-09
     21024  0.38451758E-09
     21312  0.38701128E-09
     21600  0.38925876E-09
     21888  0.39071560E-09
     22176  0.39156492E-09
     22464  0.39195125E-09
     22752  0.39261994E-09
     23040  0.39288331E-09
     23328  0.39675643E-09
     23616  0.39949230E-09
     23904  0.40197512E-09
     24192  0.40362241E-09
     24480  0.40461817E-09
     24768  0.40510820E-09
     25056  0.40587331E-09
     25344  0.40616766E-09
     25632  0.40972473E-09
     25920  0.41209638E-09
     26208  0.41422246E-09
     26496  0.41545561E-09
     26784  0.41598813E-09
     27072  0.41596818E-09
     27360  0.41550924E-09
     27648  0.41541501E-09
     27936  0.41901463E-09
     28224  0.42114273E-09
     28512  0.42213763E-09
     28800  0.42299225E-09
     29088  0.42298706E-09
     29376  0.42232834E-09
     29664  0.42117704E-09
     29952  0.42042458E-09
     30240  0.42350684E-09
     30528  0.42500656E-09
     30816  0.42536116E-09
     31104  0.42490284E-09
     31392  0.42466597E-09
     31680  0.42382670E-09
     31968  0.42259637E-09
     32256  0.42113571E-09
     32544  0.42483186E-09
     32832  0.42686885E-09
     33120  0.42779316E-09
     33408  0.42800063E-09
     33696  0.42777359E-09
     33984  0.42816611E-09
     34272  0.42819251E-09
     34560  0.42803491E-09
     34848  0.43241610E-09
     35136  0.43530290E-09
     35424  0.43723875E-09
     35712  0.43948267E-09
     36000  0.44110229E-09
     36288  0.44236023E-09
     36576  0.44343162E-09
     36864  0.44443271E-09
     37152  0.45020951E-09
     37440  0.45533838E-09
     37728  0.45914786E-09
     38016  0.46212670E-09
     38304  0.46459719E-09
     38592  0.46677201E-09
     38880  0.46878856E-09
     39168  0.47073534E-09
     39456  0.47765819E-09
     39744  0.48386867E-09
     40032  0.48863852E-09
     40320  0.49249377E-09
     40608  0.49577775E-09
     40896  0.49871390E-09
     41184  0.50144655E-09
     41472  0.50406868E-09
     41760  0.51188143E-09
     42048  0.51783150E-09
     42336  0.52259286E-09
     42624  0.52660315E-09
     42912  0.53014465E-09
     43200  0.53454274E-09
     43488  0.53837068E-09
     43776  0.54184512E-09
     44064  0.55062949E-09
     44352  0.55733584E-09
     44640  0.56271765E-09
     44928  0.56725907E-09
     45216  0.57127025E-09
     45504  0.57495175E-09
     45792  0.57843291E-09
     46080  0.58179589E-09
     46368  0.58499339E-09
     46656  0.58793209E-09
     46944  0.59071825E-09
     47232  0.59937755E-09
     47520  0.60588817E-09
     47808  0.61102851E-09
     48096  0.61530037E-09
     48384  0.61901828E-09
     48672  0.62238203E-09
     48960  0.62552052E-09
     49248  0.62851413E-09
     49536  0.63141259E-09
     49824  0.63424827E-09
     50112  0.63703909E-09
     50400  0.63842853E-09
     50688  0.64027472E-09
     50976  0.64240696E-09
     51264  0.64471406E-09
     51552  0.64712280E-09
     51840  0.64958605E-09
     52128  0.65207134E-09
     52416  0.65455708E-09
     52704  0.65702815E-09
     52992  0.65947298E-09
     53280  0.66188183E-09
     53568  0.66424660E-09
     53856  0.66656025E-09
     54144  0.66737904E-09
     54432  0.66864325E-09
     54720  0.67016265E-09
     55008  0.67181150E-09
     55296  0.67350570E-09
     55584  0.67518835E-09
     55872  0.67681821E-09
     56160  0.67836509E-09
     56448  0.67980621E-09
     56736  0.68111750E-09
     57024  0.68086131E-09
     57312  0.68094808E-09
     57600  0.67403189E-09
     57888  0.66968392E-09
     58176  0.66686479E-09
     58464  0.66491274E-09
     58752  0.66339945E-09
     59040  0.66204492E-09
     59328  0.65927419E-09
     59616  0.65684430E-09
     59904  0.65448036E-09
     60192  0.64496652E-09
     60480  0.63773864E-09
     60768  0.63176758E-09
     61056  0.62639915E-09
     61344  0.62121314E-09
     61632  0.61593985E-09
     61920  0.60916361E-09
     62208  0.59583394E-09
     62496  0.58480643E-09
     62784  0.57502880E-09
     63072  0.56585875E-09
     63360  0.55691279E-09
     63648  0.54797078E-09
     63936  0.53290905E-09
     64224  0.51887805E-09
     64512  0.50651244E-09
     64800  0.49515586E-09
     65088  0.48443211E-09
     65376  0.47414400E-09
     65664  0.45893248E-09
     65952  0.44597873E-09
     66240  0.43450524E-09
     66528  0.42326243E-09
     66816  0.41314996E-09
     67104  0.39923462E-09
     67392  0.38771081E-09
     67680  0.37778061E-09
     67968  0.36898296E-09
     68256  0.35687703E-09
     68544  0.34700981E-09
     68832  0.33863806E-09
     69120  0.33072969E-09
     69408  0.32012801E-09
     69696  0.31172770E-09
     69984  0.30477146E-09
     70272  0.29882888E-09
     70560  0.29364933E-09
     70848  0.28568437E-09
     71136  0.27943867E-09
     71424  0.27432900E-09
     71712  0.26954516E-09
     72000  0.26175548E-09
     72288  0.25591937E-09
     72576  0.25132341E-09
     72864  0.24757252E-09
     73152  0.24444136E-09
     73440  0.23890273E-09
     73728  0.23475977E-09
     74016  0.23152195E-09
     74304  0.22891412E-09
     74592  0.22365007E-09
     74880  0.21987558E-09
     75168  0.21703916E-09
     75456  0.21222041E-09
     75744  0.20875418E-09
     76032  0.20615272E-09
     76320  0.20414295E-09
     76608  0.20009196E-09
     76896  0.19721338E-09
     77184  0.19475047E-09
     77472  0.19295912E-09
     77760  0.18926102E-09
     78048  0.18669095E-09
     78336  0.18484057E-09
     78624  0.18347825E-09
     78912  0.18020758E-09
     79200  0.17795382E-09
     79488  0.17635446E-09
     79776  0.17490925E-09
     80064  0.17173866E-09
     80352  0.16959700E-09
     80640  0.16811184E-09
     80928  0.16706801E-09
     81216  0.16425693E-09
     81504  0.16235657E-09
     81792  0.16104654E-09
     82080  0.15987622E-09
     82368  0.15910502E-09
     82656  0.15661814E-09
     82944  0.15497037E-09
     83232  0.15386863E-09
     83520  0.15313893E-09
     83808  0.15075872E-09
     84096  0.14893527E-09
     84384  0.14773983E-09
     84672  0.14696530E-09
     84960  0.14648539E-09
     85248  0.14439047E-09
     85536  0.14302301E-09
     85824  0.14214280E-09
     86112  0.14138127E-09
     86400  0.14094907E-09
     86688  0.13900603E-09
     86976  0.13776166E-09
     87264  0.13698960E-09
     87552  0.13654730E-09
     87840  0.13614131E-09
     88128  0.13598989E-09
     88416  0.13437300E-09
     88704  0.13336759E-09
     88992  0.13278234E-09
     89280  0.13249254E-09
     89568  0.13222549E-09
     89856  0.13218084E-09
     90144  0.13229447E-09
     90432  0.13098370E-09
     90720  0.13016974E-09
     91008  0.12970032E-09
     91296  0.12929158E-09
     91584  0.12910834E-09
     91872  0.12908027E-09
     92160  0.12915738E-09
     92448  0.12930274E-09
     92736  0.12949122E-09
     93024  0.12953939E-09
     93312  0.12823033E-09
     93600  0.12729004E-09
     93888  0.12660661E-09
     94176  0.12609974E-09
     94464  0.12555244E-09
     94752  0.12512656E-09
     95040  0.12477896E-09
     95328  0.12447893E-09
     95616  0.12420386E-09
     95904  0.12393753E-09
     96192  0.12352014E-09
     96480  0.12312840E-09
     96768  0.12274506E-09
     97056  0.12235758E-09
     97344  0.12195690E-09
     97632  0.12153664E-09
     97920  0.12109166E-09
     98208  0.12047979E-09
     98496  0.11987050E-09
     98784  0.11925438E-09
     99072  0.11862540E-09
     99360  0.11797860E-09
     99648  0.11731077E-09
     99936  0.11661982E-09
    100224  0.11577291E-09
    100512  0.11493211E-09
    100800  0.11409036E-09
    101088  0.11324342E-09
    101376  0.11238777E-09
    101664  0.11152174E-09
    101952  0.11178550E-09
    102240  0.11179777E-09
    102528  0.11160204E-09
    102816  0.11123582E-09
    103104  0.11060911E-09
    103392  0.10989572E-09
    103680  0.10911131E-09
    103968  0.10827020E-09
    104256  0.10738346E-09
    104544  0.10646089E-09
    104832  0.10660600E-09
    105120  0.10649556E-09
    105408  0.10617768E-09
    105696  0.10569277E-09
    105984  0.10507448E-09
    106272  0.10435101E-09
    106560  0.10354545E-09
    106848  0.10374818E-09
    107136  0.10367259E-09
    107424  0.10337364E-09
    107712  0.10289717E-09
    108000  0.10228090E-09
    108288  0.10155710E-09
    108576  0.10180651E-09
    108864  0.10176410E-09
    109152  0.10148960E-09
    109440  0.10103246E-09
    109728  0.10043365E-09
    110016  0.99726775E-10
    110304  0.99980836E-10
    110592  0.99944678E-10
    110880  0.99679417E-10
    111168  0.99235599E-10
    111456  0.98655743E-10
    111744  0.97973935E-10
    112032  0.98246980E-10
    112320  0.98232332E-10
    112608  0.98099237E-10
    112896  0.97770424E-10
    113184  0.97292910E-10
    113472  0.97726563E-10
    113760  0.97844198E-10
    114048  0.97717501E-10
    114336  0.97403599E-10
    114624  0.96948435E-10
    114912  0.96390576E-10
    115200  0.96880684E-10
    115488  0.97054954E-10
    115776  0.96987085E-10
    116064  0.96735932E-10
    116352  0.96348533E-10
    116640  0.95862235E-10
    116928  0.96319029E-10
    117216  0.96589008E-10
    117504  0.96612086E-10
    117792  0.96450160E-10
    118080  0.96151448E-10
    118368  0.96768961E-10
    118656  0.97070046E-10
    118944  0.97238127E-10
    119232  0.97201448E-10
    119520  0.97013488E-10
    119808  0.96716447E-10
    120096  0.96342288E-10
    120384  0.97037732E-10
    120672  0.97418788E-10
    120960  0.97564068E-10
    121248  0.97534786E-10
    121536  0.97378300E-10
    121824  0.97245170E-10
    122112  0.98036863E-10
    122400  0.98506849E-10
    122688  0.98737227E-10
    122976  0.98790580E-10
    123264  0.98828896E-10
    123552  0.98747163E-10
    123840  0.98580116E-10
    124128  0.99380837E-10
    124416  0.99988649E-10
    124704  0.10034031E-09
    124992  0.10050381E-09
    125280  0.10053033E-09
    125568  0.10057750E-09
    125856  0.10052513E-09
    126144  0.10143795E-09
    126432  0.10202779E-09
    126720  0.10249705E-09
    127008  0.10275848E-09
    127296  0.10286883E-09
    127584  0.10287011E-09
    127872  0.10291772E-09
    128160  0.10287447E-09
    128448  0.10381801E-09
    128736  0.10442851E-09
    129024  0.10491758E-09
    129312  0.10519040E-09
    129600  0.10530413E-09
    129888  0.10530094E-09
    130176  0.10534404E-09
    130464  0.10528566E-09
    130752  0.10611046E-09
    131040  0.10660532E-09
    131328  0.10698802E-09
    131616  0.10715188E-09
    131904  0.10715401E-09
    132192  0.10703588E-09
    132480  0.10682736E-09
    132768  0.10669079E-09
    133056  0.10755304E-09
    133344  0.10801247E-09
    133632  0.10817873E-09
    133920  0.10827270E-09
    134208  0.10816936E-09
    134496  0.10792606E-09
    134784  0.10758316E-09
    135072  0.10731718E-09
    135360  0.10807622E-09
    135648  0.10840288E-09
    135936  0.10843214E-09
    136224  0.10826086E-09
    136512  0.10810581E-09
    136800  0.10781623E-09
    137088  0.10744419E-09
    137376  0.10702609E-09
    137664  0.10788197E-09
    137952  0.10827064E-09
    138240  0.10835927E-09
    138528  0.10826073E-09
    138816  0.10805222E-09
    139104  0.10794331E-09
    139392  0.10774771E-09
    139680  0.10750754E-09
    139968  0.10839940E-09
    140256  0.10884967E-09
    140544  0.10902719E-09
    140832  0.10920229E-09
    141120  0.10921902E-09
    141408  0.10914466E-09
    141696  0.10901993E-09
    141984  0.10886926E-09
    142272  0.10984597E-09
    142560  0.11051902E-09
    142848  0.11083554E-09
    143136  0.11093617E-09
    143424  0.11090630E-09
    143712  0.11079627E-09
    144000  0.11063427E-09
    144288  0.11043460E-09
    144576  0.11130581E-09
    144864  0.11184389E-09
    145152  0.11199894E-09
    145440  0.11192126E-09
    145728  0.11169775E-09
    146016  0.11137622E-09
    146304  0.11098061E-09
    146592  0.11052091E-09
    146880  0.11101839E-09
    147168  0.11100362E-09
    147456  0.11067987E-09
    147744  0.11017189E-09
    148032  0.10969296E-09
    148320  0.10960231E-09
    148608  0.10967360E-09
    148896  0.10991695E-09
    149184  0.11126636E-09
    149472  0.11236107E-09
    149760  0.11337239E-09
    150048  0.11436858E-09
    150336  0.11537165E-09
    150624  0.11638491E-09
    150912  0.11740547E-09
    151200  0.11842986E-09
    151488  0.11945372E-09
    151776  0.12047335E-09
    152064  0.12148531E-09
    152352  0.12353264E-09
    152640  0.12516481E-09
    152928  0.12658907E-09
    153216  0.12788988E-09
    153504  0.12910370E-09
    153792  0.13024713E-09
    154080  0.13132977E-09
    154368  0.13235973E-09
    154656  0.13334445E-09
    154944  0.13428841E-09
    155232  0.13519617E-09
    155520  0.13586732E-09
    155808  0.13662912E-09
    156096  0.13741012E-09
    156384  0.13818219E-09
    156672  0.13893586E-09
    156960  0.13966865E-09
    157248  0.14038064E-09
    157536  0.14107271E-09
    157824  0.14174553E-09
    158112  0.14239908E-09
    158400  0.14303368E-09
    158688  0.14364913E-09
    158976  0.14424593E-09
    159264  0.14460248E-09
    159552  0.14507309E-09
    159840  0.14557375E-09
    160128  0.14607300E-09
    160416  0.14656001E-09
    160704  0.14703187E-09
    160992  0.14748792E-09
    161280  0.14792921E-09
    161568  0.14835620E-09
    161856  0.14877008E-09
    162144  0.14894787E-09
    162432  0.14924542E-09
    162720  0.14823082E-09
    163008  0.14776552E-09
    163296  0.14756538E-09
    163584  0.14751357E-09
    163872  0.14755860E-09
    164160  0.14767329E-09
    164448  0.14761636E-09
    164736  0.14773283E-09
    165024  0.14792866E-09
    165312  0.14678603E-09
    165600  0.14622507E-09
    165888  0.14595902E-09
    166176  0.14586415E-09
    166464  0.14588268E-09
    166752  0.14598278E-09
    167040  0.14592449E-09
    167328  0.14464957E-09
    167616  0.14402815E-09
    167904  0.14374006E-09
    168192  0.14364394E-09
    168480  0.14367216E-09
    168768  0.14378866E-09
    169056  0.14257301E-09
    169344  0.14175892E-09
    169632  0.14140759E-09
    169920  0.14130172E-09
    170208  0.14134255E-09
    170496  0.14148027E-09
    170784  0.14027704E-09
    171072  0.13970357E-09
    171360  0.13947028E-09
    171648  0.13922875E-09
    171936  0.13923881E-09
    172224  0.13796676E-09
    172512  0.13736176E-09
    172800  0.13711975E-09
    173088  0.13709089E-09
    173376  0.13578404E-09
    173664  0.13515286E-09
    173952  0.13489769E-09
    174240  0.13466482E-09
    174528  0.13327202E-09
    174816  0.13260643E-09
    175104  0.13234037E-09
    175392  0.13230778E-09
    175680  0.13242243E-09
    175968  0.13121862E-09
    176256  0.13065957E-09
    176544  0.13046371E-09
    176832  0.13029311E-09
    177120  0.12863470E-09
    177408  0.12780919E-09
    177696  0.12744970E-09
    177984  0.12736248E-09
    178272  0.12744351E-09
    178560  0.12623014E-09
    178848  0.12565705E-09
    179136  0.12545275E-09
    179424  0.12546847E-09
    179712  0.12403571E-09
    180000  0.12335112E-09
    180288  0.12308904E-09
    180576  0.12168028E-09
    180864  0.12097515E-09
    181152  0.12067967E-09
    181440  0.12062903E-09
    181728  0.11935446E-09
    182016  0.11872138E-09
    182304  0.11829265E-09
    182592  0.11818266E-09
    182880  0.11688843E-09
    183168  0.11623957E-09
    183456  0.11597186E-09
    183744  0.11593360E-09
    184032  0.11468586E-09
    184320  0.11405033E-09
    184608  0.11378285E-09
    184896  0.11357713E-09
    185184  0.11225058E-09
    185472  0.11156540E-09
    185760  0.11126517E-09
    186048  0.11119777E-09
    186336  0.10995656E-09
    186624  0.10930377E-09
    186912  0.10901179E-09
    187200  0.10879011E-09
    187488  0.10878121E-09
    187776  0.10759809E-09
    188064  0.10697434E-09
    188352  0.10669830E-09
    188640  0.10663871E-09
    188928  0.10544188E-09
    189216  0.10464940E-09
    189504  0.10427239E-09
    189792  0.10415222E-09
    190080  0.10419345E-09
    190368  0.10308963E-09
    190656  0.10249699E-09
    190944  0.10223404E-09
    191232  0.10204614E-09
    191520  0.10205407E-09
    191808  0.10097188E-09
    192096  0.10039068E-09
    192384  0.10013650E-09
    192672  0.10009611E-09
    192960  0.10006745E-09
    193248  0.10018464E-09
    193536  0.99225538E-10
    193824  0.98715570E-10
    194112  0.98505253E-10
    194400  0.98493970E-10
    194688  0.98491972E-10
    194976  0.98623637E-10
    195264  0.98842219E-10
    195552  0.98005187E-10
    195840  0.97548525E-10
    196128  0.97353132E-10
    196416  0.97214924E-10
    196704  0.97233895E-10
    196992  0.97355499E-10
    197280  0.97543841E-10
    197568  0.97773442E-10
    197856  0.98026608E-10
    198144  0.98182434E-10
    198432  0.97329714E-10
    198720  0.96780688E-10
    199008  0.96446275E-10
    199296  0.96258279E-10
    199584  0.96057523E-10
    199872  0.95947326E-10
    200160  0.95892461E-10
    200448  0.95868612E-10
    200736  0.95858238E-10
    201024  0.95848766E-10
    201312  0.95728432E-10
    201600  0.95620872E-10
    201888  0.95514784E-10
    202176  0.95401895E-10
    202464  0.95276217E-10
    202752  0.95133408E-10
    203040  0.94970476E-10
    203328  0.94686842E-10
    203616  0.94403270E-10
    203904  0.94113009E-10
    204192  0.93811271E-10
    204480  0.93494497E-10
    204768  0.93160292E-10
    205056  0.92807491E-10
    205344  0.92339775E-10
    205632  0.91873606E-10
    205920  0.91403649E-10
    206208  0.90926350E-10
    206496  0.90439309E-10
    206784  0.89940458E-10
    207072  0.90341110E-10
    207360  0.90525455E-10
    207648  0.90533525E-10
    207936  0.90399604E-10
    208224  0.90062055E-10
    208512  0.89651432E-10
    208800  0.89181343E-10
    209088  0.88662834E-10
    209376  0.88105141E-10
    209664  0.87515571E-10
    209952  0.87791767E-10
    210240  0.87847445E-10
    210528  0.87726049E-10
    210816  0.87463467E-10
    211104  0.87088961E-10
    211392  0.86626713E-10
    211680  0.86095325E-10
    211968  0.86390672E-10
    212256  0.86447273E-10
    212544  0.86313907E-10
    212832  0.86031196E-10
    213120  0.85631738E-10
    213408  0.85142282E-10
    213696  0.85457058E-10
    213984  0.85520722E-10
    214272  0.85387857E-10
    214560  0.85101176E-10
    214848  0.84695917E-10
    215136  0.84200390E-10
    215424  0.84504195E-10
    215712  0.84557902E-10
    216000  0.84415953E-10
    216288  0.84124006E-10
    216576  0.83717616E-10
    216864  0.83225107E-10
    217152  0.83530655E-10
    217440  0.83588060E-10
    217728  0.83534082E-10
    218016  0.83316000E-10
    218304  0.82974044E-10
    218592  0.83397463E-10
    218880  0.83549480E-10
    219168  0.83493809E-10
    219456  0.83280917E-10
    219744  0.82949883E-10
    220032  0.82532016E-10
    220320  0.82987686E-10
    220608  0.83173572E-10
    220896  0.83154143E-10
    221184  0.82980282E-10
    221472  0.82692506E-10
    221760  0.82322801E-10
    222048  0.82748905E-10
    222336  0.83002751E-10
    222624  0.83047784E-10
    222912  0.82937025E-10
    223200  0.82712594E-10
    223488  0.83263153E-10
    223776  0.83541812E-10
    224064  0.83697112E-10
    224352  0.83680979E-10
    224640  0.83539710E-10
    224928  0.83307895E-10
    225216  0.83012520E-10
    225504  0.83614046E-10
    225792  0.83946537E-10
    226080  0.84079403E-10
    226368  0.84065671E-10
    226656  0.83945510E-10
    226944  0.83837166E-10
    227232  0.84514284E-10
    227520  0.84916206E-10
    227808  0.85115297E-10
    228096  0.85165756E-10
    228384  0.85195288E-10
    228672  0.85126489E-10
    228960  0.84988364E-10
    229248  0.85671005E-10
    229536  0.86177426E-10
    229824  0.86468298E-10
    230112  0.86602732E-10
    230400  0.86624131E-10
    230688  0.86655932E-10
    230976  0.86606285E-10
    231264  0.87375468E-10
    231552  0.87869233E-10
    231840  0.88252530E-10
    232128  0.88463972E-10
    232416  0.88550972E-10
    232704  0.88548689E-10
    232992  0.88579338E-10
    233280  0.88538100E-10
    233568  0.89333825E-10
    233856  0.89846221E-10
    234144  0.90246921E-10
    234432  0.90469299E-10
    234720  0.90561898E-10
    235008  0.90559539E-10
    235296  0.90588960E-10
    235584  0.90538008E-10
    235872  0.91237351E-10
    236160  0.91658431E-10
    236448  0.91978432E-10
    236736  0.92118917E-10
    237024  0.92127701E-10
    237312  0.92040070E-10
    237600  0.91880753E-10
    237888  0.91775053E-10
    238176  0.92519777E-10
    238464  0.92926021E-10
    238752  0.93088655E-10
    239040  0.93184585E-10
    239328  0.93120497E-10
    239616  0.92942903E-10
    239904  0.92685547E-10
    240192  0.92488017E-10
    240480  0.93167599E-10
    240768  0.93482354E-10
    241056  0.93548017E-10
    241344  0.93446410E-10
    241632  0.93351001E-10
    241920  0.93147400E-10
    242208  0.92877567E-10
    242496  0.92570764E-10
    242784  0.93346851E-10
    243072  0.93728747E-10
    243360  0.93859504E-10
    243648  0.93835072E-10
    243936  0.93719421E-10
    244224  0.93680251E-10
    244512  0.93572927E-10
    244800  0.93432435E-10
    245088  0.94279300E-10
    245376  0.94753483E-10
    245664  0.94999522E-10
    245952  0.95240593E-10
    246240  0.95357097E-10
    246528  0.95404872E-10
    246816  0.95418277E-10
    247104  0.95418375E-10
    247392  0.96433826E-10
    247680  0.97193753E-10
    247968  0.97667312E-10
    248256  0.97970618E-10
    248544  0.98175766E-10
    248832  0.98326701E-10
    249120  0.98449936E-10
    249408  0.98561465E-10
    249696  0.99702933E-10
    249984  0.10058133E-09
    250272  0.10115813E-09
    250560  0.10155583E-09
    250848  0.10184896E-09
    251136  0.10208243E-09
    251424  0.10228313E-09
    251712  0.10246699E-09
    252000  0.10369265E-09
    252288  0.10449315E-09
    252576  0.10503871E-09
    252864  0.10543261E-09
    253152  0.10573713E-09
    253440  0.10615196E-09
    253728  0.10647102E-09
    254016  0.10673344E-09
    254304  0.10802718E-09
    254592  0.10886613E-09
    254880  0.10943123E-09
    255168  0.10983280E-09
    255456  0.11013627E-09
    255744  0.11038009E-09
    256032  0.11058622E-09
    256320  0.11076684E-09
    256608  0.11092834E-09
    256896  0.11107369E-09
    257184  0.11120380E-09
    257472  0.11239154E-09
    257760  0.11310464E-09
    258048  0.11353230E-09
    258336  0.11378781E-09
    258624  0.11393695E-09
    258912  0.11401601E-09
    259200  0.11404456E-09
    259488  0.11403278E-09
    259776  0.11398597E-09
    260064  0.11390573E-09
    260352  0.11379223E-09
    260640  0.11347642E-09
    260928  0.11321134E-09
    261216  0.11295551E-09
    261504  0.11268670E-09
    261792  0.11239363E-09
    262080  0.11207069E-09
    262368  0.11171548E-09
    262656  0.11132457E-09
    262944  0.11088896E-09
    263232  0.11040799E-09
    263520  0.10990604E-09
    263808  0.10960255E-09
    264096  0.10979519E-09
    264384  0.11022586E-09
    264672  0.11097349E-09
    264960  0.11188289E-09
    265248  0.11287489E-09
    265536  0.11390783E-09
    265824  0.11495692E-09
    266112  0.11600587E-09
    266400  0.11704224E-09
    266688  0.11805808E-09
    266976  0.11904898E-09
    267264  0.11984588E-09
    267552  0.12071175E-09
    267840  0.12053442E-09
    268128  0.12080734E-09
    268416  0.12128247E-09
    268704  0.12184621E-09
    268992  0.12244643E-09
    269280  0.12305748E-09
    269568  0.12349237E-09
    269856  0.12402604E-09
    270144  0.12458291E-09
    270432  0.12402057E-09
    270720  0.12394961E-09
    271008  0.12411301E-09
    271296  0.12439125E-09
    271584  0.12472802E-09
    271872  0.12509507E-09
    272160  0.12530105E-09
    272448  0.12446913E-09
    272736  0.12420093E-09
    273024  0.12420616E-09
    273312  0.12434971E-09
    273600  0.12456765E-09
    273888  0.12482798E-09
    274176  0.12394062E-09
    274464  0.12341930E-09
    274752  0.12328723E-09
    275040  0.12334221E-09
    275328  0.12349298E-09
    275616  0.12369764E-09
    275904  0.12274085E-09
    276192  0.12234397E-09
    276480  0.12223750E-09
    276768  0.12211410E-09
    277056  0.12218350E-09
    277344  0.12113742E-09
    277632  0.12068394E-09
    277920  0.12054097E-09
    278208  0.12056406E-09
    278496  0.11947499E-09
    278784  0.11898681E-09
    279072  0.11881958E-09
    279360  0.11866071E-09
    279648  0.11748889E-09
    279936  0.11696157E-09
    280224  0.11677535E-09
    280512  0.11677335E-09
    280800  0.11687676E-09
    281088  0.11582831E-09
    281376  0.11535933E-09
    281664  0.11520734E-09
    281952  0.11507332E-09
    282240  0.11364203E-09
    282528  0.11296152E-09
    282816  0.11268936E-09
    283104  0.11264063E-09
    283392  0.11271866E-09
    283680  0.11166292E-09
    283968  0.11118238E-09
    284256  0.11102447E-09
    284544  0.11104725E-09
    284832  0.10981253E-09
    285120  0.10924663E-09
    285408  0.10904935E-09
    285696  0.10785103E-09
    285984  0.10728295E-09
    286272  0.10707115E-09
    286560  0.10706013E-09
    286848  0.10597198E-09
    287136  0.10545915E-09
    287424  0.10513288E-09
    287712  0.10507319E-09
    288000  0.10396924E-09
    288288  0.10344500E-09
    288576  0.10325547E-09
    288864  0.10325769E-09
    289152  0.10219305E-09
    289440  0.10168058E-09
    289728  0.10149281E-09
    290016  0.10135826E-09
    290304  0.10023098E-09
    290592  0.99680562E-10
    290880  0.99469509E-10
    291168  0.99454910E-10
    291456  0.98399414E-10
    291744  0.97875562E-10
    292032  0.97670955E-10
    292320  0.97528000E-10
    292608  0.97559759E-10
    292896  0.96545487E-10
    293184  0.96038399E-10
    293472  0.95841349E-10
    293760  0.95830087E-10
    294048  0.94805684E-10
    294336  0.94158348E-10
    294624  0.93878925E-10
    294912  0.93819792E-10
    295200  0.93892616E-10
    295488  0.92940156E-10
    295776  0.92451907E-10
    296064  0.92256668E-10
    296352  0.92126230E-10
    296640  0.92155915E-10
    296928  0.91201879E-10
    297216  0.90699621E-10
    297504  0.90486917E-10
    297792  0.90456462E-10
    298080  0.90433709E-10
    298368  0.90530590E-10
    298656  0.89659925E-10
    298944  0.89200626E-10
    299232  0.89014719E-10
    299520  0.89007447E-10
    299808  0.89013269E-10
    300096  0.89137177E-10
    300384  0.89339432E-10
    300672  0.88597185E-10
    300960  0.88208975E-10
    301248  0.88063112E-10
    301536  0.87977903E-10
    301824  0.88032227E-10
    302112  0.88176341E-10
    302400  0.88376993E-10
    302688  0.88611535E-10
    302976  0.88864999E-10
    303264  0.89033697E-10
    303552  0.88286052E-10
    303840  0.87816171E-10
    304128  0.87541023E-10
    304416  0.87397041E-10
    304704  0.87245162E-10
    304992  0.87171936E-10
    305280  0.87146443E-10
    305568  0.87146963E-10
    305856  0.87158253E-10
    306144  0.87169542E-10
    306432  0.87086123E-10
    306720  0.87012765E-10
    307008  0.86939532E-10
    307296  0.86859249E-10
    307584  0.86766636E-10
    307872  0.86658271E-10
    308160  0.86531490E-10
    308448  0.86300786E-10
    308736  0.86068930E-10
    309024  0.85830336E-10
    309312  0.85581153E-10
    309600  0.85318197E-10
    309888  0.85039559E-10
    310176  0.84743768E-10
    310464  0.84348570E-10
    310752  0.83953573E-10
    311040  0.83554878E-10
    311328  0.83149182E-10
    311616  0.82734160E-10
    311904  0.82308424E-10
    312192  0.82700867E-10
    312480  0.82893518E-10
    312768  0.82924688E-10
    313056  0.82826586E-10
    313344  0.82548517E-10
    313632  0.82203404E-10
    313920  0.81803925E-10
    314208  0.81360786E-10
    314496  0.80882398E-10
    314784  0.80374936E-10
    315072  0.80656107E-10
