       288  0.34017062E+16
       576  0.34263754E+16
       864  0.34465988E+16
      1152  0.34657508E+16
      1440  0.34848377E+16
      1728  0.35061337E+16
      2016  0.35278013E+16
      2304  0.35498766E+16
      2592  0.35723651E+16
      2880  0.35952683E+16
      3168  0.36185905E+16
      3456  0.36441786E+16
      3744  0.36701577E+16
      4032  0.36965339E+16
      4320  0.37233063E+16
      4608  0.37504709E+16
      4896  0.37780245E+16
      5184  0.38077551E+16
      5472  0.38378518E+16
      5760  0.38683082E+16
      6048  0.38991173E+16
      6336  0.39302693E+16
      6624  0.39617482E+16
      6912  0.39953370E+16
      7200  0.40292312E+16
      7488  0.40634221E+16
      7776  0.40978895E+16
      8064  0.41326127E+16
      8352  0.41693900E+16
      8640  0.42064043E+16
      8928  0.42436285E+16
      9216  0.42810427E+16
      9504  0.43186157E+16
      9792  0.43563174E+16
     10080  0.43960335E+16
     10368  0.44358573E+16
     10656  0.44757572E+16
     10944  0.45156959E+16
     11232  0.45556380E+16
     11520  0.45955361E+16
     11808  0.46374115E+16
     12096  0.46792241E+16
     12384  0.47209309E+16
     12672  0.47624804E+16
     12960  0.48038211E+16
     13248  0.48471288E+16
     13536  0.48902014E+16
     13824  0.49329976E+16
     14112  0.49754501E+16
     14400  0.50175011E+16
     14688  0.50590817E+16
     14976  0.51001255E+16
     15264  0.51431278E+16
     15552  0.51855690E+16
     15840  0.52273784E+16
     16128  0.52684839E+16
     16416  0.53087981E+16
     16704  0.53482500E+16
     16992  0.53896879E+16
     17280  0.54302286E+16
     17568  0.54697912E+16
     17856  0.55082827E+16
     18144  0.55456156E+16
     18432  0.55816837E+16
     18720  0.56164053E+16
     19008  0.56537822E+16
     19296  0.56945082E+16
     19584  0.57387705E+16
     19872  0.57835777E+16
     20160  0.58286180E+16
     20448  0.58738418E+16
     20736  0.59191784E+16
     21024  0.59680654E+16
     21312  0.60161298E+16
     21600  0.60635215E+16
     21888  0.61103566E+16
     22176  0.61567100E+16
     22464  0.62026377E+16
     22752  0.62481955E+16
     23040  0.62934032E+16
     23328  0.63419342E+16
     23616  0.63891246E+16
     23904  0.64352520E+16
     24192  0.64805199E+16
     24480  0.65250491E+16
     24768  0.65689179E+16
     25056  0.66122047E+16
     25344  0.66549487E+16
     25632  0.67005500E+16
     25920  0.67446142E+16
     26208  0.67874582E+16
     26496  0.68293094E+16
     26784  0.68702871E+16
     27072  0.69104768E+16
     27360  0.69499255E+16
     27648  0.69886988E+16
     27936  0.70308964E+16
     28224  0.70711150E+16
     28512  0.71098024E+16
     28800  0.71472728E+16
     29088  0.71837505E+16
     29376  0.72193305E+16
     29664  0.72540811E+16
     29952  0.72880908E+16
     30240  0.73257448E+16
     30528  0.73611461E+16
     30816  0.73949050E+16
     31104  0.74273911E+16
     31392  0.74588662E+16
     31680  0.74895259E+16
     31968  0.75194258E+16
     32256  0.75486069E+16
     32544  0.75817528E+16
     32832  0.76125176E+16
     33120  0.76416520E+16
     33408  0.76695725E+16
     33696  0.76965476E+16
     33984  0.77227694E+16
     34272  0.77483696E+16
     34560  0.77733453E+16
     34848  0.78024266E+16
     35136  0.78289024E+16
     35424  0.78537069E+16
     35712  0.78773678E+16
     36000  0.79001945E+16
     36288  0.79222707E+16
     36576  0.79436478E+16
     36864  0.79643753E+16
     37152  0.79891696E+16
     37440  0.80112581E+16
     37728  0.80317671E+16
     38016  0.80511422E+16
     38304  0.80696363E+16
     38592  0.80873976E+16
     38880  0.81045163E+16
     39168  0.81210423E+16
     39456  0.81415813E+16
     39744  0.81594506E+16
     40032  0.81758498E+16
     40320  0.81912376E+16
     40608  0.82058539E+16
     40896  0.82198362E+16
     41184  0.82332596E+16
     41472  0.82461670E+16
     41760  0.82629968E+16
     42048  0.82771837E+16
     42336  0.82899204E+16
     42624  0.83017358E+16
     42912  0.83128732E+16
     43200  0.83235092E+16
     43488  0.83337307E+16
     43776  0.83434883E+16
     44064  0.83570185E+16
     44352  0.83679342E+16
     44640  0.83774593E+16
     44928  0.83861169E+16
     45216  0.83941421E+16
     45504  0.84016379E+16
     45792  0.84086617E+16
     46080  0.84152470E+16
     46368  0.84215579E+16
     46656  0.84280755E+16
     46944  0.84342012E+16
     47232  0.84438139E+16
     47520  0.84506821E+16
     47808  0.84561195E+16
     48096  0.84606738E+16
     48384  0.84645742E+16
     48672  0.84679323E+16
     48960  0.84708040E+16
     49248  0.84732172E+16
     49536  0.84752026E+16
     49824  0.84767579E+16
     50112  0.84778977E+16
     50400  0.84785731E+16
     50688  0.84787604E+16
     50976  0.84785511E+16
     51264  0.84779551E+16
     51552  0.84769732E+16
     51840  0.84755897E+16
     52128  0.84738035E+16
     52416  0.84716039E+16
     52704  0.84689905E+16
     52992  0.84659485E+16
     53280  0.84624798E+16
     53568  0.84585736E+16
     53856  0.84542276E+16
     54144  0.84493855E+16
     54432  0.84440201E+16
     54720  0.84382100E+16
     55008  0.84319614E+16
     55296  0.84252688E+16
     55584  0.84181160E+16
     55872  0.84104930E+16
     56160  0.84023852E+16
     56448  0.83937915E+16
     56736  0.83846953E+16
     57024  0.83750585E+16
     57312  0.83648289E+16
     57600  0.83499887E+16
     57888  0.83369127E+16
     58176  0.83241803E+16
     58464  0.83112857E+16
     58752  0.82980169E+16
     59040  0.82842870E+16
     59328  0.82700154E+16
     59616  0.82551322E+16
     59904  0.82396988E+16
     60192  0.82194722E+16
     60480  0.82009813E+16
     60768  0.81827980E+16
     61056  0.81643925E+16
     61344  0.81455510E+16
     61632  0.81261801E+16
     61920  0.81061924E+16
     62208  0.80811313E+16
     62496  0.80577651E+16
     62784  0.80347134E+16
     63072  0.80114390E+16
     63360  0.79877276E+16
     63648  0.79634707E+16
     63936  0.79340754E+16
     64224  0.79063004E+16
     64512  0.78788335E+16
     64800  0.78512034E+16
     65088  0.78231976E+16
     65376  0.77947262E+16
     65664  0.77609608E+16
     65952  0.77289123E+16
     66240  0.76973679E+16
     66528  0.76657741E+16
     66816  0.76338620E+16
     67104  0.75966085E+16
     67392  0.75611557E+16
     67680  0.75263847E+16
     67968  0.74917614E+16
     68256  0.74519132E+16
     68544  0.74139709E+16
     68832  0.73768479E+16
     69120  0.73399853E+16
     69408  0.72978039E+16
     69696  0.72575751E+16
     69984  0.72182992E+16
     70272  0.71794147E+16
     70560  0.71406231E+16
     70848  0.70964472E+16
     71136  0.70541370E+16
     71424  0.70127984E+16
     71712  0.69719109E+16
     72000  0.69244128E+16
     72288  0.68793796E+16
     72576  0.68357438E+16
     72864  0.67928644E+16
     73152  0.67503545E+16
     73440  0.67026170E+16
     73728  0.66567875E+16
     74016  0.66120775E+16
     74304  0.65680020E+16
     74592  0.65188858E+16
     74880  0.64717228E+16
     75168  0.64257779E+16
     75456  0.63751966E+16
     75744  0.63268433E+16
     76032  0.62799068E+16
     76320  0.62338621E+16
     76608  0.61830698E+16
     76896  0.61343305E+16
     77184  0.60869436E+16
     77472  0.60404254E+16
     77760  0.59892396E+16
     78048  0.59400933E+16
     78336  0.58923429E+16
     78624  0.58455450E+16
     78912  0.57942727E+16
     79200  0.57450379E+16
     79488  0.56972279E+16
     79776  0.56504396E+16
     80064  0.55993381E+16
     80352  0.55502681E+16
     80640  0.55026691E+16
     80928  0.54561504E+16
     81216  0.54055658E+16
     81504  0.53570123E+16
     81792  0.53099701E+16
     82080  0.52640735E+16
     82368  0.52190504E+16
     82656  0.51700524E+16
     82944  0.51229350E+16
     83232  0.50772757E+16
     83520  0.50327557E+16
     83808  0.49846633E+16
     84096  0.49385370E+16
     84384  0.48939606E+16
     84672  0.48506298E+16
     84960  0.48083222E+16
     85248  0.47626275E+16
     85536  0.47187775E+16
     85824  0.46764356E+16
     86112  0.46353499E+16
     86400  0.45953229E+16
     86688  0.45522353E+16
     86976  0.45109360E+16
     87264  0.44711415E+16
     87552  0.44326240E+16
     87840  0.43952261E+16
     88128  0.43588318E+16
     88416  0.43197310E+16
     88704  0.42822727E+16
     88992  0.42462398E+16
     89280  0.42114670E+16
     89568  0.41778293E+16
     89856  0.41452353E+16
     90144  0.41136136E+16
     90432  0.40797556E+16
     90720  0.40473581E+16
     91008  0.40162929E+16
     91296  0.39864418E+16
     91584  0.39577240E+16
     91872  0.39300725E+16
     92160  0.39034373E+16
     92448  0.38777824E+16
     92736  0.38530925E+16
     93024  0.38293655E+16
     93312  0.38040571E+16
     93600  0.37799919E+16
     93888  0.37571222E+16
     94176  0.37354104E+16
     94464  0.37148141E+16
     94752  0.36953308E+16
     95040  0.36769390E+16
     95328  0.36596139E+16
     95616  0.36433327E+16
     95904  0.36280697E+16
     96192  0.36137997E+16
     96480  0.36004977E+16
     96768  0.35881405E+16
     97056  0.35767009E+16
     97344  0.35661656E+16
     97632  0.35565137E+16
     97920  0.35477313E+16
     98208  0.35398084E+16
     98496  0.35327360E+16
     98784  0.35265093E+16
     99072  0.35211178E+16
     99360  0.35165531E+16
     99648  0.35128138E+16
     99936  0.35098999E+16
    100224  0.35078023E+16
    100512  0.35065267E+16
    100800  0.35060747E+16
    101088  0.35064443E+16
    101376  0.35076324E+16
    101664  0.35096441E+16
    101952  0.35137235E+16
    102240  0.35185019E+16
    102528  0.35240046E+16
    102816  0.35302473E+16
    103104  0.35372492E+16
    103392  0.35450263E+16
    103680  0.35535851E+16
    103968  0.35629392E+16
    104256  0.35730936E+16
    104544  0.35840536E+16
    104832  0.35968155E+16
    105120  0.36102918E+16
    105408  0.36245046E+16
    105696  0.36394750E+16
    105984  0.36552150E+16
    106272  0.36717377E+16
    106560  0.36890532E+16
    106848  0.37080216E+16
    107136  0.37277020E+16
    107424  0.37481221E+16
    107712  0.37692952E+16
    108000  0.37912353E+16
    108288  0.38139546E+16
    108576  0.38382144E+16
    108864  0.38631808E+16
    109152  0.38888755E+16
    109440  0.39153139E+16
    109728  0.39425075E+16
    110016  0.39704610E+16
    110304  0.39998574E+16
    110592  0.40299482E+16
    110880  0.40607477E+16
    111168  0.40922682E+16
    111456  0.41245167E+16
    111744  0.41574959E+16
    112032  0.41918258E+16
    112320  0.42268174E+16
    112608  0.42624815E+16
    112896  0.42988236E+16
    113184  0.43358463E+16
    113472  0.43741209E+16
    113760  0.44130121E+16
    114048  0.44525268E+16
    114336  0.44926738E+16
    114624  0.45334518E+16
    114912  0.45748558E+16
    115200  0.46174104E+16
    115488  0.46605152E+16
    115776  0.47041741E+16
    116064  0.47483897E+16
    116352  0.47931593E+16
    116640  0.48384696E+16
    116928  0.48848156E+16
    117216  0.49316248E+16
    117504  0.49788968E+16
    117792  0.50266268E+16
    118080  0.50748104E+16
    118368  0.51239073E+16
    118656  0.51733799E+16
    118944  0.52232246E+16
    119232  0.52734296E+16
    119520  0.53239813E+16
    119808  0.53748762E+16
    120096  0.54260904E+16
    120384  0.54780638E+16
    120672  0.55302686E+16
    120960  0.55827010E+16
    121248  0.56353455E+16
    121536  0.56881897E+16
    121824  0.57412165E+16
    122112  0.57948472E+16
    122400  0.58485665E+16
    122688  0.59023669E+16
    122976  0.59562402E+16
    123264  0.60101652E+16
    123552  0.60641218E+16
    123840  0.61180859E+16
    124128  0.61724811E+16
    124416  0.62267947E+16
    124704  0.62810144E+16
    124992  0.63351224E+16
    125280  0.63891053E+16
    125568  0.64429422E+16
    125856  0.64966110E+16
    126144  0.65505257E+16
    126432  0.66041849E+16
    126720  0.66575671E+16
    127008  0.67106641E+16
    127296  0.67634547E+16
    127584  0.68159220E+16
    127872  0.68680419E+16
    128160  0.69197899E+16
    128448  0.69716033E+16
    128736  0.70229603E+16
    129024  0.70738460E+16
    129312  0.71242432E+16
    129600  0.71741421E+16
    129888  0.72235192E+16
    130176  0.72723557E+16
    130464  0.73206236E+16
    130752  0.73687530E+16
    131040  0.74162306E+16
    131328  0.74630560E+16
    131616  0.75092032E+16
    131904  0.75546644E+16
    132192  0.75994185E+16
    132480  0.76434478E+16
    132768  0.76867282E+16
    133056  0.77298180E+16
    133344  0.77720654E+16
    133632  0.78134641E+16
    133920  0.78540086E+16
    134208  0.78936710E+16
    134496  0.79324342E+16
    134784  0.79702830E+16
    135072  0.80071886E+16
    135360  0.80438596E+16
    135648  0.80794788E+16
    135936  0.81140501E+16
    136224  0.81475734E+16
    136512  0.81800095E+16
    136800  0.82113424E+16
    137088  0.82415456E+16
    137376  0.82705850E+16
    137664  0.82994273E+16
    137952  0.83269564E+16
    138240  0.83531971E+16
    138528  0.83781299E+16
    138816  0.84017323E+16
    139104  0.84239690E+16
    139392  0.84447813E+16
    139680  0.84641243E+16
    139968  0.84833700E+16
    140256  0.85009617E+16
    140544  0.85169153E+16
    140832  0.85311800E+16
    141120  0.85437068E+16
    141408  0.85544345E+16
    141696  0.85632983E+16
    141984  0.85702121E+16
    142272  0.85772054E+16
    142560  0.85819422E+16
    142848  0.85844075E+16
    143136  0.85845648E+16
    143424  0.85823389E+16
    143712  0.85776365E+16
    144000  0.85703329E+16
    144288  0.85602934E+16
    144576  0.85506034E+16
    144864  0.85377282E+16
    145152  0.85216489E+16
    145440  0.85023189E+16
    145728  0.84796361E+16
    146016  0.84534684E+16
    146304  0.84236657E+16
    146592  0.83900683E+16
    146880  0.83574888E+16
    147168  0.83207099E+16
    147456  0.82799942E+16
    147744  0.82394271E+16
    148032  0.82186132E+16
    148320  0.82093189E+16
    148608  0.82037220E+16
    148896  0.82008052E+16
    149184  0.82055420E+16
    149472  0.82101994E+16
    149760  0.82147960E+16
    150048  0.82193160E+16
    150336  0.82237382E+16
    150624  0.82280251E+16
    150912  0.82321584E+16
    151200  0.82361372E+16
    151488  0.82399409E+16
    151776  0.82435514E+16
    152064  0.82469600E+16
    152352  0.82559655E+16
    152640  0.82630720E+16
    152928  0.82687553E+16
    153216  0.82733483E+16
    153504  0.82770876E+16
    153792  0.82801429E+16
    154080  0.82826232E+16
    154368  0.82846156E+16
    154656  0.82861757E+16
    154944  0.82873327E+16
    155232  0.82881149E+16
    155520  0.82885460E+16
    155808  0.82885863E+16
    156096  0.82882636E+16
    156384  0.82875855E+16
    156672  0.82865569E+16
    156960  0.82851728E+16
    157248  0.82834307E+16
    157536  0.82813337E+16
    157824  0.82788818E+16
    158112  0.82760643E+16
    158400  0.82728785E+16
    158688  0.82693137E+16
    158976  0.82653725E+16
    159264  0.82610539E+16
    159552  0.82563101E+16
    159840  0.82511669E+16
    160128  0.82456259E+16
    160416  0.82396865E+16
    160704  0.82333369E+16
    160992  0.82265793E+16
    161280  0.82194035E+16
    161568  0.82118019E+16
    161856  0.82037768E+16
    162144  0.81953404E+16
    162432  0.81864197E+16
    162720  0.81710212E+16
    163008  0.81570024E+16
    163296  0.81438228E+16
    163584  0.81310866E+16
    163872  0.81185039E+16
    164160  0.81058757E+16
    164448  0.80930788E+16
    164736  0.80799604E+16
    165024  0.80664833E+16
    165312  0.80465037E+16
    165600  0.80279574E+16
    165888  0.80102783E+16
    166176  0.79930361E+16
    166464  0.79759271E+16
    166752  0.79587473E+16
    167040  0.79413575E+16
    167328  0.79174549E+16
    167616  0.78950352E+16
    167904  0.78734997E+16
    168192  0.78524087E+16
    168480  0.78314455E+16
    168768  0.78103889E+16
    169056  0.77829355E+16
    169344  0.77570223E+16
    169632  0.77320031E+16
    169920  0.77074321E+16
    170208  0.76829927E+16
    170496  0.76584582E+16
    170784  0.76275334E+16
    171072  0.75981375E+16
    171360  0.75696399E+16
    171648  0.75416141E+16
    171936  0.75136915E+16
    172224  0.74795309E+16
    172512  0.74469949E+16
    172800  0.74154323E+16
    173088  0.73843695E+16
    173376  0.73473748E+16
    173664  0.73121834E+16
    173952  0.72780894E+16
    174240  0.72446231E+16
    174528  0.72052935E+16
    174816  0.71678145E+16
    175104  0.71314823E+16
    175392  0.70957842E+16
    175680  0.70603727E+16
    175968  0.70190154E+16
    176256  0.69793449E+16
    176544  0.69407074E+16
    176832  0.69026991E+16
    177120  0.68575397E+16
    177408  0.68146367E+16
    177696  0.67732005E+16
    177984  0.67326603E+16
    178272  0.66926290E+16
    178560  0.66470519E+16
    178848  0.66032459E+16
    179136  0.65605846E+16
    179424  0.65186238E+16
    179712  0.64714071E+16
    180000  0.64260571E+16
    180288  0.63819332E+16
    180576  0.63329738E+16
    180864  0.62861297E+16
    181152  0.62407163E+16
    181440  0.61962521E+16
    181728  0.61469298E+16
    182016  0.60995687E+16
    182304  0.60535900E+16
    182592  0.60085444E+16
    182880  0.59587694E+16
    183168  0.59109300E+16
    183456  0.58644471E+16
    183744  0.58189097E+16
    184032  0.57688750E+16
    184320  0.57207660E+16
    184608  0.56740410E+16
    184896  0.56283404E+16
    185184  0.55783824E+16
    185472  0.55303610E+16
    185760  0.54837520E+16
    186048  0.54381893E+16
    186336  0.53886104E+16
    186624  0.53409577E+16
    186912  0.52947492E+16
    187200  0.52496730E+16
    187488  0.52054762E+16
    187776  0.51574273E+16
    188064  0.51111630E+16
    188352  0.50662838E+16
    188640  0.50224870E+16
    188928  0.49752488E+16
    189216  0.49298821E+16
    189504  0.48860139E+16
    189792  0.48433364E+16
    190080  0.48016430E+16
    190368  0.47567514E+16
    190656  0.47136053E+16
    190944  0.46718904E+16
    191232  0.46313830E+16
    191520  0.45919278E+16
    191808  0.45496546E+16
    192096  0.45090779E+16
    192384  0.44699290E+16
    192672  0.44320057E+16
    192960  0.43951887E+16
    193248  0.43593972E+16
    193536  0.43212163E+16
    193824  0.42846167E+16
    194112  0.42493988E+16
    194400  0.42154189E+16
    194688  0.41825932E+16
    194976  0.41508693E+16
    195264  0.41201978E+16
    195552  0.40877346E+16
    195840  0.40567590E+16
    196128  0.40271347E+16
    196416  0.39987794E+16
    196704  0.39716414E+16
    196992  0.39456490E+16
    197280  0.39207559E+16
    197568  0.38969036E+16
    197856  0.38740455E+16
    198144  0.38521535E+16
    198432  0.38291204E+16
    198720  0.38072960E+16
    199008  0.37865691E+16
    199296  0.37668635E+16
    199584  0.37481173E+16
    199872  0.37302951E+16
    200160  0.37133597E+16
    200448  0.36972802E+16
    200736  0.36820357E+16
    201024  0.36676111E+16
    201312  0.36539926E+16
    201600  0.36411791E+16
    201888  0.36291596E+16
    202176  0.36179256E+16
    202464  0.36074762E+16
    202752  0.35978036E+16
    203040  0.35889120E+16
    203328  0.35808009E+16
    203616  0.35734772E+16
    203904  0.35669405E+16
    204192  0.35611936E+16
    204480  0.35562369E+16
    204768  0.35520743E+16
    205056  0.35487138E+16
    205344  0.35461572E+16
    205632  0.35444145E+16
    205920  0.35434900E+16
    206208  0.35433856E+16
    206496  0.35441088E+16
    206784  0.35456622E+16
    207072  0.35487914E+16
    207360  0.35526437E+16
    207648  0.35572503E+16
    207936  0.35626399E+16
    208224  0.35688317E+16
    208512  0.35758411E+16
    208800  0.35836788E+16
    209088  0.35923582E+16
    209376  0.36018828E+16
    209664  0.36122592E+16
    209952  0.36240301E+16
    210240  0.36365773E+16
    210528  0.36499260E+16
    210816  0.36640997E+16
    211104  0.36791031E+16
    211392  0.36949515E+16
    211680  0.37116509E+16
    211968  0.37296433E+16
    212256  0.37484247E+16
    212544  0.37680210E+16
    212832  0.37884422E+16
    213120  0.38096991E+16
    213408  0.38317991E+16
    213696  0.38551114E+16
    213984  0.38792145E+16
    214272  0.39041234E+16
    214560  0.39298481E+16
    214848  0.39563966E+16
    215136  0.39837730E+16
    215424  0.40122825E+16
    215712  0.40415696E+16
    216000  0.40716432E+16
    216288  0.41025095E+16
    216576  0.41341699E+16
    216864  0.41666251E+16
    217152  0.42001371E+16
    217440  0.42343913E+16
    217728  0.42693956E+16
    218016  0.43051491E+16
    218304  0.43416453E+16
    218592  0.43791210E+16
    218880  0.44172957E+16
    219168  0.44561692E+16
    219456  0.44957428E+16
    219744  0.45360089E+16
    220032  0.45769614E+16
    220320  0.46187933E+16
    220608  0.46612571E+16
    220896  0.47043469E+16
    221184  0.47480563E+16
    221472  0.47923825E+16
    221760  0.48373046E+16
    222048  0.48829977E+16
    222336  0.49292309E+16
    222624  0.49760015E+16
    222912  0.50232917E+16
    223200  0.50710931E+16
    223488  0.51195554E+16
    223776  0.51684697E+16
    224064  0.52178253E+16
    224352  0.52676061E+16
    224640  0.53177971E+16
    224928  0.53683806E+16
    225216  0.54193393E+16
    225504  0.54708005E+16
    225792  0.55225699E+16
    226080  0.55746340E+16
    226368  0.56269757E+16
    226656  0.56795751E+16
    226944  0.57324118E+16
    227232  0.57855980E+16
    227520  0.58389544E+16
    227808  0.58924627E+16
    228096  0.59461095E+16
    228384  0.59998669E+16
    228672  0.60537151E+16
    228960  0.61076335E+16
    229248  0.61617195E+16
    229536  0.62158082E+16
    229824  0.62698797E+16
    230112  0.63239088E+16
    230400  0.63778826E+16
    230688  0.64317731E+16
    230976  0.64855563E+16
    231264  0.65393293E+16
    231552  0.65929332E+16
    231840  0.66463481E+16
    232128  0.66995525E+16
    232416  0.67525304E+16
    232704  0.68052570E+16
    232992  0.68577125E+16
    233280  0.69098733E+16
    233568  0.69618295E+16
    233856  0.70134341E+16
    234144  0.70646688E+16
    234432  0.71155147E+16
    234720  0.71659559E+16
    235008  0.72159724E+16
    235296  0.72655465E+16
    235584  0.73146600E+16
    235872  0.73633929E+16
    236160  0.74116157E+16
    236448  0.74593167E+16
    236736  0.75064786E+16
    237024  0.75530849E+16
    237312  0.75991302E+16
    237600  0.76445962E+16
    237888  0.76894625E+16
    238176  0.77338418E+16
    238464  0.77775834E+16
    238752  0.78206823E+16
    239040  0.78631273E+16
    239328  0.79049104E+16
    239616  0.79460229E+16
    239904  0.79864520E+16
    240192  0.80261928E+16
    240480  0.80653698E+16
    240768  0.81038211E+16
    241056  0.81415497E+16
    241344  0.81785519E+16
    241632  0.82148218E+16
    241920  0.82503546E+16
    242208  0.82851503E+16
    242496  0.83191960E+16
    242784  0.83526554E+16
    243072  0.83853390E+16
    243360  0.84172587E+16
    243648  0.84484095E+16
    243936  0.84787969E+16
    244224  0.85084204E+16
    244512  0.85372745E+16
    244800  0.85653593E+16
    245088  0.85928745E+16
    245376  0.86195930E+16
    245664  0.86455335E+16
    245952  0.86706929E+16
    246240  0.86950700E+16
    246528  0.87186773E+16
    246816  0.87415035E+16
    247104  0.87635538E+16
    247392  0.87850888E+16
    247680  0.88058174E+16
    247968  0.88257487E+16
    248256  0.88448855E+16
    248544  0.88632373E+16
    248832  0.88808032E+16
    249120  0.88975799E+16
    249408  0.89135631E+16
    249696  0.89291060E+16
    249984  0.89438088E+16
    250272  0.89576788E+16
    250560  0.89707200E+16
    250848  0.89829370E+16
    251136  0.89943203E+16
    251424  0.90048617E+16
    251712  0.90145404E+16
    252000  0.90238669E+16
    252288  0.90322625E+16
    252576  0.90397444E+16
    252864  0.90463082E+16
    253152  0.90519378E+16
    253440  0.90566010E+16
    253728  0.90602765E+16
    254016  0.90629179E+16
    254304  0.90652898E+16
    254592  0.90665278E+16
    254880  0.90666373E+16
    255168  0.90656087E+16
    255456  0.90634043E+16
    255744  0.90599823E+16
    256032  0.90552932E+16
    256320  0.90492835E+16
    256608  0.90418919E+16
    256896  0.90330410E+16
    257184  0.90226676E+16
    257472  0.90121857E+16
    257760  0.89999665E+16
    258048  0.89860213E+16
    258336  0.89703162E+16
    258624  0.89527858E+16
    258912  0.89333613E+16
    259200  0.89119605E+16
    259488  0.88884896E+16
    259776  0.88628626E+16
    260064  0.88349791E+16
    260352  0.88047506E+16
    260640  0.87721083E+16
    260928  0.87369830E+16
    261216  0.86992646E+16
    261504  0.86588581E+16
    261792  0.86156776E+16
    262080  0.85696479E+16
    262368  0.85206992E+16
    262656  0.84688085E+16
    262944  0.84139623E+16
    263232  0.83562427E+16
    263520  0.82981082E+16
    263808  0.82593928E+16
    264096  0.82372995E+16
    264384  0.82201191E+16
    264672  0.82062705E+16
    264960  0.81948787E+16
    265248  0.81852644E+16
    265536  0.81769160E+16
    265824  0.81694068E+16
    266112  0.81624135E+16
    266400  0.81556806E+16
    266688  0.81490181E+16
    266976  0.81422750E+16
    267264  0.81353837E+16
    267552  0.81281875E+16
    267840  0.81147475E+16
    268128  0.81026641E+16
    268416  0.80913737E+16
    268704  0.80804763E+16
    268992  0.80696825E+16
    269280  0.80587921E+16
    269568  0.80476939E+16
    269856  0.80362344E+16
    270144  0.80243443E+16
    270432  0.80059452E+16
    270720  0.79888636E+16
    271008  0.79725400E+16
    271296  0.79565590E+16
    271584  0.79406413E+16
    271872  0.79245862E+16
    272160  0.79082836E+16
    272448  0.78854671E+16
    272736  0.78640588E+16
    273024  0.78434564E+16
    273312  0.78232346E+16
    273600  0.78030993E+16
    273888  0.77828388E+16
    274176  0.77561746E+16
    274464  0.77310007E+16
    274752  0.77066880E+16
    275040  0.76827924E+16
    275328  0.76590031E+16
    275616  0.76350995E+16
    275904  0.76047990E+16
    276192  0.75759980E+16
    276480  0.75480587E+16
    276768  0.75205844E+16
    277056  0.74932227E+16
    277344  0.74596205E+16
    277632  0.74276209E+16
    277920  0.73965629E+16
    278208  0.73659902E+16
    278496  0.73294846E+16
    278784  0.72947636E+16
    279072  0.72611163E+16
    279360  0.72280971E+16
    279648  0.71892411E+16
    279936  0.71522206E+16
    280224  0.71163222E+16
    280512  0.70810508E+16
    280800  0.70460587E+16
    281088  0.70051561E+16
    281376  0.69659259E+16
    281664  0.69277146E+16
    281952  0.68901283E+16
    282240  0.68454359E+16
    282528  0.68029732E+16
    282816  0.67619332E+16
    283104  0.67217645E+16
    283392  0.66820913E+16
    283680  0.66369260E+16
    283968  0.65935178E+16
    284256  0.65512274E+16
    284544  0.65096162E+16
    284832  0.64628145E+16
    285120  0.64178703E+16
    285408  0.63741169E+16
    285696  0.63255752E+16
    285984  0.62791064E+16
    286272  0.62340146E+16
    286560  0.61898333E+16
    286848  0.61408696E+16
    287136  0.60938365E+16
    287424  0.60481493E+16
    287712  0.60033770E+16
    288000  0.59539736E+16
    288288  0.59064734E+16
    288576  0.58602756E+16
    288864  0.58149906E+16
    289152  0.57653161E+16
    289440  0.57175276E+16
    289728  0.56710711E+16
    290016  0.56256061E+16
    290304  0.55760202E+16
    290592  0.55283294E+16
    290880  0.54819991E+16
    291168  0.54366705E+16
    291456  0.53874636E+16
    291744  0.53401283E+16
    292032  0.52941823E+16
    292320  0.52493267E+16
    292608  0.52053468E+16
    292896  0.51576931E+16
    293184  0.51117836E+16
    293472  0.50672153E+16
    293760  0.50236922E+16
    294048  0.49769115E+16
    294336  0.49319464E+16
    294624  0.48884346E+16
    294912  0.48460776E+16
    295200  0.48046962E+16
    295488  0.47603356E+16
    295776  0.47176748E+16
    296064  0.46764087E+16
    296352  0.46363393E+16
    296640  0.45973416E+16
    296928  0.45557948E+16
    297216  0.45159256E+16
    297504  0.44774591E+16
    297792  0.44402285E+16
    298080  0.44041435E+16
    298368  0.43691551E+16
    298656  0.43321386E+16
    298944  0.42967368E+16
    299232  0.42627424E+16
    299520  0.42300282E+16
    299808  0.41985230E+16
    300096  0.41681689E+16
    300384  0.41388919E+16
    300672  0.41081392E+16
    300960  0.40788099E+16
    301248  0.40507171E+16
    301536  0.40237329E+16
    301824  0.39977843E+16
    302112  0.39727911E+16
    302400  0.39486968E+16
    302688  0.39254538E+16
    302976  0.39030362E+16
    303264  0.38814172E+16
    303552  0.38588813E+16
    303840  0.38374193E+16
    304128  0.38169235E+16
    304416  0.37973191E+16
    304704  0.37785587E+16
    304992  0.37606197E+16
    305280  0.37434760E+16
    305568  0.37271063E+16
    305856  0.37115000E+16
    306144  0.36966526E+16
    306432  0.36825584E+16
    306720  0.36692260E+16
    307008  0.36566460E+16
    307296  0.36448215E+16
    307584  0.36337533E+16
    307872  0.36234441E+16
    308160  0.36138990E+16
    308448  0.36051241E+16
    308736  0.35971296E+16
    309024  0.35899186E+16
    309312  0.35834944E+16
    309600  0.35778664E+16
    309888  0.35730397E+16
    310176  0.35690188E+16
    310464  0.35658131E+16
    310752  0.35634318E+16
    311040  0.35618795E+16
    311328  0.35611635E+16
    311616  0.35612876E+16
    311904  0.35622582E+16
    312192  0.35645960E+16
    312480  0.35676954E+16
    312768  0.35715864E+16
    313056  0.35762926E+16
    313344  0.35818317E+16
    313632  0.35882173E+16
    313920  0.35954599E+16
    314208  0.36035667E+16
    314496  0.36125448E+16
    314784  0.36223988E+16
    315072  0.36334897E+16
