       288   7.3978190    
       576   7.4613919    
       864   7.5279098    
      1152   7.5956230    
      1440   7.6638718    
      1728   7.7331305    
      2016   7.8039742    
      2304   7.8756490    
      2592   7.9474273    
      2880   8.0188341    
      3168   8.0896835    
      3456   8.1599035    
      3744   8.2294474    
      4032   8.2983990    
      4320   8.3665609    
      4608   8.4339733    
      4896   8.5005770    
      5184   8.5665083    
      5472   8.6318913    
      5760   8.6966724    
      6048   8.7608213    
      6336   8.8242683    
      6624   8.8870621    
      6912   8.9493570    
      7200   9.0111847    
      7488   9.0725975    
      7776   9.1335297    
      8064   9.1939611    
      8352   9.2540922    
      8640   9.3139658    
      8928   9.3735323    
      9216   9.4327192    
      9504   9.4915142    
      9792   9.5499201    
     10080   9.6081085    
     10368   9.6661358    
     10656   9.7240810    
     10944   9.7817793    
     11232   9.8392458    
     11520   9.8964949    
     11808   9.9536552    
     12096   10.010839    
     12384   10.068120    
     12672   10.125391    
     12960   10.182623    
     13248   10.239996    
     13536   10.297625    
     13824   10.355480    
     14112   10.413454    
     14400   10.471648    
     14688   10.529983    
     14976   10.588477    
     15264   10.647352    
     15552   10.706744    
     15840   10.766611    
     16128   10.826976    
     16416   10.887825    
     16704   10.949094    
     16992   11.011070    
     17280   11.073707    
     17568   11.137097    
     17856   11.201305    
     18144   11.266346    
     18432   11.332204    
     18720   11.399048    
     19008   11.467464    
     19296   11.537761    
     19584   11.609947    
     19872   11.683954    
     20160   11.759740    
     20448   11.837279    
     20736   11.916611    
     21024   11.997987    
     21312   12.081510    
     21600   12.167032    
     21888   12.254489    
     22176   12.343777    
     22464   12.434822    
     22752   12.527602    
     23040   12.622132    
     23328   12.718733    
     23616   12.817504    
     23904   12.918269    
     24192   13.020966    
     24480   13.125483    
     24768   13.231709    
     25056   13.339623    
     25344   13.449242    
     25632   13.560950    
     25920   13.674810    
     26208   13.790655    
     26496   13.908416    
     26784   14.027993    
     27072   14.149254    
     27360   14.272145    
     27648   14.396679    
     27936   14.523438    
     28224   14.652521    
     28512   14.783639    
     28800   14.916626    
     29088   15.051484    
     29376   15.188093    
     29664   15.326381    
     29952   15.466350    
     30240   15.608709    
     30528   15.753576    
     30816   15.900609    
     31104   16.049589    
     31392   16.200415    
     31680   16.353212    
     31968   16.507895    
     32256   16.664423    
     32544   16.823603    
     32832   16.985674    
     33120   17.150284    
     33408   17.317162    
     33696   17.486162    
     33984   17.657307    
     34272   17.830738    
     34560   18.006401    
     34848   18.185173    
     35136   18.367142    
     35424   18.551853    
     35712   18.739170    
     36000   18.929131    
     36288   19.121616    
     36576   19.316597    
     36864   19.514036    
     37152   19.714949    
     37440   19.919506    
     37728   20.127380    
     38016   20.338182    
     38304   20.551695    
     38592   20.767799    
     38880   20.986431    
     39168   21.207615    
     39456   21.432428    
     39744   21.661011    
     40032   21.892973    
     40320   22.127836    
     40608   22.365332    
     40896   22.605301    
     41184   22.847651    
     41472   23.092371    
     41760   23.340630    
     42048   23.592402    
     42336   23.846983    
     42624   24.103979    
     42912   24.363150    
     43200   24.624544    
     43488   24.888361    
     43776   25.154453    
     44064   25.423969    
     44352   25.696783    
     44640   25.972107    
     44928   26.249517    
     45216   26.528748    
     45504   26.809710    
     45792   27.092323    
     46080   27.376598    
     46368   27.662506    
     46656   27.950081    
     46944   28.239334    
     47232   28.531626    
     47520   28.826815    
     47808   29.124100    
     48096   29.423035    
     48384   29.723330    
     48672   30.024975    
     48960   30.330513    
     49248   30.639679    
     49536   30.951487    
     49824   31.265305    
     50112   31.580738    
     50400   31.897369    
     50688   32.214718    
     50976   32.532894    
     51264   32.851963    
     51552   33.171894    
     51840   33.492699    
     52128   33.814411    
     52416   34.136971    
     52704   34.460373    
     52992   34.784504    
     53280   35.109425    
     53568   35.435028    
     53856   35.761242    
     54144   36.087902    
     54432   36.414612    
     54720   36.741543    
     55008   37.068729    
     55296   37.396152    
     55584   37.723907    
     55872   38.052048    
     56160   38.380474    
     56448   38.709202    
     56736   39.038250    
     57024   39.367542    
     57312   39.696712    
     57600   40.024544    
     57888   40.351498    
     58176   40.679787    
     58464   41.011990    
     58752   41.348263    
     59040   41.687927    
     59328   42.030098    
     59616   42.373714    
     59904   42.718262    
     60192   43.061581    
     60480   43.403606    
     60768   43.744827    
     61056   44.085300    
     61344   44.424850    
     61632   44.763203    
     61920   45.099895    
     62208   45.432575    
     62496   45.761471    
     62784   46.087334    
     63072   46.410362    
     63360   46.730541    
     63648   47.047665    
     63936   47.359962    
     64224   47.667427    
     64512   47.970234    
     64800   48.268761    
     65088   48.563103    
     65376   48.853111    
     65664   49.137177    
     65952   49.415413    
     66240   49.688461    
     66528   49.956421    
     66816   50.218899    
     67104   50.474773    
     67392   50.724308    
     67680   50.968201    
     67968   51.206696    
     68256   51.438725    
     68544   51.664650    
     68832   51.885090    
     69120   52.100204    
     69408   52.309006    
     69696   52.511986    
     69984   52.709751    
     70272   52.902699    
     70560   53.090912    
     70848   53.273781    
     71136   53.451557    
     71424   53.624779    
     71712   53.793724    
     72000   53.957642    
     72288   54.116890    
     72576   54.272232    
     72864   54.423981    
     73152   54.572319    
     73440   54.716690    
     73728   54.857414    
     74016   54.994873    
     74304   55.129353    
     74592   55.260292    
     74880   55.387897    
     75168   55.512573    
     75456   55.634205    
     75744   55.752934    
     76032   55.869202    
     76320   55.983120    
     76608   56.094414    
     76896   56.203167    
     77184   56.309704    
     77472   56.414104    
     77760   56.516083    
     78048   56.615837    
     78336   56.713623    
     78624   56.809505    
     78912   56.903248    
     79200   56.994991    
     79488   57.085068    
     79776   57.173450    
     80064   57.259727    
     80352   57.344276    
     80640   57.427166    
     80928   57.508595    
     81216   57.588161    
     81504   57.666145    
     81792   57.742657    
     82080   57.817791    
     82368   57.891434    
     82656   57.963581    
     82944   58.033958    
     83232   58.103146    
     83520   58.171154    
     83808   58.237633    
     84096   58.302528    
     84384   58.366234    
     84672   58.428791    
     84960   58.490208    
     85248   58.550354    
     85536   58.609188    
     85824   58.666920    
     86112   58.723576    
     86400   58.779144    
     86688   58.833454    
     86976   58.886639    
     87264   58.938766    
     87552   58.989857    
     87840   59.039921    
     88128   59.088894    
     88416   59.136745    
     88704   59.183502    
     88992   59.229191    
     89280   59.273853    
     89568   59.317917    
     89856   59.360985    
     90144   59.403049    
     90432   59.444027    
     90720   59.483997    
     91008   59.523022    
     91296   59.561218    
     91584   59.598610    
     91872   59.635059    
     92160   59.670555    
     92448   59.705090    
     92736   59.738926    
     93024   59.771851    
     93312   59.803787    
     93600   59.834763    
     93888   59.864815    
     94176   59.894268    
     94464   59.922897    
     94752   59.950649    
     95040   59.977734    
     95328   60.004097    
     95616   60.029621    
     95904   60.054504    
     96192   60.078682    
     96480   60.102013    
     96768   60.124702    
     97056   60.146683    
     97344   60.167828    
     97632   60.188377    
     97920   60.208206    
     98208   60.227207    
     98496   60.245678    
     98784   60.263401    
     99072   60.280468    
     99360   60.296928    
     99648   60.312660    
     99936   60.327911    
    100224   60.342503    
    100512   60.356609    
    100800   60.370113    
    101088   60.383167    
    101376   60.395683    
    101664   60.407780    
    101952   60.419373    
    102240   60.430424    
    102528   60.440975    
    102816   60.451084    
    103104   60.460743    
    103392   60.470051    
    103680   60.478970    
    103968   60.487492    
    104256   60.495728    
    104544   60.503757    
    104832   60.511353    
    105120   60.518532    
    105408   60.525581    
    105696   60.532269    
    105984   60.538601    
    106272   60.544716    
    106560   60.550720    
    106848   60.556576    
    107136   60.562035    
    107424   60.567184    
    107712   60.572186    
    108000   60.577091    
    108288   60.581867    
    108576   60.586498    
    108864   60.590755    
    109152   60.594879    
    109440   60.598877    
    109728   60.602760    
    110016   60.606567    
    110304   60.610249    
    110592   60.613754    
    110880   60.617085    
    111168   60.620380    
    111456   60.623676    
    111744   60.626873    
    112032   60.629898    
    112320   60.632793    
    112608   60.635574    
    112896   60.638290    
    113184   60.640919    
    113472   60.643440    
    113760   60.645809    
    114048   60.648022    
    114336   60.650219    
    114624   60.652416    
    114912   60.654613    
    115200   60.656811    
    115488   60.659008    
    115776   60.661205    
    116064   60.663403    
    116352   60.665600    
    116640   60.667797    
    116928   60.669907    
    117216   60.671921    
    117504   60.673870    
    117792   60.675774    
    118080   60.677635    
    118368   60.679382    
    118656   60.681046    
    118944   60.682663    
    119232   60.684223    
    119520   60.685745    
    119808   60.687233    
    120096   60.688698    
    120384   60.690121    
    120672   60.691452    
    120960   60.692722    
    121248   60.693951    
    121536   60.695152    
    121824   60.696331    
    122112   60.697502    
    122400   60.698601    
    122688   60.699699    
    122976   60.700798    
    123264   60.701897    
    123552   60.702995    
    123840   60.704094    
    124128   60.705193    
    124416   60.706291    
    124704   60.707390    
    124992   60.708488    
    125280   60.709587    
    125568   60.710686    
    125856   60.711784    
    126144   60.712883    
    126432   60.713982    
    126720   60.715080    
    127008   60.716179    
    127296   60.717278    
    127584   60.718376    
    127872   60.719482    
    128160   60.720676    
    128448   60.721924    
    128736   60.723167    
    129024   60.724438    
    129312   60.725758    
    129600   60.727135    
    129888   60.728580    
    130176   60.730099    
    130464   60.731705    
    130752   60.733364    
    131040   60.735062    
    131328   60.736824    
    131616   60.738659    
    131904   60.740582    
    132192   60.742596    
    132480   60.744705    
    132768   60.746902    
    133056   60.749100    
    133344   60.751297    
    133632   60.753494    
    133920   60.755692    
    134208   60.757889    
    134496   60.760235    
    134784   60.762714    
    135072   60.765343    
    135360   60.768112    
    135648   60.770977    
    135936   60.773956    
    136224   60.777061    
    136512   60.780376    
    136800   60.783913    
    137088   60.787624    
    137376   60.791561    
    137664   60.795597    
    137952   60.799896    
    138240   60.804497    
    138528   60.809410    
    138816   60.814598    
    139104   60.820152    
    139392   60.826160    
    139680   60.832569    
    139968   60.839306    
    140256   60.846542    
    140544   60.854240    
    140832   60.862541    
    141120   60.871426    
    141408   60.881062    
    141696   60.891468    
    141984   60.902733    
    142272   60.914730    
    142560   60.927570    
    142848   60.941429    
    143136   60.956383    
    143424   60.972591    
    143712   60.990105    
    144000   61.008987    
    144288   61.029381    
    144576   61.051319    
    144864   61.074715    
    145152   61.099922    
    145440   61.126949    
    145728   61.155888    
    146016   61.186905    
    146304   61.220055    
    146592   61.255363    
    146880   61.292824    
    147168   61.332378    
    147456   61.374279    
    147744   61.419346    
    148032   61.466930    
    148320   61.516819    
    148608   61.568848    
    148896   61.622982    
    149184   61.679161    
    149472   61.737217    
    149760   61.796928    
    150048   61.858360    
    150336   61.921307    
    150624   61.985798    
    150912   62.051834    
    151200   62.119247    
    151488   62.188156    
    151776   62.258511    
    152064   62.330193    
    152352   62.403381    
    152640   62.477917    
    152928   62.553661    
    153216   62.630527    
    153504   62.708466    
    153792   62.787453    
    154080   62.867447    
    154368   62.948429    
    154656   63.030369    
    154944   63.113247    
    155232   63.196976    
    155520   63.281544    
    155808   63.366825    
    156096   63.452816    
    156384   63.539570    
    156672   63.626900    
    156960   63.714905    
    157248   63.803463    
    157536   63.892563    
    157824   63.982109    
    158112   64.072235    
    158400   64.162598    
    158688   64.253189    
    158976   64.344086    
    159264   64.435211    
    159552   64.526436    
    159840   64.617744    
    160128   64.709099    
    160416   64.800453    
    160704   64.891777    
    160992   64.983002    
    161280   65.074112    
    161568   65.165054    
    161856   65.255760    
    162144   65.346039    
    162432   65.435783    
    162720   65.525139    
    163008   65.614258    
    163296   65.703133    
    163584   65.791740    
    163872   65.880035    
    164160   65.967972    
    164448   66.055450    
    164736   66.142365    
    165024   66.228722    
    165312   66.314445    
    165600   66.399689    
    165888   66.484375    
    166176   66.568672    
    166464   66.652527    
    166752   66.735870    
    167040   66.818398    
    167328   66.900185    
    167616   66.981476    
    167904   67.062126    
    168192   67.142166    
    168480   67.221657    
    168768   67.300400    
    169056   67.378403    
    169344   67.455795    
    169632   67.532555    
    169920   67.608658    
    170208   67.683975    
    170496   67.758492    
    170784   67.832283    
    171072   67.905342    
    171360   67.977768    
    171648   68.049538    
    171936   68.120354    
    172224   68.190369    
    172512   68.259834    
    172800   68.328636    
    173088   68.396591    
    173376   68.463936    
    173664   68.530754    
    173952   68.596817    
    174240   68.662216    
    174528   68.726929    
    174816   68.790932    
    175104   68.854332    
    175392   68.917038    
    175680   68.978722    
    175968   69.039711    
    176256   69.100113    
    176544   69.159668    
    176832   69.218445    
    177120   69.276527    
    177408   69.334068    
    177696   69.390976    
    177984   69.447166    
    178272   69.502449    
    178560   69.557022    
    178848   69.610970    
    179136   69.664192    
    179424   69.716576    
    179712   69.768211    
    180000   69.819221    
    180288   69.869484    
    180576   69.919098    
    180864   69.968140    
    181152   70.016693    
    181440   70.064392    
    181728   70.111351    
    182016   70.157883    
    182304   70.203751    
    182592   70.248573    
    182880   70.292870    
    183168   70.336639    
    183456   70.379463    
    183744   70.421654    
    184032   70.463226    
    184320   70.504089    
    184608   70.544327    
    184896   70.583878    
    185184   70.622658    
    185472   70.660866    
    185760   70.698463    
    186048   70.735168    
    186336   70.771370    
    186624   70.807053    
    186912   70.842072    
    187200   70.876350    
    187488   70.909767    
    187776   70.942474    
    188064   70.974640    
    188352   71.006210    
    188640   71.037018    
    188928   71.067192    
    189216   71.096977    
    189504   71.126183    
    189792   71.154556    
    190080   71.182213    
    190368   71.209381    
    190656   71.236046    
    190944   71.262009    
    191232   71.287384    
    191520   71.312080    
    191808   71.336090    
    192096   71.359680    
    192384   71.382744    
    192672   71.405251    
    192960   71.426926    
    193248   71.447891    
    193536   71.468361    
    193824   71.488327    
    194112   71.507805    
    194400   71.526672    
    194688   71.544891    
    194976   71.562469    
    195264   71.579285    
    195552   71.595634    
    195840   71.611526    
    196128   71.627037    
    196416   71.642151    
    196704   71.656570    
    196992   71.670258    
    197280   71.683533    
    197568   71.696327    
    197856   71.708397    
    198144   71.719833    
    198432   71.731010    
    198720   71.741936    
    199008   71.752502    
    199296   71.762627    
    199584   71.772278    
    199872   71.781540    
    200160   71.790344    
    200448   71.798676    
    200736   71.806473    
    201024   71.814072    
    201312   71.821434    
    201600   71.828339    
    201888   71.834808    
    202176   71.840828    
    202464   71.846535    
    202752   71.852043    
    203040   71.857391    
    203328   71.862564    
    203616   71.867523    
    203904   71.872261    
    204192   71.876556    
    204480   71.880608    
    204768   71.884499    
    205056   71.888222    
    205344   71.891769    
    205632   71.895142    
    205920   71.898346    
    206208   71.901405    
    206496   71.904266    
    206784   71.906921    
    207072   71.909348    
    207360   71.911545    
    207648   71.913742    
    207936   71.915939    
    208224   71.918137    
    208512   71.920334    
    208800   71.922531    
    209088   71.924728    
    209376   71.926926    
    209664   71.929123    
    209952   71.931320    
    210240   71.933220    
    210528   71.934952    
    210816   71.936546    
    211104   71.938011    
    211392   71.939362    
    211680   71.940575    
    211968   71.941582    
    212256   71.942337    
    212544   71.942856    
    212832   71.943184    
    213120   71.943321    
    213408   71.943321    
    213696   71.943321    
    213984   71.943321    
    214272   71.943321    
    214560   71.943321    
    214848   71.943321    
    215136   71.943321    
    215424   71.943321    
    215712   71.943321    
    216000   71.943321    
    216288   71.943321    
    216576   71.943321    
    216864   71.943321    
    217152   71.943321    
    217440   71.943321    
    217728   71.943321    
    218016   71.943321    
    218304   71.943321    
    218592   71.943321    
    218880   71.943321    
    219168   71.943321    
    219456   71.943321    
    219744   71.943321    
    220032   71.943321    
    220320   71.943321    
    220608   71.943321    
    220896   71.943321    
    221184   71.943321    
    221472   71.943321    
    221760   71.943321    
    222048   71.943321    
    222336   71.943321    
    222624   71.943321    
    222912   71.943321    
    223200   71.943321    
    223488   71.943321    
    223776   71.943321    
    224064   71.943321    
    224352   71.943321    
    224640   71.943321    
    224928   71.943321    
    225216   71.943321    
    225504   71.943321    
    225792   71.943321    
    226080   71.943321    
    226368   71.943321    
    226656   71.943321    
    226944   71.943321    
    227232   71.943321    
    227520   71.943321    
    227808   71.943321    
    228096   71.943321    
    228384   71.943321    
    228672   71.943321    
    228960   71.943321    
    229248   71.943321    
    229536   71.943321    
    229824   71.943321    
    230112   71.943321    
    230400   71.943321    
    230688   71.943321    
    230976   71.943321    
    231264   71.943321    
    231552   71.943321    
    231840   71.943321    
    232128   71.943321    
    232416   71.943321    
    232704   71.943321    
    232992   71.943321    
    233280   71.943321    
    233568   71.943321    
    233856   71.943321    
    234144   71.943321    
    234432   71.943321    
    234720   71.943321    
    235008   71.943321    
    235296   71.943321    
    235584   71.943321    
    235872   71.943321    
    236160   71.943321    
    236448   71.943321    
    236736   71.943321    
    237024   71.943321    
    237312   71.943321    
    237600   71.943321    
    237888   71.943321    
    238176   71.943321    
    238464   71.943321    
    238752   71.943321    
    239040   71.943321    
    239328   71.943321    
    239616   71.943321    
    239904   71.943321    
    240192   71.943321    
    240480   71.943321    
    240768   71.943321    
    241056   71.943321    
    241344   71.943321    
    241632   71.943321    
    241920   71.943321    
    242208   71.943321    
    242496   71.943321    
    242784   71.943321    
    243072   71.943321    
    243360   71.943321    
    243648   71.943321    
    243936   71.943321    
    244224   71.943321    
    244512   71.943321    
    244800   71.943321    
    245088   71.943321    
    245376   71.943321    
    245664   71.943321    
    245952   71.943321    
    246240   71.943321    
    246528   71.943321    
    246816   71.943321    
    247104   71.943321    
    247392   71.943321    
    247680   71.943321    
    247968   71.943321    
    248256   71.943321    
    248544   71.943321    
    248832   71.943321    
    249120   71.943321    
    249408   71.943321    
    249696   71.943321    
    249984   71.943321    
    250272   71.943321    
    250560   71.943321    
    250848   71.943321    
    251136   71.943451    
    251424   71.943871    
    251712   71.944550    
    252000   71.945503    
    252288   71.946655    
    252576   71.948013    
    252864   71.949554    
    253152   71.951286    
    253440   71.953194    
    253728   71.955292    
    254016   71.957489    
    254304   71.959686    
    254592   71.961884    
    254880   71.964203    
    255168   71.966835    
    255456   71.969727    
    255744   71.972961    
    256032   71.976425    
    256320   71.980103    
    256608   71.984230    
    256896   71.988831    
    257184   71.993935    
    257472   71.999359    
    257760   72.005394    
    258048   72.011909    
    258336   72.018967    
    258624   72.026848    
    258912   72.035378    
    259200   72.044922    
    259488   72.055183    
    259776   72.066521    
    260064   72.079010    
    260352   72.092545    
    260640   72.107361    
    260928   72.123596    
    261216   72.141212    
    261504   72.160362    
    261792   72.181313    
    262080   72.204002    
    262368   72.228638    
    262656   72.255371    
    262944   72.284279    
    263232   72.315483    
    263520   72.349007    
    263808   72.384956    
    264096   72.423477    
    264384   72.464745    
    264672   72.509949    
    264960   72.558693    
    265248   72.609581    
    265536   72.662262    
    265824   72.716270    
    266112   72.771690    
    266400   72.828156    
    266688   72.885658    
    266976   72.943855    
    267264   73.002769    
    267552   73.062279    
    267840   73.122391    
    268128   73.183144    
    268416   73.244690    
    268704   73.306633    
    268992   73.368858    
    269280   73.431236    
    269568   73.493660    
    269856   73.556015    
    270144   73.618263    
    270432   73.680595    
    270720   73.743065    
    271008   73.805588    
    271296   73.868050    
    271584   73.930367    
    271872   73.992439    
    272160   74.054092    
    272448   74.115593    
    272736   74.177040    
    273024   74.238289    
    273312   74.299225    
    273600   74.359764    
    273888   74.419632    
    274176   74.479263    
    274464   74.538704    
    274752   74.597778    
    275040   74.656387    
    275328   74.714355    
    275616   74.771545    
    275904   74.828400    
    276192   74.884972    
    276480   74.941116    
    276768   74.996529    
    277056   75.051186    
    277344   75.105423    
    277632   75.159340    
    277920   75.212601    
    278208   75.265198    
    278496   75.317444    
    278784   75.369377    
    279072   75.420769    
    279360   75.471359    
    279648   75.521545    
    279936   75.571381    
    280224   75.620575    
    280512   75.668999    
    280800   75.716644    
    281088   75.763702    
    281376   75.810341    
    281664   75.856323    
    281952   75.901520    
    282240   75.946243    
    282528   75.990700    
    282816   76.034653    
    283104   76.077805    
    283392   76.120087    
    283680   76.161964    
    283968   76.203339    
    284256   76.243904    
    284544   76.283798    
    284832   76.323257    
    285120   76.362160    
    285408   76.400314    
    285696   76.438133    
    285984   76.475624    
    286272   76.512428    
    286560   76.548454    
    286848   76.584099    
    287136   76.619354    
    287424   76.653923    
    287712   76.687683    
    288000   76.721016    
    288288   76.753815    
    288576   76.786057    
    288864   76.817535    
    289152   76.848557    
    289440   76.879166    
    289728   76.909210    
    290016   76.938553    
    290304   76.967392    
    290592   76.995819    
    290880   77.023643    
    291168   77.050758    
    291456   77.077454    
    291744   77.103859    
    292032   77.129646    
    292320   77.154694    
    292608   77.178993    
    292896   77.202927    
    293184   77.226418    
    293472   77.249252    
    293760   77.271454    
    294048   77.293373    
    294336   77.314995    
    294624   77.335945    
    294912   77.356194    
    295200   77.375816    
    295488   77.394997    
    295776   77.413803    
    296064   77.432068    
    296352   77.449738    
    296640   77.466705    
    296928   77.483299    
    297216   77.499603    
    297504   77.515411    
    297792   77.530540    
    298080   77.545029    
    298368   77.558968    
    298656   77.572586    
    298944   77.585892    
    299232   77.598679    
    299520   77.610954    
    299808   77.622696    
    300096   77.633865    
    300384   77.644478    
    300672   77.654907    
    300960   77.665039    
    301248   77.674721    
    301536   77.683907    
    301824   77.692726    
    302112   77.701141    
    302400   77.709068    
    302688   77.716347    
    302976   77.723328    
    303264   77.729950    
    303552   77.736389    
    303840   77.742653    
    304128   77.748604    
    304416   77.754189    
    304704   77.759583    
    304992   77.764854    
    305280   77.769836    
    305568   77.774437    
    305856   77.778664    
    306144   77.782478    
    306432   77.786133    
    306720   77.789619    
    307008   77.792938    
    307296   77.796104    
    307584   77.799141    
    307872   77.801994    
    308160   77.804657    
    308448   77.807129    
    308736   77.809326    
    309024   77.811523    
    309312   77.813721    
    309600   77.815918    
    309888   77.818115    
    310176   77.820312    
    310464   77.822510    
    310752   77.824577    
    311040   77.826523    
    311328   77.828346    
    311616   77.830032    
    311904   77.831589    
    312192   77.832809    
    312480   77.833809    
    312768   77.834656    
    313056   77.835327    
    313344   77.835823    
    313632   77.836151    
    313920   77.836288    
    314208   77.836288    
    314496   77.836288    
    314784   77.836288    
    315072   77.836288    
