         1  0.55226421    
       288  0.55554539    
       576  0.55813664    
       864  0.56016535    
      1152  0.56191796    
      1440  0.56353205    
      1728  0.56524426    
      2016  0.56691617    
      2304  0.56858230    
      2592  0.57025754    
      2880  0.57194883    
      3168  0.57365996    
      3456  0.57554603    
      3744  0.57744581    
      4032  0.57935858    
      4320  0.58128351    
      4608  0.58321923    
      4896  0.58516484    
      5184  0.58726203    
      5472  0.58936274    
      5760  0.59146589    
      6048  0.59357023    
      6336  0.59567434    
      6624  0.59777647    
      6912  0.60001040    
      7200  0.60223687    
      7488  0.60445487    
      7776  0.60666299    
      8064  0.60885930    
      8352  0.61117131    
      8640  0.61346680    
      8928  0.61574429    
      9216  0.61800212    
      9504  0.62023860    
      9792  0.62245208    
     10080  0.62476701    
     10368  0.62705517    
     10656  0.62931496    
     10944  0.63154507    
     11232  0.63374370    
     11520  0.63590896    
     11808  0.63816470    
     12096  0.64038497    
     12384  0.64256817    
     12672  0.64471269    
     12960  0.64681715    
     13248  0.64900649    
     13536  0.65115440    
     13824  0.65325987    
     14112  0.65532178    
     14400  0.65733898    
     14688  0.65931016    
     14976  0.66123432    
     15264  0.66324258    
     15552  0.66520452    
     15840  0.66711986    
     16128  0.66898769    
     16416  0.67080772    
     16704  0.67258012    
     16992  0.67444336    
     17280  0.67626190    
     17568  0.67803806    
     17856  0.67978835    
     18144  0.68157816    
     18432  0.68342745    
     18720  0.68529880    
     19008  0.68733072    
     19296  0.68936968    
     19584  0.69128197    
     19872  0.69199491    
     20160  0.69260949    
     20448  0.69332749    
     20736  0.69398868    
     21024  0.69565326    
     21312  0.69708943    
     21600  0.69853187    
     21888  0.69985276    
     22176  0.70111090    
     22464  0.70235336    
     22752  0.70377982    
     23040  0.70522559    
     23328  0.70772475    
     23616  0.71006995    
     23904  0.71250391    
     24192  0.71490043    
     24480  0.71732253    
     24768  0.71982229    
     25056  0.72260594    
     25344  0.72550666    
     25632  0.72945642    
     25920  0.73337507    
     26208  0.73750973    
     26496  0.74172211    
     26784  0.74607193    
     27072  0.75060451    
     27360  0.75535357    
     27648  0.76052034    
     27936  0.76693350    
     28224  0.77331454    
     28512  0.77974451    
     28800  0.78645414    
     29088  0.79324782    
     29376  0.80015028    
     29664  0.80716825    
     29952  0.81449491    
     30240  0.82299435    
     30528  0.83121848    
     30816  0.83923256    
     31104  0.84706992    
     31392  0.85495120    
     31680  0.86260569    
     31968  0.87003726    
     32256  0.87723964    
     32544  0.88568872    
     32832  0.89343691    
     33120  0.90060771    
     33408  0.90728199    
     33696  0.91351467    
     33984  0.91958743    
     34272  0.92521083    
     34560  0.93043131    
     34848  0.93660861    
     35136  0.94200367    
     35424  0.94678861    
     35712  0.95133054    
     36000  0.95538211    
     36288  0.95903337    
     36576  0.96234953    
     36864  0.96537966    
     37152  0.96947336    
     37440  0.97312707    
     37728  0.97619468    
     38016  0.97883600    
     38304  0.98115766    
     38592  0.98323268    
     38880  0.98511201    
     39168  0.98683202    
     39456  0.98966014    
     39744  0.99215567    
     40032  0.99417311    
     40320  0.99586552    
     40608  0.99733084    
     40896   1.0015565    
     41184   1.0066563    
     41472   1.0101132    
     41760   1.0136074    
     42048   1.0160620    
     42336   1.0178761    
     42624   1.0192841    
     42912   1.0204294    
     43200   1.0216051    
     43488   1.0225880    
     43776   1.0234420    
     44064   1.0251452    
     44352   1.0264279    
     44640   1.0274450    
     44928   1.0282909    
     45216   1.0290251    
     45504   1.0296848    
     45792   1.0302939    
     46080   1.0308678    
     46368   1.0314161    
     46656   1.0319455    
     46944   1.0324601    
     47232   1.0338185    
     47520   1.0348392    
     47808   1.0356487    
     48096   1.0363249    
     48384   1.0369155    
     48672   1.0374509    
     48960   1.0379494    
     49248   1.0384233    
     49536   1.0388799    
     49824   1.0393240    
     50112   1.0397593    
     50400   1.0400167    
     50688   1.0403305    
     50976   1.0406793    
     51264   1.0410490    
     51552   1.0414307    
     51840   1.0418187    
     52128   1.0422096    
     52416   1.0426012    
     52704   1.0429920    
     52992   1.0433811    
     53280   1.0437679    
     53568   1.0441526    
     53856   1.0445347    
     54144   1.0447521    
     54432   1.0450263    
     54720   1.0453358    
     55008   1.0456667    
     55296   1.0460106    
     55584   1.0463617    
     55872   1.0467166    
     56160   1.0470730    
     56448   1.0474297    
     56736   1.0477859    
     57024   1.0479898    
     57312   1.0482470    
     57600   1.0477805    
     57888   1.0476073    
     58176   1.0476232    
     58464   1.0477595    
     58752   1.0479722    
     59040   1.0482330    
     59328   1.0483714    
     59616   1.0485835    
     59904   1.0488428    
     60192   1.0483575    
     60480   1.0481658    
     60768   1.0481645    
     61056   1.0482855    
     61344   1.0484846    
     61632   1.0487337    
     61920   1.0488644    
     62208   1.0482718    
     62496   1.0480052    
     62784   1.0479517    
     63072   1.0480367    
     63360   1.0482113    
     63648   1.0484439    
     63936   1.0478995    
     64224   1.0475031    
     64512   1.0473616    
     64800   1.0473880    
     65088   1.0475241    
     65376   1.0477321    
     65664   1.0471442    
     65952   1.0468736    
     66240   1.0468136    
     66528   1.0467383    
     66816   1.0466474    
     67104   1.0457257    
     67392   1.0448374    
     67680   1.0439607    
     67968   1.0430810    
     68256   1.0420381    
     68544   1.0410317    
     68832   1.0400379    
     69120   1.0390396    
     69408   1.0378656    
     69696   1.0367284    
     69984   1.0356034    
     70272   1.0344746    
     70560   1.0333313    
     70848   1.0319971    
     71136   1.0306966    
     71424   1.0294054    
     71712   1.0281066    
     72000   1.0265629    
     72288   1.0250709    
     72576   1.0235993    
     72864   1.0221268    
     73152   1.0206395    
     73440   1.0189366    
     73728   1.0172673    
     74016   1.0156058    
     74304   1.0139344    
     74592   1.0120368    
     74880   1.0101730    
     75168   1.0083163    
     75456   1.0062357    
     75744   1.0041988    
     76032   1.0021746    
     76320   1.0001414    
     76608  0.99785984    
     76896  0.99561298    
     77184  0.99336994    
     77472  0.99110913    
     77760  0.98857945    
     78048  0.98607951    
     78336  0.98357922    
     78624  0.98105717    
     78912  0.97824878    
     79200  0.97546268    
     79488  0.97266781    
     79776  0.96983987    
     80064  0.96669906    
     80352  0.96356761    
     80640  0.96041334    
     80928  0.95721185    
     81216  0.95367181    
     81504  0.95012277    
     81792  0.94653076    
     82080  0.94286668    
     82368  0.93910736    
     82656  0.93495232    
     82944  0.93074250    
     83232  0.92644417    
     83520  0.92202830    
     83808  0.91718054    
     84096  0.91224080    
     84384  0.90717262    
     84672  0.90194434    
     84960  0.89653051    
     85248  0.89061248    
     85536  0.88453859    
     85824  0.87827581    
     86112  0.87179595    
     86400  0.86507678    
     86688  0.85780877    
     86976  0.85034436    
     87264  0.84266353    
     87552  0.83475345    
     87840  0.82660842    
     88128  0.81822997    
     88416  0.80934542    
     88704  0.80031556    
     88992  0.79115039    
     89280  0.78186780    
     89568  0.77249187    
     89856  0.76305348    
     90144  0.75358891    
     90432  0.74388146    
     90720  0.73427659    
     91008  0.72480869    
     91296  0.71551001    
     91584  0.70641494    
     91872  0.69755566    
     92160  0.68896163    
     92448  0.68065959    
     92736  0.67267215    
     93024  0.66501737    
     93312  0.65749502    
     93600  0.65035409    
     93888  0.64359641    
     94176  0.63721991    
     94464  0.63121790    
     94752  0.62558305    
     95040  0.62030649    
     95328  0.61537683    
     95616  0.61078256    
     95904  0.60651177    
     96192  0.60255110    
     96480  0.59888703    
     96768  0.59550560    
     97056  0.59239209    
     97344  0.58953255    
     97632  0.58691317    
     97920  0.58451939    
     98208  0.58233780    
     98496  0.58035594    
     98784  0.57856220    
     99072  0.57694596    
     99360  0.57549679    
     99648  0.57420558    
     99936  0.57306379    
    100224  0.57206297    
    100512  0.57119584    
    100800  0.57045627    
    101088  0.56983751    
    101376  0.56933433    
    101664  0.56894141    
    101952  0.56878573    
    102240  0.56872666    
    102528  0.56876051    
    102816  0.56888336    
    103104  0.56909174    
    103392  0.56938273    
    103680  0.56975323    
    103968  0.57020068    
    104256  0.57072234    
    104544  0.57131553    
    104832  0.57208765    
