         1  0.40477860    
       288  0.31818339    
       576  0.25787511    
       864  0.21410003    
      1152  0.18260045    
      1440  0.15936311    
      1728  0.14191248    
      2016  0.12853776    
      2304  0.11812925    
      2592  0.10993057    
      2880  0.10341410    
      3168  0.98224550E-01
      3456  0.94144195E-01
      3744  0.90957098E-01
      4032  0.88574156E-01
      4320  0.86888537E-01
      4608  0.85783333E-01
      4896  0.85168816E-01
      5184  0.84968925E-01
      5472  0.85139625E-01
      5760  0.85635431E-01
      6048  0.86420484E-01
      6336  0.87465353E-01
      6624  0.88744730E-01
      6912  0.90230055E-01
      7200  0.91910951E-01
      7488  0.93775138E-01
      7776  0.95813230E-01
      8064  0.98016977E-01
      8352  0.10037824    
      8640  0.10289471    
      8928  0.10556187    
      9216  0.10837634    
      9504  0.11133518    
      9792  0.11443624    
     10080  0.11767657    
     10368  0.12105693    
     10656  0.12457670    
     10944  0.12823597    
     11232  0.13203475    
     11520  0.13597402    
     11808  0.14005251    
     12096  0.14427291    
     12384  0.14863597    
     12672  0.15314314    
     12960  0.15779535    
     13248  0.16259407    
     13536  0.16753978    
     13824  0.17263490    
     14112  0.17788130    
     14400  0.18327953    
     14688  0.18883280    
     14976  0.19454041    
     15264  0.20040478    
     15552  0.20642778    
     15840  0.21261218    
     16128  0.21895845    
     16416  0.22546332    
     16704  0.23213093    
     16992  0.23895822    
     17280  0.24594726    
     17568  0.25309747    
     17856  0.26040721    
     18144  0.26787552    
     18432  0.27550629    
     18720  0.28329399    
     19008  0.29123756    
     19296  0.29933432    
     19584  0.30758280    
     19872  0.31598085    
     20160  0.32452661    
     20448  0.33321965    
     20736  0.34205258    
     21024  0.35102165    
     21312  0.36012220    
     21600  0.36934915    
     21888  0.37869838    
     22176  0.38816461    
     22464  0.39774194    
     22752  0.40742478    
     23040  0.41721165    
     23328  0.42708966    
     23616  0.43705183    
     23904  0.44709003    
     24192  0.45719627    
     24480  0.46736196    
     24768  0.47752839    
     25056  0.48740274    
     25344  0.49690241    
     25632  0.50598311    
     25920  0.51460248    
     26208  0.52271366    
     26496  0.53027439    
     26784  0.53724247    
     27072  0.54357910    
     27360  0.54924625    
     27648  0.55420917    
     27936  0.55843604    
     28224  0.56189990    
     28512  0.56457257    
     28800  0.56643188    
     29088  0.56746036    
     29376  0.56764472    
     29664  0.56697577    
     29952  0.56544918    
     30240  0.56306571    
     30528  0.55982995    
     30816  0.55575192    
     31104  0.55084604    
     31392  0.54513127    
     31680  0.53863209    
     31968  0.53137589    
     32256  0.52339464    
     32544  0.51472473    
     32832  0.50540417    
     33120  0.49547574    
     33408  0.48498064    
     33696  0.47396934    
     33984  0.46249050    
     34272  0.45059511    
     34560  0.43833262    
     34848  0.42575604    
     35136  0.41291717    
     35424  0.39986780    
     35712  0.38665965    
     36000  0.37334278    
     36288  0.35996509    
     36576  0.34657499    
     36864  0.33321667    
     37152  0.31993330    
     37440  0.30676490    
     37728  0.29374969    
     38016  0.28092250    
     38304  0.26831520    
     38592  0.25595707    
     38880  0.24387388    
     39168  0.23208860    
     39456  0.22062163    
     39744  0.20948943    
     40032  0.19870660    
     40320  0.18828422    
     40608  0.17823078    
     40896  0.16855264    
     41184  0.15925318    
     41472  0.15033381    
     41760  0.14179389    
     42048  0.13363083    
     42336  0.12584004    
     42624  0.11841599    
     42912  0.11135176    
     43200  0.10463966    
     43488  0.98271675E-01
     43776  0.92239201E-01
     44064  0.86533338E-01
     44352  0.81144899E-01
     44640  0.76064259E-01
     44928  0.71280964E-01
     45216  0.66784143E-01
     45504  0.62562287E-01
     45792  0.58603488E-01
     46080  0.54895483E-01
     46368  0.51425990E-01
     46656  0.48182610E-01
     46944  0.45153197E-01
     47232  0.42325750E-01
     47520  0.39688576E-01
     47808  0.37230391E-01
     48096  0.34940325E-01
     48384  0.32807834E-01
     48672  0.30822974E-01
     48960  0.28976241E-01
     49248  0.27258612E-01
     49536  0.25661508E-01
     49824  0.24176925E-01
     50112  0.22797246E-01
     50400  0.21515351E-01
     50688  0.20324476E-01
     50976  0.19218447E-01
     51264  0.18191323E-01
     51552  0.17237676E-01
     51840  0.16352357E-01
     52128  0.15530671E-01
     52416  0.14768137E-01
     52704  0.14060688E-01
     52992  0.13404465E-01
     53280  0.12795979E-01
     53568  0.12231925E-01
     53856  0.11709289E-01
     54144  0.11225236E-01
     54432  0.10777208E-01
     54720  0.10362818E-01
     55008  0.99798534E-02
     55296  0.96262842E-02
     55584  0.93002655E-02
     55872  0.90000639E-02
     56160  0.87241409E-02
     56448  0.84710447E-02
     56736  0.82394704E-02
     57024  0.80282278E-02
     57312  0.78362357E-02
     57600  0.76624849E-02
     57888  0.75061093E-02
     58176  0.73663276E-02
     58464  0.72424184E-02
     58752  0.71337558E-02
     59040  0.70397961E-02
     59328  0.69600660E-02
     59616  0.68941484E-02
     59904  0.68417196E-02
     60192  0.68024117E-02
     60480  0.67760712E-02
     60768  0.67625600E-02
     61056  0.67617646E-02
     61344  0.67736623E-02
     61632  0.67982697E-02
     61920  0.68356595E-02
     62208  0.68857558E-02
     62496  0.69488995E-02
     62784  0.70253136E-02
     63072  0.71153059E-02
     63360  0.72191963E-02
     63648  0.73373904E-02
     63936  0.74698436E-02
     64224  0.76174838E-02
     64512  0.77812648E-02
     64800  0.79631852E-02
     65088  0.81648603E-02
     65376  0.83868904E-02
     65664  0.86291824E-02
     65952  0.88941194E-02
     66240  0.91832802E-02
     66528  0.94983857E-02
     66816  0.98411720E-02
     67104  0.10211819E-01
     67392  0.10613940E-01
     67680  0.11049833E-01
     67968  0.11521905E-01
     68256  0.12030378E-01
     68544  0.12580153E-01
     68832  0.13174270E-01
     69120  0.13815959E-01
     69408  0.14505645E-01
     69696  0.15249805E-01
     69984  0.16052512E-01
     70272  0.16918080E-01
     70560  0.17851058E-01
     70848  0.18852478E-01
     71136  0.19931136E-01
     71424  0.21092799E-01
     71712  0.22343509E-01
     72000  0.23683596E-01
     72288  0.25125526E-01
     72576  0.26676860E-01
     72864  0.28345363E-01
     73152  0.30139307E-01
     73440  0.32061052E-01
     73728  0.34125555E-01
     74016  0.36342707E-01
     74304  0.38722724E-01
     74592  0.41268505E-01
     74880  0.43998290E-01
     75168  0.46924233E-01
     75456  0.50049070E-01
     75744  0.53394470E-01
     76032  0.56973837E-01
     76320  0.60800966E-01
     76608  0.64877667E-01
     76896  0.69229543E-01
     77184  0.73871396E-01
     77472  0.78818187E-01
     77760  0.84069490E-01
     78048  0.89654766E-01
     78336  0.95589831E-01
     78624  0.10189012    
     78912  0.10855100    
     79200  0.11560547    
     79488  0.12306862    
     79776  0.13095424    
     80064  0.13925023    
     80352  0.14799215    
     80640  0.15719210    
     80928  0.16686028    
     81216  0.17697389    
     81504  0.18756974    
     81792  0.19865391    
     82080  0.21023008    
     82368  0.22229962    
     82656  0.23482130    
     82944  0.24783015    
     83232  0.26132160    
     83520  0.27528721    
     83808  0.28966793    
     84096  0.30449548    
     84384  0.31975344    
     84672  0.33542258    
     84960  0.35147977    
     85248  0.36784095    
     85536  0.38453314    
     85824  0.40152484    
     86112  0.41878125    
     86400  0.43626505    
     86688  0.45386860    
     86976  0.47161493    
     87264  0.48945969    
     87552  0.50735670    
     87840  0.52525705    
     88128  0.54311138    
     88416  0.56079453    
     88704  0.57832837    
     88992  0.59566170    
     89280  0.61274290    
     89568  0.62952071    
     89856  0.64594436    
     90144  0.66196418    
     90432  0.67745614    
     90720  0.69245160    
     91008  0.70690650    
     91296  0.72077972    
     91584  0.73403293    
     91872  0.74663067    
     92160  0.75854117    
     92448  0.76973462    
     92736  0.78018725    
     93024  0.78987664    
     93312  0.79872143    
     93600  0.80677533    
     93888  0.81402981    
     94176  0.82047892    
     94464  0.82612145    
     94752  0.83095956    
     95040  0.83499932    
     95328  0.83825016    
     95616  0.84072500    
     95904  0.84244025    
     96192  0.84341514    
     96480  0.84367150    
     96768  0.84323478    
     97056  0.84213156    
     97344  0.84068197    
     97632  0.83923107    
     97920  0.83778465    
     98208  0.83634740    
     98496  0.83492446    
     98784  0.83352107    
     99072  0.83214176    
     99360  0.83079165    
     99648  0.82947552    
     99936  0.82819802    
    100224  0.82696366    
    100512  0.82577652    
    100800  0.82464147    
    101088  0.82356250    
    101376  0.82254314    
    101664  0.82158762    
    101952  0.82071495    
    102240  0.81991178    
    102528  0.81918108    
    102816  0.81852651    
    103104  0.81795073    
    103392  0.81745684    
    103680  0.81704742    
    103968  0.81672508    
    104256  0.81649190    
    104544  0.81634974    
    104832  0.81629866    
