         1  0.54512113    
        24  0.55233616    
        48  0.55434245    
        72  0.55584878    
        96  0.55710727    
       120  0.55823797    
       144  0.55930483    
       168  0.56034434    
       192  0.56137866    
       216  0.56242192    
       240  0.56348264    
       264  0.56456721    
       288  0.56568009    
       312  0.56682372    
       336  0.56800073    
       360  0.56921303    
       384  0.57046169    
       408  0.57174748    
       432  0.57307130    
       456  0.57443345    
       480  0.57583433    
       504  0.57727367    
       528  0.57875133    
       552  0.58026689    
       576  0.58181983    
       600  0.58340931    
       624  0.58503425    
       648  0.58669376    
       672  0.58838654    
       696  0.59011137    
       720  0.59186685    
       744  0.59365147    
       768  0.59546369    
       792  0.59730220    
       816  0.59916526    
       840  0.60105127    
       864  0.60295910    
       888  0.60488635    
       912  0.60683227    
       936  0.60879517    
       960  0.61077315    
       984  0.61276501    
      1008  0.61476928    
      1032  0.61678451    
      1056  0.62160027    
      1080  0.62596905    
      1104  0.62993652    
      1128  0.63356841    
      1152  0.63692790    
      1176  0.64006829    
      1200  0.64303190    
      1224  0.64586687    
      1248  0.64858735    
      1272  0.65121120    
      1296  0.65375262    
      1320  0.65622318    
      1344  0.65863335    
      1368  0.66099137    
      1392  0.66330564    
      1416  0.66558260    
      1440  0.66782922    
      1464  0.67005122    
      1488  0.67225438    
      1512  0.67444426    
      1536  0.67662609    
      1560  0.67880511    
      1584  0.68098629    
      1608  0.68317497    
      1632  0.68471342    
      1656  0.68470770    
      1680  0.68478012    
      1704  0.68493372    
      1728  0.68517184    
      1752  0.68549871    
      1776  0.68591875    
      1800  0.68643725    
      1824  0.68706006    
      1848  0.68779349    
      1872  0.68864441    
      1896  0.68962055    
      1920  0.69073009    
      1944  0.69198608    
      1968  0.69340241    
      1992  0.69498700    
      2016  0.69674861    
      2040  0.69869739    
      2064  0.70084912    
      2088  0.70321351    
      2112  0.70580083    
      2136  0.70862210    
      2160  0.71168816    
      2184  0.71500969    
      2208  0.71859658    
      2232  0.72245771    
      2256  0.72660047    
      2280  0.73102981    
      2304  0.73574835    
      2328  0.74075550    
      2352  0.74604756    
      2376  0.75161630    
      2400  0.75744992    
      2424  0.76353151    
      2448  0.77423310    
      2472  0.78364646    
      2496  0.79228693    
      2520  0.80045193    
      2544  0.80831444    
      2568  0.81597221    
      2592  0.82347500    
      2616  0.83084244    
      2640  0.83807451    
      2664  0.84515971    
      2688  0.85207993    
      2712  0.85881406    
      2736  0.86534119    
      2760  0.87164187    
      2784  0.87769961    
      2808  0.88350707    
      2832  0.88905615    
      2856  0.89433843    
      2880  0.89935029    
      2904  0.90409231    
      2928  0.90856868    
      2952  0.91278601    
      2976  0.91961628    
      3000  0.92656189    
      3024  0.93554264    
      3048  0.94188708    
      3072  0.94669819    
      3096  0.95056665    
      3120  0.95382732    
      3144  0.95667648    
      3168  0.97635275    
      3192  0.98757452    
      3216  0.99468499    
      3240  0.99953389    
      3264   1.0030400    
      3288   1.0057062    
      3312   1.0078262    
      3336   1.0095800    
      3360   1.0110794    
      3384   1.0123965    
      3408   1.0135790    
      3432   1.0146589    
      3456   1.0156586    
      3480   1.0165933    
      3504   1.0174744    
      3528   1.0183103    
      3552   1.0191073    
      3576   1.0198708    
      3600   1.0206043    
      3624   1.0213114    
      3648   1.0219948    
      3672   1.0226569    
      3696   1.0232998    
      3720   1.0239251    
      3744   1.0245342    
      3768   1.0251287    
      3792   1.0257097    
      3816   1.0262783    
      3840   1.0268351    
      3864   1.0273812    
      3888   1.0279173    
      3912   1.0284441    
      3936   1.0289619    
      3960   1.0294714    
      3984   1.0299730    
      4008   1.0304673    
      4032   1.0309542    
      4056   1.0314345    
      4080   1.0319083    
      4104   1.0323756    
      4128   1.0328370    
      4152   1.0332925    
      4176   1.0337424    
      4200   1.0341868    
      4224   1.0346258    
      4248   1.0350596    
      4272   1.0354881    
      4296   1.0359119    
      4320   1.0363307    
      4344   1.0367446    
      4368   1.0371540    
      4392   1.0375586    
      4416   1.0379587    
      4440   1.0383545    
      4464   1.0387464    
      4488   1.0391355    
      4512   1.0395216    
      4536   1.0399041    
      4560   1.0402830    
      4584   1.0406581    
      4608   1.0410293    
      4632   1.0413967    
      4656   1.0417607    
      4680   1.0421207    
      4704   1.0424773    
      4728   1.0428303    
      4752   1.0431799    
      4776   1.0435262    
      4800   1.0438693    
      4824   1.0442092    
      4848   1.0445460    
      4872   1.0448799    
      4896   1.0452110    
      4920   1.0455391    
      4944   1.0458647    
      4968   1.0461878    
      4992   1.0465084    
      5016   1.0468267    
      5040   1.0471430    
      5064   1.0474569    
      5088   1.0477690    
      5112   1.0480791    
      5136   1.0483876    
      5160   1.0486945    
      5184   1.0489998    
      5208   1.0493039    
      5232   1.0496066    
      5256   1.0499084    
      5280   1.0502092    
      5304   1.0505091    
      5328   1.0508083    
      5352   1.0511082    
      5376   1.0508243    
      5400   1.0502797    
      5424   1.0415813    
      5448   1.0345211    
      5472   1.0300227    
      5496   1.0273297    
      5520   1.0257925    
      5544   1.0249556    
      5568   1.0245290    
      5592   1.0243378    
      5616   1.0242795    
      5640   1.0242945    
      5664   1.0243487    
      5688   1.0244224    
      5712   1.0245043    
      5736   1.0245882    
      5760   1.0246702    
      5784   1.0247484    
      5808   1.0248215    
      5832   1.0248891    
      5856   1.0249506    
      5880   1.0250068    
      5904   1.0214320    
      5928   1.0191610    
      5952   1.0177594    
      5976   1.0169121    
      6000   1.0164088    
      6024   1.0161177    
      6048   1.0159546    
      6072   1.0158671    
      6096   1.0158225    
      6120   1.0152302    
      6144   1.0137583    
      6168   1.0122501    
      6192   1.0107037    
      6216   1.0091171    
      6240   1.0074888    
      6264   1.0058175    
      6288   1.0041019    
      6312   1.0023403    
      6336   1.0005314    
      6360  0.99867398    
      6384  0.99676615    
      6408  0.99480665    
      6432  0.99279350    
      6456  0.99072504    
      6480  0.98859912    
      6504  0.98641384    
      6528  0.98416644    
      6552  0.98185492    
      6576  0.97947615    
      6600  0.97702760    
      6624  0.97111136    
      6648  0.96581322    
      6672  0.96101797    
      6696  0.95661795    
      6720  0.95251125    
      6744  0.94860065    
      6768  0.94479966    
      6792  0.94103628    
      6816  0.93725467    
      6840  0.93341345    
      6864  0.92948228    
      6888  0.92543894    
      6912  0.92126638    
      6936  0.91695076    
      6960  0.91247916    
      6984  0.90783972    
      7008  0.90302092    
      7032  0.89801049    
      7056  0.89279640    
      7080  0.88736659    
      7104  0.88170880    
      7128  0.87581176    
      7152  0.86966467    
      7176  0.86325747    
      7200  0.85658252    
      7224  0.84963381    
      7248  0.84240782    
      7272  0.83490396    
      7296  0.82712573    
      7320  0.81907994    
      7344  0.81077862    
      7368  0.80223781    
      7392  0.79347861    
      7416  0.78452682    
      7440  0.77541322    
      7464  0.76617229    
      7488  0.75684232    
      7512  0.74746454    
      7536  0.73808247    
      7560  0.72874010    
      7584  0.71948135    
      7608  0.71034932    
      7632  0.70138478    
      7656  0.69262499    
      7680  0.68410414    
      7704  0.67585129    
      7728  0.66789156    
      7752  0.66024452    
      7776  0.65292519    
      7800  0.64594352    
      7824  0.63930535    
      7848  0.63301235    
      7872  0.62706280    
      7896  0.62145180    
      7920  0.61617190    
      7944  0.61116439    
      7968  0.60646629    
      7992  0.60206622    
      8016  0.59795272    
      8040  0.59411305    
      8064  0.59053457    
      8088  0.58720398    
      8112  0.58410895    
      8136  0.58123630    
      8160  0.57857436    
      8184  0.57611144    
      8208  0.57383686    
      8232  0.57174015    
      8256  0.56981194    
      8280  0.56804305    
      8304  0.56642532    
      8328  0.56495088    
      8352  0.56361258    
      8376  0.56240338    
      8400  0.56131762    
      8424  0.56034887    
      8448  0.55949205    
      8472  0.55874187    
      8496  0.55809337    
      8520  0.55754244    
      8544  0.55708408    
      8568  0.55671483    
      8592  0.55643028    
      8616  0.55398458    
      8640  0.54902792    
      8664  0.54391372    
      8688  0.53866041    
      8712  0.53324980    
      8736  0.52766234    
