         1  0.54838473    
       288  0.55230278    
       576  0.55418861    
       864  0.55571055    
      1152  0.55714405    
      1440  0.55856788    
      1728  0.56016332    
      2016  0.56177801    
      2304  0.56341386    
      2592  0.56506944    
      2880  0.56674290    
      3168  0.56843305    
      3456  0.56510460    
      3744  0.53847224    
      4032  0.51087153    
      4320  0.48315287    
      4608  0.45619589    
      4896  0.43083534    
      5184  0.41146481    
      5472  0.39451945    
      5760  0.38011152    
      6048  0.36820132    
      6336  0.35862955    
      6624  0.35116261    
      6912  0.34986821    
      7200  0.34916946    
      7488  0.34938061    
      7776  0.34988761    
      8064  0.35062036    
      8352  0.35585183    
      8640  0.36012843    
      8928  0.36367109    
      9216  0.36663973    
      9504  0.36915398    
      9792  0.37130222    
     10080  0.37779158    
     10368  0.38285950    
     10656  0.38685340    
     10944  0.39002886    
     11232  0.39257416    
     11520  0.39462999    
     11808  0.40031829    
     12096  0.40511587    
     12384  0.40881059    
     12672  0.41167665    
     12960  0.41391605    
     13248  0.41951671    
     13536  0.42377138    
     13824  0.42744729    
     14112  0.43027046    
     14400  0.43245631    
     14688  0.43416491    
     14976  0.43551651    
     15264  0.44067535    
     15552  0.44457951    
     15840  0.44756597    
     16128  0.44987795    
     16416  0.45169356    
     16704  0.45357406    
     16992  0.45853892    
     17280  0.46231812    
     17568  0.46524045    
     17856  0.46754032    
     18144  0.46979743    
     18432  0.47162175    
     18720  0.47313589    
     19008  0.47771770    
     19296  0.48166794    
     19584  0.48477325    
     19872  0.48727402    
     20160  0.48934546    
     20448  0.49152118    
     20736  0.49338195    
     21024  0.49812505    
     21312  0.50188494    
     21600  0.50533926    
     21888  0.50820255    
     22176  0.51065665    
     22464  0.51283401    
     22752  0.51523226    
     23040  0.56488651    
     23328  0.61965549    
     23616  0.64811903    
     23904  0.66588306    
     24192  0.67793965    
     24480  0.68679130    
     24768  0.69372529    
     25056  0.69969559    
     25344  0.70486641    
     25632  0.71068197    
     25920  0.71591699    
     26208  0.72101945    
     26496  0.72591084    
     26784  0.73073095    
     27072  0.73557925    
     27360  0.74052680    
     27648  0.74582851    
     27936  0.75248837    
     28224  0.75898635    
     28512  0.76543552    
     28800  0.77211154    
     29088  0.77879876    
     29376  0.78553128    
     29664  0.79232150    
     29952  0.79938769    
     30240  0.80770266    
     30528  0.81559020    
     30816  0.82313854    
     31104  0.83040571    
     31392  0.83765674    
     31680  0.84460527    
     31968  0.85127157    
     32256  0.85766357    
     32544  0.86549789    
     32832  0.87255037    
     33120  0.87897140    
     33408  0.88486320    
     33696  0.89029479    
     33984  0.89559519    
     34272  0.90042931    
     34560  0.90485334    
     34848  0.91049629    
     35136  0.91528755    
     35424  0.91943485    
     35712  0.92336982    
     36000  0.92679167    
     36288  0.92980480    
     36576  0.93248278    
     36864  0.93487936    
     37152  0.93865460    
     37440  0.94195175    
     37728  0.94459462    
     38016  0.94677734    
     38304  0.94862533    
     38592  0.95022124    
     38880  0.95162112    
     39168  0.95286387    
     39456  0.95555454    
     39744  0.95786327    
     40032  0.95961255    
     40320  0.96099794    
     40608  0.96213901    
     40896  0.96311134    
     41184  0.96396339    
     41472  0.96472657    
     41760  0.96691835    
     42048  0.96850055    
     42336  0.96971053    
     42624  0.97068685    
     42912  0.97151256    
     43200  0.97253251    
     43488  0.97336531    
     43776  0.97407836    
     44064  0.97611380    
     44352  0.97756809    
     44640  0.97867745    
     44928  0.97957492    
     45216  0.98033845    
     45504  0.98101455    
     45792  0.98163086    
     46080  0.98220444    
     46368  0.98274565    
     46656  0.98326164    
     46944  0.98375702    
     47232  0.98554081    
     47520  0.98681492    
     47808  0.98779058    
     48096  0.98858517    
     48384  0.98926508    
     48672  0.98986965    
     48960  0.99042189    
     49248  0.99093568    
     49536  0.99141979    
     49824  0.99187988    
     50112  0.99231982    
     50400  0.99248362    
     50688  0.99273896    
     50976  0.99304241    
     51264  0.99336928    
     51552  0.99370527    
     51840  0.99404269    
     52128  0.99437714    
     52416  0.99470645    
     52704  0.99502939    
     52992  0.99534571    
     53280  0.99565518    
     53568  0.99595791    
     53856  0.99625409    
     54144  0.99629211    
     54432  0.99642974    
     54720  0.99662185    
     55008  0.99684286    
     55296  0.99707794    
     55584  0.99731928    
     55872  0.99756223    
     56160  0.99780422    
     56448  0.99804389    
     56736  0.99828094    
     57024  0.99827421    
     57312  0.99836624    
     57600  0.99726415    
     57888  0.99663198    
     58176  0.99627513    
     58464  0.99608248    
     58752  0.99599075    
     59040  0.99596357    
     59328  0.99573165    
     59616  0.99563533    
     59904  0.99562126    
     60192  0.99434465    
     60480  0.99355733    
     60768  0.99306160    
     61056  0.99274421    
     61344  0.99254090    
     61632  0.99241477    
     61920  0.99209219    
     62208  0.99052817    
     62496  0.98953044    
     62784  0.98887372    
     63072  0.98842895    
     63360  0.98812252    
     63648  0.98791206    
     63936  0.98631477    
     64224  0.98498893    
     64512  0.98410887    
     64800  0.98350656    
     65088  0.98308533    
     65376  0.98278886    
     65664  0.98103482    
     65952  0.97986329    
     66240  0.97905213    
     66528  0.97819895    
     66816  0.97762269    
     67104  0.97558498    
     67392  0.97420985    
     67680  0.97324866    
     67968  0.97255820    
     68256  0.97033262    
     68544  0.96879905    
     68832  0.96770424    
     69120  0.96660709    
     69408  0.96401215    
     69696  0.96222222    
     69984  0.96094441    
     70272  0.96000826    
     70560  0.95931274    
     70848  0.95686865    
     71136  0.95517439    
     71424  0.95396292    
     71712  0.95276612    
     72000  0.94945073    
     72288  0.94714540    
     72576  0.94548893    
     72864  0.94426835    
     73152  0.94335729    
     73440  0.94050509    
     73728  0.93850273    
     74016  0.93705785    
     74304  0.93599755    
     74592  0.93258089    
     74880  0.93020558    
     75168  0.92851037    
     75456  0.92486715    
     75744  0.92227113    
     76032  0.92036819    
     76320  0.91894418    
     76608  0.91533279    
     76896  0.91273808    
     77184  0.91043842    
     77472  0.90876234    
     77760  0.90483242    
     78048  0.90200597    
     78336  0.89991432    
     78624  0.89833105    
     78912  0.89429420    
     79200  0.89134896    
     79488  0.88913298    
     79776  0.88701516    
     80064  0.88243967    
     80352  0.87907600    
     80640  0.87651825    
     80928  0.87450892    
     81216  0.86977720    
     81504  0.86620080    
     81792  0.86339229    
     82080  0.86066902    
     82368  0.85846829    
     82656  0.85335535    
     82944  0.84938818    
     83232  0.84617132    
     83520  0.84344548    
     83808  0.83767825    
     84096  0.83257985    
     84384  0.82837856    
     84672  0.82475382    
     84960  0.82148957    
     85248  0.81497514    
     85536  0.80952138    
     85824  0.80474329    
     86112  0.79992592    
     86400  0.79550964    
     86688  0.78781301    
     86976  0.78116745    
     87264  0.77519232    
     87552  0.76963043    
     87840  0.76387060    
     88128  0.75839317    
     88416  0.74965203    
     88704  0.74189347    
     88992  0.73479438    
     89280  0.72813964    
     89568  0.72137219    
     89856  0.71496081    
     90144  0.70881206    
     90432  0.69970912    
     90720  0.69158238    
     91008  0.68418723    
     91296  0.67697048    
     91584  0.67032856    
     91872  0.66415703    
     92160  0.65838385    
     92448  0.65296376    
     92736  0.64786553    
     93024  0.64273137    
     93312  0.63524121    
     93600  0.62867868    
     93888  0.62285537    
     94176  0.61762965    
     94464  0.61256504    
     94752  0.60798985    
     95040  0.60381752    
     95328  0.59997946    
     95616  0.59642285    
     95904  0.59310251    
     96192  0.58967757    
     96480  0.58648884    
     96768  0.58349228    
     97056  0.58065063    
     97344  0.57793218    
     97632  0.57530916    
     97920  0.57275569    
     98208  0.56995589    
     98496  0.56723928    
     98784  0.56457287    
     99072  0.56192935    
     99360  0.55928421    
     99648  0.55661678    
     99936  0.55390936    
    100224  0.55084682    
    100512  0.54776728    
    100800  0.54464900    
    101088  0.54147243    
    101376  0.53822231    
    101664  0.53488564    
    101952  0.53417158    
    102240  0.53290474    
    102528  0.53116721    
    102816  0.52902156    
    103104  0.52621138    
    103392  0.52313536    
    103680  0.51981366    
    103968  0.51626492    
    104256  0.51250583    
    104544  0.50855035    
    104832  0.50737530    
    105120  0.50553840    
    105408  0.50314295    
    105696  0.50027043    
    105984  0.49698827    
    106272  0.49335256    
    106560  0.48941225    
    106848  0.48836291    
    107136  0.48653811    
    107424  0.48407206    
    107712  0.48107234    
    108000  0.47762737    
    108288  0.47381085    
    108576  0.47300196    
    108864  0.47133535    
    109152  0.46897238    
    109440  0.46604067    
    109728  0.46264598    
    110016  0.45887464    
    110304  0.45828506    
    110592  0.45678657    
    110880  0.45456639    
    111168  0.45176846    
    111456  0.44851053    
    111744  0.44488779    
    112032  0.44462365    
    112320  0.44340929    
    112608  0.44183388    
    112896  0.43959492    
    113184  0.43684238    
    113472  0.43740088    
    113760  0.43687281    
    114048  0.43550986    
    114336  0.43349838    
    114624  0.43099135    
    114912  0.42810515    
    115200  0.42915061    
    115488  0.42906234    
    115776  0.42811188    
    116064  0.42650783    
    116352  0.42441103    
    116640  0.42194572    
    116928  0.42309278    
    117216  0.42356411    
    117504  0.42313021    
    117792  0.42202058    
    118080  0.42040816    
    118368  0.42230910    
    118656  0.42302504    
    118944  0.42326665    
    119232  0.42275679    
    119520  0.42169556    
    119808  0.42023215    
    120096  0.41848409    
    120384  0.42084950    
    120672  0.42202100    
    120960  0.42231858    
    121248  0.42197946    
    121536  0.42118171    
    121824  0.42048636    
    122112  0.42330584    
    122400  0.42491236    
    122688  0.42564681    
    122976  0.42574936    
    123264  0.42581835    
    123552  0.42546299    
    123840  0.42481413    
    124128  0.42778036    
    124416  0.43003535    
    124704  0.43137369    
    124992  0.43206286    
    125280  0.43229386    
    125568  0.43263721    
    125856  0.43265635    
    126144  0.43619296    
    126432  0.43859512    
    126720  0.44060785    
    127008  0.44194442    
    127296  0.44281280    
    127584  0.44336882    
    127872  0.44415990    
    128160  0.44471097    
    128448  0.44879380    
    128736  0.45179114    
    129024  0.45446008    
    129312  0.45650083    
    129600  0.45812076    
    129888  0.45947215    
    130176  0.46111804    
    130464  0.46256196    
    130752  0.46720219    
    131040  0.47087330    
    131328  0.47433913    
    131616  0.47725162    
    131904  0.47980979    
    132192  0.48215330    
    132480  0.48438352    
    132768  0.48706037    
    133056  0.49346390    
    133344  0.49866772    
    133632  0.50305814    
    133920  0.50739259    
    134208  0.51121491    
    134496  0.51469022    
    134784  0.51792806    
    135072  0.52154934    
    135360  0.52910823    
    135648  0.53513902    
    135936  0.54010910    
    136224  0.54432511    
    136512  0.54856068    
    136800  0.55220008    
    137088  0.55539685    
    137376  0.55825198    
    137664  0.56612152    
    137952  0.57192951    
    138240  0.57633477    
    138528  0.57976961    
    138816  0.58251601    
    139104  0.58541322    
    139392  0.58768076    
    139680  0.58948797    
    139968  0.59587294    
    140256  0.60012442    
    140544  0.60298103    
    140832  0.60558218    
    141120  0.60727501    
    141408  0.60835201    
    141696  0.60899186    
    141984  0.60930264    
    142272  0.61426526    
    142560  0.61769754    
    142848  0.61944175    
    143136  0.62012452    
    143424  0.62011105    
    143712  0.61961007    
    144000  0.61873502    
    144288  0.61754364    
    144576  0.62077081    
    144864  0.62240636    
    145152  0.62231535    
    145440  0.62114722    
    145728  0.61924171    
    146016  0.61680001    
    146304  0.61424428    
    146592  0.61227036    
    146880  0.61565411    
    147168  0.61814922    
    147456  0.62060219    
    147744  0.62334186    
    148032  0.62645280    
    148320  0.63057905    
    148608  0.63459843    
    148896  0.63867396    
    149184  0.64692259    
    149472  0.65355635    
    149760  0.65944505    
    150048  0.66493219    
    150336  0.67015129    
    150624  0.67515177    
    150912  0.67995840    
    151200  0.68459409    
    151488  0.68907046    
    151776  0.69339877    
    152064  0.69759005    
    152352  0.70522422    
    152640  0.71129519    
    152928  0.71658963    
    153216  0.72141510    
    153504  0.72589600    
    153792  0.73009419    
    154080  0.73404849    
    154368  0.73778397    
    154656  0.74132389    
    154944  0.74468988    
    155232  0.74790299    
    155520  0.75041330    
    155808  0.75313878    
    156096  0.75587672    
    156384  0.75855458    
    156672  0.76114762    
    156960  0.76364928    
    157248  0.76606035    
    157536  0.76838487    
    157824  0.77062815    
    158112  0.77279139    
    158400  0.77487576    
    158688  0.77688289    
    158976  0.77881461    
    159264  0.78014022    
    159552  0.78171456    
    159840  0.78333843    
    160128  0.78493613    
    160416  0.78648227    
    160704  0.78796905    
    160992  0.78939772    
    161280  0.79076856    
    161568  0.79208380    
    161856  0.79334480    
    162144  0.79405063    
    162432  0.79500705    
    162720  0.79302430    
    163008  0.79215568    
    163296  0.79180205    
    163584  0.79173458    
    163872  0.79186279    
    164160  0.79214287    
    164448  0.79203469    
    164736  0.79232824    
    165024  0.79281598    
    165312  0.79028034    
    165600  0.78896374    
    165888  0.78826064    
    166176  0.78792566    
    166464  0.78785318    
    166752  0.78798735    
    167040  0.78777379    
    167328  0.78473234    
    167616  0.78312141    
    167904  0.78224713    
    168192  0.78181803    
    168480  0.78170300    
    168768  0.78183222    
    169056  0.77877575    
    169344  0.77657712    
    169632  0.77545714    
    169920  0.77494121    
    170208  0.77481645    
    170496  0.77497452    
    170784  0.77181083    
    171072  0.77012771    
    171360  0.76926100    
    171648  0.76836711    
    171936  0.76814580    
    172224  0.76462847    
    172512  0.76274037    
    172800  0.76176447    
    173088  0.76136017    
    173376  0.75754577    
    173664  0.75544184    
    173952  0.75432622    
    174240  0.75328344    
    174528  0.74902135    
    174816  0.74669379    
    175104  0.74547344    
    175392  0.74495071    
    175680  0.74490672    
    175968  0.74109924    
    176256  0.73907804    
    176544  0.73809725    
    176832  0.73720449    
    177120  0.73184562    
    177408  0.72884482    
    177696  0.72721893    
    177984  0.72645289    
    178272  0.72626776    
    178560  0.72204989    
    178848  0.71977097    
    179136  0.71865010    
    179424  0.71826637    
    179712  0.71317852    
    180000  0.71043116    
    180288  0.70905656    
    180576  0.70376360    
    180864  0.70075029    
    181152  0.69912308    
    181440  0.69838208    
    181728  0.69332474    
    182016  0.69045877    
    182304  0.68830079    
    182592  0.68732518    
    182880  0.68197054    
    183168  0.67891866    
    183456  0.67727625    
    183744  0.67652124    
    184032  0.67109823    
    184320  0.66793996    
    184608  0.66618401    
    184896  0.66467273    
    185184  0.65861899    
    185472  0.65503317    
    185760  0.65296894    
    186048  0.65185499    
    186336  0.64576745    
    186624  0.64202797    
    186912  0.63975704    
    187200  0.63775253    
    187488  0.63664877    
    187776  0.63033646    
    188064  0.62632966    
    188352  0.62376338    
    188640  0.62208688    
    188928  0.61512309    
    189216  0.60980010    
    189504  0.60624760    
    189792  0.60377640    
    190080  0.60194600    
    190368  0.59457314    
    190656  0.58939791    
    190944  0.58560801    
    191232  0.58201462    
    191520  0.57920432    
    191808  0.57092810    
    192096  0.56483912    
    192384  0.56014162    
    192672  0.55629879    
    192960  0.55233443    
    193248  0.54890162    
    193536  0.54006672    
    193824  0.53322530    
    194112  0.52769083    
    194400  0.52299351    
    194688  0.51823580    
    194976  0.51403087    
    195264  0.51017582    
    195552  0.50130290    
    195840  0.49421680    
    196128  0.48838672    
    196416  0.48288721    
    196704  0.47820455    
    196992  0.47410145    
    197280  0.47042087    
    197568  0.46705833    
    197856  0.46394750    
    198144  0.46057123    
    198432  0.45296001    
    198720  0.44686624    
    199008  0.44191226    
    199296  0.43780297    
    199584  0.43384692    
    199872  0.43048701    
    200160  0.42756242    
    200448  0.42495865    
    200736  0.42259035    
    201024  0.42039511    
    201312  0.41789317    
    201600  0.41559747    
    201888  0.41344929    
    202176  0.41140556    
    202464  0.40943199    
    202752  0.40750092    
    203040  0.40559107    
    203328  0.40327102    
    203616  0.40103894    
    203904  0.39885795    
    204192  0.39669970    
    204480  0.39454216    
    204768  0.39236888    
    205056  0.39016622    
    205344  0.38750648    
    205632  0.38488579    
    205920  0.38227534    
    206208  0.37965575    
    206496  0.37700909    
    206784  0.37432081    
    207072  0.37585750    
    207360  0.37640309    
    207648  0.37615976    
    207936  0.37528631    
    208224  0.37349799    
    208512  0.37137532    
    208800  0.36897263    
    209088  0.36633477    
    209376  0.36349776    
    209664  0.36048639    
    209952  0.36172256    
    210240  0.36188498    
    210528  0.36119333    
    210816  0.35981679    
    211104  0.35789016    
    211392  0.35551861    
    211680  0.35278374    
    211968  0.35422745    
    212256  0.35446697    
    212544  0.35375455    
    212832  0.35228932    
    213120  0.35022542    
    213408  0.34768456    
    213696  0.34929517    
    213984  0.34960860    
    214272  0.34891328    
    214560  0.34742510    
    214848  0.34531316    
    215136  0.34271014    
    215424  0.34432030    
    215712  0.34460819    
    216000  0.34386784    
    216288  0.34233546    
    216576  0.34018654    
    216864  0.33755526    
    217152  0.33922574    
    217440  0.33955127    
    217728  0.33926785    
    218016  0.33810404    
    218304  0.33626685    
    218592  0.33858123    
    218880  0.33941507    
    219168  0.33913243    
    219456  0.33800569    
    219744  0.33623642    
    220032  0.33397833    
    220320  0.33649516    
    220608  0.33752078    
    220896  0.33743587    
    221184  0.33651742    
    221472  0.33497575    
    221760  0.33297512    
    222048  0.33535829    
    222336  0.33676368    
    222624  0.33703336    
    222912  0.33646193    
    223200  0.33527258    
    223488  0.33831146    
    223776  0.33985281    
    224064  0.34071425    
    224352  0.34066659    
    224640  0.33995360    
    224928  0.33876029    
    225216  0.33722085    
    225504  0.34052885    
    225792  0.34236488    
    226080  0.34313804    
    226368  0.34314314    
    226656  0.34259322    
    226944  0.34209672    
    227232  0.34578460    
    227520  0.34799486    
    227808  0.34914929    
    228096  0.34954494    
    228384  0.34983495    
    228672  0.34963253    
    228960  0.34908780    
    229248  0.35281986    
    229536  0.35560846    
    229824  0.35730621    
    230112  0.35823277    
    230400  0.35862011    
    230688  0.35908166    
    230976  0.35916832    
    231264  0.36340252    
    231552  0.36626107    
    231840  0.36858672    
    232128  0.37011638    
    232416  0.37109283    
    232704  0.37169078    
    232992  0.37250158    
    233280  0.37303418    
    233568  0.37771636    
    233856  0.38107353    
    234144  0.38396114    
    234432  0.38609540    
    234720  0.38772142    
    235008  0.38901347    
    235296  0.39056835    
    235584  0.39186791    
    235872  0.39689323    
    236160  0.40073141    
    236448  0.40423617    
    236736  0.40706554    
    237024  0.40944895    
    237312  0.41154784    
    237600  0.41347978    
    237888  0.41583657    
    238176  0.42253757    
    238464  0.42777774    
    238752  0.43203020    
    239040  0.43613014    
    239328  0.43962535    
    239616  0.44270575    
    239904  0.44550052    
    240192  0.44868129    
    240480  0.45648482    
    240768  0.46250635    
    241056  0.46731272    
    241344  0.47127444    
    241632  0.47523555    
    241920  0.47857717    
    242208  0.48147696    
    242496  0.48405278    
    242784  0.49248603    
    243072  0.49862438    
    243360  0.50324529    
    243648  0.50684375    
    243936  0.50975418    
    244224  0.51288515    
    244512  0.51543736    
    244800  0.51759583    
    245088  0.52522683    
    245376  0.53051043    
    245664  0.53431541    
    245952  0.53788936    
    246240  0.54058969    
    246528  0.54273671    
    246816  0.54452986    
    247104  0.54609627    
    247392  0.55327636    
    247680  0.55880064    
    247968  0.56259078    
    248256  0.56532758    
    248544  0.56742257    
    248832  0.56912655    
    249120  0.57059300    
    249408  0.57191664    
    249696  0.57871354    
    249984  0.58392137    
    250272  0.58744866    
    250560  0.58997899    
    250848  0.59191561    
    251136  0.59349978    
    251424  0.59487534    
    251712  0.59612882    
    252000  0.60258085    
    252288  0.60680175    
    252576  0.60971320    
    252864  0.61185282    
    253152  0.61353660    
    253440  0.61570770    
    253728  0.61741108    
    254016  0.61883807    
    254304  0.62505084    
    254592  0.62908322    
    254880  0.63184512    
    255168  0.63385737    
    255456  0.63542569    
    255744  0.63672906    
    256032  0.63787061    
    256320  0.63890958    
    256608  0.63987863    
    256896  0.64079505    
    257184  0.64166576    
    257472  0.64713490    
    257760  0.65057421    
    258048  0.65282291    
    258336  0.65436369    
    258624  0.65547806    
    258912  0.65632182    
    259200  0.65698278    
    259488  0.65750879    
    259776  0.65792149    
    260064  0.65823019    
    260352  0.65843719    
    260640  0.65783727    
    260928  0.65744841    
    261216  0.65712434    
    261504  0.65677792    
    261792  0.65635800    
    262080  0.65583420    
    262368  0.65518898    
    262656  0.65441215    
    262944  0.65349507    
    263232  0.65243316    
    263520  0.65122396    
    263808  0.64986688    
    264096  0.64836329    
    264384  0.64605647    
    264672  0.64397097    
    264960  0.64186329    
    265248  0.63961679    
    265536  0.63724416    
    265824  0.63484037    
    266112  0.63331878    
    266400  0.63372999    
    266688  0.63567752    
    266976  0.63858747    
    267264  0.64146435    
    267552  0.64509135    
    267840  0.64496988    
    268128  0.64684254    
    268416  0.64965016    
    268704  0.65289760    
    268992  0.65635502    
    269280  0.65989524    
    269568  0.66282642    
    269856  0.66611660    
    270144  0.66947645    
    270432  0.66875392    
    270720  0.66971582    
    271008  0.67145067    
    271296  0.67355472    
    271584  0.67584306    
    271872  0.67822725    
    272160  0.68004990    
    272448  0.67816776    
    272736  0.67815924    
    273024  0.67904282    
    273312  0.68038023    
    273600  0.68197018    
    273888  0.68371224    
    274176  0.68139422    
    274464  0.68026197    
    274752  0.68044353    
    275040  0.68127275    
    275328  0.68244761    
    275616  0.68382418    
    275904  0.68105716    
    276192  0.68017107    
    276480  0.68026787    
    276768  0.68030572    
    277056  0.68104696    
    277344  0.67773193    
    277632  0.67646074    
    277920  0.67627901    
    278208  0.67671388    
    278496  0.67299753    
    278784  0.67141598    
    279072  0.67100805    
    279360  0.67066163    
    279648  0.66641909    
    279936  0.66454881    
    280224  0.66397476    
    280512  0.66414136    
    280800  0.66475773    
    281088  0.66085100    
    281376  0.65913254    
    281664  0.65864259    
    281952  0.65824389    
    282240  0.65253735    
    282528  0.64974123    
    282816  0.64858782    
    283104  0.64838636    
    283392  0.64876497    
    283680  0.64436144    
    283968  0.64230239    
    284256  0.64159685    
    284544  0.64168835    
    284832  0.63631350    
    285120  0.63374990    
    285408  0.63278645    
    285696  0.62726742    
    285984  0.62449366    
    286272  0.62333089    
    286560  0.62312150    
    286848  0.61787647    
    287136  0.61524069    
    287424  0.61347353    
    287712  0.61299473    
    288000  0.60742831    
    288288  0.60458958    
    288576  0.60337520    
    288864  0.60311961    
    289152  0.59748101    
    289440  0.59452504    
    289728  0.59318811    
    290016  0.59213626    
    290304  0.58586353    
    290592  0.58249092    
    290880  0.58086646    
    291168  0.58027637    
    291456  0.57400632    
    291744  0.57049811    
    292032  0.56868213    
    292320  0.56718189    
    292608  0.56660026    
    292896  0.56006628    
    293184  0.55620933    
    293472  0.55399227    
    293760  0.55273837    
    294048  0.54550445    
    294336  0.54026908    
    294624  0.53704220    
    294912  0.53499705    
    295200  0.53361470    
    295488  0.52597260    
    295776  0.52090114    
    296064  0.51743501    
    296352  0.51425284    
    296640  0.51191294    
    296928  0.50342840    
    297216  0.49751475    
    297504  0.49323279    
    297792  0.48993644    
    298080  0.48656377    
    298368  0.48377341    
    298656  0.47494096    
    298944  0.46848449    
    299232  0.46360037    
    299520  0.45971984    
    299808  0.45585608    
    300096  0.45260701    
    300384  0.44973487    
    300672  0.44123086    
    300960  0.43480939    
    301248  0.42983785    
    301536  0.42528090    
    301824  0.42158580    
    302112  0.41846842    
    302400  0.41574758    
    302688  0.41330507    
    302976  0.41106620    
    303264  0.40850246    
    303552  0.40111354    
    303840  0.39539939    
    304128  0.39092323    
    304416  0.38734218    
    304704  0.38391542    
    304992  0.38108298    
    305280  0.37867236    
    305568  0.37655976    
    305856  0.37465915    
    306144  0.37290624    
    306432  0.37080711    
    306720  0.36888900    
    307008  0.36709470    
    307296  0.36537990    
    307584  0.36371088    
    307872  0.36206234    
    308160  0.36041260    
    308448  0.35832050    
    308736  0.35629734    
    309024  0.35430801    
    309312  0.35232362    
    309600  0.35032299    
    309888  0.34828901    
    310176  0.34621009    
    310464  0.34365216    
    310752  0.34112260    
    311040  0.33859372    
    311328  0.33604291    
    311616  0.33345506    
    311904  0.33081847    
    312192  0.33280417    
    312480  0.33366850    
    312768  0.33365417    
    313056  0.33293760    
    313344  0.33125183    
    313632  0.32919899    
    313920  0.32684243    
    314208  0.32422879    
    314496  0.32139537    
    314784  0.31837690    
    315072  0.31998086    
