       288  0.70051253    
       576  0.70309544    
       864  0.70520276    
      1152  0.70718479    
      1440  0.70914245    
      1728  0.71130681    
      2016  0.71348536    
      2304  0.71568125    
      2592  0.71789336    
      2880  0.72011995    
      3168  0.72236001    
      3456  0.72479331    
      3744  0.72725248    
      4032  0.72977054    
      4320  0.73236656    
      4608  0.73505157    
      4896  0.73782963    
      5184  0.74085212    
      5472  0.74393952    
      5760  0.74708235    
      6048  0.75027096    
      6336  0.75349492    
      6624  0.75674510    
      6912  0.76013434    
      7200  0.76351446    
      7488  0.76688319    
      7776  0.77023888    
      8064  0.77358007    
      8352  0.77700567    
      8640  0.78039974    
      8928  0.78376520    
      9216  0.78710377    
      9504  0.79041696    
      9792  0.79370487    
     10080  0.79704881    
     10368  0.80035532    
     10656  0.80362701    
     10944  0.80686545    
     11232  0.81007165    
     11520  0.81324589    
     11808  0.81645572    
     12096  0.81962413    
     12384  0.82275206    
     12672  0.82584071    
     12960  0.82889044    
     13248  0.83196086    
     13536  0.83498514    
     13824  0.83796424    
     14112  0.84089869    
     14400  0.84378892    
     14688  0.84663498    
     14976  0.84943670    
     15264  0.85224509    
     15552  0.85500264    
     15840  0.85771018    
     16128  0.86036867    
     16416  0.86297804    
     16704  0.86553872    
     16992  0.86809641    
     17280  0.87060028    
     17568  0.87305152    
     17856  0.87545103    
     18144  0.87779868    
     18432  0.88009471    
     18720  0.88233960    
     19008  0.88457632    
     19296  0.88675821    
     19584  0.88888621    
     19872  0.89096129    
     20160  0.89298415    
     20448  0.89495516    
     20736  0.89687431    
     21024  0.89878321    
     21312  0.90063810    
     21600  0.90244013    
     21888  0.90418994    
     22176  0.90588832    
     22464  0.90753591    
     22752  0.90913302    
     23040  0.91065943    
     23328  0.91212016    
     23616  0.91349375    
     23904  0.91479576    
     24192  0.91603136    
     24480  0.91720253    
     24768  0.91830957    
     25056  0.91935205    
     25344  0.92032820    
     25632  0.92128551    
     25920  0.92217588    
     26208  0.92299724    
     26496  0.92374653    
     26784  0.92442030    
     27072  0.92501450    
     27360  0.92552423    
     27648  0.92594397    
     27936  0.92634904    
     28224  0.92665768    
     28512  0.92686248    
     28800  0.92695433    
     29088  0.92692256    
     29376  0.92675465    
     29664  0.92643678    
     29952  0.92596823    
     30240  0.92607397    
     30528  0.92663145    
     30816  0.92726958    
     31104  0.92794740    
     31392  0.92863953    
     31680  0.92933106    
     31968  0.93001205    
     32256  0.93067724    
     32544  0.93144304    
     32832  0.93214846    
     33120  0.93280876    
     33408  0.93343383    
     33696  0.93403012    
     33984  0.93460310    
     34272  0.93515646    
     34560  0.93569100    
     34848  0.93632257    
     35136  0.93689311    
     35424  0.93742156    
     35712  0.93791932    
     36000  0.93839478    
     36288  0.93885052    
     36576  0.93928862    
     36864  0.93971092    
     37152  0.94022804    
     37440  0.94068807    
     37728  0.94111162    
     38016  0.94150776    
     38304  0.94188261    
     38592  0.94224000    
     38880  0.94258231    
     39168  0.94291127    
     39456  0.94332999    
     39744  0.94369495    
     40032  0.94402629    
     40320  0.94433296    
     40608  0.94462037    
     40896  0.94489193    
     41184  0.94514972    
     41472  0.94539517    
     41760  0.94572377    
     42048  0.94600052    
     42336  0.94624442    
     42624  0.94646591    
     42912  0.94667065    
     43200  0.94686300    
     43488  0.94704551    
     43776  0.94721782    
     44064  0.94746852    
     44352  0.94767100    
     44640  0.94784409    
     44928  0.94799781    
     45216  0.94813758    
     45504  0.94826639    
     45792  0.94838601    
     46080  0.94849724    
     46368  0.94860083    
     46656  0.94869697    
     46944  0.94878608    
     47232  0.94895136    
     47520  0.94907200    
     47808  0.94916654    
     48096  0.94924426    
     48384  0.94930983    
     48672  0.94936585    
     48960  0.94941348    
     49248  0.94945335    
     49536  0.94948590    
     49824  0.94951123    
     50112  0.94952947    
     50400  0.94953978    
     50688  0.94954157    
     50976  0.94953638    
     51264  0.94952452    
     51552  0.94950598    
     51840  0.94948059    
     52128  0.94944823    
     52416  0.94940865    
     52704  0.94936186    
     52992  0.94930774    
     53280  0.94924611    
     53568  0.94917685    
     53856  0.94909990    
     54144  0.94901431    
     54432  0.94891930    
     54720  0.94881630    
     55008  0.94870555    
     55296  0.94858682    
     55584  0.94846004    
     55872  0.94832474    
     56160  0.94818074    
     56448  0.94802785    
     56736  0.94786584    
     57024  0.94769400    
     57312  0.94751114    
     57600  0.94723135    
     57888  0.94698215    
     58176  0.94674277    
     58464  0.94650340    
     58752  0.94625866    
     59040  0.94600612    
     59328  0.94574338    
     59616  0.94546890    
     59904  0.94518358    
     60192  0.94479358    
     60480  0.94443464    
     60768  0.94408500    
     61056  0.94373369    
     61344  0.94337523    
     61632  0.94300675    
     61920  0.94262594    
     62208  0.94213039    
     62496  0.94166601    
     62784  0.94121033    
     63072  0.94075221    
     63360  0.94028556    
     63648  0.93980694    
     63936  0.93920749    
     64224  0.93863845    
     64512  0.93807620    
     64800  0.93750995    
     65088  0.93693376    
     65376  0.93634403    
     65664  0.93562329    
     65952  0.93493438    
     66240  0.93425298    
     66528  0.93356597    
     66816  0.93286514    
     67104  0.93202490    
     67392  0.93121755    
     67680  0.93041843    
     67968  0.92961371    
     68256  0.92866522    
     68544  0.92775208    
     68832  0.92684770    
     69120  0.92593724    
     69408  0.92487192    
     69696  0.92384285    
     69984  0.92282349    
     70272  0.92179841    
     70560  0.92075914    
     70848  0.91955155    
     71136  0.91837823    
     71424  0.91721290    
     71712  0.91604012    
     72000  0.91465175    
     72288  0.91331536    
     72576  0.91199774    
     72864  0.91067898    
     73152  0.90934753    
     73440  0.90782630    
     73728  0.90634185    
     74016  0.90486729    
     74304  0.90338612    
     74592  0.90170777    
     74880  0.90006834    
     75168  0.89844120    
     75456  0.89661956    
     75744  0.89484739    
     76032  0.89309388    
     76320  0.89133984    
     76608  0.88937265    
     76896  0.88745147    
     77184  0.88554716    
     77472  0.88364083    
     77760  0.88150930    
     78048  0.87942630    
     78336  0.87736380    
     78624  0.87530369    
     78912  0.87301040    
     79200  0.87076908    
     79488  0.86855167    
     79776  0.86633980    
     80064  0.86388457    
     80352  0.86148512    
     80640  0.85911453    
     80928  0.85675454    
     81216  0.85414743    
     81504  0.85160118    
     81792  0.84908968    
     82080  0.84659404    
     82368  0.84410137    
     82656  0.84134656    
     82944  0.83865356    
     83232  0.83599889    
     83520  0.83336604    
     83808  0.83047819    
     84096  0.82766253    
     84384  0.82489532    
     84672  0.82216012    
     84960  0.81944561    
     85248  0.81647003    
     85536  0.81357074    
     85824  0.81072730    
     86112  0.80792457    
     86400  0.80515146    
     86688  0.80212283    
     86976  0.79917824    
     87264  0.79629964    
     87552  0.79347366    
     87840  0.79069054    
     88128  0.78794378    
     88416  0.78495193    
     88704  0.78204846    
     88992  0.77921963    
     89280  0.77645493    
     89568  0.77374625    
     89856  0.77108854    
     90144  0.76847827    
     90432  0.76564753    
     90720  0.76290792    
     91008  0.76025182    
     91296  0.75767028    
     91584  0.75515890    
     91872  0.75271386    
     92160  0.75033271    
     92448  0.74801463    
     92736  0.74575973    
     93024  0.74356854    
     93312  0.74119937    
     93600  0.73892063    
     93888  0.73673135    
     94176  0.73462945    
     94464  0.73261273    
     94752  0.73068136    
     95040  0.72883505    
     95328  0.72707486    
     95616  0.72540164    
     95904  0.72381771    
     96192  0.72232479    
     96480  0.72092414    
     96768  0.71961653    
     97056  0.71840161    
     97344  0.71727931    
     97632  0.71624827    
     97920  0.71530783    
     98208  0.71445632    
     98496  0.71369326    
     98784  0.71301794    
     99072  0.71242952    
     99360  0.71192729    
     99648  0.71151078    
     99936  0.71117985    
    100224  0.71093291    
    100512  0.71077061    
    100800  0.71069264    
    101088  0.71069843    
    101376  0.71078777    
    101664  0.71096051    
    101952  0.71137321    
    102240  0.71185994    
    102528  0.71242118    
    102816  0.71305728    
    103104  0.71376801    
    103392  0.71455359    
    103680  0.71541405    
    103968  0.71634924    
    104256  0.71735895    
    104544  0.71844256    
    104832  0.71972823    
    105120  0.72107828    
    105408  0.72249293    
    105696  0.72397244    
    105984  0.72551656    
    106272  0.72712445    
    106560  0.72879624    
    106848  0.73064148    
    107136  0.73253995    
    107424  0.73449218    
    107712  0.73649740    
    108000  0.73855543    
    108288  0.74066556    
    108576  0.74292362    
    108864  0.74522299    
    109152  0.74756372    
    109440  0.74994564    
    109728  0.75236756    
    110016  0.75482881    
    110304  0.75741243    
    110592  0.76002419    
    110880  0.76266408    
    111168  0.76533127    
    111456  0.76802468    
    111744  0.77074349    
    112032  0.77355933    
    112320  0.77638948    
    112608  0.77923322    
    112896  0.78208923    
    113184  0.78495711    
    113472  0.78789979    
    113760  0.79084390    
    114048  0.79378915    
    114336  0.79673475    
    114624  0.79967976    
    114912  0.80262315    
    115200  0.80561906    
    115488  0.80860299    
    115776  0.81157446    
    116064  0.81453311    
    116352  0.81747824    
    116640  0.82040828    
    116928  0.82337087    
    117216  0.82630944    
    117504  0.82922399    
    117792  0.83211386    
    118080  0.83497846    
    118368  0.83785999    
    118656  0.84070885    
    118944  0.84352505    
    119232  0.84630829    
    119520  0.84905815    
    119808  0.85177433    
    120096  0.85445601    
    120384  0.85713905    
    120672  0.85978109    
    120960  0.86238253    
    121248  0.86494350    
    121536  0.86746401    
    121824  0.86994380    
    122112  0.87241447    
    122400  0.87483919    
    122688  0.87721908    
    122976  0.87955451    
    123264  0.88184565    
    123552  0.88409251    
    123840  0.88629508    
    124128  0.88848174    
    124416  0.89062041    
    124704  0.89271218    
    124992  0.89475781    
    125280  0.89675790    
    125568  0.89871311    
    125856  0.90062326    
    126144  0.90251374    
    126432  0.90435702    
    126720  0.90615433    
    127008  0.90790623    
    127296  0.90961385    
    127584  0.91127789    
    127872  0.91289884    
    128160  0.91447699    
    128448  0.91603535    
    128736  0.91754955    
    129024  0.91902077    
    129312  0.92044997    
    129600  0.92183793    
    129888  0.92318571    
    130176  0.92449379    
    130464  0.92576271    
    130752  0.92701167    
    131040  0.92822069    
    131328  0.92939079    
    131616  0.93052280    
    131904  0.93161768    
    132192  0.93267602    
    132480  0.93369871    
    132768  0.93468595    
    133056  0.93565989    
    133344  0.93659711    
    133632  0.93749881    
    133920  0.93836588    
    134208  0.93919885    
    134496  0.93999827    
    134784  0.94076461    
    135072  0.94149828    
    135360  0.94222367    
    135648  0.94291461    
    135936  0.94357210    
    136224  0.94419718    
    136512  0.94478989    
    136800  0.94535047    
    137088  0.94587916    
    137376  0.94637603    
    137664  0.94687092    
    137952  0.94733095    
    138240  0.94775730    
    138528  0.94815063    
    138816  0.94851106    
    139104  0.94883823    
    139392  0.94913137    
    139680  0.94939005    
    139968  0.94965357    
    140256  0.94987857    
    140544  0.95006609    
    140832  0.95021546    
    141120  0.95032591    
    141408  0.95039660    
    141696  0.95042628    
    141984  0.95041341    
    142272  0.95041287    
    142560  0.95036250    
    142848  0.95026219    
    143136  0.95011139    
    143424  0.94990849    
    143712  0.94965136    
    144000  0.94933712    
    144288  0.94896257    
    144576  0.94860941    
    144864  0.94818568    
    145152  0.94769096    
    145440  0.94712466    
    145728  0.94648737    
    146016  0.94582498    
    146304  0.94543409    
    146592  0.94528407    
    146880  0.94531101    
    147168  0.94535214    
    147456  0.94540447    
    147744  0.94546473    
    148032  0.94552988    
    148320  0.94559658    
    148608  0.94566357    
    148896  0.94573039    
    149184  0.94590724    
    149472  0.94605154    
    149760  0.94617224    
    150048  0.94627535    
    150336  0.94636518    
    150624  0.94644487    
    150912  0.94651634    
    151200  0.94658166    
    151488  0.94664174    
    151776  0.94669724    
    152064  0.94674850    
    152352  0.94690692    
    152640  0.94702959    
    152928  0.94712603    
    153216  0.94720268    
    153504  0.94726413    
    153792  0.94731373    
    154080  0.94735378    
    154368  0.94738561    
    154656  0.94741029    
    154944  0.94742823    
    155232  0.94744015    
    155520  0.94744629    
    155808  0.94744587    
    156096  0.94743919    
    156384  0.94742656    
    156672  0.94740808    
    156960  0.94738340    
    157248  0.94735259    
    157536  0.94731545    
    157824  0.94727206    
    158112  0.94722205    
    158400  0.94716555    
    158688  0.94710201    
    158976  0.94703156    
    159264  0.94695401    
    159552  0.94686836    
    159840  0.94677520    
    160128  0.94667441    
    160416  0.94656605    
    160704  0.94644988    
    160992  0.94632566    
    161280  0.94619328    
    161568  0.94605243    
    161856  0.94590294    
    162144  0.94574487    
    162432  0.94557685    
    162720  0.94528252    
    163008  0.94501382    
    163296  0.94476008    
    163584  0.94451356    
    163872  0.94426858    
    164160  0.94402122    
    164448  0.94376910    
    164736  0.94350904    
    165024  0.94324052    
    165312  0.94283885    
    165600  0.94246393    
    165888  0.94210416    
    166176  0.94175094    
    166464  0.94139796    
    166752  0.94104099    
    167040  0.94067723    
    167328  0.94017267    
    167616  0.93969589    
    167904  0.93923426    
    168192  0.93877852    
    168480  0.93832195    
    168768  0.93785959    
    169056  0.93725145    
    169344  0.93667179    
    169632  0.93610692    
    169920  0.93554699    
    170208  0.93498516    
    170496  0.93441594    
    170784  0.93369120    
    171072  0.93299508    
    171360  0.93231308    
    171648  0.93163550    
    171936  0.93095338    
    172224  0.93010962    
    172512  0.92929626    
    172800  0.92849839    
    173088  0.92770427    
    173376  0.92674661    
    173664  0.92582387    
    173952  0.92491901    
    174240  0.92401993    
    174528  0.92294914    
    174816  0.92191452    
    175104  0.92089880    
    175392  0.91988814    
    175680  0.91887301    
    175968  0.91767079    
    176256  0.91650081    
    176544  0.91534591    
    176832  0.91419435    
    177120  0.91280466    
    177408  0.91146368    
    177696  0.91014951    
    177984  0.90884566    
    178272  0.90754008    
    178560  0.90602970    
    178848  0.90455502    
    179136  0.90309715    
    179424  0.90164220    
    179712  0.89997768    
    180000  0.89835268    
    180288  0.89674705    
    180576  0.89493418    
    180864  0.89317048    
    181152  0.89143336    
    181440  0.88970608    
    181728  0.88775647    
    182016  0.88585252    
    182304  0.88397402    
    182592  0.88210458    
    182880  0.88000178    
    183168  0.87794620    
    183456  0.87591618    
    183744  0.87389588    
    184032  0.87163562    
    184320  0.86942512    
    184608  0.86724257    
    184896  0.86507386    
    185184  0.86266023    
    185472  0.86030006    
    185760  0.85797185    
    186048  0.85565966    
    186336  0.85309821    
    186624  0.85059422    
    186912  0.84812653    
    187200  0.84568131    
    187488  0.84324700    
    187776  0.84055400    
    188064  0.83791780    
    188352  0.83531988    
    188640  0.83274579    
    188928  0.82992131    
    189216  0.82716465    
    189504  0.82445794    
    189792  0.82178569    
    190080  0.81913710    
    190368  0.81623840    
    190656  0.81340915    
    190944  0.81063324    
    191232  0.80789983    
    191520  0.80520117    
    191808  0.80226481    
    192096  0.79940534    
    192384  0.79660857    
    192672  0.79386389    
    192960  0.79116505    
    193248  0.78850907    
    193536  0.78563648    
    193824  0.78284693    
    194112  0.78012985    
    194400  0.77747780    
    194688  0.77488762    
    194976  0.77235752    
    195264  0.76988667    
    195552  0.76724094    
    195840  0.76468945    
    196128  0.76222545    
    196416  0.75984496    
    196704  0.75754577    
    196992  0.75532401    
    197280  0.75317705    
    197568  0.75110155    
    197856  0.74909532    
    198144  0.74715745    
    198432  0.74509990    
    198720  0.74313372    
    199008  0.74125218    
    199296  0.73944956    
    199584  0.73772264    
    199872  0.73606968    
    200160  0.73448843    
    200448  0.73297775    
    200736  0.73153651    
    201024  0.73016489    
    201312  0.72886282    
    201600  0.72763097    
    201888  0.72646981    
    202176  0.72537935    
    202464  0.72436059    
    202752  0.72341347    
    203040  0.72253931    
    203328  0.72173923    
    203616  0.72101432    
    203904  0.72036552    
    204192  0.71979356    
    204480  0.71929860    
    204768  0.71888232    
    205056  0.71854544    
    205344  0.71828860    
    205632  0.71811324    
    205920  0.71801972    
    206208  0.71800870    
    206496  0.71808052    
    206784  0.71823591    
    207072  0.71854579    
    207360  0.71892798    
    207648  0.71938539    
    207936  0.71992016    
    208224  0.72053397    
    208512  0.72122794    
    208800  0.72200263    
    209088  0.72285825    
    209376  0.72379482    
    209664  0.72481215    
    209952  0.72595930    
    210240  0.72717750    
    210528  0.72846842    
    210816  0.72983265    
    211104  0.73127031    
    211392  0.73278117    
    211680  0.73436427    
    211968  0.73605728    
    212256  0.73781401    
    212544  0.73963499    
    212832  0.74151993    
    213120  0.74346793    
    213408  0.74547839    
    213696  0.74757981    
    213984  0.74973506    
    214272  0.75194365    
    214560  0.75420481    
    214848  0.75651723    
    215136  0.75887930    
    215424  0.76131332    
    215712  0.76378864    
    216000  0.76630425    
    216288  0.76885879    
    216576  0.77145070    
    216864  0.77407753    
    217152  0.77675682    
    217440  0.77946311    
    217728  0.78219539    
    218016  0.78495145    
    218304  0.78772950    
    218592  0.79054314    
    218880  0.79337144    
    219168  0.79621267    
    219456  0.79906535    
    219744  0.80192727    
    220032  0.80479646    
    220320  0.80768305    
    220608  0.81057006    
    220896  0.81345570    
    221184  0.81633830    
    221472  0.81921607    
    221760  0.82208711    
    222048  0.82495922    
    222336  0.82781863    
    222624  0.83066398    
    222912  0.83349335    
    223200  0.83630562    
    223488  0.83910722    
    223776  0.84188664    
    224064  0.84464252    
    224352  0.84737396    
    224640  0.85007942    
    224928  0.85275775    
    225216  0.85540760    
    225504  0.85803425    
    225792  0.86062890    
    226080  0.86319071    
    226368  0.86571872    
    226656  0.86821234    
    226944  0.87067062    
    227232  0.87309819    
    227520  0.87548804    
    227808  0.87783962    
    228096  0.88015270    
    228384  0.88242698    
    228672  0.88466179    
    228960  0.88685703    
    229248  0.88901657    
    229536  0.89113504    
    229824  0.89321262    
    230112  0.89524919    
    230400  0.89724493    
    230688  0.89919984    
    230976  0.90111375    
    231264  0.90299052    
    231552  0.90482599    
    231840  0.90662062    
    232128  0.90837467    
    232416  0.91008860    
    232704  0.91176271    
    232992  0.91339731    
    233280  0.91499293    
    233568  0.91655248    
    233856  0.91807330    
    234144  0.91955596    
    234432  0.92100096    
    234720  0.92240900    
    235008  0.92378050    
    235296  0.92511594    
    235584  0.92641616    
    235872  0.92768353    
    236160  0.92891639    
    236448  0.93011528    
    236736  0.93128097    
    237024  0.93241405    
    237312  0.93351531    
    237600  0.93458515    
    237888  0.93562424    
    238176  0.93663538    
    238464  0.93761671    
    238752  0.93856901    
    239040  0.93949276    
    239328  0.94038886    
    239616  0.94125772    
    239904  0.94210011    
    240192  0.94291663    
    240480  0.94370997    
    240768  0.94447815    
    241056  0.94522196    
    241344  0.94594210    
    241632  0.94663912    
    241920  0.94731361    
    242208  0.94796622    
    242496  0.94859725    
    242784  0.94920957    
    243072  0.94980121    
    243360  0.95037264    
    243648  0.95092463    
    243936  0.95145756    
    244224  0.95197207    
    244512  0.95246840    
    244800  0.95294714    
    245088  0.95341122    
    245376  0.95385814    
    245664  0.95428860    
    245952  0.95470291    
    246240  0.95510155    
    246528  0.95548499    
    246816  0.95585346    
    247104  0.95620739    
    247392  0.95655012    
    247680  0.95687836    
    247968  0.95719290    
    248256  0.95749384    
    248544  0.95778173    
    248832  0.95805681    
    249120  0.95831925    
    249408  0.95856935    
    249696  0.95881099    
    249984  0.95904011    
    250272  0.95925719    
    250560  0.95946252    
    250848  0.95965624    
    251136  0.95983857    
    251424  0.96000957    
    251712  0.96016943    
    252000  0.96032304    
    252288  0.96046495    
    252576  0.96059561    
    252864  0.96071506    
    253152  0.96082330    
    253440  0.96092039    
    253728  0.96100605    
    254016  0.96108019    
    254304  0.96114981    
    254592  0.96120709    
    254880  0.96125215    
    255168  0.96128500    
    255456  0.96130556    
    255744  0.96131337    
    256032  0.96130812    
    256320  0.96128941    
    256608  0.96125662    
    256896  0.96120930    
    257184  0.96114671    
    257472  0.96108150    
    257760  0.96099889    
    258048  0.96089906    
    258336  0.96078151    
    258624  0.96064556    
    258912  0.96049035    
    259200  0.96031493    
    259488  0.96011823    
    259776  0.95989901    
    260064  0.95965588    
    260352  0.95938760    
    260640  0.95909280    
    260928  0.95877028    
    261216  0.95841801    
    261504  0.95803416    
    261792  0.95761675    
    262080  0.95716387    
    262368  0.95667320    
    262656  0.95614272    
    262944  0.95557016    
    263232  0.95495313    
    263520  0.95428944    
    263808  0.95357633    
    264096  0.95281154    
    264384  0.95199329    
    264672  0.95112008    
    264960  0.95018923    
    265248  0.94919908    
    265536  0.94815052    
    265824  0.94710225    
    266112  0.94640243    
    266400  0.94595259    
    266688  0.94557917    
    266976  0.94525737    
    267264  0.94497454    
    267552  0.94471908    
    267840  0.94436812    
    268128  0.94406062    
    268416  0.94378161    
    268704  0.94352078    
    268992  0.94327039    
    269280  0.94302464    
    269568  0.94278008    
    269856  0.94253218    
    270144  0.94227850    
    270432  0.94189292    
    270720  0.94153357    
    271008  0.94118917    
    271296  0.94085145    
    271584  0.94051433    
    271872  0.94017380    
    272160  0.93982744    
    272448  0.93933976    
    272736  0.93887848    
    273024  0.93843150    
    273312  0.93798995    
    273600  0.93754762    
    273888  0.93709993    
    274176  0.93650472    
    274464  0.93593752    
    274752  0.93538547    
    275040  0.93483841    
    275328  0.93428957    
    275616  0.93373394    
    275904  0.93302101    
    276192  0.93233609    
    276480  0.93166512    
    276768  0.93099922    
    277056  0.93033016    
    277344  0.92949802    
    277632  0.92869610    
    277920  0.92790943    
    278208  0.92712706    
    278496  0.92617977    
    278784  0.92526734    
    279072  0.92437309    
    279360  0.92348564    
    279648  0.92242652    
    279936  0.92140383    
    280224  0.92039984    
    280512  0.91940141    
    280800  0.91839916    
    281088  0.91720980    
    281376  0.91605276    
    281664  0.91491097    
    281952  0.91377306    
    282240  0.91239786    
    282528  0.91107094    
    282816  0.90977025    
    283104  0.90847951    
    283392  0.90718740    
    283680  0.90569204    
    283968  0.90423226    
    284256  0.90278900    
    284544  0.90134817    
    284832  0.89970058    
    285120  0.89809287    
    285408  0.89650363    
    285696  0.89470971    
    285984  0.89296365    
    286272  0.89124244    
    286560  0.88952994    
    286848  0.88759911    
    287136  0.88571280    
    287424  0.88385093    
    287712  0.88199788    
    288000  0.87991709    
    288288  0.87788188    
    288576  0.87587047    
    288864  0.87386727    
    289152  0.87163097    
    289440  0.86944228    
    289728  0.86727953    
    290016  0.86512941    
    290304  0.86274326    
    290592  0.86040848    
    290880  0.85810322    
    291168  0.85581189    
    291456  0.85328126    
    291744  0.85080481    
    292032  0.84836215    
    292320  0.84594011    
    292608  0.84352899    
    292896  0.84087306    
    293184  0.83827221    
    293472  0.83570755    
    293760  0.83316582    
    294048  0.83038980    
    294336  0.82767856    
    294624  0.82501560    
    294912  0.82238615    
    295200  0.81978124    
    295488  0.81694758    
    295776  0.81418169    
    296064  0.81146812    
    296352  0.80879790    
    296640  0.80616617    
    296928  0.80332565    
    297216  0.80056262    
    297504  0.79786348    
    297792  0.79521978    
    298080  0.79262859    
    298368  0.79008925    
    298656  0.78737420    
    298944  0.78474826    
    299232  0.78219837    
    299520  0.77971601    
    299808  0.77729595    
    300096  0.77493429    
    300384  0.77262640    
    300672  0.77017629    
    300960  0.76780927    
    301248  0.76551396    
    301536  0.76328254    
    301824  0.76111090    
    302112  0.75899470    
    302400  0.75693107    
    302688  0.75491840    
    302976  0.75295544    
    303264  0.75104290    
    303552  0.74904037    
    303840  0.74711347    
    304128  0.74525505    
    304416  0.74346113    
    304704  0.74172920    
    304992  0.74005836    
    305280  0.73844814    
    305568  0.73689806    
    305856  0.73540902    
    306144  0.73398125    
    306432  0.73261642    
    306720  0.73131597    
    307008  0.73008072    
    307296  0.72891200    
    307584  0.72781110    
    307872  0.72677898    
    308160  0.72581792    
    308448  0.72492850    
    308736  0.72411305    
    309024  0.72337282    
    309312  0.72270888    
    309600  0.72212231    
    309888  0.72161436    
    310176  0.72118628    
    310464  0.72083950    
    310752  0.72057474    
    311040  0.72039342    
    311328  0.72029591    
    311616  0.72028291    
    311904  0.72035509    
    312192  0.72055709    
    312480  0.72083646    
    312768  0.72119570    
    313056  0.72163653    
    313344  0.72216046    
    313632  0.72276831    
    313920  0.72346008    
    314208  0.72423661    
    314496  0.72509706    
    314784  0.72604132    
    315072  0.72709846    
