         1  0.71759427    
       288  0.61008900    
       576  0.52176511    
       864  0.45029944    
      1152  0.39490098    
      1440  0.35184687    
      1728  0.31827635    
      2016  0.29182374    
      2304  0.27080524    
      2592  0.25398690    
      2880  0.24045974    
      3168  0.22959268    
      3456  0.22099942    
      3744  0.21426678    
      4032  0.20923710    
      4320  0.20570153    
      4608  0.20341945    
      4896  0.20220286    
      5184  0.20188892    
      5472  0.20238298    
      5760  0.20358461    
      6048  0.20541358    
      6336  0.20780277    
      6624  0.21069336    
      6912  0.21401924    
      7200  0.21775365    
      7488  0.22186571    
      7776  0.22633070    
      8064  0.23112565    
      8352  0.23622841    
      8640  0.24162883    
      8928  0.24731195    
      9216  0.25326508    
      9504  0.25947660    
      9792  0.26593596    
     10080  0.27263135    
     10368  0.27955824    
     10656  0.28670925    
     10944  0.29407817    
     11232  0.30165869    
     11520  0.30944592    
     11808  0.31743091    
     12096  0.32561177    
     12384  0.33398330    
     12672  0.34254104    
     12960  0.35127944    
     13248  0.36019397    
     13536  0.36927795    
     13824  0.37852836    
     14112  0.38794094    
     14400  0.39750874    
     14688  0.40722972    
     14976  0.41709453    
     15264  0.42709923    
     15552  0.43723917    
     15840  0.44751048    
     16128  0.45790577    
     16416  0.46841121    
     16704  0.47902530    
     16992  0.48973465    
     17280  0.50053453    
     17568  0.51141584    
     17856  0.52236807    
     18144  0.53338158    
     18432  0.54445469    
     18720  0.55557120    
     19008  0.56672192    
     19296  0.57789576    
     19584  0.58908367    
     19872  0.60027575    
     20160  0.61146259    
     20448  0.62263739    
     20736  0.63378394    
     21024  0.64489162    
     21312  0.65594912    
     21600  0.66694522    
     21888  0.67787015    
     22176  0.68871319    
     22464  0.69946361    
     22752  0.71011138    
     23040  0.72065187    
     23328  0.73106778    
     23616  0.74134958    
     23904  0.75148726    
     24192  0.76147121    
     24480  0.77129239    
     24768  0.78094250    
     25056  0.79041290    
     25344  0.79969591    
     25632  0.80878454    
     25920  0.81767333    
     26208  0.82635319    
     26496  0.83481860    
     26784  0.84306341    
     27072  0.85108340    
     27360  0.85887384    
     27648  0.86643124    
     27936  0.87375259    
     28224  0.88083667    
     28512  0.88767952    
     28800  0.89427960    
     29088  0.90063590    
     29376  0.90674847    
     29664  0.91261744    
     29952  0.91824365    
     30240  0.92362869    
     30528  0.92877448    
     30816  0.93368334    
     31104  0.93835819    
     31392  0.94280243    
     31680  0.94702053    
     31968  0.95101655    
     32256  0.95479530    
     32544  0.95836216    
     32832  0.96172220    
     33120  0.96488154    
     33408  0.96784461    
     33696  0.97061914    
     33984  0.97321194    
     34272  0.97562975    
     34560  0.97787863    
     34848  0.97996610    
     35136  0.98189920    
     35424  0.98368502    
     35712  0.98533088    
     36000  0.98684400    
     36288  0.98823136    
     36576  0.98950022    
     36864  0.99065751    
     37152  0.99171007    
     37440  0.99266464    
     37728  0.99352789    
     38016  0.99430621    
     38304  0.99500567    
     38592  0.99563235    
     38880  0.99619192    
     39168  0.99668992    
     39456  0.99713159    
     39744  0.99752182    
     40032  0.99786532    
     40320  0.99816656    
     40608  0.99842960    
     40896  0.99865836    
     41184  0.99885637    
     41472  0.99902695    
     41760  0.99917316    
     42048  0.99929774    
     42336  0.99940330    
     42624  0.99949211    
     42912  0.99956638    
     43200  0.99962801    
     43488  0.99967885    
     43776  0.99972057    
     44064  0.99975467    
     44352  0.99978250    
     44640  0.99980521    
     44928  0.99982381    
     45216  0.99983901    
     45504  0.99985158    
     45792  0.99986196    
     46080  0.99987054    
     46368  0.99987769    
     46656  0.99988371    
     46944  0.99988872    
     47232  0.99989295    
     47520  0.99989647    
     47808  0.99989945    
     48096  0.99990195    
     48384  0.99990410    
     48672  0.99990588    
     48960  0.99990737    
     49248  0.99990863    
     49536  0.99990964    
     49824  0.99991047    
     50112  0.99991113    
     50400  0.99991167    
     50688  0.99991208    
     50976  0.99991232    
     51264  0.99991250    
     51552  0.99991256    
     51840  0.99991256    
     52128  0.99991244    
     52416  0.99991226    
     52704  0.99991202    
     52992  0.99991173    
     53280  0.99991131    
     53568  0.99991083    
     53856  0.99991030    
     54144  0.99990964    
     54432  0.99990898    
     54720  0.99990821    
     55008  0.99990731    
     55296  0.99990642    
     55584  0.99990535    
     55872  0.99990427    
     56160  0.99990302    
     56448  0.99990171    
     56736  0.99990028    
     57024  0.99989873    
     57312  0.99989700    
     57600  0.99989516    
     57888  0.99989313    
     58176  0.99989092    
     58464  0.99988854    
     58752  0.99988592    
     59040  0.99988306    
     59328  0.99987990    
     59616  0.99987650    
     59904  0.99987274    
     60192  0.99986851    
     60480  0.99986386    
     60768  0.99985874    
     61056  0.99985296    
     61344  0.99984658    
     61632  0.99983948    
     61920  0.99983150    
     62208  0.99982226    
     62496  0.99981177    
     62784  0.99979985    
     63072  0.99978626    
     63360  0.99977070    
     63648  0.99975294    
     63936  0.99973154    
     64224  0.99970686    
     64512  0.99967909    
     64800  0.99965048    
     65088  0.99962264    
     65376  0.99959475    
     65664  0.99956423    
     65952  0.99953365    
     66240  0.99950343    
     66528  0.99947429    
     66816  0.99944639    
     67104  0.99941617    
     67392  0.99938738    
     67680  0.99936050    
     67968  0.99933553    
     68256  0.99930763    
     68544  0.99928153    
     68832  0.99925727    
     69120  0.99923491    
     69408  0.99920851    
     69696  0.99918360    
     69984  0.99916011    
     70272  0.99913794    
     70560  0.99911690    
     70848  0.99909049    
     71136  0.99906474    
     71424  0.99903953    
     71712  0.99901479    
     72000  0.99898207    
     72288  0.99894941    
     72576  0.99891698    
     72864  0.99888474    
     73152  0.99885231    
     73440  0.99881279    
     73728  0.99877274    
     74016  0.99873221    
     74304  0.99869108    
     74592  0.99864185    
     74880  0.99859148    
     75168  0.99854004    
     75456  0.99847978    
     75744  0.99841833    
     76032  0.99835563    
     76320  0.99829155    
     76608  0.99821758    
     76896  0.99814177    
     77184  0.99806404    
     77472  0.99798411    
     77760  0.99789268    
     78048  0.99779868    
     78336  0.99770200    
     78624  0.99760270    
     78912  0.99749058    
     79200  0.99737543    
     79488  0.99725723    
     79776  0.99713594    
     80064  0.99700016    
     80352  0.99686074    
     80640  0.99671775    
     80928  0.99657100    
     81216  0.99640840    
     81504  0.99624157    
     81792  0.99607062    
     82080  0.99589533    
     82368  0.99571538    
     82656  0.99551737    
     82944  0.99531424    
     83232  0.99510610    
     83520  0.99489272    
     83808  0.99465984    
     84096  0.99442136    
     84384  0.99417722    
     84672  0.99392736    
     84960  0.99367172    
     85248  0.99339503    
     85536  0.99311233    
     85824  0.99282366    
     86112  0.99252898    
     86400  0.99222815    
     86688  0.99190539    
     86976  0.99157661    
     87264  0.99124193    
     87552  0.99090153    
     87840  0.99055535    
     88128  0.99020344    
     88416  0.98982996    
     88704  0.98945129    
     88992  0.98906779    
     89280  0.98867959    
     89568  0.98828709    
     89856  0.98789054    
     90144  0.98749018    
     90432  0.98707092    
     90720  0.98664916    
     91008  0.98622519    
     91296  0.98579967    
     91584  0.98537308    
     91872  0.98494595    
     92160  0.98451895    
     92448  0.98409253    
     92736  0.98366743    
     93024  0.98324430    
     93312  0.98281080    
     93600  0.98238111    
     93888  0.98195606    
     94176  0.98153639    
     94464  0.98112285    
     94752  0.98071617    
     95040  0.98031718    
     95328  0.97992659    
     95616  0.97954518    
     95904  0.97917372    
     96192  0.97881305    
     96480  0.97846389    
     96768  0.97812724    
     97056  0.97780371    
     97344  0.97749430    
     97632  0.97719973    
     97920  0.97692090    
     98208  0.97665846    
     98496  0.97641331    
     98784  0.97618616    
     99072  0.97597760    
     99360  0.97578847    
     99648  0.97561932    
     99936  0.97547078    
    100224  0.97534335    
    100512  0.97523749    
    100800  0.97515368    
    101088  0.97509235    
    101376  0.97505361    
    101664  0.97503781    
    101952  0.97504878    
    102240  0.97508258    
    102528  0.97513920    
    102816  0.97521865    
    103104  0.97532076    
    103392  0.97544545    
    103680  0.97559237    
    103968  0.97576123    
    104256  0.97595161    
    104544  0.97616297    
    104832  0.97639704    
