         1  0.49445397    
       288  0.39836007    
       576  0.32830071    
       864  0.27588940    
      1152  0.23739249    
      1440  0.20858365    
      1728  0.18672752    
      2016  0.16985261    
      2304  0.15665030    
      2592  0.14621198    
      2880  0.13789469    
      3168  0.13126236    
      3456  0.12604821    
      3744  0.12198150    
      4032  0.11895382    
      4320  0.11683095    
      4608  0.11546296    
      4896  0.11473441    
      5184  0.11454654    
      5472  0.11484230    
      5760  0.11556190    
      6048  0.11665821    
      6336  0.11809206    
      6624  0.11982954    
      6912  0.12183225    
      7200  0.12408561    
      7488  0.12657267    
      7776  0.12927991    
      8064  0.13219535    
      8352  0.13530713    
      8640  0.13861084    
      8928  0.14209926    
      9216  0.14576644    
      9504  0.14960718    
      9792  0.15361685    
     10080  0.15779030    
     10368  0.16212672    
     10656  0.16662365    
     10944  0.17127931    
     11232  0.17609215    
     11520  0.18106133    
     11808  0.18618357    
     12096  0.19146013    
     12384  0.19689029    
     12672  0.20247388    
     12960  0.20820993    
     13248  0.21409839    
     13536  0.22013783    
     13824  0.22632915    
     14112  0.23267275    
     14400  0.23916721    
     14688  0.24581450    
     14976  0.25261158    
     15264  0.25955945    
     15552  0.26665843    
     15840  0.27390975    
     16128  0.28131211    
     16416  0.28885955    
     16704  0.29655522    
     16992  0.30439347    
     17280  0.31237501    
     17568  0.32049769    
     17856  0.32875770    
     18144  0.33715248    
     18432  0.34568512    
     18720  0.35434794    
     19008  0.36313826    
     19296  0.37205189    
     19584  0.38108629    
     19872  0.39023811    
     20160  0.39950442    
     20448  0.40888423    
     20736  0.41836870    
     21024  0.42795324    
     21312  0.43763262    
     21600  0.44740146    
     21888  0.45725524    
     22176  0.46718860    
     22464  0.47719568    
     22752  0.48727107    
     23040  0.49741423    
     23328  0.50761217    
     23616  0.51785886    
     23904  0.52814722    
     24192  0.53847033    
     24480  0.54882109    
     24768  0.55919302    
     25056  0.56957841    
     25344  0.57997024    
     25632  0.59036171    
     25920  0.60074711    
     26208  0.61111593    
     26496  0.62146103    
     26784  0.63177407    
     27072  0.64204818    
     27360  0.65227520    
     27648  0.66244793    
     27936  0.67255890    
     28224  0.68260264    
     28512  0.69256902    
     28800  0.70245039    
     29088  0.71223915    
     29376  0.72192848    
     29664  0.73151106    
     29952  0.74097955    
     30240  0.75032783    
     30528  0.75954872    
     30816  0.76863563    
     31104  0.77758217    
     31392  0.78638202    
     31680  0.79503030    
     31968  0.80352110    
     32256  0.81184882    
     32544  0.82000923    
     32832  0.82799655    
     33120  0.83580691    
     33408  0.84343207    
     33696  0.85087144    
     33984  0.85812187    
     34272  0.86518025    
     34560  0.87204140    
     34848  0.87870383    
     35136  0.88516510    
     35424  0.89142311    
     35712  0.89747661    
     36000  0.90332454    
     36288  0.90896517    
     36576  0.91439903    
     36864  0.91962546    
     37152  0.92464483    
     37440  0.92945749    
     37728  0.93406498    
     38016  0.93846834    
     38304  0.94266897    
     38592  0.94666946    
     38880  0.95047164    
     39168  0.95407826    
     39456  0.95749241    
     39744  0.96071696    
     40032  0.96375537    
     40320  0.96661091    
     40608  0.96928728    
     40896  0.97178793    
     41184  0.97411662    
     41472  0.97627670    
     41760  0.97827154    
     42048  0.98010415    
     42336  0.98177761    
     42624  0.98329502    
     42912  0.98466015    
     43200  0.98587775    
     43488  0.98695403    
     43776  0.98789746    
     44064  0.98871809    
     44352  0.98942775    
     44640  0.99003869    
     44928  0.99056309    
     45216  0.99101257    
     45504  0.99139744    
     45792  0.99172699    
     46080  0.99200916    
     46368  0.99225086    
     46656  0.99245781    
     46944  0.99263507    
     47232  0.99278688    
     47520  0.99291676    
     47808  0.99302781    
     48096  0.99312252    
     48384  0.99320310    
     48672  0.99327147    
     48960  0.99332917    
     49248  0.99337751    
     49536  0.99341762    
     49824  0.99345052    
     50112  0.99347705    
     50400  0.99349785    
     50688  0.99351352    
     50976  0.99352461    
     51264  0.99353147    
     51552  0.99353451    
     51840  0.99353391    
     52128  0.99352998    
     52416  0.99352288    
     52704  0.99351269    
     52992  0.99349964    
     53280  0.99348372    
     53568  0.99346495    
     53856  0.99344337    
     54144  0.99341893    
     54432  0.99339163    
     54720  0.99336141    
     55008  0.99332821    
     55296  0.99329185    
     55584  0.99325228    
     55872  0.99320930    
     56160  0.99316281    
     56448  0.99311250    
     56736  0.99305826    
     57024  0.99299985    
     57312  0.99293697    
     57600  0.99286830    
     57888  0.99279422    
     58176  0.99271435    
     58464  0.99262816    
     58752  0.99253523    
     59040  0.99243492    
     59328  0.99232662    
     59616  0.99220961    
     59904  0.99208307    
     60192  0.99194252    
     60480  0.99178958    
     60768  0.99162298    
     61056  0.99144125    
     61344  0.99124277    
     61632  0.99102569    
     61920  0.99078810    
     62208  0.99051815    
     62496  0.99022019    
     62784  0.98989081    
     63072  0.98952645    
     63360  0.98912293    
     63648  0.98867583    
     63936  0.98815733    
     64224  0.98758149    
     64512  0.98695970    
     64800  0.98634470    
     65088  0.98576808    
     65376  0.98521012    
     65664  0.98461992    
     65952  0.98404604    
     66240  0.98349738    
     66528  0.98298073    
     66816  0.98249960    
     67104  0.98199058    
     67392  0.98151749    
     67680  0.98108339    
     67968  0.98068857    
     68256  0.98025560    
     68544  0.97985703    
     68832  0.97949356    
     69120  0.97916263    
     69408  0.97877806    
     69696  0.97841954    
     69984  0.97808689    
     70272  0.97777712    
     70560  0.97748572    
     70848  0.97712553    
     71136  0.97677809    
     71424  0.97644287    
     71712  0.97611690    
     72000  0.97569227    
     72288  0.97527480    
     72576  0.97486609    
     72864  0.97446460    
     73152  0.97406727    
     73440  0.97358882    
     73728  0.97311199    
     74016  0.97263688    
     74304  0.97216135    
     74592  0.97160101    
     74880  0.97103751    
     75168  0.97047186    
     75456  0.96982074    
     75744  0.96916837    
     76032  0.96851492    
     76320  0.96785903    
     76608  0.96711552    
     76896  0.96636808    
     77184  0.96561629    
     77472  0.96485764    
     77760  0.96400672    
     78048  0.96314895    
     78336  0.96228486    
     78624  0.96141416    
     78912  0.96045089    
     79200  0.95948178    
     79488  0.95850760    
     79776  0.95752728    
     80064  0.95645285    
     80352  0.95537245    
     80640  0.95428681    
     80928  0.95319563    
     81216  0.95201093    
     81504  0.95082116    
     81792  0.94962662    
     82080  0.94842643    
     82368  0.94721884    
     82656  0.94591659    
     82944  0.94460809    
     83232  0.94329381    
     83520  0.94197315    
     83808  0.94056052    
     84096  0.93914282    
     84384  0.93772024    
     84672  0.93629265    
     84960  0.93485957    
     85248  0.93333822    
     85536  0.93181378    
     85824  0.93028677    
     86112  0.92875665    
     86400  0.92722315    
     86688  0.92560798    
     86976  0.92399287    
     87264  0.92237836    
     87552  0.92076492    
     87840  0.91915244    
     88128  0.91754121    
     88416  0.91585982    
     88704  0.91418403    
     88992  0.91251469    
     89280  0.91085243    
     89568  0.90919805    
     89856  0.90755230    
     90144  0.90591568    
     90432  0.90422773    
     90720  0.90255451    
     91008  0.90089732    
     91296  0.89925730    
     91584  0.89763576    
     91872  0.89603388    
     92160  0.89445317    
     92448  0.89289457    
     92736  0.89136004    
     93024  0.88985056    
     93312  0.88832217    
     93600  0.88682467    
     93888  0.88535988    
     94176  0.88392907    
     94464  0.88253373    
     94752  0.88117522    
     95040  0.87985516    
     95328  0.87857473    
     95616  0.87733549    
     95904  0.87613875    
     96192  0.87498617    
     96480  0.87387896    
     96768  0.87281907    
     97056  0.87180775    
     97344  0.87084687    
     97632  0.86993766    
     97920  0.86908197    
     98208  0.86828101    
     98496  0.86753631    
     98784  0.86684960    
     99072  0.86622190    
     99360  0.86565471    
     99648  0.86514926    
     99936  0.86470658    
    100224  0.86432791    
    100512  0.86401391    
    100800  0.86376590    
    101088  0.86358452    
    101376  0.86347014    
    101664  0.86342347    
    101952  0.86345589    
    102240  0.86355567    
    102528  0.86372304    
    102816  0.86395812    
    103104  0.86426085    
    103392  0.86463118    
    103680  0.86506867    
    103968  0.86557311    
    104256  0.86614370    
    104544  0.86677980    
    104832  0.86748701    
