         1  0.69120443    
        24  0.70055103    
        48  0.70328707    
        72  0.70537484    
        96  0.70713508    
       120  0.70872080    
       144  0.71021414    
       168  0.71166217    
       192  0.71309388    
       216  0.71452779    
       240  0.71597552    
       264  0.71744573    
       288  0.71894437    
       312  0.72047538    
       336  0.72204244    
       360  0.72364819    
       384  0.72529441    
       408  0.72698259    
       432  0.72871387    
       456  0.73048908    
       480  0.73230892    
       504  0.73417306    
       528  0.73608172    
       552  0.73803437    
       576  0.74003041    
       600  0.74206901    
       624  0.74414867    
       648  0.74626839    
       672  0.74842656    
       696  0.75062162    
       720  0.75285161    
       744  0.75511479    
       768  0.75740898    
       792  0.75973248    
       816  0.76208293    
       840  0.76445818    
       864  0.76685643    
       888  0.76927483    
       912  0.77171171    
       936  0.77416503    
       960  0.77663201    
       984  0.77911067    
      1008  0.78159893    
      1032  0.78409433    
      1056  0.79014260    
      1080  0.79561442    
      1104  0.80056727    
      1128  0.80508423    
      1152  0.80924511    
      1176  0.81311673    
      1200  0.81675225    
      1224  0.82021189    
      1248  0.82351255    
      1272  0.82667607    
      1296  0.82971895    
      1320  0.83265477    
      1344  0.83549523    
      1368  0.83824933    
      1392  0.84092557    
      1416  0.84353054    
      1440  0.84607059    
      1464  0.84855068    
      1488  0.85097539    
      1512  0.85334885    
      1536  0.85567439    
      1560  0.85795504    
      1584  0.86019313    
      1608  0.86239105    
      1632  0.86455023    
      1656  0.86667347    
      1680  0.86876369    
      1704  0.87082100    
      1728  0.87284565    
      1752  0.87483752    
      1776  0.87679625    
      1800  0.87872183    
      1824  0.88061380    
      1848  0.88247186    
      1872  0.88429540    
      1896  0.88608408    
      1920  0.88783741    
      1944  0.88955539    
      1968  0.89123875    
      1992  0.89288640    
      2016  0.89449799    
      2040  0.89607292    
      2064  0.89761138    
      2088  0.89911306    
      2112  0.90057719    
      2136  0.90200353    
      2160  0.90339190    
      2184  0.90474206    
      2208  0.90605390    
      2232  0.90732759    
      2256  0.90856326    
      2280  0.90976095    
      2304  0.91092110    
      2328  0.91204405    
      2352  0.91313004    
      2376  0.91417980    
      2400  0.91519386    
      2424  0.91617280    
      2448  0.91724068    
      2472  0.91828454    
      2496  0.91929239    
      2520  0.92025769    
      2544  0.92117727    
      2568  0.92205113    
      2592  0.92288113    
      2616  0.92366970    
      2640  0.92442042    
      2664  0.92513645    
      2688  0.92582113    
      2712  0.92647761    
      2736  0.92710859    
      2760  0.92771661    
      2784  0.92830366    
      2808  0.92887229    
      2832  0.92942417    
      2856  0.92996025    
      2880  0.93048137    
      2904  0.93098831    
      2928  0.93148166    
      2952  0.93196177    
      2976  0.93242896    
      3000  0.93291676    
      3024  0.93348491    
      3048  0.93408543    
      3072  0.93467289    
      3096  0.93522525    
      3120  0.93573529    
      3144  0.93620479    
      3168  0.93843365    
      3192  0.94002301    
      3216  0.94116521    
      3240  0.94201624    
      3264  0.94268113    
      3288  0.94322646    
      3312  0.94369340    
      3336  0.94410729    
      3360  0.94448298    
      3384  0.94482952    
      3408  0.94515175    
      3432  0.94545293    
      3456  0.94573468    
      3480  0.94599837    
      3504  0.94624490    
      3528  0.94647509    
      3552  0.94668972    
      3576  0.94688964    
      3600  0.94707566    
      3624  0.94724834    
      3648  0.94740850    
      3672  0.94755679    
      3696  0.94769377    
      3720  0.94782001    
      3744  0.94793606    
      3768  0.94804221    
      3792  0.94813907    
      3816  0.94822699    
      3840  0.94830620    
      3864  0.94837707    
      3888  0.94844002    
      3912  0.94849503    
      3936  0.94854265    
      3960  0.94858301    
      3984  0.94861621    
      4008  0.94864243    
      4032  0.94866192    
      4056  0.94867492    
      4080  0.94868135    
      4104  0.94868153    
      4128  0.94867545    
      4152  0.94866318    
      4176  0.94864494    
      4200  0.94862062    
      4224  0.94859034    
      4248  0.94855422    
      4272  0.94851226    
      4296  0.94846439    
      4320  0.94841069    
      4344  0.94835103    
      4368  0.94828558    
      4392  0.94821417    
      4416  0.94813675    
      4440  0.94805330    
      4464  0.94796383    
      4488  0.94786835    
      4512  0.94776678    
      4536  0.94765884    
      4560  0.94754457    
      4584  0.94742358    
      4608  0.94729590    
      4632  0.94716132    
      4656  0.94701970    
      4680  0.94687080    
      4704  0.94671452    
      4728  0.94655061    
      4752  0.94637901    
      4776  0.94619948    
      4800  0.94601154    
      4824  0.94581532    
      4848  0.94561040    
      4872  0.94539672    
      4896  0.94517380    
      4920  0.94494158    
      4944  0.94469970    
      4968  0.94444793    
      4992  0.94418597    
      5016  0.94391358    
      5040  0.94363046    
      5064  0.94333643    
      5088  0.94303089    
      5112  0.94271362    
      5136  0.94238454    
      5160  0.94204313    
      5184  0.94168907    
      5208  0.94132209    
      5232  0.94094169    
      5256  0.94054770    
      5280  0.94013977    
      5304  0.93971735    
      5328  0.93928009    
      5352  0.93882799    
      5376  0.93836051    
      5400  0.93787736    
      5424  0.93585581    
      5448  0.93433493    
      5472  0.93314022    
      5496  0.93214703    
      5520  0.93127102    
      5544  0.93045855    
      5568  0.92967683    
      5592  0.92890698    
      5616  0.92813802    
      5640  0.92736363    
      5664  0.92657977    
      5688  0.92578351    
      5712  0.92497277    
      5736  0.92414540    
      5760  0.92329985    
      5784  0.92243469    
      5808  0.92154884    
      5832  0.92064083    
      5856  0.91970974    
      5880  0.91875476    
      5904  0.91764009    
      5928  0.91650027    
      5952  0.91535145    
      5976  0.91419911    
      6000  0.91304225    
      6024  0.91187716    
      6048  0.91069913    
      6072  0.90950352    
      6096  0.90828639    
      6120  0.90704483    
      6144  0.90577662    
      6168  0.90448046    
      6192  0.90315521    
      6216  0.90179956    
      6240  0.90041280    
      6264  0.89899439    
      6288  0.89754373    
      6312  0.89606047    
      6336  0.89454412    
      6360  0.89299464    
      6384  0.89141154    
      6408  0.88979483    
      6432  0.88814420    
      6456  0.88645965    
      6480  0.88474113    
      6504  0.88298869    
      6528  0.88120210    
      6552  0.87938190    
      6576  0.87752783    
      6600  0.87564063    
      6624  0.87067711    
      6648  0.86630160    
      6672  0.86241513    
      6696  0.85892594    
      6720  0.85574758    
      6744  0.85279834    
      6768  0.85000646    
      6792  0.84731370    
      6816  0.84467685    
      6840  0.84206605    
      6864  0.83946216    
      6888  0.83685374    
      6912  0.83423477    
      6936  0.83160275    
      6960  0.82895672    
      6984  0.82629699    
      7008  0.82362485    
      7032  0.82094133    
      7056  0.81824791    
      7080  0.81554639    
      7104  0.81283802    
      7128  0.81012475    
      7152  0.80740833    
      7176  0.80469018    
      7200  0.80197239    
      7224  0.79925704    
      7248  0.79654586    
      7272  0.79384065    
      7296  0.79114377    
      7320  0.78845698    
      7344  0.78578258    
      7368  0.78312248    
      7392  0.78047878    
      7416  0.77785331    
      7440  0.77524811    
      7464  0.77266502    
      7488  0.77010578    
      7512  0.76757193    
      7536  0.76506567    
      7560  0.76258814    
      7584  0.76014102    
      7608  0.75772583    
      7632  0.75534409    
      7656  0.75299710    
      7680  0.75068653    
      7704  0.74841338    
      7728  0.74617958    
      7752  0.74398661    
      7776  0.74183595    
      7800  0.73972917    
      7824  0.73766786    
      7848  0.73565376    
      7872  0.73368871    
      7896  0.73177433    
      7920  0.72991252    
      7944  0.72804618    
      7968  0.72623372    
      7992  0.72447753    
      8016  0.72278130    
      8040  0.72114712    
      8064  0.71957761    
      8088  0.71807420    
      8112  0.71663928    
      8136  0.71527362    
      8160  0.71397877    
      8184  0.71275580    
      8208  0.71160597    
      8232  0.71052986    
      8256  0.70952863    
      8280  0.70860255    
      8304  0.70775259    
      8328  0.70697880    
      8352  0.70628166    
      8376  0.70566088    
      8400  0.70511717    
      8424  0.70464945    
      8448  0.70425802    
      8472  0.70394212    
      8496  0.70370096    
      8520  0.70353401    
      8544  0.70343971    
      8568  0.70341754    
      8592  0.70346570    
      8616  0.70358300    
      8640  0.70376968    
      8664  0.70402777    
      8688  0.70435929    
      8712  0.70476234    
      8736  0.70523572    
