         1 -0.98369414    
       288  0.15146564E-01
       576  0.19455345E-01
       864  0.21992229E-01
      1152  0.24655357E-01
      1440  0.27378373E-01
      1728  0.31094419E-01
      2016  0.34535781E-01
      2304  0.37771847E-01
      2592  0.40848091E-01
      2880  0.43818720E-01
      3168  0.46743065E-01
      3456  0.50377112E-01
      3744  0.54226138E-01
      4032  0.58652174E-01
      4320  0.64039811E-01
      4608  0.70631295E-01
      4896  0.78578636E-01
      5184  0.88451773E-01
      5472  0.99761099E-01
      5760  0.11264175    
      6048  0.12717676    
      6336  0.14341542    
      6624  0.16136765    
      6912  0.18156160    
      7200  0.20332137    
      7488  0.22697486    
      7776  0.25218353    
      8064  0.27877191    
      8352  0.30703241    
      8640  0.33594990    
      8928  0.36524266    
      9216  0.39461514    
      9504  0.42381188    
      9792  0.45258480    
     10080  0.48156893    
     10368  0.50957459    
     10656  0.53648883    
     10944  0.56221783    
     11232  0.58670616    
     11520  0.60991836    
     11808  0.63228887    
     12096  0.65350336    
     12384  0.67333794    
     12672  0.69183677    
     12960  0.70906496    
     13248  0.72544229    
     13536  0.74060571    
     13824  0.75479293    
     14112  0.76788837    
     14400  0.77997029    
     14688  0.79111117    
     14976  0.80138129    
     15264  0.82280606    
     15552  0.84831345    
     15840  0.86675066    
     16128  0.88065726    
     16416  0.89148402    
     16704  0.90020853    
     16992  0.90745634    
     17280  0.91342145    
     17568  0.91839278    
     17856  0.92257726    
     18144  0.92617780    
     18432  0.92924708    
     18720  0.93187582    
     19008  0.93425107    
     19296  0.93633306    
     19584  0.93812501    
     19872  0.93966508    
     20160  0.94098538    
     20448  0.94214505    
     20736  0.94312781    
     21024  0.94406265    
     21312  0.94484621    
     21600  0.94552320    
     21888  0.94607270    
     22176  0.94650567    
     22464  0.94683206    
     22752  0.94708979    
     23040  0.94725382    
     23328  0.94745183    
     23616  0.94756186    
     23904  0.94761968    
     24192  0.94759917    
     24480  0.94750589    
     24768  0.94734430    
     25056  0.94715059    
     25344  0.94689518    
     25632  0.94671524    
     25920  0.94647455    
     26208  0.94621152    
     26496  0.94589400    
     26784  0.94552594    
     27072  0.94511199    
     27360  0.94465530    
     27648  0.94419849    
     27936  0.94388825    
     28224  0.94353253    
     28512  0.94313532    
     28800  0.94274288    
     29088  0.94231409    
     29376  0.94185346    
     29664  0.94136459    
     29952  0.94089794    
     30240  0.94063908    
     30528  0.94033992    
     30816  0.94000596    
     31104  0.93964213    
     31392  0.93930489    
     31680  0.93894535    
     31968  0.93857008    
     32256  0.93818384    
     32544  0.93813127    
     32832  0.93803751    
     33120  0.93790883    
     33408  0.93775153    
     33696  0.93757051    
     33984  0.93742818    
     34272  0.93726224    
     34560  0.93707651    
     34848  0.93721545    
     35136  0.93729621    
     35424  0.93732870    
     35712  0.93738699    
     36000  0.93741637    
     36288  0.93743134    
     36576  0.93744379    
     36864  0.93746394    
     37152  0.93788689    
     37440  0.93833250    
     37728  0.93874305    
     38016  0.93913132    
     38304  0.93950725    
     38592  0.93987823    
     38880  0.94024932    
     39168  0.94062388    
     39456  0.94139737    
     39744  0.94216257    
     40032  0.94286352    
     40320  0.94350904    
     40608  0.94410384    
     40896  0.94464964    
     41184  0.94514483    
     41472  0.94558477    
     41760  0.94632804    
     42048  0.94693905    
     42336  0.94741964    
     42624  0.94776934    
     42912  0.94798887    
     43200  0.94812506    
     43488  0.94814801    
     43776  0.94808948    
     44064  0.94832367    
     44352  0.94852740    
     44640  0.94875592    
     44928  0.94905287    
     45216  0.94944680    
     45504  0.94995141    
     45792  0.95056838    
     46080  0.95129091    
     46368  0.95210695    
     46656  0.95300180    
     46944  0.95396006    
     47232  0.95519304    
     47520  0.95641941    
     47808  0.95763326    
     48096  0.95882934    
     48384  0.96000355    
     48672  0.96115261    
     48960  0.96227384    
     49248  0.96336550    
     49536  0.96442622    
     49824  0.96545523    
     50112  0.96645200    
     50400  0.96739912    
     50688  0.96831679    
     50976  0.96920478    
     51264  0.97006339    
     51552  0.97089279    
     51840  0.97169346    
     52128  0.97246611    
     52416  0.97321182    
     52704  0.97393101    
     52992  0.97462440    
     53280  0.97529250    
     53568  0.97593606    
     53856  0.97655576    
     54144  0.97714311    
     54432  0.97770923    
     54720  0.97825462    
     55008  0.97877997    
     55296  0.97928584    
     55584  0.97977281    
     55872  0.98024148    
     56160  0.98069251    
     56448  0.98112631    
     56736  0.98154360    
     57024  0.98193914    
     57312  0.98231977    
     57600  0.98264903    
     57888  0.98296803    
     58176  0.98327684    
     58464  0.98357558    
     58752  0.98386443    
     59040  0.98414338    
     59328  0.98440820    
     59616  0.98466390    
     59904  0.98491073    
     60192  0.98511881    
     60480  0.98532045    
     60768  0.98551553    
     61056  0.98570400    
     61344  0.98588604    
     61632  0.98606145    
     61920  0.98622680    
     62208  0.98635834    
     62496  0.98648512    
     62784  0.98660707    
     63072  0.98672402    
     63360  0.98683578    
     63648  0.98694241    
     63936  0.98701674    
     64224  0.98708361    
     64512  0.98714614    
     64800  0.98720413    
     65088  0.98725724    
     65376  0.98730546    
     65664  0.98732030    
     65952  0.98733050    
     66240  0.98733580    
     66528  0.98733330    
     66816  0.98732573    
     67104  0.98728210    
     67392  0.98723334    
     67680  0.98717928    
     67968  0.98711973    
     68256  0.98702013    
     68544  0.98691452    
     68832  0.98680270    
     69120  0.98668176    
     69408  0.98651403    
     69696  0.98633897    
     69984  0.98615628    
     70272  0.98596603    
     70560  0.98576796    
     70848  0.98551083    
     71136  0.98524410    
     71424  0.98496765    
     71712  0.98467815    
     72000  0.98429960    
     72288  0.98390746    
     72576  0.98350167    
     72864  0.98308247    
     73152  0.98265016    
     73440  0.98211664    
     73728  0.98156542    
     74016  0.98099697    
     74304  0.98041213    
     74592  0.97968906    
     74880  0.97894347    
     75168  0.97817653    
     75456  0.97724426    
     75744  0.97628307    
     76032  0.97529507    
     76320  0.97428286    
     76608  0.97305125    
     76896  0.97178739    
     77184  0.97048557    
     77472  0.96916294    
     77760  0.96755129    
     78048  0.96591276    
     78336  0.96425635    
     78624  0.96259189    
     78912  0.96055311    
     79200  0.95850587    
     79488  0.95646489    
     79776  0.95442188    
     80064  0.95190018    
     80352  0.94940919    
     80640  0.94697076    
     80928  0.94460624    
     81216  0.94164968    
     81504  0.93879271    
     81792  0.93606186    
     82080  0.93343395    
     82368  0.93097776    
     82656  0.92776549    
     82944  0.92477226    
     83232  0.92202139    
     83520  0.91952938    
     83808  0.91615254    
     84096  0.91302425    
     84384  0.91023922    
     84672  0.90780354    
     84960  0.90571713    
     85248  0.90256059    
     85536  0.89984369    
     85824  0.89755893    
     86112  0.89559090    
     86400  0.89402884    
     86688  0.89123762    
     86976  0.88895082    
     87264  0.88712353    
     87552  0.88570797    
     87840  0.88454306    
     88128  0.88371187    
     88416  0.88140863    
     88704  0.87955964    
     88992  0.87811440    
     89280  0.87702376    
     89568  0.87611675    
     89856  0.87549138    
     90144  0.87510717    
     90432  0.87304789    
     90720  0.87138915    
     91008  0.87008172    
     91296  0.86894411    
     91584  0.86808461    
     91872  0.86746269    
     92160  0.86704183    
     92448  0.86678910    
     92736  0.86667603    
     93024  0.86655086    
     93312  0.86455280    
     93600  0.86287868    
     93888  0.86148608    
     94176  0.86033529    
     94464  0.85924870    
     94752  0.85834980    
     95040  0.85760742    
     95328  0.85699397    
     95616  0.85648453    
     95904  0.85605729    
     96192  0.85555393    
     96480  0.85511208    
     96768  0.85471499    
     97056  0.85434800    
     97344  0.85399806    
     97632  0.85365361    
     97920  0.85330468    
     98208  0.85280496    
     98496  0.85229856    
     98784  0.85177672    
     99072  0.85123205    
     99360  0.85065752    
     99648  0.85004693    
     99936  0.84939522    
    100224  0.84855705    
    100512  0.84768224    
    100800  0.84676546    
    101088  0.84580189    
    101376  0.84478766    
    101664  0.84371883    
    101952  0.84466141    
    102240  0.84529179    
    102528  0.84564394    
    102816  0.84574610    
    103104  0.84548563    
    103392  0.84503061    
    103680  0.84439552    
    103968  0.84359241    
    104256  0.84263200    
    104544  0.84152353    
    104832  0.84230351    
