         1  0.79380023    
       288  0.78154844    
       576  0.77030241    
       864  0.76080441    
      1152  0.75291330    
      1440  0.74628365    
      1728  0.74093539    
      2016  0.73635536    
      2304  0.73241103    
      2592  0.72899175    
      2880  0.72602230    
      3168  0.72344702    
      3456  0.72144604    
      3744  0.71985108    
      4032  0.71874762    
      4320  0.71825188    
      4608  0.71844673    
      4896  0.71938735    
      5184  0.72126615    
      5472  0.72392982    
      5760  0.72740477    
      6048  0.73168564    
      6336  0.73675072    
      6624  0.74254906    
      6912  0.74919289    
      7200  0.75638682    
      7488  0.76413411    
      7776  0.77223140    
      8064  0.78057891    
      8352  0.78926778    
      8640  0.79798687    
      8928  0.80665594    
      9216  0.81520230    
      9504  0.82356238    
      9792  0.83168095    
     10080  0.83976638    
     10368  0.84748834    
     10656  0.85483032    
     10944  0.86178327    
     11232  0.86834425    
     11520  0.87451589    
     11808  0.88044369    
     12096  0.88604093    
     12384  0.89124721    
     12672  0.89608264    
     12960  0.90056646    
     13248  0.90483725    
     13536  0.90877849    
     13824  0.91246134    
     14112  0.91996223    
     14400  0.92607516    
     14688  0.93109119    
     14976  0.93526167    
     15264  0.93890166    
     15552  0.94197845    
     15840  0.94459713    
     16128  0.94683689    
     16416  0.94875890    
     16704  0.95043945    
     16992  0.95195770    
     17280  0.95326281    
     17568  0.95438129    
     17856  0.95533490    
     18144  0.95616406    
     18432  0.95685810    
     18720  0.95742965    
     19008  0.95796061    
     19296  0.95840442    
     19584  0.95874590    
     19872  0.95899278    
     20160  0.95915002    
     20448  0.95924455    
     20736  0.95925719    
     21024  0.95927131    
     21312  0.95920807    
     21600  0.95909214    
     21888  0.95890307    
     22176  0.95864397    
     22464  0.95831668    
     22752  0.95794719    
     23040  0.95751208    
     23328  0.95711339    
     23616  0.95664936    
     23904  0.95614862    
     24192  0.95558578    
     24480  0.95496273    
     24768  0.95428187    
     25056  0.95357573    
     25344  0.95281446    
     25632  0.95212299    
     25920  0.95137626    
     26208  0.95061243    
     26496  0.94979709    
     26784  0.94893384    
     27072  0.94802582    
     27360  0.94707632    
     27648  0.94613338    
     27936  0.94533974    
     28224  0.94450027    
     28512  0.94362026    
     28800  0.94275451    
     29088  0.94185299    
     29376  0.94091988    
     29664  0.93996054    
     29952  0.93903941    
     30240  0.93834621    
     30528  0.93760890    
     30816  0.93683416    
     31104  0.93602878    
     31392  0.93526834    
     31680  0.93448019    
     31968  0.93367052    
     32256  0.93284512    
     32544  0.93241566    
     32832  0.93192279    
     33120  0.93137825    
     33408  0.93079358    
     33696  0.93017793    
     33984  0.92962855    
     34272  0.92904836    
     34560  0.92844558    
     34848  0.92823470    
     35136  0.92794371    
     35424  0.92759198    
     35712  0.92730814    
     36000  0.92700708    
     36288  0.92672008    
     36576  0.92647237    
     36864  0.92628402    
     37152  0.92664486    
     37440  0.92709446    
     37728  0.92753720    
     38016  0.92800248    
     38304  0.92850971    
     38592  0.92907143    
     38880  0.92969424    
     39168  0.93038100    
     39456  0.93159348    
     39744  0.93284196    
     40032  0.93403131    
     40320  0.93518329    
     40608  0.93631113    
     40896  0.93742144    
     41184  0.93851584    
     41472  0.93959194    
     41760  0.94102943    
     42048  0.94233799    
     42336  0.94353408    
     42624  0.94462746    
     42912  0.94562548    
     43200  0.94659877    
     43488  0.94748873    
     43776  0.94832516    
     44064  0.94943637    
     44352  0.95050544    
     44640  0.95158041    
     44928  0.95269382    
     45216  0.95386195    
     45504  0.95508736    
     45792  0.95636320    
     46080  0.95767730    
     46368  0.95901573    
     46656  0.96036458    
     46944  0.96171123    
     47232  0.96319693    
     47520  0.96462488    
     47808  0.96599561    
     48096  0.96731007    
     48384  0.96856928    
     48672  0.96977460    
     48960  0.97092730    
     49248  0.97202891    
     49536  0.97308111    
     49824  0.97408551    
     50112  0.97504395    
     50400  0.97594362    
     50688  0.97680360    
     50976  0.97762519    
     51264  0.97840971    
     51552  0.97915858    
     51840  0.97987318    
     52128  0.98055482    
     52416  0.98120499    
     52704  0.98182505    
     52992  0.98241627    
     53280  0.98298001    
     53568  0.98351747    
     53856  0.98402995    
     54144  0.98451191    
     54432  0.98497218    
     54720  0.98541158    
     55008  0.98583102    
     55296  0.98623139    
     55584  0.98661345    
     55872  0.98697817    
     56160  0.98732632    
     56448  0.98765856    
     56736  0.98797566    
     57024  0.98827446    
     57312  0.98855984    
     57600  0.98881775    
     57888  0.98906505    
     58176  0.98930210    
     58464  0.98952907    
     58752  0.98974645    
     59040  0.98995435    
     59328  0.99015051    
     59616  0.99033827    
     59904  0.99051768    
     60192  0.99067795    
     60480  0.99083132    
     60768  0.99097794    
     61056  0.99111813    
     61344  0.99125183    
     61632  0.99137920    
     61920  0.99149823    
     62208  0.99160135    
     62496  0.99169934    
     62784  0.99179202    
     63072  0.99187958    
     63360  0.99196202    
     63648  0.99203932    
     63936  0.99210173    
     64224  0.99215770    
     64512  0.99220908    
     64800  0.99225575    
     65088  0.99229753    
     65376  0.99233431    
     65664  0.99235570    
     65952  0.99237216    
     66240  0.99238336    
     66528  0.99238759    
     66816  0.99238622    
     67104  0.99236786    
     67392  0.99234354    
     67680  0.99231303    
     67968  0.99227607    
     68256  0.99221927    
     68544  0.99215513    
     68832  0.99208331    
     69120  0.99200165    
     69408  0.99189568    
     69696  0.99178016    
     69984  0.99165452    
     70272  0.99151808    
     70560  0.99137026    
     70848  0.99118912    
     71136  0.99099410    
     71424  0.99078423    
     71712  0.99055648    
     72000  0.99027741    
     72288  0.98997808    
     72576  0.98965716    
     72864  0.98931313    
     73152  0.98894441    
     73440  0.98850781    
     73728  0.98803997    
     74016  0.98753899    
     74304  0.98700285    
     74592  0.98636532    
     74880  0.98568285    
     75168  0.98495299    
     75456  0.98409241    
     75744  0.98317188    
     76032  0.98218906    
     76320  0.98114187    
     76608  0.97990590    
     76896  0.97859067    
     77184  0.97718495    
     77472  0.97569913    
     77760  0.97394407    
     78048  0.97209579    
     78336  0.97015965    
     78624  0.96814311    
     78912  0.96576142    
     79200  0.96329868    
     79488  0.96077132    
     79776  0.95816630    
     80064  0.95508760    
     80352  0.95198828    
     80640  0.94889927    
     80928  0.94585121    
     81216  0.94222456    
     81504  0.93870187    
     81792  0.93531889    
     82080  0.93202996    
     82368  0.92893845    
     82656  0.92510778    
     82944  0.92157668    
     83232  0.91836220    
     83520  0.91547078    
     83808  0.91169500    
     84096  0.90824705    
     84384  0.90526021    
     84672  0.90271306    
     84960  0.90057844    
     85248  0.89733547    
     85536  0.89468879    
     85824  0.89258432    
     86112  0.89079952    
     86400  0.88948041    
     86688  0.88688570    
     86976  0.88494915    
     87264  0.88355047    
     87552  0.88258469    
     87840  0.88177925    
     88128  0.88128477    
     88416  0.87922901    
     88704  0.87772506    
     88992  0.87666535    
     89280  0.87595898    
     89568  0.87533754    
     89856  0.87497538    
     90144  0.87481683    
     90432  0.87291718    
     90720  0.87151212    
     91008  0.87050450    
     91296  0.86960799    
     91584  0.86900038    
     91872  0.86861962    
     92160  0.86841547    
     92448  0.86834782    
     92736  0.86838353    
     93024  0.86830539    
     93312  0.86634493    
     93600  0.86481905    
     93888  0.86364472    
     94176  0.86275172    
     94464  0.86187100    
     94752  0.86120015    
     95040  0.86069274    
     95328  0.86030990    
     95616  0.86002046    
     95904  0.85979891    
     96192  0.85941958    
     96480  0.85910642    
     96768  0.85883856    
     97056  0.85859877    
     97344  0.85837334    
     97632  0.85815030    
     97920  0.85792017    
     98208  0.85747457    
     98496  0.85703981    
     98784  0.85660428    
     99072  0.85615814    
     99360  0.85569316    
     99648  0.85520244    
     99936  0.85468030    
    100224  0.85391867    
    100512  0.85314703    
    100800  0.85235661    
    101088  0.85154021    
    101376  0.85069174    
    101664  0.84980583    
    101952  0.85091144    
    102240  0.85162675    
    102528  0.85201460    
    102816  0.85212421    
    103104  0.85179836    
    103392  0.85129207    
    103680  0.85062468    
    103968  0.84981221    
    104256  0.84886813    
    104544  0.84780353    
    104832  0.84862614    
