         1  0.94714499    
       288  0.94438678    
       576  0.94200361    
       864  0.94002283    
      1152  0.93837333    
      1440  0.93697512    
      1728  0.93582350    
      2016  0.93481708    
      2304  0.93392766    
      2592  0.93313348    
      2880  0.93241823    
      3168  0.93177021    
      3456  0.93121898    
      3744  0.93072832    
      4032  0.93030751    
      4320  0.92997009    
      4608  0.92972416    
      4896  0.92957622    
      5184  0.92955995    
      5472  0.92964894    
      5760  0.92984986    
      6048  0.93016481    
      6336  0.93059492    
      6624  0.93113810    
      6912  0.93182540    
      7200  0.93261504    
      7488  0.93351412    
      7776  0.93449962    
      8064  0.93556315    
      8352  0.93673217    
      8640  0.93795526    
      8928  0.93922216    
      9216  0.94052154    
      9504  0.94184297    
      9792  0.94317567    
     10080  0.94456649    
     10368  0.94594479    
     10656  0.94730204    
     10944  0.94863236    
     11232  0.94992906    
     11520  0.95118695    
     11808  0.95244098    
     12096  0.95366198    
     12384  0.95482999    
     12672  0.95594299    
     12960  0.95700014    
     13248  0.95848525    
     13536  0.96026033    
     13824  0.96184254    
     14112  0.96323979    
     14400  0.96447712    
     14688  0.96557403    
     14976  0.96654731    
     15264  0.96745884    
     15552  0.96826679    
     15840  0.96898133    
     16128  0.96961111    
     16416  0.97016346    
     16704  0.97065634    
     16992  0.97111523    
     17280  0.97150981    
     17568  0.97184408    
     17856  0.97212154    
     18144  0.97235548    
     18432  0.97253734    
     18720  0.97266912    
     19008  0.97278816    
     19296  0.97286910    
     19584  0.97290254    
     19872  0.97288954    
     20160  0.97283083    
     20448  0.97273767    
     20736  0.97259897    
     21024  0.97245717    
     21312  0.97226954    
     21600  0.97204757    
     21888  0.97177917    
     22176  0.97146410    
     22464  0.97110182    
     22752  0.97070497    
     23040  0.97025967    
     23328  0.96982199    
     23616  0.96933454    
     23904  0.96881163    
     24192  0.96823722    
     24480  0.96761125    
     24768  0.96693295    
     25056  0.96622020    
     25344  0.96545410    
     25632  0.96471071    
     25920  0.96391326    
     26208  0.96308446    
     26496  0.96220195    
     26784  0.96126628    
     27072  0.96027833    
     27360  0.95923924    
     27648  0.95818007    
     27936  0.95719850    
     28224  0.95616639    
     28512  0.95508504    
     28800  0.95399463    
     29088  0.95285851    
     29376  0.95167989    
     29664  0.95046180    
     29952  0.94925481    
     30240  0.94820255    
     30528  0.94710404    
     30816  0.94596422    
     31104  0.94478762    
     31392  0.94363761    
     31680  0.94245392    
     31968  0.94124085    
     32256  0.94000357    
     32544  0.93909353    
     32832  0.93812436    
     33120  0.93710494    
     33408  0.93604410    
     33696  0.93494952    
     33984  0.93391520    
     34272  0.93284583    
     34560  0.93174922    
     34848  0.93100917    
     35136  0.93018901    
     35424  0.92930603    
     35712  0.92847931    
     36000  0.92759371    
     36288  0.92666316    
     36576  0.92569929    
     36864  0.92471123    
     37152  0.92420340    
     37440  0.92370111    
     37728  0.92307919    
     38016  0.92236781    
     38304  0.92158979    
     38592  0.92076290    
     38880  0.91989994    
     39168  0.91901034    
     39456  0.91873229    
     39744  0.91842300    
     40032  0.91793793    
     40320  0.91732317    
     40608  0.91660851    
     40896  0.91581339    
     41184  0.91495878    
     41472  0.91405725    
     41760  0.91389155    
     42048  0.91343969    
     42336  0.91276312    
     42624  0.91189641    
     42912  0.91086161    
     43200  0.90986079    
     43488  0.90868527    
     43776  0.90740722    
     44064  0.90708852    
     44352  0.90660715    
     44640  0.90618461    
     44928  0.90596581    
     45216  0.90602726    
     45504  0.90639192    
     45792  0.90704715    
     46080  0.90796036    
     46368  0.90909219    
     46656  0.91040343    
     46944  0.91185868    
     47232  0.91429794    
     47520  0.91648048    
     47808  0.91851646    
     48096  0.92046827    
     48384  0.92237097    
     48672  0.92424363    
     48960  0.92609501    
     49248  0.92792881    
     49536  0.92974508    
     49824  0.93154192    
     50112  0.93331689    
     50400  0.93495178    
     50688  0.93659878    
     50976  0.93824124    
     51264  0.93986744    
     51552  0.94146913    
     51840  0.94304001    
     52128  0.94457561    
     52416  0.94607258    
     52704  0.94752842    
     52992  0.94894141    
     53280  0.95031023    
     53568  0.95163399    
     53856  0.95291215    
     54144  0.95408016    
     54432  0.95522082    
     54720  0.95632905    
     55008  0.95740151    
     55296  0.95843607    
     55584  0.95943135    
     55872  0.96038663    
     56160  0.96130162    
     56448  0.96217650    
     56736  0.96301138    
     57024  0.96376532    
     57312  0.96449035    
     57600  0.96498799    
     57888  0.96549803    
     58176  0.96600997    
     58464  0.96651626    
     58752  0.96701097    
     59040  0.96748972    
     59328  0.96791548    
     59616  0.96832621    
     59904  0.96871877    
     60192  0.96892488    
     60480  0.96913910    
     60768  0.96935433    
     61056  0.96956497    
     61344  0.96976668    
     61632  0.96995574    
     61920  0.97010028    
     62208  0.97007084    
     62496  0.97005177    
     62784  0.97003669    
     63072  0.97002059    
     63360  0.96999907    
     63648  0.96996874    
     63936  0.96975815    
     64224  0.96952754    
     64512  0.96930552    
     64800  0.96908534    
     65088  0.96885949    
     65376  0.96862197    
     65664  0.96818066    
     65952  0.96774405    
     66240  0.96730483    
     66528  0.96682274    
     66816  0.96633059    
     67104  0.96560282    
     67392  0.96488243    
     67680  0.96416181    
     67968  0.96343464    
     68256  0.96243346    
     68544  0.96144736    
     68832  0.96046883    
     69120  0.95944405    
     69408  0.95809692    
     69696  0.95678669    
     69984  0.95550531    
     70272  0.95424604    
     70560  0.95300341    
     70848  0.95134491    
     71136  0.94975531    
     71424  0.94822592    
     71712  0.94667417    
     72000  0.94452071    
     72288  0.94252062    
     72576  0.94065797    
     72864  0.93891788    
     73152  0.93728775    
     73440  0.93504059    
     73728  0.93301958    
     74016  0.93119872    
     74304  0.92955601    
     74592  0.92706990    
     74880  0.92494082    
     75168  0.92312163    
     75456  0.92056185    
     75744  0.91846925    
     76032  0.91677254    
     76320  0.91541290    
     76608  0.91318345    
     76896  0.91150564    
     77184  0.91010499    
     77472  0.90913552    
     77760  0.90724206    
     78048  0.90601200    
     78336  0.90529913    
     78624  0.90496618    
     78912  0.90355766    
     79200  0.90273064    
     79488  0.90232718    
     79776  0.90203375    
     80064  0.90060848    
     80352  0.89978063    
     80640  0.89939010    
     80928  0.89931726    
     81216  0.89802170    
     81504  0.89729679    
     81792  0.89699042    
     82080  0.89678431    
     82368  0.89685982    
     82656  0.89564174    
     82944  0.89497888    
     83232  0.89472717    
     83520  0.89477801    
     83808  0.89352512    
     84096  0.89262563    
     84384  0.89220333    
     84672  0.89213532    
     84960  0.89232910    
     85248  0.89115745    
     85536  0.89052778    
     85824  0.89030522    
     86112  0.89017957    
     86400  0.89033294    
     86688  0.88911319    
     86976  0.88843614    
     87264  0.88817108    
     87552  0.88821566    
     87840  0.88828975    
     88128  0.88858646    
     88416  0.88746828    
     88704  0.88684553    
     88992  0.88660252    
     89280  0.88664776    
     89568  0.88671178    
     89856  0.88698512    
     90144  0.88741571    
     90432  0.88640553    
     90720  0.88582641    
     91008  0.88558149    
     91296  0.88539720    
     91584  0.88545007    
     91872  0.88568294    
     92160  0.88605088    
     92448  0.88651896    
     92736  0.88705999    
     93024  0.88747680    
     93312  0.88647711    
     93600  0.88582528    
     93888  0.88544822    
     94176  0.88528550    
     94464  0.88510716    
     94752  0.88508838    
     95040  0.88519055    
     95328  0.88538265    
     95616  0.88563985    
     95904  0.88594204    
     96192  0.88610542    
     96480  0.88631600    
     96768  0.88655716    
     97056  0.88681585    
     97344  0.88708121    
     97632  0.88734466    
     97920  0.88759881    
     98208  0.88768214    
     98496  0.88777155    
     98784  0.88785863    
     99072  0.88793570    
     99360  0.88799697    
     99648  0.88803732    
     99936  0.88805264    
    100224  0.88788968    
    100512  0.88771784    
    100800  0.88753080    
    101088  0.88732326    
    101376  0.88709062    
    101664  0.88682920    
    101952  0.88777357    
    102240  0.88848412    
    102528  0.88899446    
    102816  0.88933140    
    103104  0.88937980    
    103392  0.88931304    
    103680  0.88914144    
    103968  0.88887382    
    104256  0.88851714    
    104544  0.88807738    
    104832  0.88872373    
