         1  0.94502658    
        24  0.95194238    
        48  0.95667481    
        72  0.95975566    
        96  0.96183538    
       120  0.96326190    
       144  0.96423858    
       168  0.96489245    
       192  0.96530712    
       216  0.96554011    
       240  0.96563244    
       264  0.96561402    
       288  0.96550733    
       312  0.96532965    
       336  0.96509445    
       360  0.96481240    
       384  0.96449202    
       408  0.96414030    
       432  0.96376288    
       456  0.96336448    
       480  0.96294892    
       504  0.96251959    
       528  0.96207917    
       552  0.96162999    
       576  0.96117407    
       600  0.96071321    
       624  0.96024889    
       648  0.95978242    
       672  0.95931500    
       696  0.95884776    
       720  0.95838159    
       744  0.95791739    
       768  0.95745605    
       792  0.95699829    
       816  0.95654482    
       840  0.95609629    
       864  0.95565343    
       888  0.95521683    
       912  0.95478702    
       936  0.95436466    
       960  0.95395017    
       984  0.95354414    
      1008  0.95314699    
      1032  0.95275927    
      1056  0.95822561    
      1080  0.96175253    
      1104  0.96413338    
      1128  0.96578169    
      1152  0.96693474    
      1176  0.96773893    
      1200  0.96828961    
      1224  0.96925980    
      1248  0.96993655    
      1272  0.97039914    
      1296  0.97070241    
      1320  0.97088546    
      1344  0.97097713    
      1368  0.97099900    
      1392  0.97096777    
      1416  0.97089630    
      1440  0.97079480    
      1464  0.97067130    
      1488  0.97053212    
      1512  0.97038239    
      1536  0.97022623    
      1560  0.97006667    
      1584  0.96990633    
      1608  0.96974713    
      1632  0.96959054    
      1656  0.96943957    
      1680  0.96929705    
      1704  0.96916252    
      1728  0.96903551    
      1752  0.96891558    
      1776  0.96880227    
      1800  0.96869516    
      1824  0.96859384    
      1848  0.96849781    
      1872  0.96840668    
      1896  0.96831989    
      1920  0.96823704    
      1944  0.96815860    
      1968  0.96808541    
      1992  0.96801609    
      2016  0.96794957    
      2040  0.96788490    
      2064  0.96782249    
      2088  0.96776104    
      2112  0.96769929    
      2136  0.96763623    
      2160  0.96757090    
      2184  0.96750242    
      2208  0.96742994    
      2232  0.96735263    
      2256  0.96726978    
      2280  0.96718091    
      2304  0.96708536    
      2328  0.96698272    
      2352  0.96687275    
      2376  0.96675521    
      2400  0.96663028    
      2424  0.96649808    
      2448  0.96743822    
      2472  0.96798974    
      2496  0.96829474    
      2520  0.96843976    
      2544  0.96848005    
      2568  0.96845192    
      2592  0.96837980    
      2616  0.96828067    
      2640  0.96816629    
      2664  0.96804506    
      2688  0.96792316    
      2712  0.96780497    
      2736  0.96769392    
      2760  0.96759242    
      2784  0.96750247    
      2808  0.96742660    
      2832  0.96736592    
      2856  0.96732044    
      2880  0.96729010    
      2904  0.96727467    
      2928  0.96727389    
      2952  0.96728748    
      2976  0.96721441    
      3000  0.96712685    
      3024  0.96694082    
      3048  0.96683472    
      3072  0.96679014    
      3096  0.96679240    
      3120  0.96683049    
      3144  0.96689612    
      3168  0.97100466    
      3192  0.97319591    
      3216  0.97447598    
      3240  0.97527140    
      3264  0.97579139    
      3288  0.97614884    
      3312  0.97640795    
      3336  0.97660697    
      3360  0.97676891    
      3384  0.97690773    
      3408  0.97703230    
      3432  0.97714806    
      3456  0.97725844    
      3480  0.97736573    
      3504  0.97747117    
      3528  0.97757566    
      3552  0.97767973    
      3576  0.97778362    
      3600  0.97788757    
      3624  0.97799158    
      3648  0.97809571    
      3672  0.97819996    
      3696  0.97830433    
      3720  0.97840869    
      3744  0.97851312    
      3768  0.97861743    
      3792  0.97872168    
      3816  0.97882575    
      3840  0.97892964    
      3864  0.97903323    
      3888  0.97913659    
      3912  0.97923958    
      3936  0.97934222    
      3960  0.97944444    
      3984  0.97954619    
      4008  0.97964746    
      4032  0.97974819    
      4056  0.97984838    
      4080  0.97994804    
      4104  0.98004711    
      4128  0.98014551    
      4152  0.98024327    
      4176  0.98034036    
      4200  0.98043680    
      4224  0.98053253    
      4248  0.98062754    
      4272  0.98072183    
      4296  0.98081541    
      4320  0.98090822    
      4344  0.98100024    
      4368  0.98109156    
      4392  0.98118210    
      4416  0.98127180    
      4440  0.98136079    
      4464  0.98144913    
      4488  0.98153704    
      4512  0.98162442    
      4536  0.98171115    
      4560  0.98179722    
      4584  0.98188263    
      4608  0.98196721    
      4632  0.98205113    
      4656  0.98213434    
      4680  0.98221678    
      4704  0.98229855    
      4728  0.98237962    
      4752  0.98245996    
      4776  0.98253965    
      4800  0.98261869    
      4824  0.98269707    
      4848  0.98277485    
      4872  0.98285198    
      4896  0.98292857    
      4920  0.98300463    
      4944  0.98308009    
      4968  0.98315501    
      4992  0.98322952    
      5016  0.98330349    
      5040  0.98337704    
      5064  0.98345017    
      5088  0.98352289    
      5112  0.98359525    
      5136  0.98366725    
      5160  0.98373896    
      5184  0.98381042    
      5208  0.98388159    
      5232  0.98395258    
      5256  0.98402333    
      5280  0.98409396    
      5304  0.98416448    
      5328  0.98423487    
      5352  0.98430556    
      5376  0.98437649    
      5400  0.98444784    
      5424  0.98214012    
      5448  0.98053312    
      5472  0.97950715    
      5496  0.97888893    
      5520  0.97853154    
      5544  0.97833252    
      5568  0.97822690    
      5592  0.97817576    
      5616  0.97815609    
      5640  0.97815454    
      5664  0.97816336    
      5688  0.97817796    
      5712  0.97819579    
      5736  0.97821516    
      5760  0.97823524    
      5784  0.97825545    
      5808  0.97827542    
      5832  0.97829491    
      5856  0.97831380    
      5880  0.97833222    
      5904  0.97752064    
      5928  0.97701001    
      5952  0.97669941    
      5976  0.97651589    
      6000  0.97641116    
      6024  0.97635514    
      6048  0.97632885    
      6072  0.97632039    
      6096  0.97632259    
      6120  0.97633111    
      6144  0.97634369    
      6168  0.97635919    
      6192  0.97637641    
      6216  0.97639453    
      6240  0.97641313    
      6264  0.97643203    
      6288  0.97645098    
      6312  0.97646999    
      6336  0.97648907    
      6360  0.97650814    
      6384  0.97652727    
      6408  0.97654665    
      6432  0.97656614    
      6456  0.97658604    
      6480  0.97660631    
      6504  0.97662717    
      6528  0.97664875    
      6552  0.97667116    
      6576  0.97669458    
      6600  0.97671920    
      6624  0.97240412    
      6648  0.96899366    
      6672  0.96648186    
      6696  0.96469259    
      6720  0.96341491    
      6744  0.96247160    
      6768  0.96173555    
      6792  0.96112335    
      6816  0.96058333    
      6840  0.96008438    
      6864  0.95960826    
      6888  0.95914471    
      6912  0.95868802    
      6936  0.95823526    
      6960  0.95778507    
      6984  0.95733720    
      7008  0.95689178    
      7032  0.95644957    
      7056  0.95601141    
      7080  0.95557851    
      7104  0.95515203    
      7128  0.95473343    
      7152  0.95432407    
      7176  0.95392555    
      7200  0.95353937    
      7224  0.95316702    
      7248  0.95280999    
      7272  0.95246965    
      7296  0.95214736    
      7320  0.95184433    
      7344  0.95156151    
      7368  0.95129973    
      7392  0.95105946    
      7416  0.95084107    
      7440  0.95064449    
      7464  0.95046943    
      7488  0.95031524    
      7512  0.95018095    
      7536  0.95006526    
      7560  0.94996661    
      7584  0.94988328    
      7608  0.94981307    
      7632  0.94975382    
      7656  0.94970316    
      7680  0.94965857    
      7704  0.94961756    
      7728  0.94957757    
      7752  0.94953609    
      7776  0.94949073    
      7800  0.94943899    
      7824  0.94937879    
      7848  0.94930792    
      7872  0.94922441    
      7896  0.94912642    
      7920  0.94901222    
      7944  0.94789326    
      7968  0.94695181    
      7992  0.94614488    
      8016  0.94543594    
      8040  0.94479501    
      8064  0.94419861    
      8088  0.94362789    
      8112  0.94306844    
      8136  0.94250882    
      8160  0.94194001    
      8184  0.94135487    
      8208  0.94074774    
      8232  0.94011390    
      8256  0.93944949    
      8280  0.93875104    
      8304  0.93801564    
      8328  0.93724072    
      8352  0.93642372    
      8376  0.93556237    
      8400  0.93465436    
      8424  0.93369740    
      8448  0.93268937    
      8472  0.93162781    
      8496  0.93051046    
      8520  0.92933482    
      8544  0.92809832    
      8568  0.92679834    
      8592  0.92543203    
      8616  0.92399639    
      8640  0.92249441    
      8664  0.92093337    
      8688  0.91931975    
      8712  0.91764849    
      8736  0.91591436    
