         1   106.00000    
        24   234.18495    
        48   262.04828    
        72   291.69907    
        96   322.42474    
       120   353.63217    
       144   384.77881    
       168   415.37549    
       192   445.00421    
       216   473.33609    
       240   500.13885    
       264   525.27649    
       288   548.69910    
       312   570.42865    
       336   590.54193    
       360   609.15344    
       384   626.39966    
       408   642.42804    
       432   657.38666    
       456   671.41632    
       480   684.64905    
       504   697.20190    
       528   709.17908    
       552   720.67029    
       576   731.75189    
       600   742.48743    
       624   752.92950    
       648   763.12042    
       672   773.09375    
       696   782.87567    
       720   792.48566    
       744   801.93762    
       768   811.24152    
       792   820.40283    
       816   829.42444    
       840   838.30646    
       864   847.04730    
       888   855.64331    
       912   864.09003    
       936   872.38196    
       960   880.51294    
       984   888.47595    
      1008   896.26440    
      1032   903.87115    
      1056   836.49194    
      1080   766.05841    
      1104   714.09326    
      1128   676.44586    
      1152   649.01770    
      1176   629.02454    
      1200   614.59094    
      1224   602.13800    
      1248   588.18042    
      1272   576.61713    
      1296   568.02899    
      1320   562.12061    
      1344   558.42334    
      1368   556.48932    
      1392   555.93579    
      1416   556.44788    
      1440   557.76996    
      1464   559.69629    
      1488   562.06189    
      1512   564.73572    
      1536   567.61316    
      1560   570.61230    
      1584   573.66937    
      1608   576.73450    
      1632   579.76990    
      1656   582.71808    
      1680   585.51654    
      1704   588.15747    
      1728   590.64685    
      1752   592.99292    
      1776   595.20538    
      1800   597.29279    
      1824   599.26434    
      1848   601.12866    
      1872   602.89520    
      1896   604.57300    
      1920   606.17194    
      1944   607.70074    
      1968   609.15479    
      1992   610.52844    
      2016   611.83948    
      2040   613.10626    
      2064   614.32385    
      2088   615.51361    
      2112   616.69873    
      2136   617.90118    
      2160   619.14142    
      2184   620.43762    
      2208   621.80682    
      2232   623.26489    
      2256   624.82648    
      2280   626.50458    
      2304   628.31110    
      2328   630.25604    
      2352   632.34607    
      2376   634.58643    
      2400   636.97815    
      2424   639.51929    
      2448   633.49426    
      2472   621.58563    
      2496   613.72235    
      2520   609.48456    
      2544   607.77045    
      2568   607.74188    
      2592   608.81787    
      2616   610.59650    
      2640   612.79694    
      2664   615.22015    
      2688   617.72327    
      2712   620.20215    
      2736   622.57983    
      2760   624.79877    
      2784   626.81622    
      2808   628.59576    
      2832   630.10095    
      2856   631.31512    
      2880   632.23767    
      2904   632.87054    
      2928   633.21747    
      2952   633.28491    
      2976   628.79578    
      3000   619.72528    
      3024   594.59808    
      3048   578.05475    
      3072   567.94861    
      3096   561.56586    
      3120   557.25800    
      3144   554.07446    
      3168   499.41202    
      3192   456.01761    
      3216   428.79239    
      3240   411.57339    
      3264   400.43195    
      3288   393.02509    
      3312   387.92123    
      3336   384.23007    
      3360   381.40222    
      3384   379.09848    
      3408   377.10916    
      3432   375.30490    
      3456   373.60608    
      3480   371.96420    
      3504   370.35001    
      3528   368.74612    
      3552   367.14249    
      3576   365.53378    
      3600   363.91733    
      3624   362.29254    
      3648   360.65948    
      3672   359.01904    
      3696   357.37225    
      3720   355.72043    
      3744   354.06473    
      3768   352.40656    
      3792   350.74725    
      3816   349.08774    
      3840   347.42935    
      3864   345.77295    
      3888   344.11938    
      3912   342.46967    
      3936   340.82446    
      3960   339.18451    
      3984   337.55051    
      4008   335.92310    
      4032   334.30267    
      4056   332.68991    
      4080   331.08527    
      4104   329.48901    
      4128   327.90155    
      4152   326.32318    
      4176   324.75427    
      4200   323.19522    
      4224   321.64600    
      4248   320.10696    
      4272   318.57825    
      4296   317.06003    
      4320   315.55249    
      4344   314.05582    
      4368   312.56989    
      4392   311.09473    
      4416   309.63052    
      4440   308.17715    
      4464   306.73450    
      4488   305.30075    
      4512   303.87344    
      4536   302.45407    
      4560   301.04379    
      4584   299.64322    
      4608   298.25250    
      4632   296.87173    
      4656   295.50089    
      4680   294.14001    
      4704   292.78885    
      4728   291.44727    
      4752   290.11505    
      4776   288.79196    
      4800   287.47781    
      4824   286.17218    
      4848   284.87509    
      4872   283.58600    
      4896   282.30478    
      4920   281.03119    
      4944   279.76468    
      4968   278.50494    
      4992   277.25177    
      5016   276.00476    
      5040   274.76349    
      5064   273.52768    
      5088   272.29697    
      5112   271.07083    
      5136   269.84891    
      5160   268.63086    
      5184   267.41620    
      5208   266.20459    
      5232   264.99561    
      5256   263.78867    
      5280   262.58347    
      5304   261.37946    
      5328   260.17627    
      5352   258.96820    
      5376   257.75464    
      5400   256.53226    
      5424   292.99655    
      5448   323.55298    
      5472   343.03687    
      5496   354.75925    
      5520   361.49054    
      5544   365.16437    
      5568   367.02026    
      5592   367.81567    
      5616   368.00101    
      5640   367.84042    
      5664   367.48785    
      5688   367.03244    
      5712   366.52545    
      5736   365.99670    
      5760   365.46338    
      5784   364.93515    
      5808   364.41736    
      5832   363.91315    
      5856   363.42401    
      5880   362.94672    
      5904   371.40250    
      5928   381.00806    
      5952   386.91177    
      5976   390.35580    
      6000   392.26620    
      6024   393.22556    
      6048   393.60501    
      6072   393.63562    
      6096   393.45923    
      6120   393.16217    
      6144   392.78995    
      6168   392.36603    
      6192   391.91415    
      6216   391.44897    
      6240   390.97934    
      6264   390.51025    
      6288   390.04449    
      6312   389.58371    
      6336   389.12823    
      6360   388.67801    
      6384   388.23264    
      6408   387.79102    
      6432   387.35190    
      6456   386.91415    
      6480   386.47595    
      6504   386.03546    
      6528   385.59070    
      6552   385.13943    
      6576   384.67944    
      6600   384.20773    
      6624   446.78024    
      6648   512.17291    
      6672   559.96063    
      6696   593.42603    
      6720   616.80115    
      6744   633.54718    
      6768   646.14978    
      6792   656.26038    
      6816   664.92194    
      6840   672.76904    
      6864   680.17786    
      6888   687.36401    
      6912   694.44727    
      6936   701.48975    
      6960   708.52100    
      6984   715.54828    
      7008   722.56836    
      7032   729.56958    
      7056   736.53546    
      7080   743.44696    
      7104   750.28186    
      7128   757.01581    
      7152   763.62451    
      7176   770.08228    
      7200   776.36304    
      7224   782.44110    
      7248   788.29102    
      7272   793.88904    
      7296   799.21252    
      7320   804.24048    
      7344   808.95532    
      7368   813.34259    
      7392   817.39142    
      7416   821.09534    
      7440   824.45227    
      7464   827.46503    
      7488   830.14221    
      7512   832.49689    
      7536   834.54742    
      7560   836.31702    
      7584   837.83325    
      7608   839.12787    
      7632   840.23596    
      7656   841.19482    
      7680   842.04376    
      7704   842.82355    
      7728   843.57550    
      7752   844.34033    
      7776   845.15833    
      7800   846.06866    
      7824   847.10852    
      7848   848.31366    
      7872   849.71783    
      7896   851.35260    
      7920   853.24719    
      7944   860.57361    
      7968   875.79834    
      7992   890.31470    
      8016   903.17865    
      8040   914.68079    
      8064   925.22980    
      8088   935.17822    
      8112   944.80591    
      8136   954.33209    
      8160   963.92871    
      8184   973.73224    
      8208   983.85132    
      8232   994.37421    
      8256   1005.3741    
      8280   1016.9132    
      8304   1029.0452    
      8328   1041.8182    
      8352   1055.2764    
      8376   1069.4611    
      8400   1084.4121    
      8424   1100.1691    
      8448   1116.7712    
      8472   1134.2579    
      8496   1152.6696    
      8520   1172.0491    
      8544   1192.4402    
      8568   1213.8885    
      8592   1236.4418    
      8616   1260.1508    
      8640   1284.9788    
      8664   1310.8101    
      8688   1337.5227    
      8712   1365.1658    
      8736   1393.8180    
