         1   106.00000    
       288   169.47589    
       576   161.82175    
       864   151.15207    
      1152   141.58446    
      1440   133.57298    
      1728   123.19244    
      2016   112.13580    
      2304   108.62438    
      2592   105.77298    
      2880   100.36137    
      3168   95.552361    
      3456   92.674248    
      3744   90.803345    
      4032   89.513916    
      4320   88.585312    
      4608   87.893112    
      4896   87.362610    
      5184   86.946625    
      5472   86.614143    
      5760   86.344093    
      6048   86.121681    
      6336   85.936310    
      6624   85.780212    
      6912   85.647552    
      7200   85.533920    
      7488   85.435837    
      7776   85.350769    
      8064   85.276436    
      8352   85.211273    
      8640   85.153763    
      8928   85.102982    
      9216   85.057785    
      9504   85.017570    
      9792   84.981506    
     10080   84.949417    
     10368   84.920258    
     10656   84.894325    
     10944   84.870827    
     11232   84.849533    
     11520   84.830154    
     11808   84.812576    
     12096   84.796936    
     12384   84.782364    
     12672   84.769180    
     12960   84.757225    
     13248   84.746239    
     13536   84.735970    
     13824   84.727180    
     14112   84.718391    
     14400   84.710602    
     14688   84.704010    
     14976   84.697418    
     15264   84.690826    
     15552   86.491997    
     15840   97.468491    
     16128   116.15369    
     16416   124.94672    
     16704   125.65710    
     16992   124.61947    
     17280   123.84025    
     17568   123.16189    
     17856   115.18338    
     18144   97.135109    
     18432   93.659256    
     18720   92.902885    
     19008   92.333046    
     19296   92.017136    
     19584   91.859772    
     19872   91.841324    
     20160   91.943077    
     20448   92.102951    
     20736   92.367012    
     21024   92.501328    
     21312   92.788528    
     21600   93.125267    
     21888   93.565598    
     22176   94.109703    
     22464   94.752411    
     22752   95.414558    
     23040   96.175987    
     23328   96.636047    
     23616   97.247574    
     23904   97.878746    
     24192   98.619606    
     24480   99.460579    
     24768   100.38670    
     25056   101.26440    
     25344   102.21949    
     25632   102.62859    
     25920   103.18911    
     26208   103.71721    
     26496   104.35440    
     26784   105.07650    
     27072   105.86090    
     27360   106.68959    
     27648   107.37897    
     27936   107.19340    
     28224   107.26237    
     28512   107.51771    
     28800   107.73656    
     29088   108.10515    
     29376   108.58562    
     29664   109.14832    
     29952   109.57496    
     30240   109.02558    
     30528   108.83598    
     30816   108.90023    
     31104   109.14194    
     31392   109.30707    
     31680   109.60960    
     31968   110.00148    
     32256   110.44629    
     32544   109.57281    
     32832   109.12289    
     33120   108.95001    
     33408   108.95364    
     33696   109.06366    
     33984   109.01670    
     34272   109.06313    
     34560   109.15740    
     34848   108.13213    
     35136   107.48975    
     35424   107.08481    
     35712   106.60945    
     36000   106.28896    
     36288   106.05808    
     36576   105.87378    
     36864   105.70824    
     37152   104.44924    
     37440   103.36625    
     37728   102.59778    
     38016   102.02261    
     38304   101.56389    
     38592   101.17294    
     38880   100.81904    
     39168   100.48276    
     39456   99.129158    
     39744   97.955070    
     40032   97.091225    
     40320   96.419281    
     40608   95.865105    
     40896   95.702560    
     41184   95.808907    
     41472   95.809036    
     41760   94.758278    
     42048   93.981903    
     42336   93.365852    
     42624   92.843948    
     42912   92.377129    
     43200   91.750458    
     43488   91.213242    
     43776   90.730629    
     44064   89.398659    
     44352   88.422836    
     44640   87.667831    
     44928   87.050545    
     45216   86.519432    
     45504   86.042160    
     45792   85.598724    
     46080   85.176613    
     46368   84.767906    
     46656   84.367729    
     46944   83.973045    
     47232   82.773903    
     47520   81.886284    
     47808   81.192108    
     48096   80.618645    
     48384   80.120972    
     48672   79.670799    
     48960   79.250793    
     49248   78.850235    
     49536   78.462318    
     49824   78.082794    
     50112   77.709023    
     50400   77.497490    
     50688   77.230942    
     50976   76.929985    
     51264   76.607803    
     51552   76.272766    
     51840   75.930107    
     52128   75.583237    
     52416   75.234306    
     52704   74.884758    
     52992   74.535324    
     53280   74.186577    
     53568   73.838745    
     53856   73.492126    
     54144   73.296227    
     54432   73.047028    
     54720   72.764328    
     55008   72.460831    
     55296   72.144524    
     55584   71.820587    
     55872   71.492325    
     56160   71.161636    
     56448   70.829796    
     56736   70.497612    
     57024   70.304932    
     57312   70.062096    
     57600   70.512886    
     57888   70.678398    
     58176   70.662201    
     58464   70.531288    
     58752   70.328232    
     59040   70.079865    
     59328   69.943108    
     59616   69.738045    
     59904   69.488724    
     60192   69.953812    
     60480   70.132202    
     60768   70.127213    
     61056   70.005608    
     61344   69.809776    
     61632   69.566719    
     61920   69.431480    
     62208   69.992027    
     62496   70.236046    
     62784   70.275307    
     63072   70.182770    
     63360   70.005325    
     63648   69.772934    
     63936   70.286339    
     64224   70.646164    
     64512   70.762672    
     64800   70.720421    
     65088   70.574486    
     65376   70.359840    
     65664   70.910194    
     65952   71.150818    
     66240   71.188225    
     66528   71.234444    
     66816   71.144318    
     67104   71.802330    
     67392   72.116020    
     67680   72.200737    
     67968   72.133461    
     68256   72.826752    
     68544   73.165421    
     68832   73.267326    
     69120   73.357491    
     69408   74.187988    
     69696   74.621597    
     69984   74.787331    
     70272   74.772873    
     70560   74.637085    
     70848   75.339165    
     71136   75.687134    
     71424   75.795082    
     71712   75.889252    
     72000   76.981255    
     72288   77.600822    
     72576   77.895935    
     72864   77.969147    
     73152   77.890305    
     73440   78.695099    
     73728   79.119827    
     74016   79.282310    
     74304   79.263664    
     74592   80.297050    
     74880   80.885460    
     75168   81.162376    
     75456   82.278442    
     75744   82.927650    
     76032   83.249481    
     76320   83.342430    
     76608   84.364586    
     76896   84.952499    
     77184   85.403542    
     77472   85.587654    
     77760   86.718719    
     78048   87.389076    
     78336   87.731628    
     78624   87.840927    
     78912   88.954582    
     79200   89.618553    
     79488   89.960915    
     79776   90.246193    
     80064   91.532425    
     80352   92.327934    
     80640   92.768486    
     80928   92.951622    
     81216   94.202637    
     81504   94.979088    
     81792   95.410385    
     82080   95.771774    
     82368   95.897476    
     82656   97.152489    
     82944   97.936852    
     83232   98.375015    
     83520   98.556702    
     83808   99.882652    
     84096   100.91439    
     84384   101.53841    
     84672   101.85481    
     84960   101.93925    
     85248   103.22677    
     85536   104.03532    
     85824   104.48567    
     86112   104.85175    
     86400   104.96279    
     86688   106.28529    
     86976   107.11211    
     87264   107.56557    
     87552   107.73169    
     87840   107.85938    
     88128   107.77149    
     88416   108.93018    
     88704   109.62039    
     88992   109.95973    
     89280   110.02795    
     89568   110.06309    
     89856   109.90183    
     90144   109.58311    
     90432   110.53400    
     90720   111.07740    
     91008   111.32673    
     91296   111.51667    
     91584   111.51739    
     91872   111.36553    
     92160   111.10326    
     92448   110.76495    
     92736   110.37927    
     93024   110.08611    
     93312   111.10868    
     93600   111.85454    
     93888   112.38847    
     94176   112.78042    
     94464   113.16433    
     94752   113.52995    
     95040   113.84019    
     95328   114.10967    
     95616   114.34965    
     95904   114.61974    
     96192   114.81578    
     96480   114.90586    
     96768   114.61602    
     97056   113.78274    
     97344   112.56315    
     97632   111.53835    
     97920   110.66592    
     98208   109.91417    
     98496   109.26064    
     98784   108.68858    
     99072   108.18502    
     99360   107.73973    
     99648   107.34445    
     99936   106.99236    
    100224   106.67783    
    100512   106.39610    
    100800   106.14323    
    101088   105.91577    
    101376   105.71081    
    101664   105.52589    
    101952   105.35876    
    102240   105.20753    
    102528   105.07059    
    102816   104.94646    
    103104   104.83382    
    103392   104.73152    
    103680   104.63860    
    103968   104.55412    
    104256   104.47729    
    104544   104.40737    
    104832   104.34372    
