         1   106.00000    
       288   266.15955    
       576   300.23624    
       864   335.26828    
      1152   370.25308    
      1440   404.01819    
      1728   431.00818    
      2016   454.26547    
      2304   472.86765    
      2592   486.08554    
      2880   493.41492    
      3168   494.59305    
      3456   485.60999    
      3744   472.06534    
      4032   453.95703    
      4320   432.07617    
      4608   407.66034    
      4896   382.10446    
      5184   355.66467    
      5472   331.64154    
      5760   310.25491    
      6048   291.54910    
      6336   275.42078    
      6624   261.67145    
      6912   250.30261    
      7200   240.90475    
      7488   233.07613    
      7776   226.56154    
      8064   221.12730    
      8352   216.80550    
      8640   213.15631    
      8928   210.07356    
      9216   207.47339    
      9504   205.28549    
      9792   203.44997    
     10080   201.88644    
     10368   200.53270    
     10656   199.38846    
     10944   198.43793    
     11232   197.66109    
     11520   197.03726    
     11808   196.29462    
     12096   195.64705    
     12384   195.12854    
     12672   194.73398    
     12960   194.44911    
     13248   193.82919    
     13536   193.34473    
     13824   192.94031    
     14112   192.65482    
     14400   192.47537    
     14688   192.38344    
     14976   192.36223    
     15264   191.73190    
     15552   191.26189    
     15840   190.94142    
     16128   190.74307    
     16416   190.64165    
     16704   190.53578    
     16992   189.77187    
     17280   189.21521    
     17568   188.83173    
     17856   188.58458    
     18144   188.34940    
     18432   188.21188    
     18720   188.15230    
     19008   187.30690    
     19296   186.59296    
     19584   186.08472    
     19872   185.73767    
     20160   185.51270    
     20448   185.26604    
     20736   185.11302    
     21024   184.10342    
     21312   183.37074    
     21600   182.73088    
     21888   182.28128    
     22176   181.97655    
     22464   181.78110    
     22752   181.53740    
     23040   200.24586    
     23328   232.83122    
     23616   256.74744    
     23904   275.98993    
     24192   292.01315    
     24480   305.38531    
     24768   316.48444    
     25056   325.18307    
     25344   332.32431    
     25632   335.20993    
     25920   337.76797    
     26208   339.59421    
     26496   341.41965    
     26784   343.29706    
     27072   345.27832    
     27360   347.41699    
     27648   349.20206    
     27936   347.94229    
     28224   348.05118    
     28512   349.28104    
     28800   350.92151    
     29088   353.61267    
     29376   357.27255    
     29664   361.87790    
     29952   366.85223    
     30240   369.36386    
     30528   373.88187    
     30816   379.86768    
     31104   386.85876    
     31392   393.84439    
     31680   401.37912    
     31968   409.17163    
     32256   416.99683    
     32544   419.68600    
     32832   423.58432    
     33120   428.08716    
     33408   432.80414    
     33696   437.47534    
     33984   441.13242    
     34272   444.78177    
     34560   448.25290    
     34848   446.83124    
     35136   446.59607    
     35424   446.91040    
     35712   446.56992    
     36000   446.55273    
     36288   446.60693    
     36576   446.58975    
     36864   446.42480    
     37152   441.54919    
     37440   437.27496    
     37728   434.10339    
     38016   431.49078    
     38304   429.14011    
     38592   426.89059    
     38880   424.65762    
     39168   422.39746    
     39456   415.91577    
     39744   410.15674    
     40032   405.56708    
     40320   401.60266    
     40608   397.97394    
     40896   394.52646    
     41184   391.17813    
     41472   387.88480    
     41760   380.90479    
     42048   375.37955    
     42336   370.63779    
     42624   366.33597    
     42912   362.29883    
     43200   357.72934    
     43488   353.62183    
     43776   349.79416    
     44064   342.89127    
     44352   337.38156    
     44640   332.64438    
     44928   328.35889    
     45216   324.36584    
     45504   320.58142    
     45792   316.96021    
     46080   313.47604    
     46368   310.11203    
     46656   306.85577    
     46944   303.69739    
     47232   297.85062    
     47520   293.17273    
     47808   289.14084    
     48096   285.49945    
     48384   282.11581    
     48672   278.92053    
     48960   275.87564    
     49248   272.95880    
     49536   270.15372    
     49824   267.44913    
     50112   264.83557    
     50400   262.81552    
     50688   260.62811    
     50976   258.38321    
     51264   256.13693    
     51552   253.91711    
     51840   251.73663    
     52128   249.60016    
     52416   247.50890    
     52704   245.46188    
     52992   243.45773    
     53280   241.49448    
     53568   239.57063    
     53856   237.68443    
     54144   236.29225    
     54432   234.71645    
     54720   233.05988    
     55008   231.37714    
     55296   229.69589    
     55584   228.03009    
     55872   226.38634    
     56160   224.76741    
     56448   223.17410    
     56736   221.60635    
     57024   220.47810    
     57312   219.17717    
     57600   219.91446    
     57888   219.85246    
     58176   219.36464    
     58464   218.64345    
     58752   217.78716    
     59040   216.84700    
     59328   216.25928    
     59616   215.43927    
     59904   214.48651    
     60192   215.58478    
     60480   215.87920    
     60768   215.72919    
     61056   215.32118    
     61344   214.75243    
     61632   214.07475    
     61920   213.71532    
     62208   215.27925    
     62496   215.93484    
     62784   216.07603    
     63072   215.91096    
     63360   215.54977    
     63648   215.05197    
     63936   216.66370    
     64224   217.84315    
     64512   218.34332    
     64800   218.43686    
     65088   218.27094    
     65376   217.92743    
     65664   219.73689    
     65952   220.66588    
     66240   221.07475    
     66528   221.55748    
     66816   221.63266    
     67104   223.80952    
     67392   225.00937    
     67680   225.62416    
     67968   225.86560    
     68256   228.28180    
     68544   229.70045    
     68832   230.50896    
     69120   231.32967    
     69408   234.21080    
     69696   235.94785    
     69984   236.98123    
     70272   237.55463    
     70560   237.80240    
     70848   240.41261    
     71136   241.97961    
     71424   242.89491    
     71712   243.79259    
     72000   247.48096    
     72288   249.79088    
     72576   251.24402    
     72864   252.13252    
     73152   252.62152    
     73440   255.61011    
     73728   257.46738    
     74016   258.60126    
     74304   259.24292    
     74592   262.85580    
     74880   265.10101    
     75168   266.47571    
     75456   270.25604    
     75744   272.69626    
     76032   274.26978    
     76320   275.24997    
     76608   278.87045    
     76896   281.20956    
     77184   283.17044    
     77472   284.35428    
     77760   288.18192    
     78048   290.64124    
     78336   292.20288    
     78624   293.14481    
     78912   296.89395    
     79200   299.30978    
     79488   300.84192    
     79776   302.22086    
     80064   306.31873    
     80352   308.95316    
     80640   310.61636    
     80928   311.60590    
     81216   315.53201    
     81504   318.07269    
     81792   319.68210    
     82080   321.11060    
     82368   321.86609    
     82656   325.63818    
     82944   328.02313    
     83232   329.46936    
     83520   330.25537    
     83808   334.09067    
     84096   337.02505    
     84384   338.83020    
     84672   339.84567    
     84960   340.28568    
     85248   343.86255    
     85536   346.09262    
     85824   347.38663    
     86112   348.47443    
     86400   348.88757    
     86688   352.36807    
     86976   354.48444    
     87264   355.64227    
     87552   356.10776    
     87840   356.50339    
     88128   356.33948    
     88416   359.24365    
     88704   360.89545    
     88992   361.65616    
     89280   361.76944    
     89568   361.83423    
     89856   361.39172    
     90144   360.56671    
     90432   362.78662    
     90720   363.96420    
     91008   364.39902    
     91296   364.71820    
     91584   364.53296    
     91872   363.98300    
     92160   363.17401    
     92448   362.18188    
     92736   361.06345    
     93024   360.23727    
     93312   362.35760    
     93600   363.73520    
     93888   364.59052    
     94176   365.08633    
     94464   365.71429    
     94752   366.10291    
     95040   366.33609    
     95328   366.48154    
     95616   366.58896    
     95904   366.69565    
     96192   367.17493    
     96480   367.63214    
     96768   368.09445    
     97056   368.58893    
     97344   369.13712    
     97632   369.75668    
     97920   370.46280    
     98208   371.59100    
     98496   372.77542    
     98784   374.02435    
     99072   375.35825    
     99360   376.79218    
     99648   378.33859    
     99936   380.00644    
    100224   382.11041    
    100512   384.30762    
    100800   386.58801    
    101088   388.96249    
    101376   391.43887    
    101664   394.02142    
    101952   393.93326    
    102240   394.41800    
    102528   395.42798    
    102816   396.88327    
    103104   398.98779    
    103392   401.40201    
    103680   404.04639    
    103968   406.88892    
    104256   409.90036    
    104544   413.05313    
    104832   413.67786    
    105120   414.83139    
    105408   416.50226    
    105696   418.59378    
    105984   421.02548    
    106272   423.72626    
    106560   426.63495    
    106848   427.23615    
    107136   428.32224    
    107424   429.93445    
    107712   431.95963    
    108000   434.30194    
    108288   436.88022    
    108576   437.35455    
    108864   438.24731    
    109152   439.65555    
    109440   441.45868    
    109728   443.55634    
    110016   445.86060    
    110304   446.25732    
    110592   446.95731    
    110880   448.13522    
    111168   449.67206    
    111456   451.46680    
    111744   453.43552    
    112032   453.71793    
    112320   454.17938    
    112608   454.95779    
    112896   456.00903    
    113184   457.33160    
    113472   457.23212    
    113760   457.28381    
    114048   457.79755    
    114336   458.66699    
    114624   459.79013    
    114912   461.08389    
    115200   460.99203    
    115488   460.83817    
    115776   461.10089    
    116064   461.70172    
    116352   462.54630    
    116640   463.55542    
    116928   463.43112    
    117216   463.16183    
    117504   463.17636    
    117792   463.51416    
    118080   464.09738    
    118368   463.70078    
    118656   463.22519    
    118944   463.04385    
    119232   463.11856    
    119520   463.46014    
    119808   464.00079    
    120096   464.67734    
    120384   464.33600    
    120672   463.73578    
    120960   463.44019    
    121248   463.45398    
    121536   463.70612    
    121824   464.06699    
    122112   463.47421    
    122400   462.69061    
    122688   462.21341    
    122976   462.05460    
    123264   462.08466    
    123552   462.22552    
    123840   462.51199    
    124128   461.92072    
    124416   461.02832    
    124704   460.33508    
    124992   459.95932    
    125280   459.85431    
    125568   459.88849    
    125856   459.99362    
    126144   459.20163    
    126432   458.16666    
    126720   457.35901    
    127008   456.80045    
    127296   456.52786    
    127584   456.48688    
    127872   456.54666    
    128160   456.64917    
    128448   455.78210    
    128736   454.66278    
    129024   453.78772    
    129312   453.18521    
    129600   452.89389    
    129888   452.85648    
    130176   452.92810    
    130464   453.05673    
    130752   452.25192    
    131040   451.28784    
    131328   450.60086    
    131616   450.19928    
    131904   450.12482    
    132192   450.31409    
    132480   450.70184    
    132768   451.13644    
    133056   450.26328    
    133344   449.29807    
    133632   448.83264    
    133920   448.71140    
    134208   448.85687    
    134496   449.29620    
    134784   449.95639    
    135072   450.64151    
    135360   449.80652    
    135648   449.07336    
    135936   448.92654    
    136224   449.22705    
    136512   449.67966    
    136800   450.27682    
    137088   451.05264    
    137376   451.93634    
    137664   450.88770    
    137952   450.12091    
    138240   449.98694    
    138528   450.26907    
    138816   450.79944    
    139104   451.26334    
    139392   451.81082    
    139680   452.46552    
    139968   451.13531    
    140256   450.45688    
    140544   450.34805    
    140832   450.33792    
    141120   450.59686    
    141408   451.05579    
    141696   451.63000    
    141984   452.27048    
    142272   450.87769    
    142560   450.06216    
    142848   449.92056    
    143136   450.20486    
    143424   450.74826    
    143712   451.45517    
    144000   452.27505    
    144288   453.18280    
    144576   452.27682    
    144864   452.00830    
    145152   452.43912    
    145440   453.29462    
    145728   454.42505    
    146016   455.74258    
    146304   457.08844    
    146592   458.21259    
    146880   457.37088    
    147168   456.85083    
    147456   456.32214    
    147744   455.65268    
    148032   454.79980    
    148320   453.48810    
    148608   452.16553    
    148896   450.76248    
    149184   447.44394    
    149472   444.69788    
    149760   442.18658    
    150048   439.76605    
    150336   437.38727    
    150624   435.03607    
    150912   432.71057    
    151200   430.40604    
    151488   428.12289    
    151776   425.86096    
    152064   423.61902    
    152352   419.27881    
    152640   415.75479    
    152928   412.60675    
    153216   409.67026    
    153504   406.88263    
    153792   404.21573    
    154080   401.65472    
    154368   399.19022    
    154656   396.81433    
    154944   394.51691    
    155232   392.28799    
    155520   390.52393    
    155808   388.57281    
    156096   386.58228    
    156384   384.60706    
    156672   382.66711    
    156960   380.76901    
    157248   378.91415    
    157536   377.10074    
    157824   375.32684    
    158112   373.59299    
    158400   371.89929    
    158688   370.24594    
    158976   368.63345    
    159264   367.47546    
    159552   366.10452    
    159840   364.68060    
    160128   363.26340    
    160416   361.87491    
    160704   360.52188    
    160992   359.20444    
    161280   357.92279    
    161568   356.67639    
    161856   355.46396    
    162144   354.68732    
    162432   353.69717    
    162720   355.03244    
    163008   355.46509    
    163296   355.49130    
    163584   355.29654    
    163872   354.95093    
    164160   354.48694    
    164448   354.33282    
    164736   353.85199    
    165024   353.21515    
    165312   354.93805    
    165600   355.68665    
    165888   355.95834    
    166176   355.94891    
    166464   355.74072    
    166752   355.37628    
    167040   355.28467    
    167328   357.34988    
    167616   358.29337    
    167904   358.67465    
    168192   358.72281    
    168480   358.53876    
    168768   358.17551    
    169056   360.20081    
    169344   361.56244    
    169632   362.11099    
    169920   362.21384    
    170208   362.03293    
    170496   361.64691    
    170784   363.69452    
    171072   364.63593    
    171360   364.98416    
    171648   365.36243    
    171936   365.25241    
    172224   367.49484    
    172512   368.54910    
    172800   368.95587    
    173088   368.96375    
    173376   371.35623    
    173664   372.53033    
    173952   373.02020    
    174240   373.46851    
    174528   376.08981    
    174816   377.36932    
    175104   377.90234    
    175392   377.97498    
    175680   377.73230    
    175968   379.97034    
    176256   381.00766    
    176544   381.36435    
    176832   381.67337    
    177120   384.81775    
    177408   386.41376    
    177696   387.13824    
    177984   387.32980    
    178272   387.16782    
    178560   389.47635    
    178848   390.56808    
    179136   390.95352    
    179424   390.89981    
    179712   393.63797    
    180000   394.94574    
    180288   395.44162    
    180576   398.16467    
    180864   399.54657    
    181152   400.14044    
    181440   400.24127    
    181728   402.69507    
    182016   403.91406    
    182304   404.74225    
    182592   404.93356    
    182880   407.38791    
    183168   408.60168    
    183456   409.08099    
    183744   409.10336    
    184032   411.43042    
    184320   412.59064    
    184608   413.05191    
    184896   413.38376    
    185184   415.81906    
    185472   417.04218    
    185760   417.54297    
    186048   417.59763    
    186336   419.82001    
    186624   420.94952    
    186912   421.41705    
    187200   421.74713    
    187488   421.67416    
    187776   423.70416    
    188064   424.71930    
    188352   425.11557    
    188640   425.12491    
    188928   427.12012    
    189216   428.39398    
    189504   428.95288    
    189792   429.07022    
    190080   428.90771    
    190368   430.64578    
    190656   431.52310    
    190944   431.86374    
    191232   432.07639    
    191520   431.97205    
    191808   433.57993    
    192096   434.38730    
    192384   434.69183    
    192672   434.67487    
    192960   434.63348    
    193248   434.37778    
    193536   435.70288    
    193824   436.35922    
    194112   436.58609    
    194400   436.53525    
    194688   436.46292    
    194976   436.21414    
    195264   435.83981    
    195552   436.91803    
    195840   437.47202    
    196128   437.67450    
    196416   437.78665    
    196704   437.70950    
    196992   437.49722    
    197280   437.19562    
    197568   436.83890    
    197856   436.44702    
    198144   436.15692    
    198432   437.19540    
    198720   437.85336    
    199008   438.22845    
    199296   438.41855    
    199584   438.59161    
    199872   438.68170    
    200160   438.70438    
    200448   438.69055    
    200736   438.66129    
    201024   438.63150    
    201312   438.69336    
    201600   438.77551    
    201888   438.85632    
    202176   438.94308    
    202464   439.04391    
    202752   439.16193    
    203040   439.30099    
    203328   439.51968    
    203616   439.77621    
    203904   440.03128    
    204192   440.28946    
    204480   440.55188    
    204768   440.81870    
    205056   441.09061    
    205344   441.40106    
    205632   441.73227    
    205920   442.04489    
    206208   442.33804    
    206496   442.61172    
    206784   442.86469    
    207072   442.76971    
    207360   442.61667    
    207648   442.54736    
    207936   442.56232    
    208224   442.66284    
    208512   442.82770    
    208800   443.01282    
    209088   443.19846    
    209376   443.37000    
    209664   443.51620    
    209952   443.53726    
    210240   443.50955    
    210528   443.49979    
    210816   443.51852    
    211104   443.55624    
    211392   443.59805    
    211680   443.62802    
    211968   443.62851    
    212256   443.61844    
    212544   443.60989    
    212832   443.60440    
    213120   443.59341    
    213408   443.56842    
    213696   443.55045    
    213984   443.54370    
    214272   443.53439    
    214560   443.51617    
    214848   443.48181    
    215136   443.42175    
    215424   443.38055    
    215712   443.36652    
    216000   443.35120    
    216288   443.32086    
    216576   443.26617    
    216864   443.17822    
    217152   443.11545    
    217440   443.08661    
    217728   443.06152    
    218016   443.02771    
    218304   442.97205    
    218592   442.94016    
    218880   442.94141    
    219168   442.94421    
    219456   442.93436    
    219744   442.90271    
    220032   442.84271    
    220320   442.80203    
    220608   442.79333    
    220896   442.79117    
    221184   442.78146    
    221472   442.75592    
    221760   442.70886    
    222048   442.67758    
    222336   442.67209    
    222624   442.67566    
    222912   442.67587    
    223200   442.66562    
    223488   442.66983    
    223776   442.69131    
    224064   442.71735    
    224352   442.74179    
    224640   442.75946    
    224928   442.76804    
    225216   442.76498    
    225504   442.76981    
    225792   442.78833    
    226080   442.81018    
    226368   442.83090    
    226656   442.84775    
    226944   442.85928    
    227232   442.87607    
    227520   442.90063    
    227808   442.92609    
    228096   442.95074    
    228384   442.97238    
    228672   442.99091    
    228960   443.00787    
    229248   443.02484    
    229536   443.04242    
    229824   443.05960    
    230112   443.07559    
    230400   443.08826    
    230688   443.09857    
    230976   443.10736    
    231264   443.11453    
    231552   443.11572    
    231840   443.11374    
    232128   443.10690    
    232416   443.09875    
    232704   443.09082    
    232992   443.08380    
    233280   443.07751    
    233568   443.06317    
    233856   443.03860    
    234144   443.00772    
    234432   442.97162    
    234720   442.93427    
    235008   442.89847    
    235296   442.86444    
    235584   442.83203    
    235872   442.79236    
    236160   442.74173    
    236448   442.68463    
    236736   442.62427    
    237024   442.56451    
    237312   442.50845    
    237600   442.45792    
    237888   442.41309    
    238176   442.35876    
    238464   442.29056    
    238752   442.21652    
    239040   442.14188    
    239328   442.06955    
    239616   442.00342    
    239904   441.94592    
    240192   441.89752    
    240480   441.83887    
    240768   441.76639    
    241056   441.69028    
    241344   441.61703    
    241632   441.55014    
    241920   441.49033    
    242208   441.44040    
    242496   441.40149    
    242784   441.35037    
    243072   441.27963    
    243360   441.20117    
    243648   441.12268    
    243936   441.04956    
    244224   440.98276    
    244512   440.92120    
    244800   440.86731    
    245088   440.78918    
    245376   440.67932    
    245664   440.55267    
    245952   440.41681    
    246240   440.27420    
    246528   440.13104    
    246816   439.99100    
    247104   439.85599    
    247392   439.67047    
    247680   439.41724    
    247968   439.11639    
    248256   438.79022    
    248544   438.45261    
    248832   438.11279    
    249120   437.77615    
    249408   437.44556    
    249696   437.01727    
    249984   436.46417    
    250272   435.83078    
    250560   435.16351    
    250848   434.49234    
    251136   433.83710    
    251424   433.20850    
    251712   432.61292    
    252000   431.84631    
    252288   430.89685    
    252576   429.88940    
    252864   428.90161    
    253152   427.97864    
    253440   427.11462    
    253728   426.29236    
    254016   425.54080    
    254304   424.46777    
    254592   423.12860    
    254880   421.79980    
    255168   420.61691    
    255456   419.62360    
    255744   418.81305    
    256032   418.15561    
    256320   417.61414    
    256608   417.15555    
    256896   416.75385    
    257184   416.39044    
    257472   415.12885    
    257760   413.55295    
    258048   412.27310    
    258336   411.35846    
    258624   410.72171    
    258912   410.26843    
    259200   409.93192    
    259488   409.67276    
    259776   409.46988    
    260064   409.31512    
    260352   409.20551    
    260640   409.33563    
    260928   409.52649    
    261216   409.67667    
    261504   409.82507    
    261792   410.00027    
    262080   410.21915    
    262368   410.49161    
    262656   410.82352    
    262944   411.21881    
    263232   411.67926    
    263520   412.20596    
    263808   412.79889    
    264096   413.45667    
    264384   414.45056    
    264672   415.35797    
    264960   416.25870    
    265248   417.20694    
    265536   418.19989    
    265824   419.20236    
    266112   419.92316    
    266400   419.94089    
    266688   419.36322    
    266976   418.39844    
    267264   417.42722    
    267552   416.11432    
    267840   416.30930    
    268128   415.66364    
    268416   414.60727    
    268704   413.33636    
    268992   411.94037    
    269280   410.47000    
    269568   409.24158    
    269856   407.81030    
    270144   406.30884    
    270432   406.68353    
    270720   406.25449    
    271008   405.45135    
    271296   404.45911    
    271584   403.36179    
    271872   402.19897    
    272160   401.29980    
    272448   402.18958    
    272736   402.14645    
    273024   401.66180    
    273312   400.94904    
    273600   400.10379    
    273888   399.17502    
    274176   400.25043    
    274464   400.72595    
    274752   400.54547    
    275040   400.04272    
    275328   399.36481    
    275616   398.57971    
    275904   399.84329    
    276192   400.16095    
    276480   399.99365    
    276768   399.86151    
    277056   399.37799    
    277344   400.86523    
    277632   401.33997    
    277920   401.28766    
    278208   400.94000    
    278496   402.56851    
    278784   403.16235    
    279072   403.20300    
    279360   403.22128    
    279648   405.02493    
    279936   405.71289    
    280224   405.81006    
    280512   405.57431    
    280800   405.13562    
    281088   406.72012    
    281376   407.30917    
    281664   407.35510    
    281952   407.36539    
    282240   409.64139    
    282528   410.63254    
    282816   410.93002    
    283104   410.83447    
    283392   410.50354    
    283680   412.11792    
    283968   412.75729    
    284256   412.85211    
    284544   412.63242    
    284832   414.54080    
    285120   415.32410    
    285408   415.49420    
    285696   417.32104    
    285984   418.10999    
    286272   418.31949    
    286560   418.19247    
    286848   419.78931    
    287136   420.46402    
    287424   420.84045    
    287712   420.79196    
    288000   422.34726    
    288288   423.00436    
    288576   423.15457    
    288864   423.00995    
    289152   424.43979    
    289440   425.05020    
    289728   425.19238    
    290016   425.25046    
    290304   426.68045    
    290592   427.29623    
    290880   427.45297    
    291168   427.34692    
    291456   428.57816    
    291744   429.11014    
    292032   429.24319    
    292320   429.29211    
    292608   429.13593    
    292896   430.20255    
    293184   430.66397    
    293472   430.78186    
    293760   430.69928    
    294048   431.66681    
    294336   432.20316    
    294624   432.38135    
    294912   432.35693    
    295200   432.21521    
    295488   432.94644    
    295776   433.25537    
    296064   433.32886    
    296352   433.34384    
    296640   433.25024    
    296928   433.78879    
    297216   433.99542    
    297504   434.02686    
    297792   433.96295    
    298080   433.88855    
    298368   433.76505    
    298656   434.07129    
    298944   434.16183    
    299232   434.14456    
    299520   434.07159    
    299808   433.99173    
    300096   433.88217    
    300384   433.74655    
    300672   433.89719    
    300960   433.92322    
    301248   433.89087    
    301536   433.84424    
    301824   433.78049    
    302112   433.70367    
    302400   433.61520    
    302688   433.51480    
    302976   433.40649    
    303264   433.30731    
    303552   433.44128    
    303840   433.48856    
    304128   433.48334    
    304416   433.45737    
    304704   433.42841    
    304992   433.39545    
    305280   433.36176    
    305568   433.32919    
    305856   433.29797    
    306144   433.26813    
    306432   433.24207    
    306720   433.21637    
    307008   433.19073    
    307296   433.16605    
    307584   433.14099    
    307872   433.11456    
    308160   433.08676    
    308448   433.05432    
    308736   433.01129    
    309024   432.96008    
    309312   432.89963    
    309600   432.82794    
    309888   432.74280    
    310176   432.64182    
    310464   432.51505    
    310752   432.34952    
    311040   432.15451    
    311328   431.93030    
    311616   431.67493    
    311904   431.38525    
    312192   431.32709    
    312480   431.41068    
    312768   431.47592    
    313056   431.48203    
    313344   431.41403    
    313632   431.26035    
    313920   431.03577    
    314208   430.74533    
    314496   430.38962    
    314784   429.96835    
    315072   429.72305    
