         1   106.00000    
       288   1729.9905    
       576   1651.4346    
       864   1590.4032    
      1152   1533.4086    
      1440   1479.4386    
      1728   1426.8325    
      2016   1377.3866    
      2304   1330.6787    
      2592   1286.4696    
      2880   1244.5623    
      3168   1204.7024    
      3456   1165.0211    
      3744   1126.1213    
      4032   1087.0105    
      4320   1046.5679    
      4608   1004.6182    
      4896   960.00702    
      5184   912.95734    
      5472   865.48596    
      5760   821.62811    
      6048   783.02216    
      6336   757.89996    
      6624   753.71118    
      6912   753.71118    
      7200   753.71118    
      7488   753.71118    
      7776   753.71118    
      8064   753.71118    
      8352   753.71118    
      8640   753.71118    
      8928   753.71118    
      9216   753.71118    
      9504   753.71118    
      9792   753.71118    
     10080   753.71118    
     10368   753.71118    
     10656   753.71118    
     10944   753.71118    
     11232   753.71118    
     11520   753.71118    
     11808   753.71118    
     12096   753.71118    
     12384   753.71118    
     12672   753.71118    
     12960   753.71118    
     13248   753.71118    
     13536   753.71118    
     13824   753.71118    
     14112   753.71118    
     14400   753.71118    
     14688   753.71118    
     14976   753.71118    
     15264   753.71118    
     15552   753.71118    
     15840   753.71118    
     16128   753.71118    
     16416   753.71118    
     16704   753.71118    
     16992   753.71118    
     17280   753.71118    
     17568   753.71118    
     17856   753.71118    
     18144   753.71118    
     18432   753.71118    
     18720   753.71118    
     19008   753.71118    
     19296   753.71118    
     19584   753.71118    
     19872   753.71118    
     20160   753.71118    
     20448   753.71118    
     20736   753.71118    
     21024   753.71118    
     21312   753.71118    
     21600   753.71118    
     21888   753.71118    
     22176   753.71118    
     22464   753.71118    
     22752   753.71118    
     23040   753.71118    
     23328   753.71118    
     23616   753.71118    
     23904   753.71118    
     24192   753.71118    
     24480   753.71118    
     24768   753.71118    
     25056   753.71118    
     25344   753.71118    
     25632   753.71118    
     25920   753.71118    
     26208   753.71118    
     26496   753.71118    
     26784   753.71118    
     27072   753.71118    
     27360   753.71118    
     27648   753.71118    
     27936   753.71118    
     28224   753.71118    
     28512   753.71118    
     28800   753.71118    
     29088   753.71118    
     29376   753.71118    
     29664   753.71118    
     29952   753.71118    
     30240   753.71118    
     30528   753.71118    
     30816   753.71118    
     31104   753.71118    
     31392   753.71118    
     31680   753.71118    
     31968   753.71118    
     32256   753.71118    
     32544   753.71118    
     32832   753.71118    
     33120   753.71118    
     33408   753.71118    
     33696   753.71118    
     33984   753.71118    
     34272   753.71118    
     34560   753.71118    
     34848   753.71118    
     35136   753.71118    
     35424   753.71118    
     35712   753.71118    
     36000   753.71118    
     36288   753.71118    
     36576   753.71118    
     36864   753.71118    
     37152   753.71118    
     37440   753.71118    
     37728   753.71118    
     38016   753.71118    
     38304   753.71118    
     38592   753.71118    
     38880   753.71118    
     39168   753.71118    
     39456   753.71118    
     39744   753.71118    
     40032   753.71118    
     40320   753.71118    
     40608   753.71118    
     40896   753.71118    
     41184   753.71118    
     41472   753.71118    
     41760   753.71118    
     42048   753.71118    
     42336   753.71118    
     42624   753.71118    
     42912   753.71118    
     43200   753.71118    
     43488   753.71118    
     43776   753.71118    
     44064   753.71118    
     44352   753.71118    
     44640   753.71118    
     44928   753.71118    
     45216   753.71118    
     45504   753.71118    
     45792   753.71118    
     46080   753.71118    
     46368   753.71118    
     46656   753.71118    
     46944   753.71118    
     47232   753.71118    
     47520   753.71118    
     47808   753.71118    
     48096   753.71118    
     48384   753.71118    
     48672   753.71118    
     48960   753.71118    
     49248   753.71118    
     49536   753.71118    
     49824   753.71118    
     50112   753.71118    
     50400   753.71118    
     50688   753.71118    
     50976   753.71118    
     51264   753.71118    
     51552   753.71118    
     51840   753.71118    
     52128   753.71118    
     52416   753.71118    
     52704   753.71118    
     52992   753.71118    
     53280   753.71118    
     53568   753.71118    
     53856   753.71118    
     54144   753.71118    
     54432   753.71118    
     54720   753.71118    
     55008   753.71118    
     55296   753.71118    
     55584   753.71118    
     55872   753.71118    
     56160   753.71118    
     56448   753.71118    
     56736   753.71118    
     57024   753.71118    
     57312   753.71118    
     57600   753.71118    
     57888   753.71118    
     58176   753.71118    
     58464   753.71118    
     58752   753.71118    
     59040   753.71118    
     59328   753.71118    
     59616   753.71118    
     59904   753.71118    
     60192   753.71118    
     60480   753.71118    
     60768   753.71118    
     61056   753.71118    
     61344   753.71118    
     61632   117.98760    
     61920   117.00629    
     62208   118.12426    
     62496   118.50129    
     62784   118.54842    
     63072   118.51736    
     63360   118.62153    
     63648   118.96645    
     63936   120.77462    
     64224   121.87704    
     64512   122.07770    
     64800   121.80055    
     65088   121.30167    
     65376   120.73990    
     65664   121.70975    
     65952   122.07462    
     66240   122.08929    
     66528   122.24027    
     66816   122.15559    
     67104   123.52165    
     67392   124.18387    
     67680   124.41904    
     67968   124.39691    
     68256   125.85260    
     68544   126.55653    
     68832   126.78758    
     69120   127.06115    
     69408   128.71829    
     69696   129.50127    
     69984   129.74762    
     70272   129.66853    
     70560   129.39281    
     70848   130.77328    
     71136   131.39395    
     71424   131.53909    
     71712   131.73886    
     72000   133.85654    
     72288   134.92755    
     72576   135.33072    
     72864   135.31190    
     73152   135.02470    
     73440   136.50072    
     73728   137.14142    
     74016   137.24521    
     74304   137.00388    
     74592   138.90494    
     74880   139.79390    
     75168   140.02281    
     75456   141.89929    
     75744   142.74747    
     76032   142.92317    
     76320   142.66066    
     76608   144.23624    
     76896   144.86482    
     77184   145.25214    
     77472   145.09024    
     77760   146.75531    
     78048   147.41852    
     78336   147.41508    
     78624   146.96944    
     78912   148.44678    
     79200   148.97029    
     79488   148.85233    
     79776   148.67719    
     80064   150.34245    
     80352   150.98004    
     80640   150.91649    
     80928   150.37692    
     81216   151.78555    
     81504   152.24094    
     81792   152.04034    
     82080   151.75735    
     82368   151.04485    
     82656   152.30887    
     82944   152.66736    
     83232   152.39133    
     83520   151.67343    
     83808   152.90663    
     84096   153.61198    
     84384   153.58136    
     84672   153.02928    
     84960   152.10976    
     85248   153.17085    
     85536   153.41382    
     85824   153.06696    
     86112   152.62973    
     86400   151.80455    
     86688   152.89644    
     86976   153.20071    
     87264   152.92415    
     87552   152.22850    
     87840   151.53232    
     88128   150.55743    
     88416   151.47577    
     88704   151.72977    
     88992   151.47322    
     89280   150.84546    
     89568   150.20331    
     89856   149.34984    
     90144   148.31688    
     90432   149.03955    
     90720   149.33337    
     91008   149.21243    
     91296   148.95244    
     91584   148.53223    
     91872   147.92169    
     92160   147.18697    
     92448   146.37413    
     92736   145.52957    
     93024   144.74655    
     93312   144.51419    
     93600   144.56337    
     93888   144.60471    
     94176   144.61148    
     94464   144.60892    
     94752   144.60892    
     95040   144.60892    
     95328   144.60892    
     95616   144.60892    
     95904   144.60892    
     96192   144.60892    
     96480   144.60892    
     96768   144.60892    
     97056   144.60892    
     97344   144.60892    
     97632   144.60892    
     97920   144.60892    
     98208   144.60892    
     98496   144.60892    
     98784   144.60892    
     99072   144.60892    
     99360   144.60892    
     99648   144.60892    
     99936   144.60892    
    100224   144.60892    
    100512   144.60892    
    100800   144.60892    
    101088   144.60892    
    101376   144.60892    
    101664   144.60892    
    101952   144.60892    
    102240   144.60892    
    102528   144.60892    
    102816   144.60892    
    103104   144.60892    
    103392   144.60892    
    103680   144.60892    
    103968   144.60892    
    104256   144.60892    
    104544   144.60892    
    104832   144.60892    
