         1   16.000000    
        24   14.324349    
        48   14.324350    
        72   14.324350    
        96   14.324350    
       120   14.324350    
       144   14.324350    
       168   14.324350    
       192   14.324350    
       216   14.324350    
       240   14.324350    
       264   14.324350    
       288   14.324350    
       312   14.324350    
       336   14.324350    
       360   14.324350    
       384   14.324350    
       408   14.324350    
       432   14.324350    
       456   14.324350    
       480   14.324350    
       504   14.324350    
       528   14.324350    
       552   14.324350    
       576   14.324350    
       600   14.324350    
       624   14.324350    
       648   14.324350    
       672   14.324350    
       696   14.324350    
       720   14.324350    
       744   14.324350    
       768   14.324350    
       792   14.324350    
       816   14.324350    
       840   14.324350    
       864   14.324350    
       888   14.324350    
       912   14.324350    
       936   14.324350    
       960   14.324350    
       984   14.324350    
      1008   14.324350    
      1032   14.324350    
      1056   14.324350    
      1080   14.324350    
      1104   14.324350    
      1128   14.324350    
      1152   14.324350    
      1176   14.324350    
      1200   14.324350    
      1224   14.324350    
      1248   14.324350    
      1272   14.324350    
      1296   14.324350    
      1320   14.324350    
      1344   14.324350    
      1368   14.324350    
      1392   14.324350    
      1416   14.324350    
      1440   14.324350    
      1464   14.324350    
      1488   14.324350    
      1512   14.324350    
      1536   14.324350    
      1560   14.324350    
      1584   14.324350    
      1608   14.324350    
      1632   14.324350    
      1656   14.324350    
      1680   14.324350    
      1704   14.324350    
      1728   14.324350    
      1752   14.324350    
      1776   14.324350    
      1800   14.324350    
      1824   14.324350    
      1848   14.324350    
      1872   14.324350    
      1896   14.324350    
      1920   14.324350    
      1944   14.324350    
      1968   14.324350    
      1992   14.324350    
      2016   14.324350    
      2040   14.324350    
      2064   14.324350    
      2088   14.324350    
      2112   14.324350    
      2136   14.324350    
      2160   14.324350    
      2184   14.324350    
      2208   14.324350    
      2232   14.324350    
      2256   14.324350    
      2280   14.324350    
      2304   14.324350    
      2328   14.324350    
      2352   14.324350    
      2376   14.324350    
      2400   14.324350    
      2424   14.324350    
      2448   14.324350    
      2472   14.324350    
      2496   14.324350    
      2520   14.324350    
      2544   14.324350    
      2568   14.324350    
      2592   14.324350    
      2616   14.324350    
      2640   14.324350    
      2664   14.324350    
      2688   14.324350    
      2712   14.324350    
      2736   14.324350    
      2760   14.324350    
      2784   14.324350    
      2808   14.324350    
      2832   14.324350    
      2856   14.324350    
      2880   14.324350    
      2904   14.324350    
      2928   14.324350    
      2952   14.324350    
      2976   14.324350    
      3000   14.324350    
      3024   14.324350    
      3048   14.324350    
      3072   14.324350    
      3096   14.324350    
      3120   14.324350    
      3144   14.324350    
      3168   14.324350    
      3192   14.324350    
      3216   14.324350    
      3240   14.324350    
      3264   14.324350    
      3288   14.324350    
      3312   14.324350    
      3336   14.324350    
      3360   14.324350    
      3384   14.324350    
      3408   14.324350    
      3432   14.324350    
      3456   14.324350    
      3480   14.324350    
      3504   14.324350    
      3528   14.324350    
      3552   14.324350    
      3576   14.324350    
      3600   14.324350    
      3624   14.324350    
      3648   14.324350    
      3672   14.324350    
      3696   14.324350    
      3720   14.324350    
      3744   14.324350    
      3768   14.324350    
      3792   14.324350    
      3816   14.324350    
      3840   14.324350    
      3864   14.324350    
      3888   14.324350    
      3912   14.324350    
      3936   14.324350    
      3960   14.324350    
      3984   14.324350    
      4008   14.324350    
      4032   14.324350    
      4056   14.324350    
      4080   14.324350    
      4104   14.324350    
      4128   14.324350    
      4152   14.324350    
      4176   14.324350    
      4200   14.324350    
      4224   14.324350    
      4248   14.324350    
      4272   14.324350    
      4296   14.324350    
      4320   14.324350    
      4344   14.324350    
      4368   14.324350    
      4392   14.324350    
      4416   14.324350    
      4440   14.324350    
      4464   14.324350    
      4488   14.324350    
      4512   14.324350    
      4536   14.324350    
      4560   14.324350    
      4584   14.324350    
      4608   14.324350    
      4632   14.324350    
      4656   14.324350    
      4680   14.324350    
      4704   14.324350    
      4728   14.324350    
      4752   14.324350    
      4776   14.324350    
      4800   14.324350    
      4824   14.324350    
      4848   14.324350    
      4872   14.324350    
      4896   14.324350    
      4920   14.324350    
      4944   14.324350    
      4968   14.324350    
      4992   14.324350    
      5016   14.324350    
      5040   14.324350    
      5064   14.324350    
      5088   14.324350    
      5112   14.324350    
      5136   14.324350    
      5160   14.324350    
      5184   14.324350    
      5208   14.324350    
      5232   14.324350    
      5256   14.324350    
      5280   14.324350    
      5304   14.324350    
      5328   14.324350    
      5352   14.324350    
      5376   14.324350    
      5400   14.324350    
      5424   14.324350    
      5448   14.324350    
      5472   14.324350    
      5496   14.324350    
      5520   14.324350    
      5544   14.324350    
      5568   14.324350    
      5592   14.324350    
      5616   14.324350    
      5640   14.324350    
      5664   14.324350    
      5688   14.324350    
      5712   14.324350    
      5736   14.324350    
      5760   14.324350    
      5784   14.324350    
      5808   14.324350    
      5832   14.324350    
      5856   14.324350    
      5880   14.324350    
      5904   14.324350    
      5928   14.324350    
      5952   14.324350    
      5976   14.324350    
      6000   14.324350    
      6024   14.324350    
      6048   14.324350    
      6072   14.324350    
      6096   14.324350    
      6120   14.324350    
      6144   14.324350    
      6168   14.324350    
      6192   14.324350    
      6216   14.324350    
      6240   14.324350    
      6264   14.324350    
      6288   14.324350    
      6312   14.324350    
      6336   14.324350    
      6360   14.324350    
      6384   14.324350    
      6408   14.324350    
      6432   14.324350    
      6456   14.324350    
      6480   14.324350    
      6504   14.324350    
      6528   14.324350    
      6552   14.324350    
      6576   14.324350    
      6600   14.324350    
      6624   14.324350    
      6648   14.324350    
      6672   14.324350    
      6696   14.324350    
      6720   14.324350    
      6744   14.324350    
      6768   14.324350    
      6792   14.324350    
      6816   14.324350    
      6840   14.324350    
      6864   14.324350    
      6888   14.324350    
      6912   14.324350    
      6936   14.324350    
      6960   14.324350    
      6984   14.324350    
      7008   14.324350    
      7032   14.324350    
      7056   14.324350    
      7080   14.324350    
      7104   14.324350    
      7128   14.324350    
      7152   14.324350    
      7176   14.324350    
      7200   14.324350    
      7224   14.324350    
      7248   14.324350    
      7272   14.324350    
      7296   14.324350    
      7320   14.324350    
      7344   14.324350    
      7368   14.324350    
      7392   14.324350    
      7416   14.324350    
      7440   14.324350    
      7464   14.324350    
      7488   14.324350    
      7512   14.324350    
      7536   14.324350    
      7560   14.324350    
      7584   14.324350    
      7608   14.324350    
      7632   14.324350    
      7656   14.324350    
      7680   14.324350    
      7704   14.324350    
      7728   14.324350    
      7752   14.324350    
      7776   14.324350    
      7800   14.324350    
      7824   14.324350    
      7848   14.324350    
      7872   14.324350    
      7896   14.324350    
      7920   14.324350    
      7944   14.324350    
      7968   14.324350    
      7992   14.324350    
      8016   14.324350    
      8040   14.324350    
      8064   14.324350    
      8088   14.324350    
      8112   14.324350    
      8136   14.324350    
      8160   14.324350    
      8184   14.324350    
      8208   14.324350    
      8232   14.324350    
      8256   14.324350    
      8280   14.324350    
      8304   14.324350    
      8328   14.324350    
      8352   14.324350    
      8376   14.324350    
      8400   14.324350    
      8424   14.324350    
      8448   14.324350    
      8472   14.324350    
      8496   14.324350    
      8520   14.324350    
      8544   14.324350    
      8568   14.324350    
      8592   14.324350    
      8616   14.324350    
      8640   14.324350    
      8664   14.324350    
      8688   14.324350    
      8712   14.324350    
      8736   14.324350    
