         1   16.000000    
       288   13.626583    
       576   10.858000    
       864   9.0462065    
      1152   7.9335971    
      1440   7.3761587    
      1728   8.0349646    
      2016   9.9478378    
      2304   10.050366    
      2592   10.386566    
      2880   12.133389    
      3168   13.881515    
      3456   14.927752    
      3744   15.607850    
      4032   16.076578    
      4320   16.414129    
      4608   16.665743    
      4896   16.858585    
      5184   17.009802    
      5472   17.130671    
      5760   17.228832    
      6048   17.309679    
      6336   17.377060    
      6624   17.433800    
      6912   17.482018    
      7200   17.523329    
      7488   17.558969    
      7776   17.589912    
      8064   17.616913    
      8352   17.640619    
      8640   17.661497    
      8928   17.679981    
      9216   17.696390    
      9504   17.711018    
      9792   17.724115    
     10080   17.735811    
     10368   17.746338    
     10656   17.755836    
     10944   17.764376    
     11232   17.772137    
     11520   17.779116    
     11808   17.785469    
     12096   17.791246    
     12384   17.796509    
     12672   17.801331    
     12960   17.805725    
     13248   17.809652    
     13536   17.813358    
     13824   17.816654    
     14112   17.819759    
     14400   17.822506    
     14688   17.825245    
     14976   17.827442    
     15264   17.829639    
     15552   17.183393    
     15840   13.177332    
     16128   6.2669735    
     16416   2.9694359    
     16704   2.6944008    
     16992   2.6865420    
     17280   2.6888394    
     17568   2.8151314    
     17856   5.9150724    
     18144   12.981600    
     18432   14.352485    
     18720   14.670321    
     19008   14.803266    
     19296   14.856400    
     19584   14.876905    
     19872   14.864083    
     20160   14.819528    
     20448   14.745652    
     20736   14.643298    
     21024   14.473644    
     21312   14.270815    
     21600   14.049619    
     21888   13.808773    
     22176   13.544008    
     22464   13.254632    
     22752   12.942950    
     23040   12.606427    
     23328   12.204246    
     23616   11.778380    
     23904   11.343811    
     24192   10.899478    
     24480   10.444868    
     24768   9.9832077    
     25056   9.5221300    
     25344   9.0603323    
     25632   8.5707846    
     25920   8.0947971    
     26208   7.6456933    
     26496   7.2212272    
     26784   6.8222904    
     27072   6.4512997    
     27360   6.1097689    
     27648   5.8018832    
     27936   5.5030584    
     28224   5.2401114    
     28512   5.0135326    
     28800   4.8229733    
     29088   4.6612186    
     29376   4.5248070    
     29664   4.4111109    
     29952   4.3193665    
     30240   4.2327209    
     30528   4.1643543    
     30816   4.1123548    
     31104   4.0737424    
     31392   4.0473599    
     31680   4.0286360    
     31968   4.0156012    
     32256   4.0070410    
     32544   3.9945049    
     32832   3.9869015    
     33120   3.9835682    
     33408   3.9834123    
     33696   3.9853983    
     33984   3.9901507    
     34272   3.9947686    
     34560   3.9988029    
     34848   3.9940619    
     35136   3.9919114    
     35424   3.9922249    
     35712   3.9957297    
     36000   3.9992573    
     36288   4.0023928    
     36576   4.0051131    
     36864   4.0074019    
     37152   4.0014281    
     37440   3.9998381    
     37728   3.9997046    
     38016   4.0004544    
     38304   4.0017428    
     38592   4.0032320    
     38880   4.0046687    
     39168   4.0058889    
     39456   3.9991922    
     39744   3.9971831    
     40032   3.9965446    
     40320   3.9967463    
     40608   3.9974380    
     40896   4.1084032    
     41184   4.3054032    
     41472   4.4212132    
     41760   4.4788661    
     42048   4.5126848    
     42336   4.5341496    
     42624   4.5487165    
     42912   4.5590682    
     43200   4.5684266    
     43488   4.5743880    
     43776   4.5780706    
     44064   4.5708866    
     44352   4.5680022    
     44640   4.5677557    
     44928   4.5686951    
     45216   4.5699520    
     45504   4.5710368    
     45792   4.5717726    
     46080   4.5721331    
     46368   4.5721631    
     46656   4.5719380    
     46944   4.5715361    
     47232   4.5612702    
     47520   4.5566902    
     47808   4.5552893    
     48096   4.5553231    
     48384   4.5557847    
     48672   4.5561404    
     48960   4.5562067    
     49248   4.5559635    
     49536   4.5554595    
     49824   4.5547519    
     50112   4.5539041    
     50400   4.5511985    
     50688   4.5497761    
     50976   4.5489230    
     51264   4.5482030    
     51552   4.5474200    
     51840   4.5465150    
     52128   4.5454826    
     52416   4.5443478    
     52704   4.5431314    
     52992   4.5418396    
     53280   4.5404863    
     53568   4.5390787    
     53856   4.5376177    
     54144   4.5343666    
     54432   4.5323958    
     54720   4.5309653    
     55008   4.5296316    
     55296   4.5282001    
     55584   4.5266132    
     55872   4.5248723    
     56160   4.5229855    
     56448   4.5209799    
     56736   4.5188718    
     57024   4.5149655    
     57312   4.5122309    
     57600   4.5227795    
     57888   4.5249591    
     58176   4.5231905    
     58464   4.5199375    
     58752   4.5163345    
     59040   4.5128155    
     59328   4.5077925    
     59616   4.5042076    
     59904   4.5012813    
     60192   4.5121298    
     60480   4.5140252    
     60768   4.5116987    
     61056   4.5077763    
     61344   4.5034475    
     61632   4.4991860    
     61920   4.4934316    
     62208   4.5034118    
     62496   4.5047851    
     62784   4.5020499    
     63072   4.4976935    
     63360   4.4928846    
     63648   4.4880605    
     63936   4.4984121    
     64224   4.4977317    
     64512   4.4937682    
     64800   4.4887085    
     65088   4.4833903    
     65376   4.4780350    
     65664   4.4888091    
     65952   4.4897885    
     66240   4.4859738    
     66528   4.4786348    
     66816   4.4718480    
     67104   4.4823389    
     67392   4.4830599    
     67680   4.4788938    
     67968   4.4726896    
     68256   4.4829993    
     68544   4.4830341    
     68832   4.4780507    
     69120   4.4695306    
     69408   4.4790812    
     69696   4.4790049    
     69984   4.4740591    
     70272   4.4670725    
     70560   4.4594078    
     70848   4.4700465    
     71136   4.4705038    
     71424   4.4655056    
     71712   4.4566031    
     72000   4.4718566    
     72288   4.4741459    
     72576   4.4694366    
     72864   4.4616327    
     73152   4.4526548    
     73440   4.4630542    
     73728   4.4633012    
     74016   4.4578013    
     74304   4.4496174    
     74592   4.4592977    
     74880   4.4590678    
     75168   4.4533215    
     75456   4.4654365    
     75744   4.4661274    
     76032   4.4602447    
     76320   4.4512730    
     76608   4.4618478    
     76896   4.4621305    
     77184   4.4549522    
     77472   4.4453588    
     77760   4.4562564    
     78048   4.4573460    
     78336   4.4520559    
     78624   4.4434600    
     78912   4.4549270    
     79200   4.4564018    
     79488   4.4511294    
     79776   4.4412746    
     80064   4.4520206    
     80352   4.4536605    
     80640   4.4486866    
     80928   4.4400969    
     81216   4.4517465    
     81504   4.4540701    
     81792   4.4492564    
     82080   4.4396710    
     82368   4.4282532    
     82656   4.4385333    
     82944   4.4413371    
     83232   4.4373002    
     83520   4.4292226    
     83808   4.4407749    
     84096   4.4437160    
     84384   4.4388981    
     84672   4.4300818    
     84960   4.4190969    
     85248   4.4277606    
     85536   4.4307628    
     85824   4.4265413    
     86112   4.4175763    
     86400   4.4057407    
     86688   4.4117837    
     86976   4.4145627    
     87264   4.4103589    
     87552   4.4017444    
     87840   4.3906622    
     88128   4.3778515    
     88416   4.3785763    
     88704   4.3811831    
     88992   4.3778934    
     89280   4.3708835    
     89568   4.3623118    
     89856   4.3522997    
     90144   4.3434610    
     90432   4.3361840    
     90720   4.3415999    
     91008   4.3433065    
     91296   4.3433366    
     91584   4.3414268    
     91872   4.3404956    
     92160   4.3417964    
     92448   4.3464580    
     92736   4.3555737    
     93024   4.3711410    
     93312   4.3262486    
     93600   4.3324118    
     93888   4.3459859    
     94176   4.3600874    
     94464   4.3745608    
     94752   4.3890519    
     95040   4.4072056    
     95328   4.4376035    
     95616   4.4804130    
     95904   4.4923553    
     96192   4.5296211    
     96480   4.6367340    
     96768   4.8802423    
     97056   5.2975378    
     97344   5.8190937    
     97632   6.2567563    
     97920   6.6293373    
     98208   6.9503870    
     98496   7.2294936    
     98784   7.4738050    
     99072   7.6888475    
     99360   7.8790078    
     99648   8.0478220    
     99936   8.1981878    
    100224   8.3325186    
    100512   8.4528313    
    100800   8.5608292    
    101088   8.6579676    
    101376   8.7454863    
    101664   8.8244658    
    101952   8.8958397    
    102240   8.9604149    
    102528   9.0188990    
    102816   9.0719166    
    103104   9.1200218    
    103392   9.1637020    
    103680   9.2033854    
    103968   9.2394609    
    104256   9.2722731    
    104544   9.3021326    
    104832   9.3293114    
