         1   16.000000    
       288   8.3348074    
       576   7.7760277    
       864   7.3296847    
      1152   6.9311004    
      1440   6.5686860    
      1728   6.2374935    
      2016   5.9319959    
      2304   5.6481295    
      2592   5.3828554    
      2880   5.1335540    
      3168   4.8975353    
      3456   4.6692920    
      3744   4.4458842    
      4032   4.2221265    
      4320   3.9919672    
      4608   3.7514963    
      4896   3.5137570    
      5184   3.2825875    
      5472   3.0812910    
      5760   2.9080076    
      6048   2.7959480    
      6336   2.7418411    
      6624   2.7345209    
      6912   2.7345209    
      7200   2.7345209    
      7488   2.7345209    
      7776   2.7345209    
      8064   2.7345209    
      8352   2.7345209    
      8640   2.7345209    
      8928   2.7345209    
      9216   2.7345209    
      9504   2.7345209    
      9792   2.7345209    
     10080   2.7345209    
     10368   2.7345209    
     10656   2.7345209    
     10944   2.7345209    
     11232   2.7345209    
     11520   2.7345209    
     11808   2.7345209    
     12096   2.7345209    
     12384   2.7345209    
     12672   2.7345209    
     12960   2.7345209    
     13248   2.7345209    
     13536   2.7345209    
     13824   2.7345209    
     14112   2.7345209    
     14400   2.7345209    
     14688   2.7345209    
     14976   2.7345209    
     15264   2.7345209    
     15552   2.7345209    
     15840   2.7345209    
     16128   2.7345209    
     16416   2.7345209    
     16704   2.7345209    
     16992   2.7345209    
     17280   2.7345209    
     17568   2.7345209    
     17856   2.7345209    
     18144   2.7345209    
     18432   2.7345209    
     18720   2.7345209    
     19008   2.7345209    
     19296   2.7345209    
     19584   2.7345209    
     19872   2.7345209    
     20160   2.7345209    
     20448   2.7345209    
     20736   2.7345209    
     21024   2.7345209    
     21312   2.7345209    
     21600   2.7345209    
     21888   2.7345209    
     22176   2.7345209    
     22464   2.7345209    
     22752   2.7345209    
     23040   2.7345209    
     23328   2.7345209    
     23616   2.7345209    
     23904   2.7345209    
     24192   2.7345209    
     24480   2.7345209    
     24768   2.7345209    
     25056   2.7345209    
     25344   2.7345209    
     25632   2.7345209    
     25920   2.7345209    
     26208   2.7345209    
     26496   2.7345209    
     26784   2.7345209    
     27072   2.7345209    
     27360   2.7345209    
     27648   2.7345209    
     27936   2.7345209    
     28224   2.7345209    
     28512   2.7345209    
     28800   2.7345209    
     29088   2.7345209    
     29376   2.7345209    
     29664   2.7345209    
     29952   2.7345209    
     30240   2.7345209    
     30528   2.7345209    
     30816   2.7345209    
     31104   2.7345209    
     31392   2.7345209    
     31680   2.7345209    
     31968   2.7345209    
     32256   2.7345209    
     32544   2.7345209    
     32832   2.7345209    
     33120   2.7345209    
     33408   2.7345209    
     33696   2.7345209    
     33984   2.7345209    
     34272   2.7345209    
     34560   2.7345209    
     34848   2.7345209    
     35136   2.7345209    
     35424   2.7345209    
     35712   2.7345209    
     36000   2.7345209    
     36288   2.7345209    
     36576   2.7345209    
     36864   2.7345209    
     37152   2.7345209    
     37440   2.7345209    
     37728   2.7345209    
     38016   2.7345209    
     38304   2.7345209    
     38592   2.7345209    
     38880   2.7345209    
     39168   2.7345209    
     39456   2.7345209    
     39744   2.7345209    
     40032   2.7345209    
     40320   2.7345209    
     40608   2.7345209    
     40896   2.7345209    
     41184   2.7345209    
     41472   2.7345209    
     41760   2.7345209    
     42048   2.7345209    
     42336   2.7345209    
     42624   2.7345209    
     42912   2.7345209    
     43200   2.7345209    
     43488   2.7345209    
     43776   2.7345209    
     44064   2.7345209    
     44352   2.7345209    
     44640   2.7345209    
     44928   2.7345209    
     45216   2.7345209    
     45504   2.7345209    
     45792   2.7345209    
     46080   2.7345209    
     46368   2.7345209    
     46656   2.7345209    
     46944   2.7345209    
     47232   2.7345209    
     47520   2.7345209    
     47808   2.7345209    
     48096   2.7345209    
     48384   2.7345209    
     48672   2.7345209    
     48960   2.7345209    
     49248   2.7345209    
     49536   2.7345209    
     49824   2.7345209    
     50112   2.7345209    
     50400   2.7345209    
     50688   2.7345209    
     50976   2.7345209    
     51264   2.7345209    
     51552   2.7345209    
     51840   2.7345209    
     52128   2.7345209    
     52416   2.7345209    
     52704   2.7345209    
     52992   2.7345209    
     53280   2.7345209    
     53568   2.7345209    
     53856   2.7345209    
     54144   2.7345209    
     54432   2.7345209    
     54720   2.7345209    
     55008   2.7345209    
     55296   2.7345209    
     55584   2.7345209    
     55872   2.7345209    
     56160   2.7345209    
     56448   2.7345209    
     56736   2.7345209    
     57024   2.7345209    
     57312   2.7345209    
     57600   2.7345209    
     57888   2.7345209    
     58176   2.7345209    
     58464   2.7345209    
     58752   2.7345209    
     59040   2.7345209    
     59328   2.7345209    
     59616   2.7345209    
     59904   2.7345209    
     60192   2.7345209    
     60480   2.7345209    
     60768   2.7345209    
     61056   2.7345209    
     61344   2.7345209    
     61632   4.3502474    
     61920   4.3522472    
     62208   4.3479714    
     62496   4.3234458    
     62784   4.2666440    
     63072   4.1516876    
     63360   3.9356241    
     63648   3.5997021    
     63936   3.2604387    
     64224   3.0768731    
     64512   3.0226121    
     64800   3.0122814    
     65088   3.0105159    
     65376   3.0099590    
     65664   3.0096169    
     65952   3.0093634    
     66240   3.0091789    
     66528   3.0090568    
     66816   3.0090067    
     67104   3.0089736    
     67392   3.0089662    
     67680   3.0089834    
     67968   3.0090485    
     68256   3.0091164    
     68544   3.0091958    
     68832   3.0092962    
     69120   3.0094216    
     69408   3.0095782    
     69696   3.0097339    
     69984   3.0099063    
     70272   3.0100942    
     70560   3.0102973    
     70848   3.0105436    
     71136   3.0107877    
     71424   3.0110431    
     71712   3.0113401    
     72000   3.0116556    
     72288   3.0119591    
     72576   3.0122669    
     72864   3.0125995    
     73152   3.0129430    
     73440   3.0133479    
     73728   3.0137458    
     74016   3.0141604    
     74304   3.0146077    
     74592   3.0150981    
     74880   3.0155795    
     75168   3.0160689    
     75456   3.0165944    
     75744   3.0170996    
     76032   3.0176170    
     76320   3.0181687    
     76608   3.0187750    
     76896   3.0193686    
     77184   3.0200012    
     77472   3.0206771    
     77760   3.0213964    
     78048   3.0220950    
     78336   3.0227969    
     78624   3.0235145    
     78912   3.0242655    
     79200   3.0249732    
     79488   3.0256667    
     79776   3.0263975    
     80064   3.0271635    
     80352   3.0278594    
     80640   3.0285242    
     80928   3.0291891    
     81216   3.0298691    
     81504   3.0304761    
     81792   3.0310531    
     82080   3.0316470    
     82368   3.0322828    
     82656   3.0329044    
     82944   3.0334394    
     83232   3.0339239    
     83520   3.0343981    
     83808   3.0348413    
     84096   3.0352099    
     84384   3.0355558    
     84672   3.0358770    
     84960   3.0361919    
     85248   3.0364892    
     85536   3.0367093    
     85824   3.0368929    
     86112   3.0370820    
     86400   3.0373304    
     86688   3.0375700    
     86976   3.0377483    
     87264   3.0379035    
     87552   3.0380783    
     87840   3.0383120    
     88128   3.0386672    
     88416   3.0390496    
     88704   3.0394247    
     88992   3.0398357    
     89280   3.0403330    
     89568   3.0409606    
     89856   3.0417967    
     90144   3.0428822    
     90432   3.0441577    
     90720   3.0456054    
     91008   3.0473151    
     91296   3.0493777    
     91584   3.0519426    
     91872   3.0551293    
     92160   3.0590839    
     92448   3.0657773    
     92736   3.0762789    
     93024   3.0890577    
     93312   3.1036413    
     93600   3.1187701    
     93888   3.1316361    
     94176   3.1395063    
     94464   3.1422622    
     94752   3.1422622    
     95040   3.1422622    
     95328   3.1422622    
     95616   3.1422622    
     95904   3.1422622    
     96192   3.1422622    
     96480   3.1422622    
     96768   3.1422622    
     97056   3.1422622    
     97344   3.1422622    
     97632   3.1422622    
     97920   3.1422622    
     98208   3.1422622    
     98496   3.1422622    
     98784   3.1422622    
     99072   3.1422622    
     99360   3.1422622    
     99648   3.1422622    
     99936   3.1422622    
    100224   3.1422622    
    100512   3.1422622    
    100800   3.1422622    
    101088   3.1422622    
    101376   3.1422622    
    101664   3.1422622    
    101952   3.1422622    
    102240   3.1422622    
    102528   3.1422622    
    102816   3.1422622    
    103104   3.1422622    
    103392   3.1422622    
    103680   3.1422622    
    103968   3.1422622    
    104256   3.1422622    
    104544   3.1422622    
    104832   3.1422622    
