         1  100000000.    
        24   99644352.    
        48  0.10060498E+09
        72  0.10170510E+09
        96  0.10295291E+09
       120  0.10435702E+09
       144  0.10592670E+09
       168  0.10767189E+09
       192  0.10960314E+09
       216  0.11173184E+09
       240  0.11407023E+09
       264  0.11663144E+09
       288  0.11942964E+09
       312  0.12248002E+09
       336  0.12579880E+09
       360  0.12940351E+09
       384  0.13331277E+09
       408  0.13754661E+09
       432  0.14212637E+09
       456  0.14707469E+09
       480  0.15241573E+09
       504  0.15817485E+09
       528  0.16437896E+09
       552  0.17105627E+09
       576  0.17823629E+09
       600  0.18594968E+09
       624  0.19422821E+09
       648  0.20310442E+09
       672  0.21261170E+09
       696  0.22278354E+09
       720  0.23365358E+09
       744  0.24525504E+09
       768  0.25762037E+09
       792  0.27078051E+09
       816  0.28476458E+09
       840  0.29959885E+09
       864  0.31530672E+09
       888  0.33190726E+09
       912  0.34941498E+09
       936  0.36783898E+09
       960  0.38718227E+09
       984  0.40744112E+09
      1008  0.42860486E+09
      1032  0.45065498E+09
      1056  0.44010278E+09
      1080  0.43090131E+09
      1104  0.42295706E+09
      1128  0.41618682E+09
      1152  0.41051709E+09
      1176  0.40588355E+09
      1200  0.40223005E+09
      1224  0.39929891E+09
      1248  0.39727120E+09
      1272  0.39611053E+09
      1296  0.39578550E+09
      1320  0.39626963E+09
      1344  0.39754064E+09
      1368  0.39957997E+09
      1392  0.40237283E+09
      1416  0.40590688E+09
      1440  0.41017280E+09
      1464  0.41516352E+09
      1488  0.42087386E+09
      1512  0.42730061E+09
      1536  0.43444150E+09
      1560  0.44229587E+09
      1584  0.45086339E+09
      1608  0.46014461E+09
      1632  0.47014038E+09
      1656  0.48085146E+09
      1680  0.49227853E+09
      1704  0.50442182E+09
      1728  0.51728109E+09
      1752  0.53085523E+09
      1776  0.54514246E+09
      1800  0.56013888E+09
      1824  0.57584070E+09
      1848  0.59224192E+09
      1872  0.60933542E+09
      1896  0.62711290E+09
      1920  0.64556422E+09
      1944  0.66467834E+09
      1968  0.68444288E+09
      1992  0.70484371E+09
      2016  0.72586682E+09
      2040  0.74749645E+09
      2064  0.76971661E+09
      2088  0.79251059E+09
      2112  0.81586150E+09
      2136  0.83975226E+09
      2160  0.86416576E+09
      2184  0.88908499E+09
      2208  0.91449280E+09
      2232  0.94037216E+09
      2256  0.96670560E+09
      2280  0.99347546E+09
      2304  0.10206631E+10
      2328  0.10482485E+10
      2352  0.10762099E+10
      2376  0.11045234E+10
      2400  0.11331610E+10
      2424  0.11620914E+10
      2448  0.11885253E+10
      2472  0.12153988E+10
      2496  0.12426685E+10
      2520  0.12702811E+10
      2544  0.12981742E+10
      2568  0.13262775E+10
      2592  0.13545146E+10
      2616  0.13828023E+10
      2640  0.14110529E+10
      2664  0.14391750E+10
      2688  0.14670769E+10
      2712  0.14946659E+10
      2736  0.15218525E+10
      2760  0.15485516E+10
      2784  0.15746838E+10
      2808  0.16001777E+10
      2832  0.16249711E+10
      2856  0.16490115E+10
      2880  0.16722574E+10
      2904  0.16946779E+10
      2928  0.17162531E+10
      2952  0.17369731E+10
      2976  0.17568381E+10
      3000  0.17758561E+10
      3024  0.17940443E+10
      3048  0.18114254E+10
      3072  0.18280276E+10
      3096  0.18438844E+10
      3120  0.18590305E+10
      3144  0.18735044E+10
      3168  0.18372122E+10
      3192  0.18071132E+10
      3216  0.17823706E+10
      3240  0.17622716E+10
      3264  0.17462051E+10
      3288  0.17336445E+10
      3312  0.17241327E+10
      3336  0.17172699E+10
      3360  0.17127049E+10
      3384  0.17101289E+10
      3408  0.17092686E+10
      3432  0.17098807E+10
      3456  0.17117500E+10
      3480  0.17146844E+10
      3504  0.17185132E+10
      3528  0.17230848E+10
      3552  0.17282641E+10
      3576  0.17339316E+10
      3600  0.17399814E+10
      3624  0.17463206E+10
      3648  0.17528663E+10
      3672  0.17595476E+10
      3696  0.17663008E+10
      3720  0.17730723E+10
      3744  0.17798148E+10
      3768  0.17864882E+10
      3792  0.17930575E+10
      3816  0.17994936E+10
      3840  0.18057723E+10
      3864  0.18118726E+10
      3888  0.18177777E+10
      3912  0.18234737E+10
      3936  0.18289489E+10
      3960  0.18341943E+10
      3984  0.18392027E+10
      4008  0.18439690E+10
      4032  0.18484879E+10
      4056  0.18527567E+10
      4080  0.18567727E+10
      4104  0.18605343E+10
      4128  0.18640399E+10
      4152  0.18672895E+10
      4176  0.18702821E+10
      4200  0.18730175E+10
      4224  0.18754954E+10
      4248  0.18777155E+10
      4272  0.18796777E+10
      4296  0.18813820E+10
      4320  0.18828282E+10
      4344  0.18840157E+10
      4368  0.18849443E+10
      4392  0.18856131E+10
      4416  0.18860223E+10
      4440  0.18861706E+10
      4464  0.18860572E+10
      4488  0.18856810E+10
      4512  0.18850412E+10
      4536  0.18841361E+10
      4560  0.18829645E+10
      4584  0.18815246E+10
      4608  0.18798154E+10
      4632  0.18778355E+10
      4656  0.18755827E+10
      4680  0.18730554E+10
      4704  0.18702519E+10
      4728  0.18671700E+10
      4752  0.18638081E+10
      4776  0.18601641E+10
      4800  0.18562362E+10
      4824  0.18520223E+10
      4848  0.18475205E+10
      4872  0.18427281E+10
      4896  0.18376438E+10
      4920  0.18322650E+10
      4944  0.18265897E+10
      4968  0.18206162E+10
      4992  0.18143421E+10
      5016  0.18077654E+10
      5040  0.18008842E+10
      5064  0.17936965E+10
      5088  0.17862002E+10
      5112  0.17783935E+10
      5136  0.17702747E+10
      5160  0.17618418E+10
      5184  0.17530926E+10
      5208  0.17440259E+10
      5232  0.17346396E+10
      5256  0.17249329E+10
      5280  0.17149033E+10
      5304  0.17045492E+10
      5328  0.16938700E+10
      5352  0.16828641E+10
      5376  0.16715300E+10
      5400  0.16598675E+10
      5424  0.17050602E+10
      5448  0.17427967E+10
      5472  0.17740060E+10
      5496  0.17992401E+10
      5520  0.18190724E+10
      5544  0.18340700E+10
      5568  0.18447773E+10
      5592  0.18517012E+10
      5616  0.18553064E+10
      5640  0.18560123E+10
      5664  0.18541930E+10
      5688  0.18501786E+10
      5712  0.18442572E+10
      5736  0.18366798E+10
      5760  0.18276626E+10
      5784  0.18173929E+10
      5808  0.18060285E+10
      5832  0.17937056E+10
      5856  0.17805390E+10
      5880  0.17666258E+10
      5904  0.17552184E+10
      5928  0.17427104E+10
      5952  0.17292317E+10
      5976  0.17148931E+10
      6000  0.16997888E+10
      6024  0.16839999E+10
      6048  0.16675940E+10
      6072  0.16506298E+10
      6096  0.16331566E+10
      6120  0.16152164E+10
      6144  0.15968439E+10
      6168  0.15780703E+10
      6192  0.15589206E+10
      6216  0.15394168E+10
      6240  0.15195777E+10
      6264  0.14994191E+10
      6288  0.14789556E+10
      6312  0.14581984E+10
      6336  0.14371581E+10
      6360  0.14158441E+10
      6384  0.13942648E+10
      6408  0.13724278E+10
      6432  0.13503395E+10
      6456  0.13280068E+10
      6480  0.13054360E+10
      6504  0.12826322E+10
      6528  0.12596018E+10
      6552  0.12363502E+10
      6576  0.12128831E+10
      6600  0.11892060E+10
      6624  0.12348343E+10
      6648  0.12730303E+10
      6672  0.13041883E+10
      6696  0.13288132E+10
      6720  0.13474668E+10
      6744  0.13607309E+10
      6768  0.13691788E+10
      6792  0.13733580E+10
      6816  0.13737800E+10
      6840  0.13709119E+10
      6864  0.13651780E+10
      6888  0.13569564E+10
      6912  0.13465818E+10
      6936  0.13343489E+10
      6960  0.13205166E+10
      6984  0.13053097E+10
      7008  0.12889235E+10
      7032  0.12715259E+10
      7056  0.12532620E+10
      7080  0.12342570E+10
      7104  0.12146181E+10
      7128  0.11944370E+10
      7152  0.11737928E+10
      7176  0.11527532E+10
      7200  0.11313764E+10
      7224  0.11097128E+10
      7248  0.10878061E+10
      7272  0.10656956E+10
      7296  0.10434157E+10
      7320  0.10209977E+10
      7344  0.99847091E+09
      7368  0.97586342E+09
      7392  0.95320179E+09
      7416  0.93051232E+09
      7440  0.90782195E+09
      7464  0.88515770E+09
      7488  0.86254771E+09
      7512  0.84002035E+09
      7536  0.81760531E+09
      7560  0.79533216E+09
      7584  0.77323213E+09
      7608  0.75133606E+09
      7632  0.72967494E+09
      7656  0.70827898E+09
      7680  0.68717798E+09
      7704  0.66640051E+09
      7728  0.64597370E+09
      7752  0.62592243E+09
      7776  0.60626963E+09
      7800  0.58703558E+09
      7824  0.56823776E+09
      7848  0.54989094E+09
      7872  0.53200752E+09
      7896  0.51459792E+09
      7920  0.49767133E+09
      7944  0.48184768E+09
      7968  0.46649331E+09
      7992  0.45161786E+09
      8016  0.43722771E+09
      8040  0.42332749E+09
      8064  0.40991910E+09
      8088  0.39700266E+09
      8112  0.38457616E+09
      8136  0.37263622E+09
      8160  0.36117802E+09
      8184  0.35019558E+09
      8208  0.33968182E+09
      8232  0.32962902E+09
      8256  0.32002883E+09
      8280  0.31087235E+09
      8304  0.30215040E+09
      8328  0.29385354E+09
      8352  0.28597213E+09
      8376  0.27849661E+09
      8400  0.27141744E+09
      8424  0.26472512E+09
      8448  0.25841048E+09
      8472  0.25246451E+09
      8496  0.24687859E+09
      8520  0.24164430E+09
      8544  0.23675381E+09
      8568  0.23219952E+09
      8592  0.22797450E+09
      8616  0.22407218E+09
      8640  0.22048656E+09
      8664  0.21721224E+09
      8688  0.21424437E+09
      8712  0.21157872E+09
      8736  0.20921173E+09
