         1   1.8012198    
       288   1.7534500    
       576   1.7112865    
       864   1.6727792    
      1152   1.6377982    
      1440   1.6062243    
      1728   1.5655494    
      2016   1.5286393    
      2304   1.4953313    
      2592   1.4654847    
      2880   1.4389735    
      3168   1.4156862    
      3456   1.3844156    
      3744   1.3566033    
      4032   1.3321110    
      4320   1.3108193    
      4608   1.2926215    
      4896   1.2774334    
      5184   1.2549857    
      5472   1.2356993    
      5760   1.2194672    
      6048   1.2061996    
      6336   1.1958295    
      6624   1.1883005    
      6912   1.1739385    
      7200   1.1625142    
      7488   1.1539364    
      7776   1.1481745    
      8064   1.1451964    
      8352   1.1356472    
      8640   1.1289436    
      8928   1.1250416    
      9216   1.1239142    
      9504   1.1255535    
      9792   1.1299691    
     10080   1.1278374    
     10368   1.1285068    
     10656   1.1319782    
     10944   1.1382658    
     11232   1.1474073    
     11520   1.1594553    
     11808   1.1648402    
     12096   1.1731151    
     12384   1.1843383    
     12672   1.1985738    
     12960   1.2159028    
     13248   1.2263327    
     13536   1.2398335    
     13824   1.2564638    
     14112   1.2763308    
     14400   1.2995483    
     14688   1.3262495    
     14976   1.3565905    
     15264   1.3794835    
     15552   1.4059625    
     15840   1.4361753    
     16128   1.4702913    
     16416   1.5085052    
     16704   1.5509714    
     16992   1.5853349    
     17280   1.6239393    
     17568   1.6669962    
     17856   1.7147436    
     18144   1.7674090    
     18432   1.8253312    
     18720   1.8888416    
     19008   1.9431216    
     19296   2.0028694    
     19584   2.0684276    
     19872   2.1401541    
     20160   2.2184455    
     20448   2.3036504    
     20736   2.3963284    
     21024   2.4783888    
     21312   2.5678105    
     21600   2.6650412    
     21888   2.7706530    
     22176   2.8852148    
     22464   3.0093486    
     22752   3.1436110    
     23040   3.2888591    
     23328   3.4216313    
     23616   3.5653641    
     23904   3.7207830    
     24192   3.8887899    
     24480   4.0702910    
     24768   4.2662568    
     25056   4.4775772    
     25344   4.7055502    
     25632   4.9228973    
     25920   5.1573906    
     26208   5.4101653    
     26496   5.6826472    
     26784   5.9762049    
     27072   6.2922773    
     27360   6.6323571    
     27648   6.9977303    
     27936   7.3466096    
     28224   7.7214632    
     28512   8.1237526    
     28800   8.5547857    
     29088   9.0160036    
     29376   9.5085764    
     29664   10.033452    
     29952   10.590965    
     30240   11.124588    
     30528   11.689552    
     30816   12.285657    
     31104   12.912279    
     31392   13.568109    
     31680   14.251652    
     31968   14.960648    
     32256   15.692259    
     32544   16.373779    
     32832   17.071760    
     33120   17.782688    
     33408   18.502733    
     33696   19.227814    
     33984   19.953377    
     34272   20.675625    
     34560   21.390408    
     34848   22.020191    
     35136   22.639814    
     35424   23.246464    
     35712   23.837391    
     36000   24.410683    
     36288   24.964529    
     36576   25.497496    
     36864   26.008549    
     37152   26.424839    
     37440   26.825146    
     37728   27.209312    
     38016   27.577288    
     38304   27.929192    
     38592   28.265255    
     38880   28.585844    
     39168   28.891466    
     39456   29.113785    
     39744   29.329969    
     40032   29.540211    
     40320   29.744577    
     40608   29.943190    
     40896   30.136196    
     41184   30.323709    
     41472   30.505934    
     41760   30.617176    
     42048   30.731173    
     42336   30.847353    
     42624   30.965128    
     42912   31.083961    
     43200   31.203068    
     43488   31.322340    
     43776   31.441317    
     44064   31.496336    
     44352   31.558037    
     44640   31.625256    
     44928   31.696962    
     45216   31.772209    
     45504   31.850122    
     45792   31.929920    
     46080   32.010857    
     46368   32.092308    
     46656   32.173664    
     46944   32.254341    
     47232   32.271980    
     47520   32.295769    
     47808   32.324467    
     48096   32.356995    
     48384   32.392323    
     48672   32.429550    
     48960   32.467918    
     49248   32.506618    
     49536   32.545094    
     49824   32.582706    
     50112   32.618977    
     50400   32.653690    
     50688   32.686188    
     50976   32.716084    
     51264   32.743099    
     51552   32.766899    
     51840   32.787300    
     52128   32.804054    
     52416   32.816986    
     52704   32.825897    
     52992   32.830669    
     53280   32.831139    
     53568   32.827225    
     53856   32.818768    
     54144   32.806049    
     54432   32.788658    
     54720   32.766476    
     55008   32.739491    
     55296   32.707600    
     55584   32.670773    
     55872   32.628960    
     56160   32.582058    
     56448   32.530071    
     56736   32.472946    
     57024   32.410721    
     57312   32.343250    
     57600   32.336311    
     57888   32.315708    
     58176   32.282425    
     58464   32.237251    
     58752   32.180992    
     59040   32.114300    
     59328   32.037987    
     59616   31.952339    
     59904   31.857801    
     60192   31.823240    
     60480   31.771959    
     60768   31.705259    
     61056   31.624321    
     61344   31.530237    
     61632   31.423895    
     61920   31.306242    
     62208   31.248756    
     62496   31.172297    
     62784   31.078445    
     63072   30.968647    
     63360   30.844172    
     63648   30.706125    
     63936   30.628107    
     64224   30.529882    
     64512   30.412649    
     64800   30.278061    
     65088   30.127556    
     65376   29.962395    
     65664   29.858379    
     65952   29.732676    
     66240   29.587259    
     66528   29.423964    
     66816   29.244127    
     67104   29.125795    
     67392   28.984203    
     67680   28.821472    
     67968   28.639492    
     68256   28.518230    
     68544   28.371548    
     68832   28.201849    
     69120   28.011396    
     69408   27.882170    
     69696   27.726034    
     69984   27.545586    
     70272   27.343330    
     70560   27.124086    
     70848   26.971895    
     71136   26.796183    
     71424   26.598186    
     71712   26.379246    
     72000   26.245438    
     72288   26.081499    
     72576   25.890003    
     72864   25.673344    
     73152   25.433718    
     73440   25.258175    
     73728   25.054090    
     74016   24.824249    
     74304   24.571129    
     74592   24.383318    
     74880   24.166897    
     75168   23.924698    
     75456   23.746971    
     75744   23.538858    
     76032   23.303417    
     76320   23.043390    
     76608   22.849449    
     76896   22.626238    
     77184   22.377066    
     77472   22.104176    
     77760   21.899002    
     78048   21.665409    
     78336   21.406292    
     78624   21.124279    
     78912   20.910709    
     79200   20.669601    
     79488   20.403824    
     79776   20.116016    
     80064   19.897581    
     80352   19.652380    
     80640   19.383141    
     80928   19.092390    
     81216   18.871016    
     81504   18.623770    
     81792   18.353325    
     82080   18.062323    
     82368   17.752665    
     82656   17.513689    
     82944   17.251593    
     83232   16.968815    
     83520   16.667545    
     83808   16.435476    
     84096   16.181250    
     84384   15.906728    
     84672   15.614090    
     84960   15.305329    
     85248   15.065156    
     85536   14.804799    
     85824   14.526439    
     86112   14.232326    
     86400   13.924050    
     86688   13.682315    
     86976   13.422580    
     87264   13.146923    
     87552   12.857246    
     87840   12.555497    
     88128   12.243174    
     88416   11.994110    
     88704   11.731017    
     88992   11.455783    
     89280   11.170170    
     89568   10.876069    
     89856   10.574903    
     90144   10.268189    
     90432   10.019592    
     90720   9.7625303    
     91008   9.4986658    
     91296   9.2298317    
     91584   8.9572611    
     91872   8.6823435    
     92160   8.4063654    
     92448   8.1305246    
     92736   7.8559165    
     93024   7.5836010    
     93312   7.3615274    
     93600   7.1391792    
     93888   6.9175606    
     94176   6.6975689    
     94464   6.4801788    
     94752   6.2659149    
     95040   6.0553770    
     95328   5.8490691    
     95616   5.6474428    
     95904   5.4508543    
     96192   5.2596979    
     96480   5.0741334    
     96768   4.8943443    
     97056   4.7204652    
     97344   4.5525885    
     97632   4.3907595    
     97920   4.2350059    
     98208   4.0853920    
     98496   3.9418242    
     98784   3.8042409    
     99072   3.6725621    
     99360   3.5466981    
     99648   3.4265423    
     99936   3.3119786    
    100224   3.2029796    
    100512   3.0993359    
    100800   3.0009117    
    101088   2.9075704    
    101376   2.8191760    
    101664   2.7355890    
    101952   2.6377039    
    102240   2.5456851    
    102528   2.4592779    
    102816   2.3782389    
    103104   2.3023860    
    103392   2.2314651    
    103680   2.1652641    
    103968   2.1035903    
    104256   2.0462606    
    104544   1.9931018    
    104832   1.9295783    
