         1  0.28135248E-01
        24  0.20383701E-02
        48  0.20418765E-02
        72  0.20456156E-02
        96  0.20495697E-02
       120  0.20537167E-02
       144  0.20580345E-02
       168  0.20624993E-02
       192  0.20670888E-02
       216  0.20717757E-02
       240  0.20765322E-02
       264  0.20813304E-02
       288  0.20861367E-02
       312  0.20909188E-02
       336  0.20956411E-02
       360  0.21002654E-02
       384  0.21047490E-02
       408  0.21090510E-02
       432  0.21131244E-02
       456  0.21169211E-02
       480  0.21203915E-02
       504  0.21234828E-02
       528  0.21261389E-02
       552  0.21283077E-02
       576  0.21299287E-02
       600  0.21309464E-02
       624  0.21312984E-02
       648  0.21309317E-02
       672  0.21297857E-02
       696  0.21278062E-02
       720  0.21249407E-02
       744  0.21211386E-02
       768  0.21163556E-02
       792  0.21105530E-02
       816  0.21036966E-02
       840  0.20957612E-02
       864  0.20867321E-02
       888  0.20766011E-02
       912  0.20653724E-02
       936  0.20530613E-02
       960  0.20396921E-02
       984  0.20253044E-02
      1008  0.20099489E-02
      1032  0.19936855E-02
      1056  0.20273682E-02
      1080  0.20601256E-02
      1104  0.20918648E-02
      1128  0.21225340E-02
      1152  0.21520960E-02
      1176  0.21805291E-02
      1200  0.22078145E-02
      1224  0.22343032E-02
      1248  0.22596403E-02
      1272  0.22837992E-02
      1296  0.23067573E-02
      1320  0.23284913E-02
      1344  0.23489820E-02
      1368  0.23682083E-02
      1392  0.23861481E-02
      1416  0.24027848E-02
      1440  0.24180964E-02
      1464  0.24320628E-02
      1488  0.24446689E-02
      1512  0.24558937E-02
      1536  0.24657252E-02
      1560  0.24741490E-02
      1584  0.24811514E-02
      1608  0.24867253E-02
      1632  0.24908644E-02
      1656  0.24935668E-02
      1680  0.24948341E-02
      1704  0.24946693E-02
      1728  0.24930846E-02
      1752  0.24900925E-02
      1776  0.24857102E-02
      1800  0.24799621E-02
      1824  0.24728738E-02
      1848  0.24644760E-02
      1872  0.24548052E-02
      1896  0.24438994E-02
      1920  0.24318027E-02
      1944  0.24185593E-02
      1968  0.24042188E-02
      1992  0.23888280E-02
      2016  0.23724411E-02
      2040  0.23551076E-02
      2064  0.23368807E-02
      2088  0.23178130E-02
      2112  0.22979539E-02
      2136  0.22773552E-02
      2160  0.22560635E-02
      2184  0.22341236E-02
      2208  0.22115798E-02
      2232  0.21884749E-02
      2256  0.21648509E-02
      2280  0.21407465E-02
      2304  0.21162026E-02
      2328  0.20912609E-02
      2352  0.20659610E-02
      2376  0.20403503E-02
      2400  0.20144766E-02
      2424  0.19883919E-02
      2448  0.19655265E-02
      2472  0.19422858E-02
      2496  0.19186868E-02
      2520  0.18947927E-02
      2544  0.18706894E-02
      2568  0.18464716E-02
      2592  0.18222419E-02
      2616  0.17981039E-02
      2640  0.17741597E-02
      2664  0.17505143E-02
      2688  0.17272613E-02
      2712  0.17044959E-02
      2736  0.16823014E-02
      2760  0.16607530E-02
      2784  0.16399157E-02
      2808  0.16198457E-02
      2832  0.16005869E-02
      2856  0.15821706E-02
      2880  0.15646196E-02
      2904  0.15479453E-02
      2928  0.15321483E-02
      2952  0.15172223E-02
      2976  0.15031494E-02
      3000  0.14899115E-02
      3024  0.14774782E-02
      3048  0.14658159E-02
      3072  0.14548916E-02
      3096  0.14446646E-02
      3120  0.14350933E-02
      3144  0.14261403E-02
      3168  0.14581943E-02
      3192  0.14865975E-02
      3216  0.15116000E-02
      3240  0.15334515E-02
      3264  0.15523945E-02
      3288  0.15686611E-02
      3312  0.15824690E-02
      3336  0.15940340E-02
      3360  0.16035544E-02
      3384  0.16112259E-02
      3408  0.16172301E-02
      3432  0.16217373E-02
      3456  0.16249124E-02
      3480  0.16269055E-02
      3504  0.16278592E-02
      3528  0.16279039E-02
      3552  0.16271597E-02
      3576  0.16257379E-02
      3600  0.16237414E-02
      3624  0.16212563E-02
      3648  0.16183690E-02
      3672  0.16151520E-02
      3696  0.16116719E-02
      3720  0.16079862E-02
      3744  0.16041453E-02
      3768  0.16001969E-02
      3792  0.15961779E-02
      3816  0.15921247E-02
      3840  0.15880646E-02
      3864  0.15840243E-02
      3888  0.15800250E-02
      3912  0.15760841E-02
      3936  0.15722194E-02
      3960  0.15684407E-02
      3984  0.15647592E-02
      4008  0.15611850E-02
      4032  0.15577230E-02
      4056  0.15543804E-02
      4080  0.15511637E-02
      4104  0.15480729E-02
      4128  0.15451132E-02
      4152  0.15422851E-02
      4176  0.15395915E-02
      4200  0.15370324E-02
      4224  0.15346101E-02
      4248  0.15323231E-02
      4272  0.15301747E-02
      4296  0.15281626E-02
      4320  0.15262880E-02
      4344  0.15245507E-02
      4368  0.15229506E-02
      4392  0.15214876E-02
      4416  0.15201616E-02
      4440  0.15189721E-02
      4464  0.15179196E-02
      4488  0.15170054E-02
      4512  0.15162267E-02
      4536  0.15155845E-02
      4560  0.15150808E-02
      4584  0.15147137E-02
      4608  0.15144852E-02
      4632  0.15143938E-02
      4656  0.15144406E-02
      4680  0.15146259E-02
      4704  0.15149498E-02
      4728  0.15154128E-02
      4752  0.15160164E-02
      4776  0.15167615E-02
      4800  0.15176455E-02
      4824  0.15186734E-02
      4848  0.15198418E-02
      4872  0.15211552E-02
      4896  0.15226115E-02
      4920  0.15242143E-02
      4944  0.15259625E-02
      4968  0.15278580E-02
      4992  0.15299019E-02
      5016  0.15320951E-02
      5040  0.15344399E-02
      5064  0.15369357E-02
      5088  0.15395868E-02
      5112  0.15423922E-02
      5136  0.15453538E-02
      5160  0.15484743E-02
      5184  0.15517556E-02
      5208  0.15551996E-02
      5232  0.15588085E-02
      5256  0.15625833E-02
      5280  0.15665286E-02
      5304  0.15706447E-02
      5328  0.15749366E-02
      5352  0.15794056E-02
      5376  0.15840555E-02
      5400  0.15888885E-02
      5424  0.15426765E-02
      5448  0.15070569E-02
      5472  0.14829292E+15
      5496  0.14510099E-02
      5520  0.14294337E-02
      5544  0.14114697E-02
      5568  0.13966594E-02
      5592  0.13845974E-02
      5616  0.13749213E-02
      5640  0.13673184E-02
      5664  0.13615120E-02
      5688  0.13572657E-02
      5712  0.13543712E-02
      5736  0.13526509E-02
      5760  0.13519521E-02
      5784  0.13521431E-02
      5808  0.13531109E-02
      5832  0.13547606E-02
      5856  0.13570092E-02
      5880  0.13597865E-02
      5904  0.13605038E-02
      5928  0.13619950E-02
      5952  0.13641710E-02
      5976  0.13669544E-02
      6000  0.13702819E-02
      6024  0.13740956E-02
      6048  0.13783514E-02
      6072  0.13830093E-02
      6096  0.13880348E-02
      6120  0.13934022E-02
      6144  0.13990871E-02
      6168  0.14050709E-02
      6192  0.14113380E-02
      6216  0.14178761E-02
      6240  0.14246763E-02
      6264  0.14317299E-02
      6288  0.14390312E-02
      6312  0.14465761E-02
      6336  0.14543637E-02
      6360  0.14623917E-02
      6384  0.14706611E-02
      6408  0.14791727E-02
      6432  0.14879265E-02
      6456  0.14969277E-02
      6480  0.15061785E-02
      6504  0.15156817E-02
      6528  0.15254427E-02
      6552  0.15354652E-02
      6576  0.15457547E-02
      6600  0.15563172E-02
      6624  0.14995693E-02
      6648  0.14511204E-02
      6672  0.14099820E-02
      6696  0.13752187E-02
      6720  0.13459807E-02
      6744  0.13215215E-02
      6768  0.13011886E-02
      6792  0.12844165E-02
      6816  0.12707196E-02
      6840  0.12596837E-02
      6864  0.12509507E-02
      6888  0.12442165E-02
      6912  0.12392224E-02
      6936  0.12357491E-02
      6960  0.12336057E-02
      6984  0.12326330E-02
      7008  0.12326939E-02
      7032  0.12336719E-02
      7056  0.12354685E-02
      7080  0.12380005E-02
      7104  0.12411958E-02
      7128  0.12449941E-02
      7152  0.12493466E-02
      7176  0.12542073E-02
      7200  0.12595429E-02
      7224  0.12653217E-02
      7248  0.12715195E-02
      7272  0.12781119E-02
      7296  0.12850824E-02
      7320  0.12924125E-02
      7344  0.13000888E-02
      7368  0.13080959E-02
      7392  0.13164209E-02
      7416  0.13250487E-02
      7440  0.13339651E-02
      7464  0.13431542E-02
      7488  0.13525989E-02
      7512  0.13622791E-02
      7536  0.13721754E-02
      7560  0.13822647E-02
      7584  0.13925206E-02
      7608  0.14029171E-02
      7632  0.14134247E-02
      7656  0.14240121E-02
      7680  0.14346456E-02
      7704  0.14452895E-02
      7728  0.14559045E-02
      7752  0.14664512E-02
      7776  0.14768837E-02
      7800  0.14871544E-02
      7824  0.14972158E-02
      7848  0.15070249E-02
      7872  0.15165502E-02
      7896  0.15257854E-02
      7920  0.15347514E-02
      7944  0.15427641E-02
      7968  0.15505798E-02
      7992  0.15582237E-02
      8016  0.15657098E-02
      8040  0.15730456E-02
      8064  0.15802388E-02
      8088  0.15872935E-02
      8112  0.15942150E-02
      8136  0.16010089E-02
      8160  0.16076828E-02
      8184  0.16142438E-02
      8208  0.16206994E-02
      8232  0.16270598E-02
      8256  0.16333341E-02
      8280  0.16395320E-02
      8304  0.16456646E-02
      8328  0.16517413E-02
      8352  0.16577734E-02
      8376  0.16637715E-02
      8400  0.16697443E-02
      8424  0.16757039E-02
      8448  0.16816591E-02
      8472  0.16876174E-02
      8496  0.16935911E-02
      8520  0.16995842E-02
      8544  0.17056066E-02
      8568  0.17116640E-02
      8592  0.17177616E-02
      8616  0.17239061E-02
      8640  0.17300997E-02
      8664  0.17363477E-02
      8688  0.17426505E-02
      8712  0.17490080E-02
      8736  0.17554212E-02
