         1   2000.0000    
       288   1998.1309    
       576   1996.3884    
       864   1994.7968    
      1152   1993.3467    
      1440   1992.0062    
      1728   1990.9695    
      2016   1990.0320    
      2304   1989.1797    
      2592   1988.3995    
      2880   1987.6810    
      3168   1987.0150    
      3456   1986.5675    
      3744   1986.1641    
      4032   1985.7943    
      4320   1985.4498    
      4608   1985.1249    
      4896   1984.8121    
      5184   1984.6659    
      5472   1984.5291    
      5760   1984.3939    
      6048   1984.2563    
      6336   1984.1099    
      6624   1983.9491    
      6912   1983.9237    
      7200   1983.8849    
      7488   1983.8295    
      7776   1983.7532    
      8064   1983.6510    
      8352   1983.6643    
      8640   1983.6545    
      8928   1983.6160    
      9216   1983.5457    
      9504   1983.4392    
      9792   1983.2937    
     10080   1983.2502    
     10368   1983.1713    
     10656   1983.0536    
     10944   1982.8932    
     11232   1982.6854    
     11520   1982.4240    
     11808   1982.2570    
     12096   1982.0455    
     12384   1981.7843    
     12672   1981.4686    
     12960   1981.0916    
     13248   1980.8119    
     13536   1980.4790    
     13824   1980.0905    
     14112   1979.6394    
     14400   1979.1218    
     14688   1978.5317    
     14976   1977.8616    
     15264   1977.2853    
     15552   1976.6396    
     15840   1975.9191    
     16128   1975.1163    
     16416   1974.2244    
     16704   1973.2367    
     16992   1972.3475    
     17280   1971.3740    
     17568   1970.3090    
     17856   1969.1439    
     18144   1967.8707    
     18432   1966.4807    
     18720   1964.9641    
     19008   1963.5488    
     19296   1962.0205    
     19584   1960.3688    
     19872   1958.5815    
     20160   1956.6486    
     20448   1954.5587    
     20736   1952.2983    
     21024   1950.1467    
     21312   1947.8398    
     21600   1945.3652    
     21888   1942.7064    
     22176   1939.8484    
     22464   1936.7749    
     22752   1933.4684    
     23040   1929.9092    
     23328   1926.4612    
     23616   1922.7802    
     23904   1918.8447    
     24192   1914.6331    
     24480   1910.1213    
     24768   1905.2831    
     25056   1900.0966    
     25344   1894.5288    
     25632   1889.0023    
     25920   1883.1055    
     26208   1876.8090    
     26496   1870.0765    
     26784   1862.8756    
     27072   1855.1672    
     27360   1846.9155    
     27648   1838.0848    
     27936   1829.3219    
     28224   1820.0011    
     28512   1810.0807    
     28800   1799.5236    
     29088   1788.2924    
     29376   1776.3489    
     29664   1763.6633    
     29952   1750.2156    
     30240   1736.8864    
     30528   1722.8669    
     30816   1708.1462    
     31104   1692.7227    
     31392   1676.6044    
     31680   1659.8113    
     31968   1642.3744    
     32256   1624.3398    
     32544   1606.8667    
     32832   1589.0048    
     33120   1570.8136    
     33408   1552.3655    
     33696   1533.7380    
     33984   1515.0238    
     34272   1496.3065    
     34560   1477.6802    
     34848   1460.4038    
     35136   1443.4242    
     35424   1426.8037    
     35712   1410.6041    
     36000   1394.8759    
     36288   1379.6702    
     36576   1365.0302    
     36864   1350.9917    
     37152   1338.7294    
     37440   1327.1052    
     37728   1316.1138    
     38016   1305.7502    
     38304   1296.0056    
     38592   1286.8691    
     38880   1278.3241    
     39168   1270.3535    
     39456   1264.0326    
     39744   1258.2166    
     40032   1252.8695    
     40320   1247.9575    
     40608   1243.4510    
     40896   1239.3208    
     41184   1235.5413    
     41472   1232.0851    
     41760   1229.9741    
     42048   1228.1056    
     42336   1226.4476    
     42624   1224.9749    
     42912   1223.6644    
     43200   1222.5029    
     43488   1221.4700    
     43776   1220.5513    
     44064   1220.7397    
     44352   1220.9830    
     44640   1221.2631    
     44928   1221.5687    
     45216   1221.8890    
     45504   1222.2197    
     45792   1222.5568    
     46080   1222.8981    
     46368   1223.2426    
     46656   1223.5919    
     46944   1223.9486    
     47232   1225.2971    
     47520   1226.6165    
     47808   1227.8995    
     48096   1229.1459    
     48384   1230.3541    
     48672   1231.5262    
     48960   1232.6672    
     49248   1233.7808    
     49536   1234.8732    
     49824   1235.9492    
     50112   1237.0149    
     50400   1238.0731    
     50688   1239.1329    
     50976   1240.1992    
     51264   1241.2800    
     51552   1242.3789    
     51840   1243.5011    
     52128   1244.6520    
     52416   1245.8367    
     52704   1247.0568    
     52992   1248.3190    
     53280   1249.6237    
     53568   1250.9746    
     53856   1252.3755    
     54144   1253.8220    
     54432   1255.3231    
     54720   1256.8801    
     55008   1258.4954    
     55296   1260.1693    
     55584   1261.9049    
     55872   1263.7043    
     56160   1265.5674    
     56448   1267.4962    
     56736   1269.4923    
     57024   1271.5548    
     57312   1273.6855    
     57600   1274.8440    
     57888   1276.1249    
     58176   1277.5383    
     58464   1279.0906    
     58752   1280.7845    
     59040   1282.6208    
     59328   1284.5969    
     59616   1286.7131    
     59904   1288.9673    
     60192   1290.2721    
     60480   1291.7615    
     60768   1293.4395    
     61056   1295.3110    
     61344   1297.3748    
     61632   1299.6256    
     61920   1302.0587    
     62208   1303.5471    
     62496   1305.2632    
     62784   1307.2095    
     63072   1309.3845    
     63360   1311.7859    
     63648   1314.4088    
     63936   1316.0952    
     64224   1318.0336    
     64512   1320.2336    
     64800   1322.6936    
     65088   1325.4077    
     65376   1328.3696    
     65664   1330.3867    
     65952   1332.6853    
     66240   1335.2666    
     66528   1338.1245    
     66816   1341.2554    
     67104   1343.4351    
     67392   1345.9219    
     67680   1348.7146    
     67968   1351.8112    
     68256   1353.9617    
     68544   1356.4491    
     68832   1359.2729    
     69120   1362.4255    
     69408   1364.6298    
     69696   1367.1976    
     69984   1370.1266    
     70272   1373.3915    
     70560   1376.7826    
     70848   1379.1383    
     71136   1381.8191    
     71424   1384.8401    
     71712   1388.2047    
     72000   1390.2556    
     72288   1392.7032    
     72576   1395.5542    
     72864   1398.8091    
     73152   1402.4604    
     73440   1405.1521    
     73728   1408.2622    
     74016   1411.7836    
     74304   1415.7107    
     74592   1418.6608    
     74880   1422.0314    
     75168   1425.8171    
     75456   1428.6183    
     75744   1431.8514    
     76032   1435.5128    
     76320   1439.5919    
     76608   1442.6799    
     76896   1446.1956    
     77184   1450.1288    
     77472   1454.4741    
     77760   1457.8091    
     78048   1461.5612    
     78336   1465.7256    
     78624   1470.2914    
     78912   1473.8364    
     79200   1477.7848    
     79488   1482.1324    
     79776   1486.8657    
     80064   1490.5635    
     80352   1494.6525    
     80640   1499.1271    
     80928   1503.9780    
     81216   1507.7902    
     81504   1511.9768    
     81792   1516.5352    
     82080   1521.4513    
     82368   1526.7175    
     82656   1530.9401    
     82944   1535.5051    
     83232   1540.4065    
     83520   1545.6356    
     83808   1549.8235    
     84096   1554.3267    
     84384   1559.1464    
     84672   1564.2729    
     84960   1569.6908    
     85248   1574.0789    
     85536   1578.7501    
     85824   1583.6947    
     86112   1588.8949    
     86400   1594.3364    
     86688   1598.7593    
     86976   1603.4097    
     87264   1608.2714    
     87552   1613.3195    
     87840   1618.5226    
     88128   1623.8475    
     88416   1628.1340    
     88704   1632.5137    
     88992   1636.9397    
     89280   1641.3605    
     89568   1645.7065    
     89856   1649.9036    
     90144   1653.8572    
     90432   1656.5992    
     90720   1659.1282    
     91008   1661.3945    
     91296   1663.3607    
     91584   1665.0219    
     91872   1666.3956    
     92160   1667.5166    
     92448   1668.4305    
     92736   1669.1858    
     93024   1669.8185    
     93312   1669.9131    
     93600   1670.1975    
     93888   1670.5431    
     94176   1670.8947    
     94464   1671.2273    
     94752   1671.5365    
     95040   1671.8202    
     95328   1672.0811    
     95616   1672.3214    
     95904   1672.5420    
     96192   1672.7430    
     96480   1672.9308    
     96768   1673.1030    
     97056   1673.2632    
     97344   1673.4120    
     97632   1673.5500    
     97920   1673.6774    
     98208   1673.7946    
     98496   1673.9031    
     98784   1674.0038    
     99072   1674.0975    
     99360   1674.1838    
     99648   1674.2643    
     99936   1674.3374    
    100224   1674.4069    
    100512   1674.4684    
    100800   1674.5262    
    101088   1674.5786    
    101376   1674.6259    
    101664   1674.6685    
    101952   1674.8368    
    102240   1674.9038    
    102528   1674.9487    
    102816   1674.9868    
    103104   1675.0195    
    103392   1675.0491    
    103680   1675.0751    
    103968   1675.0975    
    104256   1675.1165    
    104544   1675.1321    
    104832   1675.2426    
