         1   1.0000000    
       288   1.0000000    
       576   1.0000000    
       864   1.0000000    
      1152   1.0000000    
      1440   1.0000000    
      1728   1.0000000    
      2016   1.0000000    
      2304   1.0000000    
      2592   1.0000000    
      2880   1.0000000    
      3168   1.0000000    
      3456   1.0000000    
      3744   1.0000000    
      4032   1.0000000    
      4320   1.0000000    
      4608   1.0000000    
      4896   1.0000000    
      5184   1.0000000    
      5472   1.0000000    
      5760   1.0000000    
      6048   1.0000000    
      6336   1.0000000    
      6624   1.0000000    
      6912   1.0000000    
      7200   1.0000000    
      7488   1.0000000    
      7776   1.0000000    
      8064   1.0000000    
      8352   1.0000000    
      8640   1.0000000    
      8928   1.0000000    
      9216   1.0000000    
      9504   1.0000000    
      9792   1.0000000    
     10080   1.0000000    
     10368   1.0000000    
     10656   1.0000000    
     10944   1.0000000    
     11232   1.0000000    
     11520   1.0000000    
     11808   1.0000000    
     12096   1.0000000    
     12384   1.0000000    
     12672   1.0000000    
     12960   1.0000000    
     13248   1.0000000    
     13536   1.0000000    
     13824   1.0000000    
     14112   1.0000000    
     14400   1.0000000    
     14688   1.0000000    
     14976   1.0000000    
     15264   1.0000000    
     15552   1.0000000    
     15840   1.0000000    
     16128   1.0000000    
     16416   1.0000000    
     16704   1.0000000    
     16992   1.0000000    
     17280   1.0000000    
     17568   1.0000000    
     17856   1.0000000    
     18144   1.0000000    
     18432   1.0000000    
     18720   1.0000000    
     19008   1.0000000    
     19296   1.0000000    
     19584   1.0000000    
     19872   1.0000000    
     20160   1.0000000    
     20448   1.0000000    
     20736   1.0000000    
     21024   1.0000000    
     21312   1.0000000    
     21600   1.0000000    
     21888   1.0000000    
     22176   1.0000000    
     22464   1.0000000    
     22752   1.0000000    
     23040   1.0000000    
     23328   1.0000000    
     23616   1.0000000    
     23904   1.0000000    
     24192   1.0000441    
     24480   1.0034916    
     24768   1.0111645    
     25056   1.0233320    
     25344   1.0403936    
     25632   1.0629392    
     25920   1.0914648    
     26208   1.1265171    
     26496   1.1688709    
     26784   1.2193336    
     27072   1.2789079    
     27360   1.3488284    
     27648   1.4306787    
     27936   1.5271189    
     28224   1.6406169    
     28512   1.7737267    
     28800   1.9297303    
     29088   2.1128337    
     29376   2.3277192    
     29664   2.5800440    
     29952   2.8768342    
     30240   3.2287917    
     30528   3.6467910    
     30816   4.1421123    
     31104   4.7277231    
     31392   5.4186559    
     31680   6.2318425    
     31968   7.1832776    
     32256   8.2878418    
     32544   9.5648680    
     32832   11.026614    
     33120   12.671432    
     33408   14.489011    
     33696   16.460327    
     33984   18.560368    
     34272   20.758581    
     34560   23.017876    
     34848   25.312904    
     35136   27.609734    
     35424   29.871851    
     35712   32.070118    
     36000   34.178093    
     36288   36.171448    
     36576   38.032253    
     36864   39.747776    
     37152   41.324207    
     37440   42.760784    
     37728   44.054737    
     38016   45.207142    
     38304   46.223064    
     38592   47.109394    
     38880   47.874393    
     39168   48.527122    
     39456   49.090363    
     39744   49.575733    
     40032   49.989037    
     40320   50.337212    
     40608   50.627792    
     40896   50.867790    
     41184   51.063557    
     41472   51.220905    
     41760   51.357349    
     42048   51.476902    
     42336   51.582138    
     42624   51.675713    
     42912   51.759804    
     43200   51.839016    
     43488   51.912663    
     43776   51.981239    
     44064   52.057369    
     44352   52.141396    
     44640   52.232639    
     44928   52.330673    
     45216   52.435131    
     45504   52.545246    
     45792   52.660412    
     46080   52.780045    
     46368   52.903584    
     46656   53.030479    
     46944   53.160229    
     47232   53.303864    
     47520   53.460667    
     47808   53.629169    
     48096   53.808006    
     48384   53.996014    
     48672   54.192005    
     48960   54.394909    
     49248   54.603756    
     49536   54.817650    
     49824   55.035782    
     50112   55.257576    
     50400   55.479504    
     50688   55.703880    
     50976   55.930649    
     51264   56.159515    
     51552   56.390282    
     51840   56.622810    
     52128   56.857056    
     52416   57.092964    
     52704   57.330654    
     52992   57.570194    
     53280   57.811657    
     53568   58.055283    
     53856   58.301273    
     54144   58.546711    
     54432   58.794830    
     54720   59.046177    
     55008   59.301071    
     55296   59.559685    
     55584   59.822311    
     55872   60.089199    
     56160   60.360611    
     56448   60.636860    
     56736   60.918213    
     57024   61.201557    
     57312   61.490494    
     57600   61.771210    
     57888   62.043644    
     58176   62.309532    
     58464   62.570576    
     58752   62.828495    
     59040   63.084843    
     59328   63.337753    
     59616   63.592087    
     59904   63.849510    
     60192   64.095596    
     60480   64.330963    
     60768   64.558220    
     61056   64.780083    
     61344   64.998680    
     61632   65.216301    
     61920   65.431114    
     62208   65.631721    
     62496   65.819695    
     62784   65.998230    
     63072   66.170235    
     63360   66.338501    
     63648   66.505424    
     63936   66.655548    
     64224   66.786324    
     64512   66.905106    
     64800   67.015808    
     65088   67.121284    
     65376   67.224152    
     65664   67.308121    
     65952   67.374611    
     66240   67.427704    
     66528   67.466934    
     66816   67.498787    
     67104   67.507195    
     67392   67.494049    
     67680   67.463890    
     67968   67.420380    
     68256   67.346985    
     68544   67.246407    
     68832   67.124168    
     69120   66.981018    
     69408   66.803894    
     69696   66.597458    
     69984   66.367897    
     70272   66.594849    
     70560   71.307625    
     70848   76.488884    
     71136   81.664543    
     71424   86.790802    
     71712   91.827126    
     72000   96.696419    
     72288   101.36580    
     72576   105.82252    
     72864   110.06189    
     73152   114.08685    
     73440   117.84654    
     73728   121.34935    
     74016   124.61951    
     74304   127.68378    
     74592   130.48843    
     74880   133.06717    
     75168   135.46274    
     75456   137.63252    
     75744   139.60887    
     76032   141.43599    
     76320   143.15187    
     76608   144.70511    
     76896   146.12781    
     77184   147.44978    
     77472   148.71152    
     77760   149.85576    
     78048   150.91194    
     78336   151.92210    
     78624   152.91600    
     78912   153.81616    
     79200   154.64812    
     79488   155.45302    
     79776   156.24255    
     80064   156.92853    
     80352   157.54515    
     80640   158.13754    
     80928   158.73012    
     81216   159.22256    
     81504   159.63553    
     81792   160.01437    
     82080   160.36703    
     82368   160.70302    
     82656   160.92422    
     82944   161.04837    
     83232   161.12338    
     83520   161.16920    
     83808   161.06824    
     84096   160.81839    
     84384   160.45992    
     84672   160.03267    
     84960   159.55194    
     85248   158.89700    
     85536   158.07556    
     85824   157.14122    
     86112   156.10321    
     86400   154.95523    
     86688   153.59824    
     86976   152.04492    
     87264   150.35320    
     87552   148.54877    
     87840   146.63191    
     88128   144.59081    
     88416   142.34111    
     88704   139.89598    
     88992   137.31137    
     89280   134.61563    
     89568   131.81514    
     89856   128.90514    
     90144   125.90183    
     90432   122.74572    
     90720   119.45369    
     91008   116.07760    
     91296   112.64391    
     91584   109.16486    
     91872   105.66418    
     92160   102.15843    
     92448   98.660576    
     92736   95.181305    
     93024   91.726540    
     93312   88.269333    
     93600   84.831497    
     93888   81.446556    
     94176   78.133873    
     94464   74.901779    
     94752   71.751175    
     95040   68.687485    
     95328   65.712799    
     95616   62.827583    
     95904   60.031231    
     96192   57.321407    
     96480   54.694210    
     96768   52.150249    
     97056   49.689365    
     97344   47.311096    
     97632   45.014500    
     97920   42.798698    
     98208   40.662052    
     98496   38.602158    
     98784   36.618908    
     99072   34.711823    
     99360   32.880127    
     99648   31.122879    
     99936   29.438955    
    100224   27.826815    
    100512   26.284393    
    100800   24.810713    
    101088   23.404549    
    101376   22.064417    
    101664   20.788750    
    101952   19.575495    
    102240   18.421286    
    102528   17.323709    
    102816   16.280724    
    103104   15.290460    
    103392   14.351055    
    103680   13.461038    
    103968   12.618900    
    104256   11.823082    
    104544   11.071962    
    104832   10.363217    
