         1   1.0000000    
       288   1.0000000    
       576   1.0000000    
       864   1.0000000    
      1152   1.0000000    
      1440   1.0000000    
      1728   1.0000000    
      2016   1.0000000    
      2304   1.0000000    
      2592   1.0000000    
      2880   1.0000000    
      3168   1.0000000    
      3456   1.0000000    
      3744   1.0000000    
      4032   1.0000000    
      4320   1.0000000    
      4608   1.0000000    
      4896   1.0000000    
      5184   1.0000000    
      5472   1.0000000    
      5760   1.0000000    
      6048   1.0000000    
      6336   1.0000000    
      6624   1.0000000    
      6912   1.0000000    
      7200   1.0000000    
      7488   1.0000000    
      7776   1.0000000    
      8064   1.0000000    
      8352   1.0000000    
      8640   1.0000000    
      8928   1.0000000    
      9216   1.0000000    
      9504   1.0000000    
      9792   1.0000000    
     10080   1.0000000    
     10368   1.0000000    
     10656   1.0000000    
     10944   1.0000000    
     11232   1.0000000    
     11520   1.0000000    
     11808   1.0000000    
     12096   1.0000000    
     12384   1.0000000    
     12672   1.0000000    
     12960   1.0000000    
     13248   1.0000000    
     13536   1.0000000    
     13824   1.0000000    
     14112   1.0000000    
     14400   1.0000000    
     14688   1.0000000    
     14976   1.0000000    
     15264   1.0000000    
     15552   1.0000000    
     15840   1.0000000    
     16128   1.0000000    
     16416   1.0000000    
     16704   1.0000000    
     16992   1.0000000    
     17280   1.0000000    
     17568   1.0000000    
     17856   1.0000000    
     18144   1.0000000    
     18432   1.0000000    
     18720   1.0000000    
     19008   1.0000000    
     19296   1.0000000    
     19584   1.0000000    
     19872   1.0000000    
     20160   1.0000000    
     20448   1.0000000    
     20736   1.0000000    
     21024   1.0000000    
     21312   1.0000000    
     21600   1.0000000    
     21888   1.0000000    
     22176   1.0000000    
     22464   1.0000000    
     22752   1.0000000    
     23040   1.0000000    
     23328   1.0000000    
     23616   1.0000000    
     23904   1.0000000    
     24192   1.0000000    
     24480   1.0000000    
     24768   1.0000000    
     25056   1.0000000    
     25344   1.0000000    
     25632   1.0000000    
     25920   1.0000000    
     26208   1.0000000    
     26496   1.0000000    
     26784   1.0000000    
     27072   1.0000000    
     27360   1.0000000    
     27648   1.0000000    
     27936   1.0000000    
     28224   1.0000000    
     28512   1.0000000    
     28800   1.0000000    
     29088   1.0000000    
     29376   1.0000000    
     29664   1.0000000    
     29952   1.0000000    
     30240   1.0000000    
     30528   1.0000000    
     30816   1.0000000    
     31104   1.0000000    
     31392   1.0000000    
     31680   1.0000000    
     31968   1.0000000    
     32256   1.0000000    
     32544   1.0000000    
     32832   1.0000000    
     33120   1.0000000    
     33408   1.0000000    
     33696   1.0000000    
     33984   1.0000000    
     34272   1.0000000    
     34560   1.0000000    
     34848   1.0000000    
     35136   1.0000000    
     35424   1.0000000    
     35712   1.0000000    
     36000   1.0000000    
     36288   1.0000000    
     36576   1.0000000    
     36864   1.0000000    
     37152   1.0000000    
     37440   1.0000000    
     37728   1.0000000    
     38016   1.0000000    
     38304   1.0000000    
     38592   1.0000000    
     38880   1.0000000    
     39168   1.0000000    
     39456   1.0000000    
     39744   1.0000000    
     40032   1.0000000    
     40320   1.0000000    
     40608   1.0000000    
     40896   1.0000000    
     41184   1.0000000    
     41472   1.0000000    
     41760   1.0000000    
     42048   1.0000000    
     42336   1.0000000    
     42624   1.0000000    
     42912   1.0000000    
     43200   1.0000000    
     43488   1.0000000    
     43776   1.0000000    
     44064   1.0000000    
     44352   1.0000000    
     44640   1.0000000    
     44928   1.0000000    
     45216   1.0000000    
     45504   1.0000000    
     45792   1.0000000    
     46080   1.0000000    
     46368   1.0000000    
     46656   1.0000000    
     46944   1.0000000    
     47232   1.0000000    
     47520   1.0000000    
     47808   1.0000000    
     48096   1.0000000    
     48384   1.0000000    
     48672   1.0000000    
     48960   1.0000000    
     49248   1.0000000    
     49536   1.0000000    
     49824   1.0000000    
     50112   1.0000000    
     50400   1.0000000    
     50688   1.0000000    
     50976   1.0000000    
     51264   1.0000000    
     51552   1.0000000    
     51840   1.0000000    
     52128   1.0000000    
     52416   1.0000000    
     52704   1.0000000    
     52992   1.0000000    
     53280   1.0000000    
     53568   1.0000000    
     53856   1.0000000    
     54144   1.0000000    
     54432   1.0000000    
     54720   1.0000000    
     55008   1.0000000    
     55296   1.0000000    
     55584   1.0000000    
     55872   1.0000000    
     56160   1.0000000    
     56448   1.0000000    
     56736   1.0000000    
     57024   1.0000000    
     57312   1.0000000    
     57600   1.0000000    
     57888   1.0000000    
     58176   1.0000000    
     58464   1.0000000    
     58752   1.0000000    
     59040   1.0000000    
     59328   1.0000000    
     59616   1.0000000    
     59904   1.0000000    
     60192   1.0000000    
     60480   1.0000000    
     60768   1.0000000    
     61056   1.0000000    
     61344   1.0000000    
     61632   1.0000000    
     61920   1.0000000    
     62208   1.0000000    
     62496   1.0000000    
     62784   1.0000000    
     63072   1.0000000    
     63360   1.0000000    
     63648   1.0000000    
     63936   1.0000000    
     64224   1.0000000    
     64512   1.0000000    
     64800   1.0000000    
     65088   1.0000000    
     65376   1.0000000    
     65664   1.0000000    
     65952   1.0000000    
     66240   1.0000000    
     66528   1.0000000    
     66816   1.0000000    
     67104   1.0000000    
     67392   1.0000000    
     67680   1.0000000    
     67968   1.0000000    
     68256   1.0000000    
     68544   1.0000000    
     68832   1.0000000    
     69120   1.0000000    
     69408   1.0000000    
     69696   1.0000000    
     69984   1.0000000    
     70272   1.0000000    
     70560   1.0000000    
     70848   1.0000000    
     71136   1.0000000    
     71424   1.0000000    
     71712   1.0000000    
     72000   1.0000000    
     72288   1.0000000    
     72576   1.0000000    
     72864   1.0000000    
     73152   1.0000000    
     73440   1.0000000    
     73728   1.0000000    
     74016   1.0000000    
     74304   1.0000000    
     74592   1.0000000    
     74880   1.0000000    
     75168   1.0000000    
     75456   1.0000000    
     75744   1.0000000    
     76032   1.0000000    
     76320   1.0000000    
     76608   1.0000000    
     76896   1.0000000    
     77184   1.0000000    
     77472   1.0000000    
     77760   1.0000000    
     78048   1.0000000    
     78336   1.0000000    
     78624   1.0000000    
     78912   1.0000000    
     79200   1.0000000    
     79488   1.0000000    
     79776   1.0000000    
     80064   1.0000000    
     80352   1.0000000    
     80640   1.0000000    
     80928   1.0000000    
     81216   1.0000000    
     81504   1.0000000    
     81792   1.0000000    
     82080   1.0000000    
     82368   1.0000000    
     82656   1.0000000    
     82944   1.0000000    
     83232   1.0000000    
     83520   1.0000000    
     83808   1.0000000    
     84096   1.0000000    
     84384   1.0000000    
     84672   1.0000000    
     84960   1.0000000    
     85248   1.0000000    
     85536   1.0000000    
     85824   1.0000000    
     86112   1.0000000    
     86400   1.0000000    
     86688   1.0000000    
     86976   1.0000000    
     87264   1.0000000    
     87552   1.0000000    
     87840   1.0000000    
     88128   1.0000000    
     88416   1.0000000    
     88704   1.0000000    
     88992   1.0000000    
     89280   1.0000000    
     89568   1.0000000    
     89856   1.0000000    
     90144   1.0000000    
     90432   1.0000000    
     90720   1.0000000    
     91008   1.0000000    
     91296   1.0000000    
     91584   1.0000000    
     91872   1.0000000    
     92160   1.0000000    
     92448   1.0000000    
     92736   1.0000000    
     93024   1.0000000    
     93312   1.0000000    
     93600   1.0000000    
     93888   1.0000000    
     94176   1.0000000    
     94464   1.0000000    
     94752   1.0000000    
     95040   1.0000000    
     95328   1.0000000    
     95616   1.0000000    
     95904   1.0000000    
     96192   1.0000000    
     96480   1.0000000    
     96768   1.0000000    
     97056   1.0000000    
     97344   1.0000000    
     97632   1.0000000    
     97920   1.0000000    
     98208   1.0000000    
     98496   1.0000000    
     98784   1.0000000    
     99072   1.0000000    
     99360   1.0000000    
     99648   1.0000000    
     99936   1.0000000    
    100224   1.0000000    
    100512   1.0000000    
    100800   1.0000000    
    101088   1.0000000    
    101376   1.0000000    
    101664   1.0000000    
    101952   1.0000000    
    102240   1.0000000    
    102528   1.0000000    
    102816   1.0000000    
    103104   1.0000000    
    103392   1.0000000    
    103680   1.0000000    
    103968   1.0000000    
    104256   1.0000000    
    104544   1.0000000    
    104832   1.0000000    
