         1   0.0000000    
        24  0.95997155E-01
        48  0.12509377    
        72  0.12907623    
        96  0.12572721    
       120  0.12070912    
       144  0.11577753    
       168  0.11143800    
       192  0.10779788    
       216  0.10483901    
       240  0.10250516    
       264  0.10073135    
       288  0.99453658E-01
       312  0.98612830E-01
       336  0.98155625E-01
       360  0.98035090E-01
       384  0.98210298E-01
       408  0.98646156E-01
       432  0.99312700E-01
       456  0.10018452    
       480  0.10124040    
       504  0.10246241    
       528  0.10383573    
       552  0.10534792    
       576  0.10698846    
       600  0.10874835    
       624  0.11061995    
       648  0.11259627    
       672  0.11467109    
       696  0.11683843    
       720  0.11909250    
       744  0.12142747    
       768  0.12383746    
       792  0.12631634    
       816  0.12885778    
       840  0.13145505    
       864  0.13410129    
       888  0.13678923    
       912  0.13951154    
       936  0.14226070    
       960  0.14502896    
       984  0.14780864    
      1008  0.15059221    
      1032  0.15337197    
      1056  0.14767845    
      1080  0.15947886    
      1104  0.17093647    
      1128  0.18046731    
      1152  0.18818913    
      1176  0.19436333    
      1200  0.19923699    
      1224  0.20376912    
      1248  0.20928760    
      1272  0.21402849    
      1296  0.21781677    
      1320  0.22077788    
      1344  0.22306803    
      1368  0.22482914    
      1392  0.22618291    
      1416  0.22723190    
      1440  0.22806202    
      1464  0.22874404    
      1488  0.22933625    
      1512  0.22988574    
      1536  0.23042999    
      1560  0.23099867    
      1584  0.23161426    
      1608  0.23229361    
      1632  0.23304841    
      1656  0.23388593    
      1680  0.23481004    
      1704  0.23582114    
      1728  0.23691699    
      1752  0.23809280    
      1776  0.23934142    
      1800  0.24065351    
      1824  0.24201789    
      1848  0.24342112    
      1872  0.24484761    
      1896  0.24627970    
      1920  0.24769749    
      1944  0.24907847    
      1968  0.25039780    
      1992  0.25162759    
      2016  0.25273731    
      2040  0.25369367    
      2064  0.25446042    
      2088  0.25499883    
      2112  0.25526854    
      2136  0.25522873    
      2160  0.25483912    
      2184  0.25406235    
      2208  0.25286692    
      2232  0.25122997    
      2256  0.24914052    
      2280  0.24660192    
      2304  0.24363391    
      2328  0.24027196    
      2352  0.23656555    
      2376  0.23257445    
      2400  0.22836350    
      2424  0.22399759    
      2448  0.22126636    
      2472  0.21861769    
      2496  0.21480384    
      2520  0.21053676    
      2544  0.20617560    
      2568  0.20186487    
      2592  0.19765824    
      2616  0.19357543    
      2640  0.18962510    
      2664  0.18581204    
      2688  0.18213974    
      2712  0.17861088    
      2736  0.17522791    
      2760  0.17199248    
      2784  0.16890585    
      2808  0.16596846    
      2832  0.16318005    
      2856  0.16053970    
      2880  0.15804565    
      2904  0.15569545    
      2928  0.15348573    
      2952  0.15141262    
      2976  0.14947160    
      3000  0.14765753    
      3024  0.14596483    
      3048  0.14438768    
      3072  0.14291990    
      3096  0.14155519    
      3120  0.14028713    
      3144  0.13910937    
      3168  0.14255917    
      3192  0.14516027    
      3216  0.14759049    
      3240  0.14987588    
      3264  0.15200360    
      3288  0.15396203    
      3312  0.15574290    
      3336  0.15734154    
      3360  0.15875642    
      3384  0.15998931    
      3408  0.16104455    
      3432  0.16192888    
      3456  0.16265100    
      3480  0.16322109    
      3504  0.16365051    
      3528  0.16395126    
      3552  0.16413566    
      3576  0.16421622    
      3600  0.16420524    
      3624  0.16411456    
      3648  0.16395557    
      3672  0.16373894    
      3696  0.16347471    
      3720  0.16317204    
      3744  0.16283919    
      3768  0.16248374    
      3792  0.16211237    
      3816  0.16173108    
      3840  0.16134515    
      3864  0.16095908    
      3888  0.16057684    
      3912  0.16020180    
      3936  0.15983689    
      3960  0.15948458    
      3984  0.15914676    
      4008  0.15882528    
      4032  0.15852147    
      4056  0.15823631    
      4080  0.15797080    
      4104  0.15772559    
      4128  0.15750119    
      4152  0.15729803    
      4176  0.15711641    
      4200  0.15695640    
      4224  0.15681812    
      4248  0.15670164    
      4272  0.15660691    
      4296  0.15653394    
      4320  0.15648259    
      4344  0.15645263    
      4368  0.15644398    
      4392  0.15645654    
      4416  0.15649009    
      4440  0.15654439    
      4464  0.15661916    
      4488  0.15671425    
      4512  0.15682934    
      4536  0.15696409    
      4560  0.15711825    
      4584  0.15729150    
      4608  0.15748341    
      4632  0.15769362    
      4656  0.15792155    
      4680  0.15816692    
      4704  0.15842912    
      4728  0.15870757    
      4752  0.15900160    
      4776  0.15931061    
      4800  0.15963390    
      4824  0.15997078    
      4848  0.16032045    
      4872  0.16068192    
      4896  0.16105439    
      4920  0.16143695    
      4944  0.16182856    
      4968  0.16222838    
      4992  0.16263530    
      5016  0.16304828    
      5040  0.16346639    
      5064  0.16388872    
      5088  0.16431424    
      5112  0.16474208    
      5136  0.16517150    
      5160  0.16560194    
      5184  0.16603281    
      5208  0.16646378    
      5232  0.16689466    
      5256  0.16732565    
      5280  0.16775703    
      5304  0.16818933    
      5328  0.16862357    
      5352  0.16906083    
      5376  0.16950279    
      5400  0.16995125    
      5424  0.12682354    
      5448  0.10767597    
      5472  0.10432311    
      5496  0.10147168    
      5520  0.99186003E-01
      5544  0.97388782E-01
      5568  0.96013226E-01
      5592  0.95003553E-01
      5616  0.94313286E-01
      5640  0.93903825E-01
      5664  0.93743034E-01
      5688  0.93804277E-01
      5712  0.94065629E-01
      5736  0.94508596E-01
      5760  0.95118411E-01
      5784  0.95882609E-01
      5808  0.96791252E-01
      5832  0.97836554E-01
      5856  0.99012241E-01
      5880  0.10031385    
      5904  0.10291592    
      5928  0.10425773    
      5952  0.10575876    
      5976  0.10740873    
      6000  0.10920669    
      6024  0.11115319    
      6048  0.11325013    
      6072  0.11550083    
      6096  0.11790965    
      6120  0.12048219    
      6144  0.12322584    
      6168  0.12614883    
      6192  0.12926133    
      6216  0.13257462    
      6240  0.13610227    
      6264  0.13985893    
      6288  0.14386164    
      6312  0.14812925    
      6336  0.15268308    
      6360  0.15754659    
      6384  0.16274594    
      6408  0.16831025    
      6432  0.17427170    
      6456  0.18066585    
      6480  0.18753172    
      6504  0.19491290    
      6528  0.20285729    
      6552  0.21141776    
      6576  0.22065283    
      6600  0.23062746    
      6624  0.22915876    
      6648  0.21505511    
      6672  0.20339952    
      6696  0.19420634    
      6720  0.18706486    
      6744  0.18162370    
      6768  0.17760481    
      6792  0.17479071    
      6816  0.17301266    
      6840  0.17213868    
      6864  0.17206737    
      6888  0.17272054    
      6912  0.17403848    
      6936  0.17597635    
      6960  0.17850132    
      6984  0.18159056    
      7008  0.18522993    
      7032  0.18941179    
      7056  0.19413529    
      7080  0.19940481    
      7104  0.20522986    
      7128  0.21162492    
      7152  0.21860923    
      7176  0.22620647    
      7200  0.23444532    
      7224  0.24336018    
      7248  0.25299013    
      7272  0.26338083    
      7296  0.27458420    
      7320  0.28665996    
      7344  0.29967576    
      7368  0.31370816    
      7392  0.32884338    
      7416  0.34517834    
      7440  0.36282170    
      7464  0.38189310    
      7488  0.40252444    
      7512  0.42485803    
      7536  0.44904566    
      7560  0.47524348    
      7584  0.50360668    
      7608  0.53427649    
      7632  0.56736338    
      7656  0.60291874    
      7680  0.64089310    
      7704  0.68107206    
      7728  0.72299045    
      7752  0.76581478    
      7776  0.80821472    
      7800  0.84826493    
      7824  0.88349926    
      7848  0.91130847    
      7872  0.92980325    
      7896  0.93882841    
      7920  0.94026536    
      7944  0.97776699    
      7968  0.99787080    
      7992   1.0077463    
      8016   1.0118672    
      8040   1.0128279    
      8064   1.0120920    
      8088   1.0104823    
      8112   1.0084621    
      8136   1.0062948    
      8160   1.0041291    
      8184   1.0020480    
      8208   1.0000945    
      8232  0.99828702    
      8256  0.99663019    
      8280  0.99511820    
      8304  0.99374169    
      8328  0.99248576    
      8352  0.99133474    
      8376  0.99027127    
      8400  0.98927701    
      8424  0.98833448    
      8448  0.98742461    
      8472  0.98652953    
      8496  0.98563105    
      8520  0.98471135    
      8544  0.98375207    
      8568  0.98273557    
      8592  0.98164392    
      8616  0.98045921    
      8640  0.97916299    
      8664  0.97773695    
      8688  0.97616327    
      8712  0.97442257    
      8736  0.97249734    
