         1   170.00000    
       288   171.75507    
       576   173.26205    
       864   174.59216    
      1152   175.79152    
      1440   176.88469    
      1728   177.69331    
      2016   178.41768    
      2304   179.06865    
      2592   179.65697    
      2880   180.19279    
      3168   180.68552    
      3456   180.96898    
      3744   181.21750    
      4032   181.43803    
      4320   181.63791    
      4608   181.82414    
      4896   182.00346    
      5184   182.02138    
      5472   182.03456    
      5760   182.04837    
      6048   182.06819    
      6336   182.09927    
      6624   182.14688    
      6912   182.06406    
      7200   181.99615    
      7488   181.94702    
      7776   181.92131    
      8064   181.92357    
      8352   181.81097    
      8640   181.72328    
      8928   181.66405    
      9216   181.63741    
      9504   181.64767    
      9792   181.69940    
     10080   181.64911    
     10368   181.63458    
     10656   181.65930    
     10944   181.72760    
     11232   181.84381    
     11520   182.01228    
     11808   182.08566    
     12096   182.20416    
     12384   182.37186    
     12672   182.59309    
     12960   182.87289    
     13248   183.05714    
     13536   183.29198    
     13824   183.58157    
     14112   183.93103    
     14400   184.34581    
     14688   184.83145    
     14976   185.39397    
     15264   185.86177    
     15552   186.39621    
     15840   187.00270    
     16128   187.68745    
     16416   188.45732    
     16704   189.31847    
     16992   190.07968    
     17280   190.92123    
     17568   191.84998    
     17856   192.87363    
     18144   194.00003    
     18432   195.23842    
     18720   196.59808    
     19008   197.84999    
     19296   199.20863    
     19584   200.68289    
     19872   202.28310    
     20160   204.02054    
     20448   205.90559    
     20736   207.95181    
     21024   209.87944    
     21312   211.95074    
     21600   214.17732    
     21888   216.57353    
     22176   219.15434    
     22464   221.93576    
     22752   224.93280    
     23040   228.16479    
     23328   231.26935    
     23616   234.58755    
     23904   238.13686    
     24192   241.93863    
     24480   246.01492    
     24768   250.38940    
     25056   255.08432    
     25344   260.12747    
     25632   265.09912    
     25920   270.40439    
     26208   276.06958    
     26496   282.12668    
     26784   288.60806    
     27072   295.54727    
     27360   302.97900    
     27648   310.93463    
     27936   318.76797    
     28224   327.09470    
     28512   335.94983    
     28800   345.36832    
     29088   355.38425    
     29376   366.02899    
     29664   377.33051    
     29952   389.30548    
     30240   401.07520    
     30528   413.43277    
     30816   426.38803    
     31104   439.94412    
     31392   454.09180    
     31680   468.81436    
     31968   484.08371    
     32256   499.86133    
     32544   515.01013    
     32832   530.47327    
     33120   546.20782    
     33408   562.16351    
     33696   578.27844    
     33984   594.47437    
     34272   610.67670    
     34560   626.80225    
     34848   641.60498    
     35136   656.12897    
     35424   670.31451    
     35712   684.10004    
     36000   697.43286    
     36288   710.26471    
     36576   722.55078    
     36864   734.25336    
     37152   744.20386    
     37440   753.52734    
     37728   762.22650    
     38016   770.30719    
     38304   777.77704    
     38592   784.64618    
     38880   790.92822    
     39168   796.63855    
     39456   800.70837    
     39744   804.27094    
     40032   807.36279    
     40320   810.01501    
     40608   812.25934    
     40896   814.12219    
     41184   815.63110    
     41472   816.80927    
     41760   816.64209    
     42048   816.22504    
     42336   815.58850    
     42624   814.75873    
     42912   813.75745    
     43200   812.59772    
     43488   811.30164    
     43776   809.88373    
     44064   807.35431    
     44352   804.75989    
     44640   802.11786    
     44928   799.44159    
     45216   796.74005    
     45504   794.01978    
     45792   791.28455    
     46080   788.53735    
     46368   785.77789    
     46656   783.00580    
     46944   780.21918    
     47232   776.43707    
     47520   772.67499    
     47808   768.93988    
     48096   765.23407    
     48384   761.55780    
     48672   757.90967    
     48960   754.28613    
     49248   750.68274    
     49536   747.09473    
     49824   743.51575    
     50112   739.94098    
     50400   736.36951    
     50688   732.79108    
     50976   729.19946    
     51264   725.58856    
     51552   721.95447    
     51840   718.29108    
     52128   714.59515    
     52416   710.86163    
     52704   707.08734    
     52992   703.26843    
     53280   699.40222    
     53568   695.48523    
     53856   691.51550    
     54144   687.49561    
     54432   683.41852    
     54720   679.28235    
     55008   675.08539    
     55296   670.82568    
     55584   666.50146    
     55872   662.11169    
     56160   657.65485    
     56448   653.13049    
     56736   648.53638    
     57024   643.87396    
     57312   639.14044    
     57600   635.37177    
     57888   631.48236    
     58176   627.46179    
     58464   623.30322    
     58752   619.00317    
     59040   614.56030    
     59328   609.97937    
     59616   605.25842    
     59904   600.40015    
     60192   596.48596    
     60480   592.39142    
     60768   588.10895    
     61056   583.63727    
     61344   578.97656    
     61632   574.13007    
     61920   569.10529    
     62208   565.02179    
     62496   560.71808    
     62784   556.18939    
     63072   551.43622    
     63360   546.46191    
     63648   541.27240    
     63936   537.01831    
     64224   532.52258    
     64512   527.77307    
     64800   522.77222    
     65088   517.52472    
     65376   512.03778    
     65664   507.49768    
     65952   502.68805    
     66240   497.60764    
     66528   492.26306    
     66816   486.65829    
     67104   482.00974    
     67392   477.07080    
     67680   471.84027    
     67968   466.32309    
     68256   461.76050    
     68544   456.88113    
     68832   451.68442    
     69120   446.17838    
     69408   441.63431    
     69696   436.75043    
     69984   431.52689    
     70272   426.04294    
     70560   420.22729    
     70848   415.50424    
     71136   410.47263    
     71424   405.11572    
     71712   399.42163    
     72000   395.03302    
     72288   390.26404    
     72576   385.10690    
     72864   379.56177    
     73152   373.63385    
     73440   368.66028    
     73728   363.28632    
     74016   357.51511    
     74304   351.35474    
     74592   346.16061    
     74880   340.56351    
     75168   334.56863    
     75456   329.55490    
     75744   324.12866    
     76032   318.29373    
     76320   312.05847    
     76608   306.81152    
     76896   301.15701    
     77184   295.10080    
     77472   288.65045    
     77760   283.20990    
     78048   277.37317    
     78336   271.14661    
     78624   264.53964    
     78912   258.95444    
     79200   252.98845    
     79488   246.64766    
     79776   239.93980    
     80064   234.27045    
     80352   228.23596    
     80640   221.84258    
     80928   215.09975    
     81216   209.40327    
     81504   203.35988    
     81792   196.97644    
     82080   190.26221    
     82368   183.22813    
     82656   177.25189    
     82944   170.96611    
     83232   164.38046    
     83520   157.50661    
     83808   151.69295    
     84096   145.60097    
     84384   139.23427    
     84672   132.60675    
     84960   125.73422    
     85248   119.92322    
     85536   113.87649    
     85824   107.60986    
     86112   101.14183    
     86400   94.489746    
     86688   88.902382    
     86976   83.144310    
     87264   77.240051    
     87552   71.216240    
     87840   65.106819    
     88128   58.948944    
     88416   53.891422    
     88704   48.809078    
     88992   43.751175    
     89280   38.773327    
     89568   33.944069    
     89856   29.337812    
     90144   25.043560    
     90432   22.012115    
     90720   19.238392    
     91008   16.768757    
     91296   14.633829    
     91584   12.832001    
     91872   11.341893    
     92160   10.122505    
     92448   9.1237135    
     92736   8.2966013    
     93024   7.6005492    
     93312   7.4448214    
     93600   7.1015234    
     93888   6.7022476    
     94176   6.3029323    
     94464   5.9272456    
     94752   5.5786037    
     95040   5.2580180    
     95328   4.9638772    
     95616   4.6938071    
     95904   4.4454379    
     96192   4.2176738    
     96480   4.0070801    
     96768   3.8123403    
     97056   3.6320968    
     97344   3.4651079    
     97632   3.3102496    
     97920   3.1665406    
     98208   3.0340152    
     98496   2.9105422    
     98784   2.7957668    
     99072   2.6891334    
     99360   2.5901070    
     99648   2.4981840    
     99936   2.4129045    
    100224   2.3348577    
    100512   2.2621367    
    100800   2.1948326    
    101088   2.1327345    
    101376   2.0755768    
    101664   2.0231166    
    101952   1.8466231    
    102240   1.7721105    
    102528   1.7199131    
    102816   1.6751640    
    103104   1.6355255    
    103392   1.5995737    
    103680   1.5672302    
    103968   1.5383635    
    104256   1.5128446    
    104544   1.4905483    
    104832   1.3744090    
