         1   0.0000000    
        24  0.36508412E-03
        48  0.73616556E-03
        72  0.10998026E-02
        96  0.14581345E-02
       120  0.18132792E-02
       144  0.21673273E-02
       168  0.25223379E-02
       192  0.28803402E-02
       216  0.32433304E-02
       240  0.36132743E-02
       264  0.39921091E-02
       288  0.43817461E-02
       312  0.47840727E-02
       336  0.52009486E-02
       360  0.56342105E-02
       384  0.60856715E-02
       408  0.65571116E-02
       432  0.70502781E-02
       456  0.75668790E-02
       480  0.81085749E-02
       504  0.86769685E-02
       528  0.92735961E-02
       552  0.98999077E-02
       576  0.10557266E-01
       600  0.11246911E-01
       624  0.11969958E-01
       648  0.12727378E-01
       672  0.13519964E-01
       696  0.14348330E-01
       720  0.15212876E-01
       744  0.16113777E-01
       768  0.17050957E-01
       792  0.18024089E-01
       816  0.19032551E-01
       840  0.20075442E-01
       864  0.21151571E-01
       888  0.22259708E-01
       912  0.23399889E-01
       936  0.24574524E-01
       960  0.25788538E-01
       984  0.27047126E-01
      1008  0.28355787E-01
      1032  0.29720368E-01
      1056  0.31070715E-01
      1080  0.32347113E-01
      1104  0.33583280E-01
      1128  0.34805536E-01
      1152  0.36035031E-01
      1176  0.37289165E-01
      1200  0.38582597E-01
      1224  0.39927039E-01
      1248  0.41334298E-01
      1272  0.42821914E-01
      1296  0.44405896E-01
      1320  0.46101343E-01
      1344  0.47922868E-01
      1368  0.49885031E-01
      1392  0.52002698E-01
      1416  0.54291334E-01
      1440  0.56767300E-01
      1464  0.59448216E-01
      1488  0.62353175E-01
      1512  0.65503091E-01
      1536  0.68921007E-01
      1560  0.72632395E-01
      1584  0.76665580E-01
      1608  0.81052057E-01
      1632  0.85826941E-01
      1656  0.91029428E-01
      1680  0.96703328E-01
      1704  0.10289759    
      1728  0.10966690    
      1752  0.11707246    
      1776  0.12518255    
      1800  0.13407353    
      1824  0.14383046    
      1848  0.15454826    
      1872  0.16633233    
      1896  0.17929968    
      1920  0.19357993    
      1944  0.20931587    
      1968  0.22666430    
      1992  0.24579652    
      2016  0.26689819    
      2040  0.29016915    
      2064  0.31582212    
      2088  0.34408075    
      2112  0.37517646    
      2136  0.40934375    
      2160  0.44681412    
      2184  0.48780805    
      2208  0.53252536    
      2232  0.58113354    
      2256  0.63375539    
      2280  0.69045532    
      2304  0.75122648    
      2328  0.81597972    
      2352  0.88453466    
      2376  0.95661461    
      2400   1.0318471    
      2424   1.1097679    
      2448   1.1897528    
      2472   1.2712895    
      2496   1.3539898    
      2520   1.4372339    
      2544   1.5202998    
      2568   1.6024331    
      2592   1.6828873    
      2616   1.7609448    
      2640   1.8359343    
      2664   1.9072428    
      2688   1.9743245    
      2712   2.0367081    
      2736   2.0940015    
      2760   2.1458943    
      2784   2.1921573    
      2808   2.2326410    
      2832   2.2672732    
      2856   2.2960534    
      2880   2.3190467    
      2904   2.3363791    
      2928   2.3482285    
      2952   2.3548174    
      2976   2.3564062    
      3000   2.3532865    
      3024   2.3457725    
      3048   2.3341949    
      3072   2.3188949    
      3096   2.3002172    
      3120   2.2785084    
      3144   2.2541091    
      3168   2.2263782    
      3192   2.1958632    
      3216   2.1636703    
      3240   2.1306965    
      3264   2.0976770    
      3288   2.0652049    
      3312   2.0337496    
      3336   2.0036705    
      3360   1.9752332    
      3384   1.9486206    
      3408   1.9239454    
      3432   1.9012619    
      3456   1.8805734    
      3480   1.8618425    
      3504   1.8449986    
      3528   1.8299444    
      3552   1.8165627    
      3576   1.8047227    
      3600   1.7942832    
      3624   1.7850980    
      3648   1.7770199    
      3672   1.7699033    
      3696   1.7636070    
      3720   1.7579962    
      3744   1.7529439    
      3768   1.7483324    
      3792   1.7440553    
      3816   1.7400159    
      3840   1.7361290    
      3864   1.7323205    
      3888   1.7285264    
      3912   1.7246935    
      3936   1.7207785    
      3960   1.7167466    
      3984   1.7125719    
      4008   1.7082360    
      4032   1.7037271    
      4056   1.6990392    
      4080   1.6941724    
      4104   1.6891302    
      4128   1.6839200    
      4152   1.6785537    
      4176   1.6730441    
      4200   1.6674060    
      4224   1.6616563    
      4248   1.6558125    
      4272   1.6498923    
      4296   1.6439142    
      4320   1.6378962    
      4344   1.6318560    
      4368   1.6258110    
      4392   1.6197777    
      4416   1.6137717    
      4440   1.6078076    
      4464   1.6018993    
      4488   1.5960592    
      4512   1.5902987    
      4536   1.5846283    
      4560   1.5790576    
      4584   1.5735940    
      4608   1.5682449    
      4632   1.5630156    
      4656   1.5579112    
      4680   1.5529349    
      4704   1.5480893    
      4728   1.5433761    
      4752   1.5387958    
      4776   1.5343478    
      4800   1.5300303    
      4824   1.5258415    
      4848   1.5217777    
      4872   1.5178349    
      4896   1.5140079    
      4920   1.5102909    
      4944   1.5066767    
      4968   1.5031581    
      4992   1.4997263    
      5016   1.4963731    
      5040   1.4930874    
      5064   1.4898592    
      5088   1.4866774    
      5112   1.4835299    
      5136   1.4804047    
      5160   1.4772892    
      5184   1.4741697    
      5208   1.4710331    
      5232   1.4678659    
      5256   1.4646544    
      5280   1.4613850    
      5304   1.4580441    
      5328   1.4546186    
      5352   1.4510963    
      5376   1.4474653    
      5400   1.4437143    
      5424   1.4401873    
      5448   1.4404441    
      5472   1.4552281    
      5496   1.4809445    
      5520   1.5145487    
      5544   1.5535330    
      5568   1.5958686    
      5592   1.6399496    
      5616   1.6845372    
      5640   1.7287066    
      5664   1.7717954    
      5688   1.8133591    
      5712   1.8531283    
      5736   1.8909731    
      5760   1.9268724    
      5784   1.9608872    
      5808   1.9931376    
      5832   2.0237875    
      5856   2.0530269    
      5880   2.0810647    
      5904   2.1082339    
      5928   2.1344419    
      5952   2.1598618    
      5976   2.1846738    
      6000   2.2090621    
      6024   2.2332096    
      6048   2.2572975    
      6072   2.2815013    
      6096   2.3059914    
      6120   2.3309293    
      6144   2.3564696    
      6168   2.3827598    
      6192   2.4099364    
      6216   2.4381313    
      6240   2.4674697    
      6264   2.4980667    
      6288   2.5300345    
      6312   2.5634789    
      6336   2.5984991    
      6360   2.6351907    
      6384   2.6736443    
      6408   2.7139468    
      6432   2.7561817    
      6456   2.8004274    
      6480   2.8467605    
      6504   2.8952510    
      6528   2.9459670    
      6552   2.9989712    
      6576   3.0543211    
      6600   3.1120694    
      6624   3.1759174    
      6648   3.2447512    
      6672   3.3144066    
      6696   3.3818803    
      6720   3.4449821    
      6744   3.5022278    
      6768   3.5527294    
      6792   3.5960793    
      6816   3.6322439    
      6840   3.6614640    
      6864   3.6841767    
      6888   3.7009444    
      6912   3.7124052    
      6936   3.7192299    
      6960   3.7220950    
      6984   3.7216585    
      7008   3.7185462    
      7032   3.7133408    
      7056   3.7065775    
      7080   3.6987414    
      7104   3.6902649    
      7128   3.6815317    
      7152   3.6728754    
      7176   3.6645830    
      7200   3.6568987    
      7224   3.6500254    
      7248   3.6441278    
      7272   3.6393368    
      7296   3.6357501    
      7320   3.6334364    
      7344   3.6324389    
      7368   3.6327760    
      7392   3.6344466    
      7416   3.6374300    
      7440   3.6416922    
      7464   3.6471884    
      7488   3.6538656    
      7512   3.6616724    
      7536   3.6705563    
      7560   3.6804826    
      7584   3.6914353    
      7608   3.7034349    
      7632   3.7165525    
      7656   3.7309330    
      7680   3.7468238    
      7704   3.7646132    
      7728   3.7848790    
      7752   3.8084440    
      7776   3.8364289    
      7800   3.8702652    
      7824   3.9115925    
      7848   3.9619277    
      7872   4.0220308    
      7896   4.0912127    
      7920   4.1671515    
      7944   4.2462592    
      7968   4.3245726    
      7992   4.3999705    
      8016   4.4711199    
      8040   4.5372615    
      8064   4.5980020    
      8088   4.6531677    
      8112   4.7027240    
      8136   4.7467208    
      8160   4.7852650    
      8184   4.8185005    
      8208   4.8465991    
      8232   4.8697543    
      8256   4.8881688    
      8280   4.9020596    
      8304   4.9116421    
      8328   4.9171348    
      8352   4.9187603    
      8376   4.9167290    
      8400   4.9112554    
      8424   4.9025431    
      8448   4.8907895    
      8472   4.8761816    
      8496   4.8588977    
      8520   4.8391094    
      8544   4.8169742    
      8568   4.7926407    
      8592   4.7662473    
      8616   4.7379203    
      8640   4.7077770    
      8664   4.6759238    
      8688   4.6424589    
      8712   4.6074648    
      8736   4.5710225    
