         1   0.0000000    
        24  0.13470462    
        48  0.28533846    
        72  0.44705033    
        96  0.62038869    
       120  0.80567569    
       144   1.0030143    
       168   1.2123138    
       192   1.4333285    
       216   1.6657093    
       240   1.9090582    
       264   2.1629820    
       288   2.4271410    
       312   2.7012880    
       336   2.9853013    
       360   3.2792027    
       384   3.5831695    
       408   3.8975437    
       432   4.2228274    
       456   4.5596852    
       480   4.9089293    
       504   5.2715187    
       528   5.6485491    
       552   6.0412388    
       576   6.4509230    
       600   6.8790412    
       624   7.3271308    
       648   7.7968116    
       672   8.2897768    
       696   8.8077784    
       720   9.3526144    
       744   9.9261055    
       768   10.530094    
       792   11.166399    
       816   11.836816    
       840   12.543087    
       864   13.286864    
       888   14.069692    
       912   14.892975    
       936   15.757948    
       960   16.665644    
       984   17.616869    
      1008   18.612171    
      1032   19.651817    
      1056   20.533449    
      1080   21.143009    
      1104   21.560431    
      1128   21.839039    
      1152   22.016190    
      1176   22.119043    
      1200   22.167917    
      1224   22.173359    
      1248   22.132265    
      1272   22.060078    
      1296   21.968603    
      1320   21.867006    
      1344   21.762466    
      1368   21.660704    
      1392   21.566269    
      1416   21.482821    
      1440   21.413305    
      1464   21.360100    
      1488   21.325130    
      1512   21.309958    
      1536   21.315830    
      1560   21.343744    
      1584   21.394516    
      1608   21.468775    
      1632   21.567019    
      1656   21.689636    
      1680   21.836914    
      1704   22.009077    
      1728   22.206274    
      1752   22.428631    
      1776   22.676229    
      1800   22.949139    
      1824   23.247417    
      1848   23.571157    
      1872   23.920473    
      1896   24.295540    
      1920   24.696604    
      1944   25.124023    
      1968   25.578295    
      1992   26.060099    
      2016   26.570332    
      2040   27.110155    
      2064   27.681051    
      2088   28.284895    
      2112   28.923985    
      2136   29.601126    
      2160   30.319670    
      2184   31.083574    
      2208   31.897398    
      2232   32.766315    
      2256   33.696037    
      2280   34.692738    
      2304   35.762890    
      2328   36.913021    
      2352   38.149559    
      2376   39.478519    
      2400   40.905304    
      2424   42.434517    
      2448   44.042084    
      2472   45.693073    
      2496   47.425987    
      2520   49.256996    
      2544   51.191544    
      2568   53.230125    
      2592   55.370808    
      2616   57.610107    
      2640   59.943264    
      2664   62.364330    
      2688   64.866135    
      2712   67.440308    
      2736   70.077286    
      2760   72.766365    
      2784   75.495857    
      2808   78.253120    
      2832   81.024895    
      2856   83.797333    
      2880   86.556366    
      2904   89.287819    
      2928   91.977783    
      2952   94.612709    
      2976   97.179756    
      3000   99.666893    
      3024   102.06315    
      3048   104.35870    
      3072   106.54501    
      3096   108.61485    
      3120   110.56245    
      3144   112.38332    
      3168   113.57313    
      3192   114.00122    
      3216   113.83146    
      3240   113.19291    
      3264   112.19424    
      3288   110.92670    
      3312   109.46632    
      3336   107.87613    
      3360   106.20787    
      3384   104.50361    
      3408   102.79715    
      3432   101.11513    
      3456   99.478180    
      3480   97.901794    
      3504   96.397079    
      3528   94.971603    
      3552   93.629906    
      3576   92.373993    
      3600   91.203964    
      3624   90.118233    
      3648   89.113976    
      3672   88.187462    
      3696   87.334259    
      3720   86.549400    
      3744   85.827682    
      3768   85.163757    
      3792   84.552246    
      3816   83.987900    
      3840   83.465622    
      3864   82.980537    
      3888   82.528061    
      3912   82.103943    
      3936   81.704247    
      3960   81.325356    
      3984   80.964035    
      4008   80.617363    
      4032   80.282768    
      4056   79.957970    
      4080   79.640999    
      4104   79.330177    
      4128   79.024017    
      4152   78.721329    
      4176   78.421074    
      4200   78.122490    
      4224   77.824898    
      4248   77.527786    
      4272   77.230820    
      4296   76.933708    
      4320   76.636276    
      4344   76.338470    
      4368   76.040268    
      4392   75.741692    
      4416   75.442833    
      4440   75.143806    
      4464   74.844795    
      4488   74.545944    
      4512   74.247444    
      4536   73.949524    
      4560   73.652367    
      4584   73.356163    
      4608   73.061172    
      4632   72.767593    
      4656   72.475655    
      4680   72.185562    
      4704   71.897514    
      4728   71.611732    
      4752   71.328430    
      4776   71.047775    
      4800   70.769997    
      4824   70.495262    
      4848   70.223763    
      4872   69.955696    
      4896   69.691193    
      4920   69.430443    
      4944   69.173607    
      4968   68.920853    
      4992   68.672318    
      5016   68.428139    
      5040   68.188416    
      5064   67.953255    
      5088   67.722740    
      5112   67.496933    
      5136   67.275864    
      5160   67.059563    
      5184   66.847961    
      5208   66.641006    
      5232   66.438591    
      5256   66.240540    
      5280   66.046631    
      5304   65.856575    
      5328   65.670036    
      5352   65.486626    
      5376   65.305840    
      5400   65.127090    
      5424   64.905304    
      5448   62.102852    
      5472   60.150852    
      5496   58.885685    
      5520   58.150013    
      5544   57.813751    
      5568   57.770069    
      5592   57.932194    
      5616   58.230412    
      5640   58.609489    
      5664   59.026306    
      5688   59.447838    
      5712   59.849300    
      5736   60.212662    
      5760   60.525272    
      5784   60.778770    
      5808   60.968166    
      5832   61.091003    
      5856   61.146793    
      5880   61.136494    
      5904   61.112152    
      5928   61.048500    
      5952   60.940926    
      5976   60.786858    
      6000   60.585106    
      6024   60.335564    
      6048   60.038879    
      6072   59.696323    
      6096   59.309540    
      6120   58.880440    
      6144   58.411087    
      6168   57.903645    
      6192   57.360264    
      6216   56.783077    
      6240   56.174164    
      6264   55.535522    
      6288   54.869076    
      6312   54.176640    
      6336   53.459938    
      6360   52.720608    
      6384   51.960205    
      6408   51.180214    
      6432   50.382046    
      6456   49.567043    
      6480   48.736515    
      6504   47.891731    
      6528   47.033943    
      6552   46.164371    
      6576   45.284241    
      6600   44.394768    
      6624   43.843204    
      6648   43.772957    
      6672   44.076912    
      6696   44.675514    
      6720   45.498413    
      6744   46.483040    
      6768   47.574581    
      6792   48.725815    
      6816   49.896729    
      6840   51.054066    
      6864   52.170723    
      6888   53.225113    
      6912   54.200512    
      6936   55.084442    
      6960   55.868061    
      6984   56.545647    
      7008   57.114037    
      7032   57.572182    
      7056   57.920765    
      7080   58.161854    
      7104   58.298573    
      7128   58.334885    
      7152   58.275333    
      7176   58.124928    
      7200   57.888958    
      7224   57.572918    
      7248   57.182362    
      7272   56.722878    
      7296   56.200062    
      7320   55.619450    
      7344   54.986492    
      7368   54.306595    
      7392   53.585098    
      7416   52.827286    
      7440   52.038376    
      7464   51.223625    
      7488   50.388275    
      7512   49.537651    
      7536   48.677185    
      7560   47.812481    
      7584   46.949406    
      7608   46.094173    
      7632   45.253479    
      7656   44.434734    
      7680   43.646240    
      7704   42.897552    
      7728   42.199844    
      7752   41.566395    
      7776   41.012920    
      7800   40.557518    
      7824   40.219452    
      7848   40.015690    
      7872   39.954815    
      7896   40.030659    
      7920   40.221390    
      7944   40.498810    
      7968   40.842072    
      7992   41.227364    
      8016   41.639244    
      8040   42.068024    
      8064   42.507542    
      8088   42.953720    
      8112   43.403721    
      8136   43.855450    
      8160   44.307289    
      8184   44.757996    
      8208   45.206562    
      8232   45.652237    
      8256   46.094376    
      8280   46.532490    
      8304   46.966225    
      8328   47.395317    
      8352   47.819599    
      8376   48.238976    
      8400   48.653416    
      8424   49.062935    
      8448   49.467609    
      8472   49.867538    
      8496   50.262894    
      8520   50.653862    
      8544   51.040657    
      8568   51.423519    
      8592   51.802719    
      8616   52.178551    
      8640   52.551319    
      8664   52.921383    
      8688   53.289055    
      8712   53.654724    
      8736   54.018772    
