         1   0.0000000    
       288  0.11809735E-03
       576  0.21923274E-03
       864  0.30489010E-03
      1152  0.37685037E-03
      1440  0.43675897E-03
      1728  0.48477267E-03
      2016  0.52109273E-03
      2304  0.54725667E-03
      2592  0.56467758E-03
      2880  0.57465548E-03
      3168  0.57838659E-03
      3456  0.57571771E-03
      3744  0.56653318E-03
      4032  0.55197580E-03
      4320  0.53309707E-03
      4608  0.51125616E-03
      4896  0.48783180E-03
      5184  0.46354049E-03
      5472  0.43833331E-03
      5760  0.41320236E-03
      6048  0.38888853E-03
      6336  0.36590983E-03
      6624  0.34431304E-03
      6912  0.32401027E-03
      7200  0.30491981E-03
      7488  0.28696563E-03
      7776  0.27007642E-03
      8064  0.25418584E-03
      8352  0.23923225E-03
      8640  0.22515790E-03
      8928  0.21190890E-03
      9216  0.19943493E-03
      9504  0.18768896E-03
      9792  0.17662701E-03
     10080  0.16620802E-03
     10368  0.15639357E-03
     10656  0.14714757E-03
     10944  0.13843634E-03
     11232  0.13022828E-03
     11520  0.12249382E-03
     11808  0.11520523E-03
     12096  0.10833650E-03
     12384  0.10186318E-03
     12672  0.95762385E-04
     12960  0.90012596E-04
     13248  0.85069260E-04
     13536  0.81032915E-04
     13824  0.78351928E-04
     14112  0.77737117E-04
     14400  0.80303485E-04
     14688  0.87504821E-04
     14976  0.10055497E-03
     15264  0.11865162E-03
     15552  0.14101181E-03
     15840  0.16811084E-03
     16128  0.20040461E-03
     16416  0.23833230E-03
     16704  0.28231757E-03
     16992  0.33153041E-03
     17280  0.38514705E-03
     17568  0.44365364E-03
     17856  0.50751783E-03
     18144  0.57719386E-03
     18432  0.65312977E-03
     18720  0.73574518E-03
     19008  0.82413311E-03
     19296  0.91737747E-03
     19584  0.10159704E-02
     19872  0.11203612E-02
     20160  0.12309826E-02
     20448  0.13482561E-02
     20736  0.14725982E-02
     21024  0.16030062E-02
     21312  0.17384394E-02
     21600  0.18793367E-02
     21888  0.20261370E-02
     22176  0.21792145E-02
     22464  0.23389172E-02
     22752  0.25055795E-02
     23040  0.26795303E-02
     23328  0.28596038E-02
     23616  0.30445952E-02
     23904  0.32348193E-02
     24192  0.34306564E-02
     24480  0.36330803E-02
     24768  0.38441047E-02
     25056  0.40661548E-02
     25344  0.43019899E-02
     25632  0.45534289E-02
     25920  0.48227012E-02
     26208  0.51138303E-02
     26496  0.54314770E-02
     26784  0.57808524E-02
     27072  0.61679580E-02
     27360  0.65997322E-02
     27648  0.70843464E-02
     27936  0.76300455E-02
     28224  0.82469946E-02
     28512  0.89491634E-02
     28800  0.97531350E-02
     29088  0.10678912E-01
     29376  0.11750113E-01
     29664  0.12994871E-01
     29952  0.14446915E-01
     30240  0.16145332E-01
     30528  0.18138358E-01
     30816  0.20485908E-01
     31104  0.23258107E-01
     31392  0.26536629E-01
     31680  0.30416502E-01
     31968  0.35003632E-01
     32256  0.40412940E-01
     32544  0.46763040E-01
     32832  0.54179408E-01
     33120  0.62778607E-01
     33408  0.72652966E-01
     33696  0.83860427E-01
     33984  0.96418180E-01
     34272  0.11029945    
     34560  0.12542576    
     34848  0.14167716    
     35136  0.15890084    
     35424  0.17691423    
     35712  0.19551419    
     36000  0.21448238    
     36288  0.23358791    
     36576  0.25260156    
     36864  0.27130273    
     37152  0.28950384    
     37440  0.30703717    
     37728  0.32375783    
     38016  0.33954325    
     38304  0.35429642    
     38592  0.36794510    
     38880  0.38044006    
     39168  0.39175346    
     39456  0.40190193    
     39744  0.41090947    
     40032  0.41880909    
     40320  0.42564321    
     40608  0.43146318    
     40896  0.43632603    
     41184  0.44029197    
     41472  0.44342366    
     41760  0.44581026    
     42048  0.44752130    
     42336  0.44862720    
     42624  0.44919476    
     42912  0.44928688    
     43200  0.44896778    
     43488  0.44828683    
     43776  0.44728974    
     44064  0.44604483    
     44352  0.44459650    
     44640  0.44298789    
     44928  0.44125572    
     45216  0.43943182    
     45504  0.43754271    
     45792  0.43561107    
     46080  0.43365473    
     46368  0.43168887    
     46656  0.42972624    
     46944  0.42777693    
     47232  0.42587441    
     47520  0.42402983    
     47808  0.42225698    
     48096  0.42056707    
     48384  0.41896492    
     48672  0.41745442    
     48960  0.41603795    
     49248  0.41471550    
     49536  0.41348672    
     49824  0.41234887    
     50112  0.41130003    
     50400  0.41032970    
     50688  0.40943998    
     50976  0.40862909    
     51264  0.40789503    
     51552  0.40723577    
     51840  0.40664926    
     52128  0.40613449    
     52416  0.40568981    
     52704  0.40531465    
     52992  0.40500823    
     53280  0.40477005    
     53568  0.40460095    
     53856  0.40450081    
     54144  0.40446246    
     54432  0.40449184    
     54720  0.40459138    
     55008  0.40476283    
     55296  0.40500787    
     55584  0.40532875    
     55872  0.40572694    
     56160  0.40620476    
     56448  0.40676427    
     56736  0.40740761    
     57024  0.40812859    
     57312  0.40893424    
     57600  0.40980220    
     57888  0.41072601    
     58176  0.41169739    
     58464  0.41271237    
     58752  0.41377017    
     59040  0.41487193    
     59328  0.41601285    
     59616  0.41720334    
     59904  0.41844988    
     60192  0.41973194    
     60480  0.42104587    
     60768  0.42238751    
     61056  0.42375645    
     61344  0.42515522    
     61632  0.42658919    
     61920  0.42805642    
     62208  0.42954090    
     62496  0.43104181    
     62784  0.43255591    
     63072  0.43408448    
     63360  0.43563139    
     63648  0.43720353    
     63936  0.43878025    
     64224  0.44034940    
     64512  0.44191250    
     64800  0.44347188    
     65088  0.44503343    
     65376  0.44660422    
     65664  0.44816288    
     65952  0.44970724    
     66240  0.45123315    
     66528  0.45273250    
     66816  0.45421413    
     67104  0.45565581    
     67392  0.45705432    
     67680  0.45840469    
     67968  0.45970720    
     68256  0.46093419    
     68544  0.46208099    
     68832  0.46314228    
     69120  0.46410978    
     69408  0.46495977    
     69696  0.46569273    
     69984  0.46630672    
     70272  0.46774700    
     70560  0.47906327    
     70848  0.49567804    
     71136  0.51651651    
     71424  0.54089928    
     71712  0.56821465    
     72000  0.59789687    
     72288  0.62941444    
     72576  0.66227561    
     72864  0.69605756    
     73152  0.73040563    
     73440  0.76500142    
     73728  0.79956132    
     74016  0.83384424    
     74304  0.86767560    
     74592  0.90089679    
     74880  0.93337750    
     75168  0.96503043    
     75456  0.99578792    
     75744   1.0255955    
     76032   1.0544232    
     76320   1.0822896    
     76608   1.1092234    
     76896   1.1352454    
     77184   1.1603674    
     77472   1.1846393    
     77760   1.2081299    
     78048   1.2308838    
     78336   1.2529434    
     78624   1.2743773    
     78912   1.2952479    
     79200   1.3155894    
     79488   1.3354285    
     79776   1.3548007    
     80064   1.3737280    
     80352   1.3922254    
     80640   1.4102995    
     80928   1.4279802    
     81216   1.4452976    
     81504   1.4622325    
     81792   1.4787691    
     82080   1.4948969    
     82368   1.5106149    
     82656   1.5259445    
     82944   1.5408542    
     83232   1.5553074    
     83520   1.5692980    
     83808   1.5828155    
     84096   1.5957812    
     84384   1.6080936    
     84672   1.6197249    
     84960   1.6306859    
     85248   1.6409659    
     85536   1.6504998    
     85824   1.6592383    
     86112   1.6671653    
     86400   1.6742641    
     86688   1.6805272    
     86976   1.6859068    
     87264   1.6904069    
     87552   1.6940937    
     87840   1.6970725    
     88128   1.6994689    
     88416   1.7013305    
     88704   1.7027067    
     88992   1.7038014    
     89280   1.7049248    
     89568   1.7064762    
     89856   1.7089220    
     90144   1.7128488    
     90432   1.7180616    
     90720   1.7244349    
     91008   1.7322228    
     91296   1.7415597    
     91584   1.7523832    
     91872   1.7644621    
     92160   1.7774183    
     92448   1.7908065    
     92736   1.8041981    
     93024   1.8172258    
     93312   1.8274535    
     93600   1.8350857    
     93888   1.8410920    
     94176   1.8459004    
     94464   1.8496873    
     94752   1.8525118    
     95040   1.8544116    
     95328   1.8554081    
     95616   1.8555201    
     95904   1.8547682    
     96192   1.8531752    
     96480   1.8507601    
     96768   1.8475572    
     97056   1.8436035    
     97344   1.8389411    
     97632   1.8336065    
     97920   1.8276432    
     98208   1.8210896    
     98496   1.8139857    
     98784   1.8063753    
     99072   1.7983022    
     99360   1.7898088    
     99648   1.7809354    
     99936   1.7717208    
    100224   1.7621999    
    100512   1.7524018    
    100800   1.7423652    
    101088   1.7321200    
    101376   1.7216947    
    101664   1.7111145    
    101952   1.7013160    
    102240   1.6919216    
    102528   1.6825157    
    102816   1.6730381    
    103104   1.6634904    
    103392   1.6538812    
    103680   1.6442262    
    103968   1.6345364    
    104256   1.6248193    
    104544   1.6150819    
    104832   1.6059670    
