         1  0.30649887E-08
       288  0.28341276E-08
       576  0.26278948E-08
       864  0.24466396E-08
      1152  0.22871962E-08
      1440  0.21467830E-08
      1728  0.20436470E-08
      2016  0.19507089E-08
      2304  0.18667869E-08
      2592  0.17908309E-08
      2880  0.17219185E-08
      3168  0.16592318E-08
      3456  0.16187591E-08
      3744  0.15800167E-08
      4032  0.15428931E-08
      4320  0.15073075E-08
      4608  0.14731785E-08
      4896  0.14404351E-08
      5184  0.14239380E-08
      5472  0.14059768E-08
      5760  0.13868765E-08
      6048  0.13669249E-08
      6336  0.13463706E-08
      6624  0.13254323E-08
      6912  0.13182708E-08
      7200  0.13085206E-08
      7488  0.12983493E-08
      7776  0.12862283E-08
      8064  0.12725787E-08
      8352  0.12712503E-08
      8640  0.12665978E-08
      8928  0.12592238E-08
      9216  0.12496665E-08
      9504  0.12383928E-08
      9792  0.12258027E-08
     10080  0.12269964E-08
     10368  0.12247433E-08
     10656  0.12196911E-08
     10944  0.12124118E-08
     11232  0.12033958E-08
     11520  0.11930598E-08
     11808  0.11945209E-08
     12096  0.11944910E-08
     12384  0.11916289E-08
     12672  0.11865301E-08
     12960  0.11796996E-08
     13248  0.11841519E-08
     13536  0.11851542E-08
     13824  0.11851149E-08
     14112  0.11826048E-08
     14400  0.11781776E-08
     14688  0.11722968E-08
     14976  0.11653484E-08
     15264  0.11716884E-08
     15552  0.11746734E-08
     15840  0.11750069E-08
     16128  0.11732864E-08
     16416  0.11700051E-08
     16704  0.11673595E-08
     16992  0.11756789E-08
     17280  0.11806017E-08
     17568  0.11828728E-08
     17856  0.11830914E-08
     18144  0.11835566E-08
     18432  0.11825092E-08
     18720  0.11803545E-08
     19008  0.11894603E-08
     19296  0.11972322E-08
     19584  0.12021985E-08
     19872  0.12050023E-08
     20160  0.12061699E-08
     20448  0.12080129E-08
     20736  0.12085900E-08
     21024  0.12201671E-08
     21312  0.12284347E-08
     21600  0.12360430E-08
     21888  0.12412928E-08
     22176  0.12447455E-08
     22464  0.12468516E-08
     22752  0.12499497E-08
     23040  0.12519118E-08
     23328  0.12647865E-08
     23616  0.12743303E-08
     23904  0.12832841E-08
     24192  0.12898119E-08
     24480  0.12944823E-08
     24768  0.12977353E-08
     25056  0.13019863E-08
     25344  0.13049660E-08
     25632  0.13172954E-08
     25920  0.13263592E-08
     26208  0.13349281E-08
     26496  0.13410228E-08
     26784  0.13451719E-08
     27072  0.13478009E-08
     27360  0.13492351E-08
     27648  0.13518628E-08
     27936  0.13640353E-08
     28224  0.13722314E-08
     28512  0.13772674E-08
     28800  0.13819054E-08
     29088  0.13839186E-08
     29376  0.13837490E-08
     29664  0.13817136E-08
     29952  0.13801211E-08
     30240  0.13860184E-08
     30528  0.13867979E-08
     30816  0.13831278E-08
     31104  0.13753801E-08
     31392  0.13656399E-08
     31680  0.13511574E-08
     31968  0.13318497E-08
     32256  0.13075163E-08
     32544  0.12869911E-08
     32832  0.12576996E-08
     33120  0.12214153E-08
     33408  0.11800687E-08
     33696  0.11356568E-08
     33984  0.10911667E-08
     34272  0.10462439E-08
     34560  0.10025205E-08
     34848  0.96493835E-09
     35136  0.92842278E-09
     35424  0.89416530E-09
     35712  0.86316471E-09
     36000  0.83414781E-09
     36288  0.80749191E-09
     36576  0.78316348E-09
     36864  0.76103102E-09
     37152  0.74328971E-09
     37440  0.72716094E-09
     37728  0.71210748E-09
     38016  0.69846057E-09
     38304  0.68614209E-09
     38592  0.67503836E-09
     38880  0.66504552E-09
     39168  0.65606026E-09
     39456  0.64969718E-09
     39744  0.64408107E-09
     40032  0.63875399E-09
     40320  0.63399103E-09
     40608  0.62974514E-09
     40896  0.62595978E-09
     41184  0.62258604E-09
     41472  0.61958061E-09
     41760  0.61834210E-09
     42048  0.61710537E-09
     42336  0.61604116E-09
     42624  0.61513256E-09
     42912  0.61435018E-09
     43200  0.61393868E-09
     43488  0.61335764E-09
     43776  0.61284927E-09
     44064  0.61371863E-09
     44352  0.61442301E-09
     44640  0.61510474E-09
     44928  0.61576011E-09
     45216  0.61637967E-09
     45504  0.61696387E-09
     45792  0.61751387E-09
     46080  0.61803285E-09
     46368  0.61852073E-09
     46656  0.61898570E-09
     46944  0.61942879E-09
     47232  0.62110489E-09
     47520  0.62258360E-09
     47808  0.62398564E-09
     48096  0.62531424E-09
     48384  0.62657346E-09
     48672  0.62776284E-09
     48960  0.62889755E-09
     49248  0.62997818E-09
     49536  0.63101374E-09
     49824  0.63201733E-09
     50112  0.63299244E-09
     50400  0.63376432E-09
     50688  0.63470512E-09
     50976  0.63564032E-09
     51264  0.63657374E-09
     51552  0.63751249E-09
     51840  0.63846212E-09
     52128  0.63942768E-09
     52416  0.64041350E-09
     52704  0.64142386E-09
     52992  0.64246231E-09
     53280  0.64353139E-09
     53568  0.64463990E-09
     53856  0.64578326E-09
     54144  0.64680195E-09
     54432  0.64803141E-09
     54720  0.64930439E-09
     55008  0.65062333E-09
     55296  0.65198708E-09
     55584  0.65340289E-09
     55872  0.65486316E-09
     56160  0.65638051E-09
     56448  0.65794870E-09
     56736  0.65957262E-09
     57024  0.66108374E-09
     57312  0.66281791E-09
     57600  0.66321842E-09
     57888  0.66383915E-09
     58176  0.66459688E-09
     58464  0.66549988E-09
     58752  0.66654027E-09
     59040  0.66772066E-09
     59328  0.66886285E-09
     59616  0.67031863E-09
     59904  0.67189992E-09
     60192  0.67211081E-09
     60480  0.67261430E-09
     60768  0.67331291E-09
     61056  0.67420480E-09
     61344  0.67528483E-09
     61632  0.67654060E-09
     61920  0.67776829E-09
     62208  0.67776912E-09
     62496  0.67811451E-09
     62784  0.67868666E-09
     63072  0.67948347E-09
     63360  0.68049139E-09
     63648  0.68170097E-09
     63936  0.68142098E-09
     64224  0.68128886E-09
     64512  0.68163719E-09
     64800  0.68223149E-09
     65088  0.68304873E-09
     65376  0.68408451E-09
     65664  0.68353628E-09
     65952  0.68340344E-09
     66240  0.68353134E-09
     66528  0.68364270E-09
     66816  0.68424788E-09
     67104  0.68319006E-09
     67392  0.68259348E-09
     67680  0.68227651E-09
     67968  0.68222505E-09
     68256  0.68046152E-09
     68544  0.67922257E-09
     68832  0.67830030E-09
     69120  0.67737504E-09
     69408  0.67500089E-09
     69696  0.67323269E-09
     69984  0.67182082E-09
     70272  0.88145657E-09
     70560  0.10110738E-08
     70848  0.10162430E-08
     71136  0.10196405E-08
     71424  0.10238072E-08
     71712  0.10283214E-08
     72000  0.10297661E-08
     72288  0.10325282E-08
     72576  0.10362692E-08
     72864  0.10410005E-08
     73152  0.10467229E-08
     73440  0.10496353E-08
     73728  0.10539988E-08
     74016  0.10594327E-08
     74304  0.10659388E-08
     74592  0.10687062E-08
     74880  0.10736796E-08
     75168  0.10798050E-08
     75456  0.10826342E-08
     75744  0.10872127E-08
     76032  0.10929819E-08
     76320  0.10999247E-08
     76608  0.11032900E-08
     76896  0.11085621E-08
     77184  0.11141988E-08
     77472  0.11217802E-08
     77760  0.11254420E-08
     78048  0.11311955E-08
     78336  0.11382515E-08
     78624  0.11465376E-08
     78912  0.11504117E-08
     79200  0.11565351E-08
     79488  0.11640076E-08
     79776  0.11716348E-08
     80064  0.11751281E-08
     80352  0.11811828E-08
     80640  0.11886672E-08
     80928  0.11973932E-08
     81216  0.12006063E-08
     81504  0.12064020E-08
     81792  0.12136632E-08
     82080  0.12208640E-08
     82368  0.12300723E-08
     82656  0.12331327E-08
     82944  0.12389628E-08
     83232  0.12463222E-08
     83520  0.12548498E-08
     83808  0.12563607E-08
     84096  0.12592005E-08
     84384  0.12644120E-08
     84672  0.12710434E-08
     84960  0.12787393E-08
     85248  0.12785381E-08
     85536  0.12811535E-08
     85824  0.12853548E-08
     86112  0.12890925E-08
     86400  0.12943789E-08
     86688  0.12912182E-08
     86976  0.12909280E-08
     87264  0.12922456E-08
     87552  0.12945630E-08
     87840  0.12960072E-08
     88128  0.12985488E-08
     88416  0.12917641E-08
     88704  0.12875754E-08
     88992  0.12847974E-08
     89280  0.12827693E-08
     89568  0.12795878E-08
     89856  0.12770428E-08
     90144  0.12746698E-08
     90432  0.12621919E-08
     90720  0.12519145E-08
     91008  0.12429343E-08
     91296  0.12332879E-08
     91584  0.12245488E-08
     91872  0.12163374E-08
     92160  0.12084527E-08
     92448  0.12007899E-08
     92736  0.11933075E-08
     93024  0.11847158E-08
     93312  0.11673074E-08
     93600  0.11528681E-08
     93888  0.11405938E-08
     94176  0.11298292E-08
     94464  0.11188802E-08
     94752  0.11090070E-08
     95040  0.10998725E-08
     95328  0.10912422E-08
     95616  0.10829557E-08
     95904  0.10748961E-08
     96192  0.10658378E-08
     96480  0.10571598E-08
     96768  0.10487287E-08
     97056  0.10404481E-08
     97344  0.10322465E-08
     97632  0.10240712E-08
     97920  0.10158822E-08
     98208  0.10065682E-08
     98496  0.99743158E-09
     98784  0.98839192E-09
     99072  0.97938857E-09
     99360  0.97037267E-09
     99648  0.96131592E-09
     99936  0.95218766E-09
    100224  0.94193320E-09
    100512  0.93178809E-09
    100800  0.92169705E-09
    101088  0.91161606E-09
    101376  0.90151203E-09
    101664  0.89136193E-09
    101952  0.88931229E-09
    102240  0.88559371E-09
    102528  0.88046492E-09
    102816  0.87417718E-09
    103104  0.86597596E-09
    103392  0.85716528E-09
    103680  0.84784707E-09
    103968  0.83810486E-09
    104256  0.82800833E-09
    104544  0.81761692E-09
    104832  0.81476159E-09
