         1  0.19438481E-09
       288  0.23310226E-09
       576  0.26553915E-09
       864  0.29231895E-09
      1152  0.31419484E-09
      1440  0.33183015E-09
      1728  0.34943717E-09
      2016  0.36344799E-09
      2304  0.37433881E-09
      2592  0.38253140E-09
      2880  0.38840001E-09
      3168  0.39227629E-09
      3456  0.39860654E-09
      3744  0.40285245E-09
      4032  0.40530893E-09
      4320  0.40624021E-09
      4608  0.40587925E-09
      4896  0.40443321E-09
      5184  0.40635889E-09
      5472  0.40681944E-09
      5760  0.40604517E-09
      6048  0.40423936E-09
      6336  0.40158182E-09
      6624  0.39823034E-09
      6912  0.39855580E-09
      7200  0.39768988E-09
      7488  0.39636386E-09
      7776  0.39414561E-09
      8064  0.39120521E-09
      8352  0.39185089E-09
      8640  0.39129636E-09
      8928  0.38975342E-09
      9216  0.38740888E-09
      9504  0.38442527E-09
      9792  0.38094364E-09
     10080  0.38167947E-09
     10368  0.38127779E-09
     10656  0.37995423E-09
     10944  0.37789341E-09
     11232  0.37525508E-09
     11520  0.37217443E-09
     11808  0.37274822E-09
     12096  0.37283912E-09
     12384  0.37202930E-09
     12672  0.37050699E-09
     12960  0.36843215E-09
     13248  0.36986825E-09
     13536  0.37022507E-09
     13824  0.37024853E-09
     14112  0.36949502E-09
     14400  0.36813752E-09
     14688  0.36632197E-09
     14976  0.36417008E-09
     15264  0.36617170E-09
     15552  0.36711945E-09
     15840  0.36723768E-09
     16128  0.36671235E-09
     16416  0.36569858E-09
     16704  0.36488279E-09
     16992  0.36749409E-09
     17280  0.36904441E-09
     17568  0.36976436E-09
     17856  0.36984302E-09
     18144  0.36999850E-09
     18432  0.36968117E-09
     18720  0.36901790E-09
     19008  0.37187622E-09
     19296  0.37431794E-09
     19584  0.37588113E-09
     19872  0.37676903E-09
     20160  0.37714593E-09
     20448  0.37773468E-09
     20736  0.37792766E-09
     21024  0.38156128E-09
     21312  0.38416115E-09
     21600  0.38655609E-09
     21888  0.38821291E-09
     22176  0.38930831E-09
     22464  0.38998391E-09
     22752  0.39097026E-09
     23040  0.39160264E-09
     23328  0.39565054E-09
     23616  0.39865672E-09
     23904  0.40147885E-09
     24192  0.40354550E-09
     24480  0.40503051E-09
     24768  0.40607406E-09
     25056  0.40743076E-09
     25344  0.40839171E-09
     25632  0.41228379E-09
     25920  0.41515061E-09
     26208  0.41786863E-09
     26496  0.41981199E-09
     26784  0.42114928E-09
     27072  0.42201317E-09
     27360  0.42250525E-09
     27648  0.42337400E-09
     27936  0.42723405E-09
     28224  0.42985440E-09
     28512  0.43148882E-09
     28800  0.43299972E-09
     29088  0.43369258E-09
     29376  0.43370854E-09
     29664  0.43314152E-09
     29952  0.43271828E-09
     30240  0.43464660E-09
     30528  0.43497658E-09
     30816  0.43391374E-09
     31104  0.43157480E-09
     31392  0.42861387E-09
     31680  0.42416715E-09
     31968  0.41820455E-09
     32256  0.41066031E-09
     32544  0.40431319E-09
     32832  0.39520570E-09
     33120  0.38389464E-09
     33408  0.37098330E-09
     33696  0.35710307E-09
     33984  0.34318615E-09
     34272  0.32913058E-09
     34560  0.31544151E-09
     34848  0.30367678E-09
     35136  0.29224198E-09
     35424  0.28151320E-09
     35712  0.27180772E-09
     36000  0.26272201E-09
     36288  0.25437666E-09
     36576  0.24675911E-09
     36864  0.23983115E-09
     37152  0.23428556E-09
     37440  0.22924816E-09
     37728  0.22454752E-09
     38016  0.22028865E-09
     38304  0.21644747E-09
     38592  0.21299025E-09
     38880  0.20988172E-09
     39168  0.20709097E-09
     39456  0.20512843E-09
     39744  0.20340063E-09
     40032  0.20176583E-09
     40320  0.20030856E-09
     40608  0.19901458E-09
     40896  0.19786704E-09
     41184  0.19685065E-09
     41472  0.19595137E-09
     41760  0.19561239E-09
     42048  0.19527260E-09
     42336  0.19498979E-09
     42624  0.19475699E-09
     42912  0.19456628E-09
     43200  0.19449350E-09
     43488  0.19436848E-09
     43776  0.19426705E-09
     44064  0.19460458E-09
     44352  0.19489051E-09
     44640  0.19517182E-09
     44928  0.19544533E-09
     45216  0.19571134E-09
     45504  0.19596769E-09
     45792  0.19621467E-09
     46080  0.19645292E-09
     46368  0.19668411E-09
     46656  0.19690936E-09
     46944  0.19713028E-09
     47232  0.19774564E-09
     47520  0.19830203E-09
     47808  0.19883713E-09
     48096  0.19935016E-09
     48384  0.19984392E-09
     48672  0.20032008E-09
     48960  0.20078063E-09
     49248  0.20122774E-09
     49536  0.20166391E-09
     49824  0.20209164E-09
     50112  0.20251448E-09
     50400  0.20287645E-09
     50688  0.20329628E-09
     50976  0.20371821E-09
     51264  0.20414341E-09
     51552  0.20457522E-09
     51840  0.20501512E-09
     52128  0.20546446E-09
     52416  0.20592635E-09
     52704  0.20640142E-09
     52992  0.20689091E-09
     53280  0.20739688E-09
     53568  0.20791997E-09
     53856  0.20846239E-09
     54144  0.20896973E-09
     54432  0.20955267E-09
     54720  0.21015735E-09
     55008  0.21078356E-09
     55296  0.21143476E-09
     55584  0.21210969E-09
     55872  0.21281024E-09
     56160  0.21353688E-09
     56448  0.21429120E-09
     56736  0.21507435E-09
     57024  0.21583242E-09
     57312  0.21667577E-09
     57600  0.21709484E-09
     57888  0.21759859E-09
     58176  0.21816061E-09
     58464  0.21878305E-09
     58752  0.21946679E-09
     59040  0.22021222E-09
     59328  0.22096068E-09
     59616  0.22183066E-09
     59904  0.22276331E-09
     60192  0.22326015E-09
     60480  0.22387422E-09
     60768  0.22457508E-09
     61056  0.22536269E-09
     61344  0.22623810E-09
     61632  0.22719950E-09
     61920  0.22817806E-09
     62208  0.22877246E-09
     62496  0.22951321E-09
     62784  0.23036355E-09
     63072  0.23132227E-09
     63360  0.23238987E-09
     63648  0.23356636E-09
     63936  0.23427213E-09
     64224  0.23506677E-09
     64512  0.23607280E-09
     64800  0.23720984E-09
     65088  0.23847602E-09
     65376  0.23987218E-09
     65664  0.24076677E-09
     65952  0.24186353E-09
     66240  0.24311209E-09
     66528  0.24441171E-09
     66816  0.24595923E-09
     67104  0.24697266E-09
     67392  0.24822489E-09
     67680  0.24965041E-09
     67968  0.25124747E-09
     68256  0.25228680E-09
     68544  0.25359750E-09
     68832  0.25510671E-09
     69120  0.25668861E-09
     69408  0.25779778E-09
     69696  0.25922095E-09
     69984  0.26086652E-09
     70272  0.25589955E-09
     70560  0.23757937E-09
     70848  0.22096823E-09
     71136  0.21102528E-09
     71424  0.20507793E-09
     71712  0.20156816E-09
     72000  0.19896733E-09
     72288  0.19760921E-09
     72576  0.19709714E-09
     72864  0.19721960E-09
     73152  0.19783999E-09
     73440  0.19816412E-09
     73728  0.19890763E-09
     74016  0.19995700E-09
     74304  0.20128668E-09
     74592  0.20200372E-09
     74880  0.20317410E-09
     75168  0.20459077E-09
     75456  0.20543123E-09
     75744  0.20661547E-09
     76032  0.20803925E-09
     76320  0.20970348E-09
     76608  0.21072828E-09
     76896  0.21212518E-09
     77184  0.21361325E-09
     77472  0.21549315E-09
     77760  0.21666041E-09
     78048  0.21823704E-09
     78336  0.22007193E-09
     78624  0.22216190E-09
     78912  0.22344333E-09
     79200  0.22517356E-09
     79488  0.22717771E-09
     79776  0.22924000E-09
     80064  0.23055270E-09
     80352  0.23238270E-09
     80640  0.23450517E-09
     80928  0.23689281E-09
     81216  0.23824334E-09
     81504  0.24012753E-09
     81792  0.24231891E-09
     82080  0.24452923E-09
     82368  0.24718499E-09
     82656  0.24866878E-09
     82944  0.25074204E-09
     83232  0.25314639E-09
     83520  0.25581554E-09
     83808  0.25711303E-09
     84096  0.25871605E-09
     84384  0.26083899E-09
     84672  0.26328015E-09
     84960  0.26597391E-09
     85248  0.26707980E-09
     85536  0.26880639E-09
     85824  0.27088279E-09
     86112  0.27287989E-09
     86400  0.27524186E-09
     86688  0.27585290E-09
     86976  0.27709968E-09
     87264  0.27869668E-09
     87552  0.28051145E-09
     87840  0.28213648E-09
     88128  0.28401664E-09
     88416  0.28387467E-09
     88704  0.28430094E-09
     88992  0.28501815E-09
     89280  0.28587319E-09
     89568  0.28643257E-09
     89856  0.28710426E-09
     90144  0.28777405E-09
     90432  0.28611646E-09
     90720  0.28490019E-09
     91008  0.28390720E-09
     91296  0.28267780E-09
     91584  0.28158062E-09
     91872  0.28052602E-09
     92160  0.27946848E-09
     92448  0.27838867E-09
     92736  0.27727906E-09
     93024  0.27585043E-09
     93312  0.27231833E-09
     93600  0.26944200E-09
     93888  0.26703445E-09
     94176  0.26494326E-09
     94464  0.26277075E-09
     94752  0.26081995E-09
     95040  0.25901220E-09
     95328  0.25729510E-09
     95616  0.25563229E-09
     95904  0.25399946E-09
     96192  0.25210795E-09
     96480  0.25028832E-09
     96768  0.24851021E-09
     97056  0.24675201E-09
     97344  0.24499841E-09
     97632  0.24323762E-09
     97920  0.24146146E-09
     98208  0.23940602E-09
     98496  0.23738347E-09
     98784  0.23537536E-09
     99072  0.23336733E-09
     99360  0.23134909E-09
     99648  0.22931307E-09
     99936  0.22725334E-09
    100224  0.22491764E-09
    100512  0.22260316E-09
    100800  0.22029630E-09
    101088  0.21798664E-09
    101376  0.21566675E-09
    101664  0.21333095E-09
    101952  0.21292787E-09
    102240  0.21211730E-09
    102528  0.21096223E-09
    102816  0.20952427E-09
    103104  0.20762277E-09
    103392  0.20557224E-09
    103680  0.20339763E-09
    103968  0.20111904E-09
    104256  0.19875333E-09
    104544  0.19631498E-09
    104832  0.19568233E-09
