         1  0.19438481E-09
        24  0.22239738E-09
        48  0.24690616E-09
        72  0.26616154E-09
        96  0.28109140E-09
       120  0.29246741E-09
       144  0.30093072E-09
       168  0.30701389E-09
       192  0.31115877E-09
       216  0.31373154E-09
       240  0.31503578E-09
       264  0.31532243E-09
       288  0.31479927E-09
       312  0.31363767E-09
       336  0.31197928E-09
       360  0.30994082E-09
       384  0.30761846E-09
       408  0.30509131E-09
       432  0.30242464E-09
       456  0.29967201E-09
       480  0.29687763E-09
       504  0.29407779E-09
       528  0.29130251E-09
       552  0.28857633E-09
       576  0.28591973E-09
       600  0.28334934E-09
       624  0.28087924E-09
       648  0.27852101E-09
       672  0.27628425E-09
       696  0.27417679E-09
       720  0.27220548E-09
       744  0.27037581E-09
       768  0.26869207E-09
       792  0.26715805E-09
       816  0.26577662E-09
       840  0.26454983E-09
       864  0.26347888E-09
       888  0.26256453E-09
       912  0.26180658E-09
       936  0.26120425E-09
       960  0.26075553E-09
       984  0.26045779E-09
      1008  0.26030725E-09
      1032  0.26029914E-09
      1056  0.28909897E-09
      1080  0.31254815E-09
      1104  0.33138856E-09
      1128  0.34629094E-09
      1152  0.35785563E-09
      1176  0.36661504E-09
      1200  0.37303752E-09
      1224  0.38396958E-09
      1248  0.39216452E-09
      1272  0.39810494E-09
      1296  0.40220680E-09
      1320  0.40482470E-09
      1344  0.40625958E-09
      1368  0.40676465E-09
      1392  0.40655168E-09
      1416  0.40579640E-09
      1440  0.40464329E-09
      1464  0.40321071E-09
      1488  0.40159437E-09
      1512  0.39987075E-09
      1536  0.39810044E-09
      1560  0.39633030E-09
      1584  0.39459622E-09
      1608  0.39292450E-09
      1632  0.39133349E-09
      1656  0.38983480E-09
      1680  0.38843451E-09
      1704  0.38713391E-09
      1728  0.38593009E-09
      1752  0.38481612E-09
      1776  0.38378195E-09
      1800  0.38281445E-09
      1824  0.38189724E-09
      1848  0.38101114E-09
      1872  0.38013376E-09
      1896  0.37923997E-09
      1920  0.37830125E-09
      1944  0.37728581E-09
      1968  0.37615855E-09
      1992  0.37488096E-09
      2016  0.37341097E-09
      2040  0.37170383E-09
      2064  0.36971196E-09
      2088  0.36738612E-09
      2112  0.36467665E-09
      2136  0.36153519E-09
      2160  0.35791750E-09
      2184  0.35378669E-09
      2208  0.34911674E-09
      2232  0.34389658E-09
      2256  0.33813366E-09
      2280  0.33185621E-09
      2304  0.32511382E-09
      2328  0.31797570E-09
      2352  0.31052580E-09
      2376  0.30285727E-09
      2400  0.29506483E-09
      2424  0.28723898E-09
      2448  0.28395375E-09
      2472  0.27789307E-09
      2496  0.27079311E-09
      2520  0.26348010E-09
      2544  0.25629288E-09
      2568  0.24935778E-09
      2592  0.24271926E-09
      2616  0.23639229E-09
      2640  0.23038163E-09
      2664  0.22468788E-09
      2688  0.21930960E-09
      2712  0.21424373E-09
      2736  0.20948576E-09
      2760  0.20502997E-09
      2784  0.20086925E-09
      2808  0.19699549E-09
      2832  0.19339946E-09
      2856  0.19007108E-09
      2880  0.18699949E-09
      2904  0.18417330E-09
      2928  0.18158049E-09
      2952  0.17920893E-09
      2976  0.17704611E-09
      3000  0.17507966E-09
      3024  0.17329702E-09
      3048  0.17168603E-09
      3072  0.17023463E-09
      3096  0.16893120E-09
      3120  0.16776450E-09
      3144  0.16672368E-09
      3168  0.17062006E-09
      3192  0.17360841E-09
      3216  0.17645764E-09
      3240  0.17915833E-09
      3264  0.18169261E-09
      3288  0.18404721E-09
      3312  0.18621349E-09
      3336  0.18818701E-09
      3360  0.18996717E-09
      3384  0.19155676E-09
      3408  0.19296152E-09
      3432  0.19418954E-09
      3456  0.19525070E-09
      3480  0.19615645E-09
      3504  0.19691911E-09
      3528  0.19755154E-09
      3552  0.19806688E-09
      3576  0.19847814E-09
      3600  0.19879794E-09
      3624  0.19903848E-09
      3648  0.19921127E-09
      3672  0.19932694E-09
      3696  0.19939549E-09
      3720  0.19942584E-09
      3744  0.19942616E-09
      3768  0.19940376E-09
      3792  0.19936509E-09
      3816  0.19931590E-09
      3840  0.19926102E-09
      3864  0.19920479E-09
      3888  0.19915086E-09
      3912  0.19910226E-09
      3936  0.19906170E-09
      3960  0.19903131E-09
      3984  0.19901279E-09
      4008  0.19900769E-09
      4032  0.19901714E-09
      4056  0.19904203E-09
      4080  0.19908314E-09
      4104  0.19914104E-09
      4128  0.19921607E-09
      4152  0.19930864E-09
      4176  0.19941890E-09
      4200  0.19954706E-09
      4224  0.19969323E-09
      4248  0.19985749E-09
      4272  0.20003993E-09
      4296  0.20024063E-09
      4320  0.20045970E-09
      4344  0.20069721E-09
      4368  0.20095327E-09
      4392  0.20122802E-09
      4416  0.20152166E-09
      4440  0.20183434E-09
      4464  0.20216634E-09
      4488  0.20251788E-09
      4512  0.20288932E-09
      4536  0.20328099E-09
      4560  0.20369330E-09
      4584  0.20412662E-09
      4608  0.20458144E-09
      4632  0.20505829E-09
      4656  0.20555775E-09
      4680  0.20608043E-09
      4704  0.20662692E-09
      4728  0.20719797E-09
      4752  0.20779437E-09
      4776  0.20841680E-09
      4800  0.20906614E-09
      4824  0.20974335E-09
      4848  0.21044931E-09
      4872  0.21118507E-09
      4896  0.21195166E-09
      4920  0.21275022E-09
      4944  0.21358190E-09
      4968  0.21444799E-09
      4992  0.21534971E-09
      5016  0.21628847E-09
      5040  0.21726575E-09
      5064  0.21828298E-09
      5088  0.21934181E-09
      5112  0.22044387E-09
      5136  0.22159088E-09
      5160  0.22278467E-09
      5184  0.22402724E-09
      5208  0.22532047E-09
      5232  0.22666642E-09
      5256  0.22806733E-09
      5280  0.22952544E-09
      5304  0.23104310E-09
      5328  0.23262282E-09
      5352  0.23426711E-09
      5376  0.23597865E-09
      5400  0.23776017E-09
      5424  0.22490425E-09
      5448  0.19709004E-09
      5472  0.17833347E-09
      5496  0.16614728E-09
      5520  0.15775915E-09
      5544  0.15178948E-09
      5568  0.14745194E-09
      5592  0.14426395E-09
      5616  0.14191417E-09
      5640  0.14019408E-09
      5664  0.13895970E-09
      5688  0.13810894E-09
      5712  0.13756789E-09
      5736  0.13728180E-09
      5760  0.13720937E-09
      5784  0.13731886E-09
      5808  0.13758578E-09
      5832  0.13799066E-09
      5856  0.13851825E-09
      5880  0.13915627E-09
      5904  0.13936599E-09
      5928  0.14003444E-09
      5952  0.14078494E-09
      5976  0.14161931E-09
      6000  0.14253705E-09
      6024  0.14353724E-09
      6048  0.14461889E-09
      6072  0.14578104E-09
      6096  0.14702302E-09
      6120  0.14834442E-09
      6144  0.14974527E-09
      6168  0.15122600E-09
      6192  0.15278739E-09
      6216  0.15443058E-09
      6240  0.15615728E-09
      6264  0.15796950E-09
      6288  0.15986967E-09
      6312  0.16186064E-09
      6336  0.16394566E-09
      6360  0.16612840E-09
      6384  0.16841280E-09
      6408  0.17080332E-09
      6432  0.17330476E-09
      6456  0.17592229E-09
      6480  0.17866142E-09
      6504  0.18152810E-09
      6528  0.18452859E-09
      6552  0.18766950E-09
      6576  0.19095776E-09
      6600  0.19440061E-09
      6624  0.18581361E-09
      6648  0.18047119E-09
      6672  0.17577131E-09
      6696  0.17156032E-09
      6720  0.16786134E-09
      6744  0.16467504E-09
      6768  0.16198166E-09
      6792  0.15975117E-09
      6816  0.15794960E-09
      6840  0.15654271E-09
      6864  0.15549788E-09
      6888  0.15478498E-09
      6912  0.15437683E-09
      6936  0.15424916E-09
      6960  0.15438054E-09
      6984  0.15475231E-09
      7008  0.15534821E-09
      7032  0.15615423E-09
      7056  0.15715831E-09
      7080  0.15835024E-09
      7104  0.15972136E-09
      7128  0.16126443E-09
      7152  0.16297347E-09
      7176  0.16484347E-09
      7200  0.16687043E-09
      7224  0.16905108E-09
      7248  0.17138270E-09
      7272  0.17386291E-09
      7296  0.17648967E-09
      7320  0.17926097E-09
      7344  0.18217451E-09
      7368  0.18522756E-09
      7392  0.18841666E-09
      7416  0.19173740E-09
      7440  0.19518405E-09
      7464  0.19874916E-09
      7488  0.20242306E-09
      7512  0.20619394E-09
      7536  0.21004677E-09
      7560  0.21396353E-09
      7584  0.21792228E-09
      7608  0.22189703E-09
      7632  0.22585711E-09
      7656  0.22976723E-09
      7680  0.23358662E-09
      7704  0.23726920E-09
      7728  0.24076338E-09
      7752  0.24401237E-09
      7776  0.24695512E-09
      7800  0.24952768E-09
      7824  0.25166724E-09
      7848  0.25331781E-09
      7872  0.25443961E-09
      7896  0.25502081E-09
      7920  0.25508595E-09
      7944  0.25107810E-09
      7968  0.24795080E-09
      7992  0.24532876E-09
      8016  0.24298979E-09
      8040  0.24080626E-09
      8064  0.23870494E-09
      8088  0.23664284E-09
      8112  0.23459470E-09
      8136  0.23254555E-09
      8160  0.23048630E-09
      8184  0.22841140E-09
      8208  0.22631780E-09
      8232  0.22420375E-09
      8256  0.22206829E-09
      8280  0.21991108E-09
      8304  0.21773211E-09
      8328  0.21553165E-09
      8352  0.21331016E-09
      8376  0.21106815E-09
      8400  0.20880639E-09
      8424  0.20652563E-09
      8448  0.20422686E-09
      8472  0.20191102E-09
      8496  0.19957928E-09
      8520  0.19723283E-09
      8544  0.19487288E-09
      8568  0.19250096E-09
      8592  0.19011850E-09
      8616  0.18772707E-09
      8640  0.18532834E-09
      8664  0.18292402E-09
      8688  0.18051582E-09
      8712  0.17810560E-09
      8736  0.17569457E-09
