         1  0.33150753E+16
        24  0.33847931E+16
        48  0.33906155E+16
        72  0.33968244E+16
        96  0.34033903E+16
       120  0.34102765E+16
       144  0.34174467E+16
       168  0.34248606E+16
       192  0.34324815E+16
       216  0.34402645E+16
       240  0.34481627E+16
       264  0.34561301E+16
       288  0.34641115E+16
       312  0.34720521E+16
       336  0.34798936E+16
       360  0.34875725E+16
       384  0.34950176E+16
       408  0.35021614E+16
       432  0.35089252E+16
       456  0.35152302E+16
       480  0.35209927E+16
       504  0.35261260E+16
       528  0.35305367E+16
       552  0.35341377E+16
       576  0.35368296E+16
       600  0.35385197E+16
       624  0.35391041E+16
       648  0.35384950E+16
       672  0.35365920E+16
       696  0.35333050E+16
       720  0.35285470E+16
       744  0.35222334E+16
       768  0.35142910E+16
       792  0.35046555E+16
       816  0.34932700E+16
       840  0.34800931E+16
       864  0.34650999E+16
       888  0.34482773E+16
       912  0.34296312E+16
       936  0.34091883E+16
       960  0.33869881E+16
       984  0.33630968E+16
      1008  0.33375984E+16
      1032  0.33105925E+16
      1056  0.33665239E+16
      1080  0.34209186E+16
      1104  0.34736233E+16
      1128  0.35245503E+16
      1152  0.35736393E+16
      1176  0.36208534E+16
      1200  0.36661621E+16
      1224  0.37101474E+16
      1248  0.37522209E+16
      1272  0.37923377E+16
      1296  0.38304604E+16
      1320  0.38665505E+16
      1344  0.39005760E+16
      1368  0.39325021E+16
      1392  0.39622920E+16
      1416  0.39899178E+16
      1440  0.40153432E+16
      1464  0.40385349E+16
      1488  0.40594681E+16
      1512  0.40781071E+16
      1536  0.40944329E+16
      1560  0.41084208E+16
      1584  0.41200486E+16
      1608  0.41293045E+16
      1632  0.41361775E+16
      1656  0.41406650E+16
      1680  0.41427695E+16
      1704  0.41424957E+16
      1728  0.41398642E+16
      1752  0.41348957E+16
      1776  0.41276187E+16
      1800  0.41180737E+16
      1824  0.41063033E+16
      1848  0.40923584E+16
      1872  0.40762998E+16
      1896  0.40581900E+16
      1920  0.40381033E+16
      1944  0.40161120E+16
      1968  0.39922988E+16
      1992  0.39667419E+16
      2016  0.39395308E+16
      2040  0.39107478E+16
      2064  0.38804815E+16
      2088  0.38488190E+16
      2112  0.38158420E+16
      2136  0.37816371E+16
      2160  0.37462815E+16
      2184  0.37098494E+16
      2208  0.36724145E+16
      2232  0.36340478E+16
      2256  0.35948192E+16
      2280  0.35547930E+16
      2304  0.35140367E+16
      2328  0.34726201E+16
      2352  0.34306086E+16
      2376  0.33880812E+16
      2400  0.33451168E+16
      2424  0.33018023E+16
      2448  0.32638332E+16
      2472  0.32252413E+16
      2496  0.31860543E+16
      2520  0.31463771E+16
      2544  0.31063528E+16
      2568  0.30661380E+16
      2592  0.30259038E+16
      2616  0.29858215E+16
      2640  0.29460614E+16
      2664  0.29067971E+16
      2688  0.28681848E+16
      2712  0.28303818E+16
      2736  0.27935270E+16
      2760  0.27577451E+16
      2784  0.27231440E+16
      2808  0.26898170E+16
      2832  0.26578369E+16
      2856  0.26272559E+16
      2880  0.25981119E+16
      2904  0.25704236E+16
      2928  0.25441921E+16
      2952  0.25194066E+16
      2976  0.24960382E+16
      3000  0.24740560E+16
      3024  0.24534101E+16
      3048  0.24340444E+16
      3072  0.24159043E+16
      3096  0.23989218E+16
      3120  0.23830285E+16
      3144  0.23681615E+16
      3168  0.24213885E+16
      3192  0.24685531E+16
      3216  0.25100707E+16
      3240  0.25463559E+16
      3264  0.25778115E+16
      3288  0.26048228E+16
      3312  0.26277515E+16
      3336  0.26469556E+16
      3360  0.26627646E+16
      3384  0.26755034E+16
      3408  0.26854737E+16
      3432  0.26929579E+16
      3456  0.26982303E+16
      3480  0.27015401E+16
      3504  0.27031236E+16
      3528  0.27031979E+16
      3552  0.27019620E+16
      3576  0.26996012E+16
      3600  0.26962857E+16
      3624  0.26921593E+16
      3648  0.26873648E+16
      3672  0.26820229E+16
      3696  0.26762441E+16
      3720  0.26701237E+16
      3744  0.26637457E+16
      3768  0.26571894E+16
      3792  0.26505156E+16
      3816  0.26437851E+16
      3840  0.26370431E+16
      3864  0.26303341E+16
      3888  0.26236930E+16
      3912  0.26171491E+16
      3936  0.26107316E+16
      3960  0.26044569E+16
      3984  0.25983435E+16
      4008  0.25924084E+16
      4032  0.25866599E+16
      4056  0.25811092E+16
      4080  0.25757679E+16
      4104  0.25706354E+16
      4128  0.25657206E+16
      4152  0.25610246E+16
      4176  0.25565516E+16
      4200  0.25523023E+16
      4224  0.25482798E+16
      4248  0.25444822E+16
      4272  0.25409147E+16
      4296  0.25375735E+16
      4320  0.25344607E+16
      4344  0.25315759E+16
      4368  0.25289189E+16
      4392  0.25264895E+16
      4416  0.25242876E+16
      4440  0.25223124E+16
      4464  0.25205646E+16
      4488  0.25190466E+16
      4512  0.25177536E+16
      4536  0.25166871E+16
      4560  0.25158506E+16
      4584  0.25152413E+16
      4608  0.25148617E+16
      4632  0.25147101E+16
      4656  0.25147876E+16
      4680  0.25150953E+16
      4704  0.25156332E+16
      4728  0.25164020E+16
      4752  0.25174043E+16
      4776  0.25186416E+16
      4800  0.25201096E+16
      4824  0.25218164E+16
      4848  0.25237566E+16
      4872  0.25259376E+16
      4896  0.25283557E+16
      4920  0.25310172E+16
      4944  0.25339201E+16
      4968  0.25370678E+16
      4992  0.25404616E+16
      5016  0.25441037E+16
      5040  0.25479971E+16
      5064  0.25521415E+16
      5088  0.25565438E+16
      5112  0.25612023E+16
      5136  0.25661203E+16
      5160  0.25713019E+16
      5184  0.25767506E+16
      5208  0.25824696E+16
      5232  0.25884622E+16
      5256  0.25947304E+16
      5280  0.26012818E+16
      5304  0.26081167E+16
      5328  0.26152434E+16
      5352  0.26226646E+16
      5376  0.26303859E+16
      5400  0.26384113E+16
      5424  0.25616745E+16
      5448  0.25025266E+16
      5472  0.24521206E+16
      5496  0.24094584E+16
      5520  0.23736303E+16
      5544  0.23438004E+16
      5568  0.23192074E+16
      5592  0.22991779E+16
      5616  0.22831104E+16
      5640  0.22704856E+16
      5664  0.22608437E+16
      5688  0.22537927E+16
      5712  0.22489862E+16
      5736  0.22461295E+16
      5760  0.22449692E+16
      5784  0.22452864E+16
      5808  0.22468934E+16
      5832  0.22496327E+16
      5856  0.22533667E+16
      5880  0.22579784E+16
      5904  0.22591697E+16
      5928  0.22616458E+16
      5952  0.22652592E+16
      5976  0.22698811E+16
      6000  0.22754066E+16
      6024  0.22817392E+16
      6048  0.22888061E+16
      6072  0.22965408E+16
      6096  0.23048859E+16
      6120  0.23137987E+16
      6144  0.23232388E+16
      6168  0.23331749E+16
      6192  0.23435817E+16
      6216  0.23544385E+16
      6240  0.23657305E+16
      6264  0.23774432E+16
      6288  0.23895673E+16
      6312  0.24020960E+16
      6336  0.24150276E+16
      6360  0.24283584E+16
      6384  0.24420902E+16
      6408  0.24562239E+16
      6432  0.24707599E+16
      6456  0.24857067E+16
      6480  0.25010682E+16
      6504  0.25168487E+16
      6528  0.25330571E+16
      6552  0.25496998E+16
      6576  0.25667860E+16
      6600  0.25843253E+16
      6624  0.24900932E+16
      6648  0.24096420E+16
      6672  0.23413300E+16
      6696  0.22836043E+16
      6720  0.22350535E+16
      6744  0.21944380E+16
      6768  0.21606744E+16
      6792  0.21328237E+16
      6816  0.21100793E+16
      6840  0.20917539E+16
      6864  0.20772525E+16
      6888  0.20660699E+16
      6912  0.20577769E+16
      6936  0.20520096E+16
      6960  0.20484503E+16
      6984  0.20468351E+16
      7008  0.20469363E+16
      7032  0.20485604E+16
      7056  0.20515437E+16
      7080  0.20557480E+16
      7104  0.20610540E+16
      7128  0.20673612E+16
      7152  0.20745888E+16
      7176  0.20826602E+16
      7200  0.20915200E+16
      7224  0.21011161E+16
      7248  0.21114077E+16
      7272  0.21223546E+16
      7296  0.21339294E+16
      7320  0.21461013E+16
      7344  0.21588481E+16
      7368  0.21721441E+16
      7392  0.21859682E+16
      7416  0.22002951E+16
      7440  0.22151011E+16
      7464  0.22303600E+16
      7488  0.22460431E+16
      7512  0.22621174E+16
      7536  0.22785507E+16
      7560  0.22953043E+16
      7584  0.23123347E+16
      7608  0.23295986E+16
      7632  0.23470469E+16
      7656  0.23646275E+16
      7680  0.23822849E+16
      7704  0.23999595E+16
      7728  0.24175861E+16
      7752  0.24350994E+16
      7776  0.24524228E+16
      7800  0.24694779E+16
      7824  0.24861853E+16
      7848  0.25024734E+16
      7872  0.25182907E+16
      7896  0.25336262E+16
      7920  0.25485144E+16
      7944  0.25618199E+16
      7968  0.25747983E+16
      7992  0.25874912E+16
      8016  0.25999222E+16
      8040  0.26121035E+16
      8064  0.26240481E+16
      8088  0.26357626E+16
      8112  0.26472562E+16
      8136  0.26585378E+16
      8160  0.26696199E+16
      8184  0.26805149E+16
      8208  0.26912346E+16
      8232  0.27017962E+16
      8256  0.27122149E+16
      8280  0.27225068E+16
      8304  0.27326901E+16
      8328  0.27427809E+16
      8352  0.27527973E+16
      8376  0.27627573E+16
      8400  0.27726755E+16
      8424  0.27825716E+16
      8448  0.27924605E+16
      8472  0.28023545E+16
      8496  0.28122740E+16
      8520  0.28222257E+16
      8544  0.28322263E+16
      8568  0.28422848E+16
      8592  0.28524102E+16
      8616  0.28626134E+16
      8640  0.28728980E+16
      8664  0.28832730E+16
      8688  0.28937390E+16
      8712  0.29042958E+16
      8736  0.29149452E+16
