         1   71.400002    
        24   71.404846    
        48   71.418633    
        72   71.439018    
        96   71.464325    
       120   71.493309    
       144   71.525085    
       168   71.559074    
       192   71.594849    
       216   71.632133    
       240   71.670761    
       264   71.710625    
       288   71.751633    
       312   71.793793    
       336   71.837097    
       360   71.881538    
       384   71.927193    
       408   71.974068    
       432   72.022209    
       456   72.071693    
       480   72.122566    
       504   72.174904    
       528   72.228783    
       552   72.284286    
       576   72.341530    
       600   72.400581    
       624   72.461563    
       648   72.524590    
       672   72.589783    
       696   72.657318    
       720   72.727348    
       744   72.800049    
       768   72.875580    
       792   72.954163    
       816   73.036026    
       840   73.121391    
       864   73.210526    
       888   73.303673    
       912   73.401169    
       936   73.503296    
       960   73.610397    
       984   73.722824    
      1008   73.840981    
      1032   73.965195    
      1056   74.099991    
      1080   74.253258    
      1104   74.424309    
      1128   74.611122    
      1152   74.811684    
      1176   75.024071    
      1200   75.246552    
      1224   75.477753    
      1248   75.718735    
      1272   75.968910    
      1296   76.226921    
      1320   76.491524    
      1344   76.761688    
      1368   77.036568    
      1392   77.315468    
      1416   77.597878    
      1440   77.883446    
      1464   78.171898    
      1488   78.463104    
      1512   78.756973    
      1536   79.053589    
      1560   79.353058    
      1584   79.655510    
      1608   79.961166    
      1632   80.270294    
      1656   80.583153    
      1680   80.900116    
      1704   81.221512    
      1728   81.547714    
      1752   81.879158    
      1776   82.216232    
      1800   82.559334    
      1824   82.908936    
      1848   83.265434    
      1872   83.629280    
      1896   84.000870    
      1920   84.380592    
      1944   84.768860    
      1968   85.166023    
      1992   85.572334    
      2016   85.988083    
      2040   86.413460    
      2064   86.848618    
      2088   87.293549    
      2112   87.748215    
      2136   88.212471    
      2160   88.686012    
      2184   89.168472    
      2208   89.659294    
      2232   90.157837    
      2256   90.663368    
      2280   91.175072    
      2304   91.692085    
      2328   92.213493    
      2352   92.738464    
      2376   93.266167    
      2400   93.795876    
      2424   94.326965    
      2448   94.859688    
      2472   95.398018    
      2496   95.939293    
      2520   96.481331    
      2544   97.023178    
      2568   97.564476    
      2592   98.105103    
      2616   98.645096    
      2640   99.184540    
      2664   99.723534    
      2688   100.26225    
      2712   100.80087    
      2736   101.33955    
      2760   101.87855    
      2784   102.41806    
      2808   102.95832    
      2832   103.49960    
      2856   104.04211    
      2880   104.58607    
      2904   105.13175    
      2928   105.67935    
      2952   106.22908    
      2976   106.78116    
      3000   107.33574    
      3024   107.89301    
      3048   108.45309    
      3072   109.01613    
      3096   109.58223    
      3120   110.15150    
      3144   110.72401    
      3168   111.30672    
      3192   111.90620    
      3216   112.51949    
      3240   113.14480    
      3264   113.78049    
      3288   114.42515    
      3312   115.07747    
      3336   115.73627    
      3360   116.40058    
      3384   117.06947    
      3408   117.74216    
      3432   118.41798    
      3456   119.09634    
      3480   119.77682    
      3504   120.45901    
      3528   121.14259    
      3552   121.82731    
      3576   122.51295    
      3600   123.19937    
      3624   123.88647    
      3648   124.57420    
      3672   125.26248    
      3696   125.95131    
      3720   126.64066    
      3744   127.33055    
      3768   128.02100    
      3792   128.71201    
      3816   129.40361    
      3840   130.09586    
      3864   130.78867    
      3888   131.48216    
      3912   132.17636    
      3936   132.87119    
      3960   133.56674    
      3984   134.26295    
      4008   134.95984    
      4032   135.65739    
      4056   136.35562    
      4080   137.05443    
      4104   137.75389    
      4128   138.45392    
      4152   139.15446    
      4176   139.85548    
      4200   140.55696    
      4224   141.25883    
      4248   141.96107    
      4272   142.66359    
      4296   143.36636    
      4320   144.06926    
      4344   144.77229    
      4368   145.47537    
      4392   146.17844    
      4416   146.88139    
      4440   147.58420    
      4464   148.28671    
      4488   148.98889    
      4512   149.69067    
      4536   150.39195    
      4560   151.09268    
      4584   151.79277    
      4608   152.49210    
      4632   153.19049    
      4656   153.88803    
      4680   154.58450    
      4704   155.27982    
      4728   155.97385    
      4752   156.66655    
      4776   157.35782    
      4800   158.04752    
      4824   158.73549    
      4848   159.42165    
      4872   160.10588    
      4896   160.78804    
      4920   161.46802    
      4944   162.14572    
      4968   162.82095    
      4992   163.49361    
      5016   164.16353    
      5040   164.83058    
      5064   165.49460    
      5088   166.15547    
      5112   166.81305    
      5136   167.46713    
      5160   168.11761    
      5184   168.76436    
      5208   169.40720    
      5232   170.04599    
      5256   170.68054    
      5280   171.31071    
      5304   171.93642    
      5328   172.55745    
      5352   173.17375    
      5376   173.78510    
      5400   174.39142    
      5424   174.99449    
      5448   175.78914    
      5472   176.60748    
      5496   177.41312    
      5520   178.20856    
      5544   178.99625    
      5568   179.77812    
      5592   180.55551    
      5616   181.32948    
      5640   182.10081    
      5664   182.87013    
      5688   183.63782    
      5712   184.40421    
      5736   185.16954    
      5760   185.93393    
      5784   186.69754    
      5808   187.46037    
      5832   188.22260    
      5856   188.98410    
      5880   189.74498    
      5904   190.50339    
      5928   191.25864    
      5952   192.01245    
      5976   192.76495    
      6000   193.51640    
      6024   194.26689    
      6048   195.01649    
      6072   195.76530    
      6096   196.51338    
      6120   197.26079    
      6144   198.00755    
      6168   198.75378    
      6192   199.49950    
      6216   200.24474    
      6240   200.98955    
      6264   201.73401    
      6288   202.47810    
      6312   203.22192    
      6336   203.96548    
      6360   204.70885    
      6384   205.45206    
      6408   206.19510    
      6432   206.93806    
      6456   207.68098    
      6480   208.42389    
      6504   209.16681    
      6528   209.90974    
      6552   210.65274    
      6576   211.39583    
      6600   212.13898    
      6624   212.86604    
      6648   213.55954    
      6672   214.22873    
      6696   214.87907    
      6720   215.51433    
      6744   216.13742    
      6768   216.75066    
      6792   217.35593    
      6816   217.95464    
      6840   218.54802    
      6864   219.13687    
      6888   219.72198    
      6912   220.30392    
      6936   220.88316    
      6960   221.46002    
      6984   222.03482    
      7008   222.60777    
      7032   223.17905    
      7056   223.74887    
      7080   224.31726    
      7104   224.88434    
      7128   225.45020    
      7152   226.01485    
      7176   226.57835    
      7200   227.14070    
      7224   227.70190    
      7248   228.26192    
      7272   228.82071    
      7296   229.37817    
      7320   229.93433    
      7344   230.48903    
      7368   231.04214    
      7392   231.59358    
      7416   232.14310    
      7440   232.69046    
      7464   233.23541    
      7488   233.77763    
      7512   234.31673    
      7536   234.85220    
      7560   235.38358    
      7584   235.91019    
      7608   236.43120    
      7632   236.94574    
      7656   237.45268    
      7680   237.95067    
      7704   238.43805    
      7728   238.91286    
      7752   239.37265    
      7776   239.81445    
      7800   240.23492    
      7824   240.63023    
      7848   240.99699    
      7872   241.33311    
      7896   241.63913    
      7920   241.91826    
      7944   242.17581    
      7968   242.41647    
      7992   242.64268    
      8016   242.85680    
      8040   243.06050    
      8064   243.25488    
      8088   243.44092    
      8112   243.61919    
      8136   243.79033    
      8160   243.95476    
      8184   244.11299    
      8208   244.26532    
      8232   244.41223    
      8256   244.55405    
      8280   244.69110    
      8304   244.82362    
      8328   244.95195    
      8352   245.07629    
      8376   245.19696    
      8400   245.31421    
      8424   245.42821    
      8448   245.53918    
      8472   245.64738    
      8496   245.75298    
      8520   245.85614    
      8544   245.95702    
      8568   246.05576    
      8592   246.15260    
      8616   246.24765    
      8640   246.34106    
      8664   246.43297    
      8688   246.52351    
      8712   246.61281    
      8736   246.70102    
