         1  0.70025754    
       288  0.70278203    
       576  0.70474315    
       864  0.70672345    
      1152  0.70872325    
      1440  0.71074259    
      1728  0.71303010    
      2016  0.71532798    
      2304  0.71763682    
      2592  0.71995670    
      2880  0.72228754    
      3168  0.72462940    
      3456  0.72720641    
      3744  0.72978580    
      4032  0.73236722    
      4320  0.73495066    
      4608  0.73753512    
      4896  0.74011946    
      5184  0.74290955    
      5472  0.74569190    
      5760  0.74846554    
      6048  0.75122947    
      6336  0.75398219    
      6624  0.75672209    
      6912  0.75964117    
      7200  0.76254070    
      7488  0.76541907    
      7776  0.76827466    
      8064  0.77110535    
      8352  0.77409440    
      8640  0.77705222    
      8928  0.77997702    
      9216  0.78286707    
      9504  0.78572005    
      9792  0.78853375    
     10080  0.79148650    
     10368  0.79439497    
     10656  0.79725689    
     10944  0.80007041    
     11232  0.80283320    
     11520  0.80554277    
     11808  0.80837530    
     12096  0.81115103    
     12384  0.81386739    
     12672  0.81652236    
     12960  0.81911349    
     13248  0.82181776    
     13536  0.82445532    
     13824  0.82702410    
     14112  0.82952219    
     14400  0.83194685    
     14688  0.83429623    
     14976  0.83656728    
     15264  0.83894467    
     15552  0.84124303    
     15840  0.84345978    
     16128  0.84559286    
     16416  0.84763956    
     16704  0.84959882    
     16992  0.85166276    
     17280  0.85363811    
     17568  0.85552251    
     17856  0.85731328    
     18144  0.85900849    
     18432  0.86060482    
     18720  0.86209893    
     19008  0.86370426    
     19296  0.86520916    
     19584  0.86661065    
     19872  0.86790514    
     20160  0.86908942    
     20448  0.87016082    
     20736  0.87111402    
     21024  0.87218970    
     21312  0.87314969    
     21600  0.87399006    
     21888  0.87470561    
     22176  0.87529141    
     22464  0.87574178    
     22752  0.87605214    
     23040  0.87621450    
     23328  0.87651676    
     23616  0.87667263    
     23904  0.87667549    
     24192  0.87651640    
     24480  0.87618637    
     24768  0.87567544    
     25056  0.87497497    
     25344  0.87407136    
     25632  0.87328112    
     25920  0.87228322    
     26208  0.87106514    
     26496  0.86961085    
     26784  0.86790442    
     27072  0.86592883    
     27360  0.86366600    
     27648  0.86109906    
     27936  0.85870278    
     28224  0.85599411    
     28512  0.85295331    
     28800  0.84956157    
     29088  0.84579867    
     29376  0.84164590    
     29664  0.83708709    
     29952  0.83211249    
     30240  0.82737374    
     30528  0.82223272    
     30816  0.81668532    
     31104  0.81073260    
     31392  0.80438411    
     31680  0.79765314    
     31968  0.79056126    
     32256  0.78313798    
     32544  0.77625197    
     32832  0.76911312    
     33120  0.76175898    
     33408  0.75423139    
     33696  0.74657714    
     33984  0.73885012    
     34272  0.73109645    
     34560  0.72336823    
     34848  0.71660578    
     35136  0.70991457    
     35424  0.70333064    
     35712  0.69689119    
     36000  0.69062310    
     36288  0.68455166    
     36576  0.67869878    
     36864  0.67308080    
     37152  0.66857314    
     37440  0.66424561    
     37728  0.66010255    
     38016  0.65614617    
     38304  0.65237749    
     38592  0.64879608    
     38880  0.64539921    
     39168  0.64218277    
     39456  0.63995159    
     39744  0.63780856    
     40032  0.63574988    
     40320  0.63377297    
     40608  0.63187575    
     40896  0.63005459    
     41184  0.62830740    
     41472  0.62662965    
     41760  0.62578368    
     42048  0.62492037    
     42336  0.62404335    
     42624  0.62315583    
     42912  0.62226045    
     43200  0.62136531    
     43488  0.62046754    
     43776  0.61957020    
     44064  0.61940467    
     44352  0.61916476    
     44640  0.61886048    
     44928  0.61849952    
     45216  0.61808980    
     45504  0.61763901    
     45792  0.61715353    
     46080  0.61664069    
     46368  0.61610532    
     46656  0.61555350    
     46944  0.61499095    
     47232  0.61512995    
     47520  0.61518800    
     47808  0.61517656    
     48096  0.61510509    
     48384  0.61498302    
     48672  0.61481905    
     48960  0.61462045    
     49248  0.61439526    
     49536  0.61414903    
     49824  0.61388838    
     50112  0.61361790    
     50400  0.61333901    
     50688  0.61305988    
     50976  0.61278468    
     51264  0.61251664    
     51552  0.61225921    
     51840  0.61201453    
     52128  0.61178493    
     52416  0.61157286    
     52704  0.61138058    
     52992  0.61120927    
     53280  0.61106086    
     53568  0.61093551    
     53856  0.61083603    
     54144  0.61075771    
     54432  0.61070645    
     54720  0.61068320    
     55008  0.61068821    
     55296  0.61072272    
     55584  0.61078674    
     55872  0.61088073    
     56160  0.61100596    
     56448  0.61116165    
     56736  0.61134911    
     57024  0.61156642    
     57312  0.61181617    
     57600  0.61134267    
     57888  0.61098707    
     58176  0.61074018    
     58464  0.61059594    
     58752  0.61054617    
     59040  0.61058486    
     59328  0.61070251    
     59616  0.61089802    
     59904  0.61116666    
     60192  0.61071301    
     60480  0.61041218    
     60768  0.61025143    
     61056  0.61022019    
     61344  0.61030710    
     61632  0.61050397    
     61920  0.61079997    
     62208  0.61036557    
     62496  0.61010945    
     62784  0.61001647    
     63072  0.61007273    
     63360  0.61026573    
     63648  0.61058456    
     63936  0.61016822    
     64224  0.60994357    
     64512  0.60990143    
     64800  0.61002553    
     65088  0.61030185    
     65376  0.61071742    
     65664  0.61037880    
     65952  0.61025184    
     66240  0.61031675    
     66528  0.61055511    
     66816  0.61095458    
     67104  0.61058915    
     67392  0.61045420    
     67680  0.61052978    
     67968  0.61079729    
     68256  0.61030209    
     68544  0.61006391    
     68832  0.61005890    
     69120  0.61026454    
     69408  0.60969645    
     69696  0.60940498    
     69984  0.60936546    
     70272  0.60964334    
     70560  0.61075294    
     70848  0.61094296    
     71136  0.61127293    
     71424  0.61174864    
     71712  0.61237228    
     72000  0.61186087    
     72288  0.61162317    
     72576  0.61164224    
     72864  0.61190158    
     73152  0.61238474    
     73440  0.61202323    
     73728  0.61195755    
     74016  0.61216307    
     74304  0.61261737    
     74592  0.61221910    
     74880  0.61213464    
     75168  0.61233658    
     75456  0.61169529    
     75744  0.61139691    
     76032  0.61141050    
     76320  0.61170828    
     76608  0.61114329    
     76896  0.61091816    
     77184  0.61099768    
     77472  0.61136019    
     77760  0.61083597    
     78048  0.61065036    
     78336  0.61077332    
     78624  0.61117738    
     78912  0.61068082    
     79200  0.61052060    
     79488  0.61066633    
     79776  0.61109018    
     80064  0.61059493    
     80352  0.61043477    
     80640  0.61058128    
     80928  0.61100733    
     81216  0.61050940    
     81504  0.61034358    
     81792  0.61048239    
     82080  0.61089683    
     82368  0.61156702    
     82656  0.61128974    
     82944  0.61132252    
     83232  0.61164045    
     83520  0.61221981    
     83808  0.61186332    
     84096  0.61181277    
     84384  0.61204994    
     84672  0.61255169    
     84960  0.61329687    
     85248  0.61310792    
     85536  0.61321259    
     85824  0.61358809    
     86112  0.61420929    
     86400  0.61505890    
     86688  0.61499375    
     86976  0.61520588    
     87264  0.61567271    
     87552  0.61637306    
     87840  0.61728382    
     88128  0.61838746    
     88416  0.61861145    
     88704  0.61907178    
     88992  0.61974597    
     89280  0.62061250    
     89568  0.62164664    
     89856  0.62282848    
     90144  0.62413651    
     90432  0.62461722    
     90720  0.62526250    
     91008  0.62605190    
     91296  0.62696123    
     91584  0.62797666    
     91872  0.62908185    
     92160  0.63026381    
     92448  0.63150978    
     92736  0.63280886    
     93024  0.63414961    
     93312  0.63478923    
     93600  0.63551742    
     93888  0.63631731    
     94176  0.63717538    
     94464  0.63807839    
     94752  0.63901973    
     95040  0.63999248    
     95328  0.64099085    
     95616  0.64200902    
     95904  0.64304292    
     96192  0.64408755    
     96480  0.64514089    
     96768  0.64620137    
     97056  0.64726704    
     97344  0.64833742    
     97632  0.64941216    
     97920  0.65049112    
     98208  0.65157342    
     98496  0.65266037    
     98784  0.65375328    
     99072  0.65485311    
     99360  0.65596151    
     99648  0.65708005    
     99936  0.65821034    
    100224  0.65935206    
    100512  0.66050839    
    100800  0.66168129    
    101088  0.66287231    
    101376  0.66408294    
    101664  0.66531515    
    101952  0.66691631    
    102240  0.66851842    
    102528  0.67012841    
    102816  0.67174977    
    103104  0.67338371    
    103392  0.67503339    
    103680  0.67670000    
    103968  0.67838615    
    104256  0.68009293    
    104544  0.68182170    
    104832  0.68384886    
