         1  0.95005852    
        24  0.94437075    
        48  0.93757063    
        72  0.93052763    
        96  0.92335105    
       120  0.91615522    
       144  0.90905136    
       168  0.90213984    
       192  0.89550453    
       216  0.88920879    
       240  0.88329470    
       264  0.87778378    
       288  0.87268013    
       312  0.86797345    
       336  0.86364347    
       360  0.85966307    
       384  0.85600179    
       408  0.85262799    
       432  0.84951103    
       456  0.84662223    
       480  0.84393591    
       504  0.84142965    
       528  0.83908421    
       552  0.83688378    
       576  0.83481556    
       600  0.83286947    
       624  0.83103806    
       648  0.82931584    
       672  0.82769912    
       696  0.82618582    
       720  0.82477510    
       744  0.82346690    
       768  0.82226193    
       792  0.82116139    
       816  0.82016671    
       840  0.81927925    
       864  0.81850028    
       888  0.81783098    
       912  0.81727177    
       936  0.81682259    
       960  0.81648266    
       984  0.81625050    
      1008  0.81612355    
      1032  0.81609815    
      1056  0.83440012    
      1080  0.84680885    
      1104  0.85550439    
      1128  0.86171019    
      1152  0.86616772    
      1176  0.86935455    
      1200  0.87159353    
      1224  0.87523896    
      1248  0.87783605    
      1272  0.87964934    
      1296  0.88086742    
      1320  0.88162875    
      1344  0.88203788    
      1368  0.88217556    
      1392  0.88210505    
      1416  0.88187677    
      1440  0.88153136    
      1464  0.88110143    
      1488  0.88061380    
      1512  0.88008988    
      1536  0.87954706    
      1560  0.87899923    
      1584  0.87845731    
      1608  0.87792975    
      1632  0.87742257    
      1656  0.87694001    
      1680  0.87648469    
      1704  0.87605751    
      1728  0.87565815    
      1752  0.87528491    
      1776  0.87493497    
      1800  0.87460440    
      1824  0.87428820    
      1848  0.87398016    
      1872  0.87367296    
      1896  0.87335819    
      1920  0.87302613    
      1944  0.87266588    
      1968  0.87226504    
      1992  0.87180966    
      2016  0.87128425    
      2040  0.87067151    
      2064  0.86995238    
      2088  0.86910588    
      2112  0.86810935    
      2136  0.86693859    
      2160  0.86556810    
      2184  0.86397219    
      2208  0.86212552    
      2232  0.86000490    
      2256  0.85759044    
      2280  0.85486740    
      2304  0.85182774    
      2328  0.84847087    
      2352  0.84480423    
      2376  0.84084249    
      2400  0.83660644    
      2424  0.83212107    
      2448  0.83014214    
      2472  0.82640100    
      2496  0.82181233    
      2520  0.81682891    
      2544  0.81165349    
      2568  0.80637538    
      2592  0.80103850    
      2616  0.79567087    
      2640  0.79029584    
      2664  0.78493619    
      2688  0.77961469    
      2712  0.77435440    
      2736  0.76917839    
      2760  0.76410913    
      2784  0.75916791    
      2808  0.75437510    
      2832  0.74974871    
      2856  0.74530500    
      2880  0.74105781    
      2904  0.73701829    
      2928  0.73319477    
      2952  0.72959328    
      2976  0.72621685    
      3000  0.72306615    
      3024  0.72013932    
      3048  0.71743268    
      3072  0.71494049    
      3096  0.71265537    
      3120  0.71056879    
      3144  0.70867115    
      3168  0.71523285    
      3192  0.72004408    
      3216  0.72447276    
      3240  0.72853345    
      3264  0.73222613    
      3288  0.73555702    
      3312  0.73853731    
      3336  0.74118191    
      3360  0.74350846    
      3384  0.74553657    
      3408  0.74728686    
      3432  0.74878079    
      3456  0.75003982    
      3480  0.75108540    
      3504  0.75193828    
      3528  0.75261867    
      3552  0.75314564    
      3576  0.75353736    
      3600  0.75381082    
      3624  0.75398183    
      3648  0.75406504    
      3672  0.75407368    
      3696  0.75402021    
      3720  0.75391537    
      3744  0.75376910    
      3768  0.75358999    
      3792  0.75338596    
      3816  0.75316364    
      3840  0.75292885    
      3864  0.75268680    
      3888  0.75244159    
      3912  0.75219691    
      3936  0.75195569    
      3960  0.75172055    
      3984  0.75149310    
      4008  0.75127518    
      4032  0.75106794    
      4056  0.75087208    
      4080  0.75068820    
      4104  0.75051671    
      4128  0.75035775    
      4152  0.75021118    
      4176  0.75007689    
      4200  0.74995464    
      4224  0.74984401    
      4248  0.74974459    
      4272  0.74965584    
      4296  0.74957734    
      4320  0.74950832    
      4344  0.74944818    
      4368  0.74939632    
      4392  0.74935222    
      4416  0.74931514    
      4440  0.74928421    
      4464  0.74925894    
      4488  0.74923849    
      4512  0.74922222    
      4536  0.74920934    
      4560  0.74919909    
      4584  0.74919075    
      4608  0.74918342    
      4632  0.74917626    
      4656  0.74916834    
      4680  0.74915886    
      4704  0.74914700    
      4728  0.74913162    
      4752  0.74911171    
      4776  0.74908626    
      4800  0.74905431    
      4824  0.74901474    
      4848  0.74896634    
      4872  0.74890792    
      4896  0.74883842    
      4920  0.74875653    
      4944  0.74866110    
      4968  0.74855089    
      4992  0.74842471    
      5016  0.74828136    
      5040  0.74811971    
      5064  0.74793875    
      5088  0.74773735    
      5112  0.74751472    
      5136  0.74727005    
      5160  0.74700266    
      5184  0.74671239    
      5208  0.74639887    
      5232  0.74606210    
      5256  0.74570251    
      5280  0.74532056    
      5304  0.74491727    
      5328  0.74449396    
      5352  0.74405205    
      5376  0.74359375    
      5400  0.74312133    
      5424  0.80462271    
      5448  0.81424117    
      5472  0.80983639    
      5496  0.80583984    
      5520  0.80225343    
      5544  0.79908890    
      5568  0.79634517    
      5592  0.79401159    
      5616  0.79207057    
      5640  0.79050046    
      5664  0.78927654    
      5688  0.78837323    
      5712  0.78776467    
      5736  0.78742534    
      5760  0.78733116    
      5784  0.78745914    
      5808  0.78778809    
      5832  0.78829867    
      5856  0.78897315    
      5880  0.78979558    
      5904  0.78981900    
      5928  0.79055715    
      5952  0.79142964    
      5976  0.79242933    
      6000  0.79354727    
      6024  0.79477501    
      6048  0.79610473    
      6072  0.79752910    
      6096  0.79904157    
      6120  0.80063605    
      6144  0.80230725    
      6168  0.80405027    
      6192  0.80586082    
      6216  0.80773509    
      6240  0.80966949    
      6264  0.81166101    
      6288  0.81370693    
      6312  0.81580460    
      6336  0.81795180    
      6360  0.82014644    
      6384  0.82238638    
      6408  0.82466978    
      6432  0.82699472    
      6456  0.82935941    
      6480  0.83176184    
      6504  0.83420026    
      6528  0.83667248    
      6552  0.83917642    
      6576  0.84170979    
      6600  0.84427017    
      6624  0.83657104    
      6648  0.83130330    
      6672  0.82648307    
      6696  0.82198685    
      6720  0.81786245    
      6744  0.81414896    
      6768  0.81086802    
      6792  0.80802715    
      6816  0.80562359    
      6840  0.80364728    
      6864  0.80208260    
      6888  0.80091035    
      6912  0.80010909    
      6936  0.79965591    
      6960  0.79952711    
      6984  0.79969937    
      7008  0.80014938    
      7032  0.80085474    
      7056  0.80179393    
      7080  0.80294645    
      7104  0.80429286    
      7128  0.80581504    
      7152  0.80749577    
      7176  0.80931884    
      7200  0.81126922    
      7224  0.81333274    
      7248  0.81549585    
      7272  0.81774575    
      7296  0.82007009    
      7320  0.82245719    
      7344  0.82489532    
      7368  0.82737309    
      7392  0.82987899    
      7416  0.83240157    
      7440  0.83492917    
      7464  0.83744985    
      7488  0.83995110    
      7512  0.84242040    
      7536  0.84484440    
      7560  0.84720957    
      7584  0.84950173    
      7608  0.85170633    
      7632  0.85380799    
      7656  0.85579109    
      7680  0.85763925    
      7704  0.85933566    
      7728  0.86086273    
      7752  0.86220253    
      7776  0.86333674    
      7800  0.86424720    
      7824  0.86491746    
      7848  0.86533421    
      7872  0.86549085    
      7896  0.86539143    
      7920  0.86505353    
      7944  0.86257619    
      7968  0.86050731    
      7992  0.85868365    
      8016  0.85700178    
      8040  0.85539812    
      8064  0.85383391    
      8088  0.85228461    
      8112  0.85073406    
      8136  0.84917140    
      8160  0.84758896    
      8184  0.84598076    
      8208  0.84434247    
      8232  0.84267032    
      8256  0.84096116    
      8280  0.83921218    
      8304  0.83742058    
      8328  0.83558410    
      8352  0.83370042    
      8376  0.83176720    
      8400  0.82978237    
      8424  0.82774359    
      8448  0.82564890    
      8472  0.82349634    
      8496  0.82128388    
      8520  0.81900954    
      8544  0.81667155    
      8568  0.81426799    
      8592  0.81179726    
      8616  0.80925763    
      8640  0.80664760    
      8664  0.80396569    
      8688  0.80121046    
      8712  0.79838067    
      8736  0.79547441    
