         1   106.00000    
       288   229.11540    
       576   246.85609    
       864   264.93405    
      1152   283.22275    
      1440   301.59598    
      1728   316.65765    
      2016   331.61053    
      2304   346.40869    
      2592   361.01495    
      2880   375.39886    
      3168   389.53830    
      3456   399.18079    
      3744   408.89490    
      4032   418.68143    
      4320   428.53497    
      4608   438.45132    
      4896   448.42477    
      5184   453.54187    
      5472   459.28339    
      5760   465.58096    
      6048   472.37155    
      6336   479.59903    
      6624   487.21051    
      6912   489.78702    
      7200   493.39526    
      7488   497.24063    
      7776   501.92758    
      8064   507.33676    
      8352   507.77951    
      8640   509.59109    
      8928   512.55560    
      9216   516.48584    
      9504   521.22424    
      9792   526.63702    
     10080   526.05017    
     10368   526.96967    
     10656   529.14111    
     10944   532.33838    
     11232   536.37457    
     11520   541.09210    
     11808   540.36456    
     12096   540.34106    
     12384   541.63025    
     12672   543.98242    
     12960   547.18469    
     13248   545.04303    
     13536   544.53925    
     13824   544.54529    
     14112   545.71509    
     14400   547.81000    
     14688   550.62726    
     14976   553.99921    
     15264   550.93079    
     15552   549.49518    
     15840   549.34290    
     16128   550.18414    
     16416   551.78815    
     16704   553.10455    
     16992   549.10950    
     17280   546.78406    
     17568   545.73743    
     17856   545.67023    
     18144   545.49768    
     18432   546.04053    
     18720   547.11456    
     19008   542.86230    
     19296   539.29968    
     19584   537.06793    
     19872   535.84399    
     20160   535.37366    
     20448   534.60474    
     20736   534.41187    
     21024   529.27307    
     21312   525.68365    
     21600   522.43542    
     21888   520.24011    
     22176   518.83301    
     22464   518.00830    
     22752   516.76947    
     23040   516.01556    
     23328   510.69971    
     23616   506.84781    
     23904   503.29483    
     24192   500.75479    
     24480   498.97339    
     24768   497.76053    
     25056   496.16495    
     25344   495.07104    
     25632   490.38251    
     25920   487.00592    
     26208   483.86014    
     26496   481.66098    
     26784   480.18951    
     27072   479.27661    
     27360   478.79724    
     27648   477.88400    
     27936   473.54510    
     28224   470.67239    
     28512   468.92886    
     28800   467.33264    
     29088   466.64502    
     29376   466.70444    
     29664   467.40005    
     29952   467.93448    
     30240   465.85709    
     30528   465.53604    
     30816   466.73071    
     31104   469.33066    
     31392   472.63901    
     31680   477.67270    
     31968   484.56790    
     32256   493.55725    
     32544   501.29947    
     32832   512.88818    
     33120   528.07758    
     33408   546.57092    
     33696   567.97107    
     33984   591.15594    
     34272   616.60120    
     34560   643.57562    
     34848   668.64117    
     35136   694.99048    
     35424   721.68347    
     35712   747.62933    
     36000   773.69012    
     36288   799.28589    
     36576   824.16693    
     36864   848.18195    
     37152   868.36987    
     37440   887.57703    
     37728   906.34381    
     38016   924.06384    
     38304   940.66595    
     38592   956.15131    
     38880   970.53040    
     39168   983.83484    
     39456   993.38159    
     39744   1001.9496    
     40032   1010.2923    
     40320   1017.8785    
     40608   1024.7423    
     40896   1030.9443    
     41184   1036.5398    
     41472   1041.5800    
     41760   1043.5850    
     42048   1045.6661    
     42336   1047.4724    
     42624   1049.0261    
     42912   1050.3746    
     43200   1051.0101    
     43488   1052.0258    
     43776   1052.9248    
     44064   1051.3755    
     44352   1050.1766    
     44640   1049.0276    
     44928   1047.9320    
     45216   1046.9049    
     45504   1045.9438    
     45792   1045.0461    
     46080   1044.2050    
     46368   1043.4197    
     46656   1042.6759    
     46944   1041.9711    
     47232   1039.1266    
     47520   1036.6772    
     47808   1034.3716    
     48096   1032.2014    
     48384   1030.1572    
     48672   1028.2378    
     48960   1026.4165    
     49248   1024.6907    
     49536   1023.0445    
     49824   1021.4554    
     50112   1019.9171    
     50400   1018.7779    
     50688   1017.3011    
     50976   1015.8364    
     51264   1014.3777    
     51552   1012.9140    
     51840   1011.4361    
     52128   1009.9362    
     52416   1008.4074    
     52704   1006.8436    
     52992   1005.2395    
     53280   1003.5913    
     53568   1001.8859    
     53856   1000.1309    
     54144   998.63501    
     54432   996.75610    
     54720   994.81604    
     55008   992.81213    
     55296   990.74713    
     55584   988.61060    
     55872   986.41504    
     56160   984.14233    
     56448   981.80310    
     56736   979.39081    
     57024   977.21533    
     57312   974.66101    
     57600   974.12909    
     57888   973.23773    
     58176   972.14203    
     58464   970.83203    
     58752   969.32202    
     59040   967.61005    
     59328   966.01624    
     59616   963.91388    
     59904   961.63855    
     60192   961.38513    
     60480   960.67456    
     60768   959.68097    
     61056   958.40942    
     61344   956.87018    
     61632   955.08392    
     61920   953.40314    
     62208   953.44666    
     62496   952.96295    
     62784   952.15491    
     63072   951.02832    
     63360   949.60492    
     63648   947.90112    
     63936   948.33240    
     64224   948.57977    
     64512   948.08466    
     64800   947.24194    
     65088   946.08673    
     65376   944.62793    
     65664   945.42529    
     65952   945.59833    
     66240   945.40308    
     66528   945.29596    
     66816   944.43079    
     67104   945.93469    
     67392   946.74664    
     67680   947.16296    
     67968   947.20404    
     68256   949.70465    
     68544   951.42090    
     68832   952.68854    
     69120   954.03369    
     69408   957.44000    
     69696   959.93500    
     69984   961.92163    
     70272   747.40417    
     70560   638.36829    
     70848   634.73596    
     71136   632.74298    
     71424   630.27130    
     71712   627.66162    
     72000   626.93213    
     72288   625.32220    
     72576   623.11292    
     72864   620.31317    
     73152   616.94043    
     73440   615.31213    
     73728   612.78076    
     74016   609.64062    
     74304   605.91168    
     74592   604.47461    
     74880   601.67340    
     75168   598.24457    
     75456   596.74286    
     75744   594.22089    
     76032   591.06317    
     76320   587.30231    
     76608   585.56415    
     76896   582.76031    
     77184   579.84357    
     77472   575.88885    
     77760   574.06525    
     78048   571.11951    
     78336   567.53845    
     78624   563.38721    
     78912   561.53735    
     79200   558.53387    
     79488   554.90094    
     79776   551.28839    
     80064   549.70508    
     80352   546.85608    
     80640   543.36066    
     80928   539.33813    
     81216   537.94116    
     81504   535.32452    
     81792   532.06628    
     82080   528.91022    
     82368   524.88684    
     82656   523.62860    
     82944   521.13013    
     83232   517.99127    
     83520   514.39618    
     83808   513.82373    
     84096   512.67908    
     84384   510.52298    
     84672   507.79208    
     84960   504.65521    
     85248   504.78134    
     85536   503.72736    
     85824   502.02554    
     86112   500.53329    
     86400   498.42114    
     86688   499.69870    
     86976   499.79892    
     87264   499.24167    
     87552   498.28003    
     87840   497.67419    
     88128   496.62378    
     88416   499.28876    
     88704   500.90457    
     88992   501.93997    
     89280   502.66031    
     89568   503.84561    
     89856   504.75925    
     90144   505.58551    
     90432   510.62247    
     90720   514.79919    
     91008   518.46368    
     91296   522.45984    
     91584   526.10834    
     91872   529.56104    
     92160   532.90594    
     92448   536.19104    
     92736   539.43628    
     93024   543.24194    
     93312   551.46838    
     93600   558.48010    
     93888   564.54944    
     94176   569.95337    
     94464   575.52289    
     94752   580.65826    
     95040   585.47620    
     95328   590.09320    
     95616   594.59119    
     95904   599.03192    
     96192   604.05731    
     96480   609.02979    
     96768   613.93787    
     97056   618.83691    
     97344   623.77014    
     97632   628.77106    
     97920   633.86713    
     98208   639.64929    
     98496   645.57745    
     98784   651.55151    
     99072   657.61340    
     99360   663.79846    
     99648   670.13293    
     99936   676.64227    
    100224   683.89764    
    100512   691.46997    
    100800   699.16699    
    101088   707.02527    
    101376   715.07727    
    101664   723.34979    
    101952   725.56281    
    102240   728.40930    
    102528   732.50366    
    102816   737.67419    
    103104   744.27289    
    103392   751.93182    
    103680   760.23309    
    103968   769.12701    
    104256   778.58057    
    104544   788.56708    
    104832   792.48389    
