         1   106.00000    
       288   211.39470    
       576   181.29755    
       864   162.26596    
      1152   149.45659    
      1440   140.50479    
      1728   132.64531    
      2016   126.96661    
      2304   122.85188    
      2592   119.90363    
      2880   117.85345    
      3168   116.51246    
      3456   114.48427    
      3744   113.16344    
      4032   112.41459    
      4320   112.07590    
      4608   111.85368    
      4896   111.74664    
      5184   111.47613    
      5472   110.78401    
      5760   109.71979    
      6048   107.77350    
      6336   105.50371    
      6624   103.36248    
      6912   101.34917    
      7200   99.462677    
      7488   97.701447    
      7776   96.063629    
      8064   94.546951    
      8352   93.148773    
      8640   91.866051    
      8928   90.695442    
      9216   89.633171    
      9504   88.675102    
      9792   87.816780    
     10080   87.053337    
     10368   86.379639    
     10656   85.790169    
     10944   85.279198    
     11232   84.840736    
     11520   84.468536    
     11808   84.156334    
     12096   83.897804    
     12384   83.686661    
     12672   83.516762    
     12960   83.382248    
     13248   105.89734    
     13536   111.89317    
     13824   112.74291    
     14112   115.90308    
     14400   121.74526    
     14688   124.19585    
     14976   125.27287    
     15264   124.65199    
     15552   124.37608    
     15840   124.37185    
     16128   124.58014    
     16416   124.95234    
     16704   125.25095    
     16992   124.32508    
     17280   123.78010    
     17568   123.52679    
     17856   123.49637    
     18144   123.44047    
     18432   123.54837    
     18720   123.77692    
     19008   122.78382    
     19296   121.94834    
     19584   121.41852    
     19872   121.11905    
     20160   120.99194    
     20448   120.79604    
     20736   120.73261    
     21024   119.53556    
     21312   118.69315    
     21600   117.92836    
     21888   117.40549    
     22176   117.06316    
     22464   116.85414    
     22752   116.55025    
     23040   116.35762    
     23328   115.11883    
     23616   114.21568    
     23904   113.38094    
     24192   112.77773    
     24480   112.35048    
     24768   112.05519    
     25056   111.67385    
     25344   111.40894    
     25632   110.32057    
     25920   109.53569    
     26208   108.80351    
     26496   108.28986    
     26784   107.94344    
     27072   107.72545    
     27360   107.60711    
     27648   107.38945    
     27936   106.38931    
     28224   105.72443    
     28512   105.31774    
     28800   104.94505    
     29088   104.77965    
     29376   104.78358    
     29664   104.93274    
     29952   105.04411    
     30240   104.56093    
     30528   104.47784    
     30816   104.74035    
     31104   105.32291    
     31392   106.06645    
     31680   107.20283    
     31968   108.76360    
     32256   110.80181    
     32544   112.55856    
     32832   115.19030    
     33120   118.63868    
     33408   122.83485    
     33696   127.68517    
     33984   132.93649    
     34272   138.69081    
     34560   144.78493    
     34848   150.44179    
     35136   156.37941    
     35424   162.38519    
     35712   168.21184    
     36000   174.05585    
     36288   179.78629    
     36576   185.34952    
     36864   190.71048    
     37152   195.20480    
     37440   199.47113    
     37728   203.63487    
     38016   207.55986    
     38304   211.23068    
     38592   214.64647    
     38880   217.81306    
     39168   220.73657    
     39456   222.81651    
     39744   224.67624    
     40032   226.48389    
     40320   228.12193    
     40608   229.59756    
     40896   230.92340    
     41184   232.11179    
     41472   233.17482    
     41760   233.55806    
     42048   233.96115    
     42336   234.29938    
     42624   234.57976    
     42912   234.81128    
     43200   234.88036    
     43488   235.03458    
     43776   235.16187    
     44064   234.74156    
     44352   234.39951    
     44640   234.06491    
     44928   233.74130    
     45216   233.42795    
     45504   233.12732    
     45792   232.83885    
     46080   232.56166    
     46368   232.29350    
     46656   232.03308    
     46944   231.77823    
     47232   231.04755    
     47520   230.40100    
     47808   229.78281    
     48096   229.19324    
     48384   228.62865    
     48672   228.08670    
     48960   227.56485    
     49248   227.06023    
     49536   226.56993    
     49824   226.09088    
     50112   225.61897    
     50400   225.23273    
     50688   224.76697    
     50976   224.30035    
     51264   223.83171    
     51552   223.35736    
     51840   222.87584    
     52128   222.38576    
     52416   221.88387    
     52704   221.36961    
     52992   220.84192    
     53280   220.29878    
     53568   219.73969    
     53856   219.16264    
     54144   218.63959    
     54432   218.02518    
     54720   217.39108    
     55008   216.73805    
     55296   216.06277    
     55584   215.36707    
     55872   214.64938    
     56160   213.90979    
     56448   213.14706    
     56736   212.36070    
     57024   211.61804    
     57312   210.78302    
     57600   210.37474    
     57888   209.87828    
     58176   209.32741    
     58464   208.72104    
     58752   208.05919    
     59040   207.34262    
     59328   206.64157    
     59616   205.81758    
     59904   204.94150    
     60192   204.48123    
     60480   203.90778    
     60768   203.25790    
     61056   202.53323    
     61344   201.73436    
     61632   200.86467    
     61920   200.00087    
     62208   199.47510    
     62496   198.81598    
     62784   198.06569    
     63072   197.22748    
     63360   196.30309    
     63648   195.29492    
     63936   194.69823    
     64224   194.03748    
     64512   193.19162    
     64800   192.24535    
     65088   191.20328    
     65376   190.06789    
     65664   189.35107    
     65952   188.47124    
     66240   187.48071    
     66528   186.47601    
     66816   185.27798    
     67104   184.50580    
     67392   183.55138    
     67680   182.47812    
     67968   181.29184    
     68256   180.53238    
     68544   179.57434    
     68832   178.48540    
     69120   177.37419    
     69408   176.59882    
     69696   175.60310    
     69984   174.46754    
     70272   178.34468    
     70560   192.74342    
     70848   208.04233    
     71136   218.37204    
     71424   225.01219    
     71712   229.10591    
     72000   232.18019    
     72288   233.77245    
     72576   234.33269    
     72864   234.11290    
     73152   233.28816    
     73440   232.82570    
     73728   231.85535    
     74016   230.53793    
     74304   228.91577    
     74592   228.04781    
     74880   226.64424    
     75168   224.98758    
     75456   224.00548    
     75744   222.64499    
     76032   221.04758    
     76320   219.22249    
     76608   218.11195    
     76896   216.61314    
     77184   215.06404    
     77472   213.12860    
     77760   211.94751    
     78048   210.36224    
     78336   208.55309    
     78624   206.53563    
     78912   205.32483    
     79200   203.69778    
     79488   201.84851    
     79776   199.99869    
     80064   198.84035    
     80352   197.22821    
     80640   195.39215    
     80928   193.36993    
     81216   192.25401    
     81504   190.70140    
     81792   188.92708    
     82080   187.18410    
     82368   185.12241    
     82656   183.99979    
     82944   182.43567    
     83232   180.65280    
     83520   178.71454    
     83808   177.79671    
     84096   176.67085    
     84384   175.19107    
     84672   173.51805    
     84960   171.70857    
     85248   170.98540    
     85536   169.85347    
     85824   168.50900    
     86112   167.24129    
     86400   165.76175    
     86688   165.39034    
     86976   164.62070    
     87264   163.64178    
     87552   162.54210    
     87840   161.57242    
     88128   160.46097    
     88416   160.54369    
     88704   160.28537    
     88992   159.85286    
     89280   159.33841    
     89568   158.99553    
     89856   158.58374    
     90144   158.16777    
     90432   159.09152    
     90720   159.76221    
     91008   160.30124    
     91296   160.97926    
     91584   161.58318    
     91872   162.16302    
     92160   162.74780    
     92448   163.35097    
     92736   163.97897    
     93024   164.80508    
     93312   167.01021    
     93600   168.86580    
     93888   170.44810    
     94176   171.84343    
     94464   173.29066    
     94752   174.63594    
     95040   175.89970    
     95328   177.11685    
     95616   178.31215    
     95904   179.50278    
     96192   180.84698    
     96480   182.21881    
     96768   183.57883    
     97056   184.94263    
     97344   186.32152    
     97632   187.72444    
     97920   189.15773    
     98208   190.73323    
     98496   192.41045    
     98784   194.09975    
     99072   195.80812    
     99360   197.54366    
     99648   199.31271    
     99936   201.12012    
    100224   203.03958    
    100512   205.10269    
    100800   207.20284    
    101088   209.32974    
    101376   211.48622    
    101664   213.67671    
    101952   215.07161    
    102240   215.97557    
    102528   216.91188    
    102816   218.01155    
    103104   219.31967    
    103392   220.86952    
    103680   222.58163    
    103968   224.41058    
    104256   226.32639    
    104544   228.30730    
    104832   230.00131    
