         1   106.00000    
       288   193.17403    
       576   167.84245    
       864   151.14822    
      1152   139.54530    
      1440   131.20303    
      1728   123.83004    
      2016   118.38654    
      2304   114.34133    
      2592   111.34538    
      2880   109.15929    
      3168   107.61292    
      3456   105.53802    
      3744   104.08605    
      4032   103.13650    
      4320   102.59832    
      4608   102.40158    
      4896   102.49106    
      5184   101.82120    
      5472   101.52242    
      5760   101.53278    
      6048   101.80267    
      6336   102.29164    
      6624   102.96637    
      6912   102.78815    
      7200   102.90395    
      7488   103.14359    
      7776   103.60590    
      8064   104.25681    
      8352   104.04778    
      8640   104.13500    
      8928   104.46941    
      9216   105.00893    
      9504   105.71847    
      9792   106.56826    
     10080   106.36059    
     10368   106.43900    
     10656   106.75520    
     10944   107.26559    
     11232   107.93365    
     11520   108.72912    
     11808   108.56633    
     12096   108.53387    
     12384   108.73779    
     12672   109.13365    
     12960   109.68238    
     13248   109.29214    
     13536   109.19090    
     13824   109.18280    
     14112   109.38092    
     14400   109.74342    
     14688   110.23374    
     14976   110.82159    
     15264   110.27819    
     15552   110.02233    
     15840   109.99242    
     16128   110.13768    
     16416   110.41705    
     16704   110.64620    
     16992   109.94244    
     17280   109.53097    
     17568   109.34461    
     17856   109.33048    
     18144   109.29791    
     18432   109.39113    
     18720   109.57767    
     19008   108.82650    
     19296   108.19528    
     19584   107.79839    
     19872   107.57891    
     20160   107.49227    
     20448   107.35258    
     20736   107.31464    
     21024   106.40095    
     21312   105.75964    
     21600   105.17738    
     21888   104.78169    
     22176   104.52570    
     22464   104.37288    
     22752   104.14609    
     23040   104.00531    
     23328   103.04966    
     23616   102.35357    
     23904   101.70956    
     24192   101.24541    
     24480   100.91714    
     24768   100.69035    
     25056   100.39452    
     25344   100.18833    
     25632   99.333290    
     25920   98.714195    
     26208   98.134415    
     26496   97.725311    
     26784   97.447067    
     27072   97.269417    
     27360   97.169960    
     27648   96.991402    
     27936   96.190956    
     28224   95.654388    
     28512   95.321869    
     28800   95.015900    
     29088   94.874458    
     29376   94.867592    
     29664   94.976364    
     29952   95.054939    
     30240   94.658012    
     30528   94.579147    
     30816   94.775452    
     31104   95.226189    
     31392   95.803955    
     31680   96.691803    
     31968   97.912529    
     32256   99.504631    
     32544   100.86543    
     32832   102.90399    
     33120   105.56490    
     33408   108.78275    
     33696   112.47193    
     33984   116.42699    
     34272   120.71424    
     34560   125.20033    
     34848   129.31027    
     35136   133.57283    
     35424   137.82857    
     35712   141.90126    
     36000   145.93198    
     36288   149.83023    
     36576   153.56285    
     36864   157.11040    
     37152   160.04660    
     37440   162.80177    
     37728   165.46109    
     38016   167.93999    
     38304   170.23323    
     38592   172.34447    
     38880   174.28223    
     39168   176.05388    
     39456   177.30511    
     39744   178.41663    
     40032   179.48914    
     40320   180.45456    
     40608   181.31848    
     40896   182.08939    
     41184   182.77556    
     41472   183.38509    
     41760   183.60072    
     42048   183.82626    
     42336   184.01257    
     42624   184.16443    
     42912   184.28664    
     43200   184.31631    
     43488   184.39227    
     43776   184.45192    
     44064   184.19864    
     44352   183.98849    
     44640   183.78154    
     44928   183.58035    
     45216   183.38367    
     45504   183.19356    
     45792   183.00980    
     46080   182.83202    
     46368   182.65845    
     46656   182.48883    
     46944   182.32155    
     47232   181.88058    
     47520   181.48569    
     47808   181.10602    
     48096   180.74228    
     48384   180.39204    
     48672   180.05351    
     48960   179.72600    
     49248   179.40738    
     49536   179.09612    
     49824   178.79088    
     50112   178.48865    
     50400   178.23401    
     50688   177.93330    
     50976   177.63104    
     51264   177.32660    
     51552   177.01755    
     51840   176.70309    
     52128   176.38249    
     52416   176.05344    
     52704   175.71576    
     52992   175.36880    
     53280   175.01111    
     53568   174.64291    
     53856   174.26210    
     54144   173.91077    
     54432   173.50478    
     54720   173.08528    
     55008   172.65294    
     55296   172.20488    
     55584   171.74304    
     55872   171.26547    
     56160   170.77309    
     56448   170.26433    
     56736   169.73897    
     57024   169.23610    
     57312   168.67622    
     57600   168.37024    
     57888   168.00914    
     58176   167.61253    
     58464   167.17992    
     58752   166.71063    
     59040   166.20526    
     59328   165.70508    
     59616   165.12834    
     59904   164.51604    
     60192   164.15204    
     60480   163.71619    
     60768   163.22997    
     61056   162.69435    
     61344   162.10930    
     61632   161.47650    
     61920   160.84164    
     62208   160.40848    
     62496   159.88959    
     62784   159.30963    
     63072   158.67093    
     63360   157.97386    
     63648   157.21954    
     63936   156.70966    
     64224   156.15398    
     64512   155.47958    
     64800   154.73723    
     65088   153.92902    
     65376   153.05646    
     65664   152.43126    
     65952   151.69926    
     66240   150.89160    
     66528   150.06664    
     66816   149.11595    
     67104   148.41586    
     67392   147.59589    
     67680   146.69470    
     67968   145.71619    
     68256   144.98686    
     68544   144.12808    
     68832   143.18068    
     69120   142.21059    
     69408   141.43408    
     69696   140.51590    
     69984   139.50453    
     70272   151.56512    
     70560   168.35880    
     70848   181.99704    
     71136   191.26750    
     71424   197.34134    
     71712   201.19081    
     72000   204.07010    
     72288   205.67247    
     72576   206.38065    
     72864   206.41428    
     73152   205.92572    
     73440   205.68246    
     73728   205.01349    
     74016   204.05058    
     74304   202.83022    
     74592   202.18776    
     74880   201.10956    
     75168   199.82159    
     75456   199.05737    
     75744   197.98586    
     76032   196.72005    
     76320   195.26686    
     76608   194.37451    
     76896   193.16776    
     77184   191.91565    
     77472   190.34959    
     77760   189.38069    
     78048   188.08479    
     78336   186.60675    
     78624   184.95792    
     78912   183.95158    
     79200   182.60750    
     79488   181.08208    
     79776   179.55264    
     80064   178.57516    
     80352   177.22847    
     80640   175.69908    
     80928   174.01659    
     81216   173.06396    
     81504   171.75441    
     81792   170.26332    
     82080   168.79523    
     82368   167.06422    
     82656   166.09329    
     82944   164.75961    
     83232   163.24605    
     83520   161.60391    
     83808   160.79167    
     84096   159.80649    
     84384   158.52972    
     84672   157.09377    
     84960   155.54474    
     85248   154.88206    
     85536   153.88196    
     85824   152.70721    
     86112   151.59512    
     86400   150.30806    
     86688   149.92595    
     86976   149.21533    
     87264   148.33340    
     87552   147.35339    
     87840   146.48076    
     88128   145.49229    
     88416   145.47774    
     88704   145.18301    
     88992   144.74696    
     89280   144.24594    
     89568   143.88704    
     89856   143.47401    
     90144   143.06035    
     90432   143.73195    
     90720   144.19746    
     91008   144.55760    
     91296   145.03252    
     91584   145.44885    
     91872   145.84816    
     92160   146.25385    
     92448   146.67651    
     92736   147.12091    
     93024   147.72737    
     93312   149.41975    
     93600   150.82240    
     93888   152.00473    
     94176   153.03716    
     94464   154.11786    
     94752   155.10678    
     95040   156.03044    
     95328   156.91626    
     95616   157.78378    
     95904   158.64627    
     96192   159.64781    
     96480   160.64703    
     96768   161.63557    
     97056   162.62605    
     97344   163.62744    
     97632   164.64735    
     97920   165.69104    
     98208   166.88382    
     98496   168.11789    
     98784   169.36078    
     99072   170.62173    
     99360   171.90785    
     99648   173.22513    
     99936   174.57817    
    100224   176.07968    
    100512   177.65823    
    100800   179.25755    
    101088   180.88515    
    101376   182.54723    
    101664   184.24918    
    101952   184.73006    
    102240   185.25754    
    102528   186.05254    
    102816   187.07974    
    103104   188.39388    
    103392   189.94385    
    103680   191.62440    
    103968   193.42006    
    104256   195.32164    
    104544   197.32103    
    104832   198.21909    
