         1   106.00000    
        24   209.54021    
        48   189.03015    
        72   174.92491    
        96   165.09001    
       120   158.17314    
       144   153.30685    
       168   149.92354    
       192   147.64146    
       216   146.19600    
       240   145.39792    
       264   145.10825    
       288   145.22203    
       312   145.65842    
       336   146.35365    
       360   147.25650    
       384   148.32527    
       408   149.52545    
       432   150.82799    
       456   152.20825    
       480   153.64502    
       504   155.11980    
       528   156.61626    
       552   158.12010    
       576   159.61830    
       600   161.09915    
       624   162.55200    
       648   163.96704    
       672   165.33519    
       696   166.64822    
       720   167.89839    
       744   169.07854    
       768   170.18228    
       792   171.20367    
       816   172.13742    
       840   172.97891    
       864   173.72427    
       888   174.37038    
       912   174.91757    
       936   175.36455    
       960   175.71152    
       984   175.95854    
      1008   176.10651    
      1032   176.15756    
      1056   163.26431    
      1080   149.97276    
      1104   140.39430    
      1128   133.55473    
      1152   128.63290    
      1176   125.09160    
      1200   122.57198    
      1224   120.13712    
      1248   117.35282    
      1272   115.28966    
      1296   113.86253    
      1320   112.93003    
      1344   112.37904    
      1368   112.12228    
      1392   112.09163    
      1416   112.23317    
      1440   112.50373    
      1464   112.86847    
      1488   113.29917    
      1512   113.77294    
      1536   114.27130    
      1560   114.77948    
      1584   115.28576    
      1608   115.78098    
      1632   116.25838    
      1656   116.71314    
      1680   117.14214    
      1704   117.54382    
      1728   117.91799    
      1752   118.26579    
      1776   118.58949    
      1800   118.89243    
      1824   119.17909    
      1848   119.45499    
      1872   119.72672    
      1896   120.00192    
      1920   120.28947    
      1944   120.59939    
      1968   120.94310    
      1992   121.33334    
      2016   121.78449    
      2040   122.31245    
      2064   122.93488    
      2088   123.67110    
      2112   124.54230    
      2136   125.57112    
      2160   126.78143    
      2184   128.19778    
      2208   129.84442    
      2232   131.74426    
      2256   133.91737    
      2280   136.37941    
      2304   139.14030    
      2328   142.20277    
      2352   145.56242    
      2376   149.20747    
      2400   153.12018    
      2424   157.27829    
      2448   160.08669    
      2472   163.18912    
      2496   167.29962    
      2520   171.91151    
      2544   176.76476    
      2568   181.74376    
      2592   186.79498    
      2616   191.88771    
      2640   196.99892    
      2664   202.10727    
      2688   207.19133    
      2712   212.22948    
      2736   217.19998    
      2760   222.08131    
      2784   226.85263    
      2808   231.49413    
      2832   235.98744    
      2856   240.31596    
      2880   244.46518    
      2904   248.42276    
      2928   252.17892    
      2952   255.72629    
      2976   259.06006    
      3000   262.17773    
      3024   265.07932    
      3048   267.76675    
      3072   270.24402    
      3096   272.51685    
      3120   274.59219    
      3144   276.47836    
      3168   270.78409    
      3192   265.81592    
      3216   261.33130    
      3240   257.20612    
      3264   253.43300    
      3288   250.00900    
      3312   246.92632    
      3336   244.17264    
      3360   241.73228    
      3384   239.58714    
      3408   237.71753    
      3432   236.10272    
      3456   234.72169    
      3480   233.55336    
      3504   232.57700    
      3528   231.77254    
      3552   231.12074    
      3576   230.60332    
      3600   230.20311    
      3624   229.90408    
      3648   229.69135    
      3672   229.55130    
      3696   229.47147    
      3720   229.44057    
      3744   229.44847    
      3768   229.48602    
      3792   229.54526    
      3816   229.61893    
      3840   229.70091    
      3864   229.78584    
      3888   229.86899    
      3912   229.94647    
      3936   230.01492    
      3960   230.07149    
      3984   230.11397    
      4008   230.14037    
      4032   230.14919    
      4056   230.13922    
      4080   230.10956    
      4104   230.05945    
      4128   229.98842    
      4152   229.89607    
      4176   229.78220    
      4200   229.64668    
      4224   229.48943    
      4248   229.31049    
      4272   229.10982    
      4296   228.88756    
      4320   228.64371    
      4344   228.37839    
      4368   228.09164    
      4392   227.78351    
      4416   227.45407    
      4440   227.10327    
      4464   226.73114    
      4488   226.33763    
      4512   225.92268    
      4536   225.48616    
      4560   225.02792    
      4584   224.54787    
      4608   224.04582    
      4632   223.52151    
      4656   222.97469    
      4680   222.40509    
      4704   221.81244    
      4728   221.19640    
      4752   220.55652    
      4776   219.89258    
      4800   219.20412    
      4824   218.49063    
      4848   217.75182    
      4872   216.98708    
      4896   216.19603    
      4920   215.37811    
      4944   214.53287    
      4968   213.65970    
      4992   212.75813    
      5016   211.82764    
      5040   210.86757    
      5064   209.87746    
      5088   208.85664    
      5112   207.80460    
      5136   206.72081    
      5160   205.60461    
      5184   204.45543    
      5208   203.27281    
      5232   202.05614    
      5256   200.80490    
      5280   199.51865    
      5304   198.19684    
      5328   196.83904    
      5352   195.44482    
      5376   194.01384    
      5400   192.54581    
      5424   200.52972    
      5448   223.39368    
      5472   250.54367    
      5496   271.25043    
      5520   287.26736    
      5544   299.72107    
      5568   309.40799    
      5592   316.92062    
      5616   322.70575    
      5640   327.10278    
      5664   330.37143    
      5688   332.71234    
      5712   334.28146    
      5736   335.20209    
      5760   335.57266    
      5784   335.47287    
      5808   334.96774    
      5832   334.11093    
      5856   332.94708    
      5880   331.51370    
      5904   333.57382    
      5928   332.02911    
      5952   330.25281    
      5976   328.29340    
      6000   326.15741    
      6024   323.85303    
      6048   321.38916    
      6072   318.77521    
      6096   316.02020    
      6120   313.13293    
      6144   310.12158    
      6168   306.99350    
      6192   303.75568    
      6216   300.41443    
      6240   296.97546    
      6264   293.44391    
      6288   289.82449    
      6312   286.12158    
      6336   282.33914    
      6360   278.48090    
      6384   274.55051    
      6408   270.55133    
      6432   266.48676    
      6456   262.35989    
      6480   258.17426    
      6504   253.93314    
      6528   249.64005    
      6552   245.29854    
      6576   240.91252    
      6600   236.48598    
      6624   246.94968    
      6648   254.85156    
      6672   261.82764    
      6696   268.41254    
      6720   274.51675    
      6744   280.03543    
      6768   284.90341    
      6792   289.08838    
      6816   292.58173    
      6840   295.39160    
      6864   297.53830    
      6888   299.05032    
      6912   299.96149    
      6936   300.30899    
      6960   300.13187    
      6984   299.46954    
      7008   298.36102    
      7032   296.84409    
      7056   294.95526    
      7080   292.72922    
      7104   290.19867    
      7128   287.39417    
      7152   284.34439    
      7176   281.07590    
      7200   277.61368    
      7224   273.98077    
      7248   270.19879    
      7272   266.28799    
      7296   262.26761    
      7320   258.15585    
      7344   253.97021    
      7368   249.72784    
      7392   245.44543    
      7416   241.13972    
      7440   236.82735    
      7464   232.52512    
      7488   228.25046    
      7512   224.02084    
      7536   219.85454    
      7560   215.77025    
      7584   211.78723    
      7608   207.92551    
      7632   204.20572    
      7656   200.64922    
      7680   197.27811    
      7704   194.11536    
      7728   191.18492    
      7752   188.51151    
      7776   186.12070    
      7800   184.03856    
      7824   182.29041    
      7848   180.89856    
      7872   179.87898    
      7896   179.23561    
      7920   178.95523    
      7944   179.56316    
      7968   181.49199    
      7992   183.45409    
      8016   185.26826    
      8040   186.95973    
      8064   188.57648    
      8088   190.15628    
      8112   191.72469    
      8136   193.29832    
      8160   194.88791    
      8184   196.50027    
      8208   198.13997    
      8232   199.80980    
      8256   201.51158    
      8280   203.24658    
      8304   205.01538    
      8328   206.81848    
      8352   208.65601    
      8376   210.52798    
      8400   212.43430    
      8424   214.37471    
      8448   216.34897    
      8472   218.35674    
      8496   220.39761    
      8520   222.47116    
      8544   224.57695    
      8568   226.71458    
      8592   228.88368    
      8616   231.08380    
      8640   233.31470    
      8664   235.57602    
      8688   237.86765    
      8712   240.18959    
      8736   242.54187    
