         1   16.000000    
       288   11.288531    
       576   8.9569349    
       864   7.4512501    
      1152   6.4080582    
      1440   5.6498489    
      1728   5.0795598    
      2016   4.6446800    
      2304   4.3060260    
      2592   4.0383945    
      2880   3.8249147    
      3168   3.6539168    
      3456   3.5260093    
      3744   3.4385686    
      4032   3.4001551    
      4320   3.4408796    
      4608   3.5608528    
      4896   3.6873238    
      5184   3.8377724    
      5472   4.1155162    
      5760   4.6994543    
      6048   5.7273374    
      6336   6.8925028    
      6624   7.9916711    
      6912   9.0251799    
      7200   9.9935970    
      7488   10.897690    
      7776   11.738435    
      8064   12.516989    
      8352   13.234717    
      8640   13.893172    
      8928   14.494095    
      9216   15.039403    
      9504   15.531222    
      9792   15.971833    
     10080   16.363728    
     10368   16.709555    
     10656   17.012133    
     10944   17.274418    
     11232   17.499504    
     11520   17.690561    
     11808   17.850822    
     12096   17.983543    
     12384   18.091934    
     12672   18.179152    
     12960   18.248207    
     13248   9.8619699    
     13536   7.3650751    
     13824   6.9604111    
     14112   5.7842064    
     14400   3.6193361    
     14688   2.8766642    
     14976   2.7847912    
     15264   2.7604630    
     15552   2.7435241    
     15840   2.7311440    
     16128   2.7218199    
     16416   2.7146246    
     16704   2.7088888    
     16992   2.7049258    
     17280   2.7015059    
     17568   2.6985688    
     17856   2.6960335    
     18144   2.6937814    
     18432   2.6918364    
     18720   2.6901467    
     19008   2.6885951    
     19296   2.6871819    
     19584   2.6859550    
     19872   2.6848691    
     20160   2.6839020    
     20448   2.6829846    
     20736   2.6821666    
     21024   2.6812427    
     21312   2.6804349    
     21600   2.6796720    
     21888   2.6790040    
     22176   2.6784043    
     22464   2.6778548    
     22752   2.6773083    
     23040   2.6768031    
     23328   2.6761265    
     23616   2.6755404    
     23904   2.6749830    
     24192   2.6744685    
     24480   2.6740234    
     24768   2.6736207    
     25056   2.6732213    
     25344   2.6728570    
     25632   2.6723320    
     25920   2.6719162    
     26208   2.6714933    
     26496   2.6711390    
     26784   2.6708210    
     27072   2.6705351    
     27360   2.6702766    
     27648   2.6700017    
     27936   2.6695940    
     28224   2.6692514    
     28512   2.6689701    
     28800   2.6687255    
     29088   2.6685393    
     29376   2.6683905    
     29664   2.6683152    
     29952   2.6682627    
     30240   2.6681464    
     30528   2.6681714    
     30816   2.6683650    
     31104   2.6687369    
     31392   2.6692705    
     31680   2.6700549    
     31968   2.6711524    
     32256   2.6726282    
     32544   2.6742942    
     32832   2.6765597    
     33120   2.6794472    
     33408   2.6829884    
     33696   2.6871476    
     33984   2.6918917    
     34272   2.6971800    
     34560   2.7029891    
     34848   2.7089694    
     35136   2.7153282    
     35424   2.7218971    
     35712   2.7284596    
     36000   2.7350795    
     36288   2.7416046    
     36576   2.7479661    
     36864   2.7540591    
     37152   2.7595167    
     37440   2.7646077    
     37728   2.7694111    
     38016   2.7738171    
     38304   2.7778029    
     38592   2.7813423    
     38880   2.7844777    
     39168   2.7872021    
     39456   2.7892151    
     39744   2.7909052    
     40032   2.7923605    
     40320   2.7935460    
     40608   2.7944756    
     40896   2.7951612    
     41184   2.7956243    
     41472   2.7958927    
     41760   2.7956820    
     42048   2.7954545    
     42336   2.7951076    
     42624   2.7946770    
     42912   2.7941556    
     43200   2.7935004    
     43488   2.7928700    
     43776   2.7921991    
     44064   2.7911968    
     44352   2.7902565    
     44640   2.7893014    
     44928   2.7883611    
     45216   2.7873914    
     45504   2.7864223    
     45792   2.7854550    
     46080   2.7844932    
     46368   2.7835102    
     46656   2.7825251    
     46944   2.7815177    
     47232   2.7802432    
     47520   2.7790082    
     47808   2.7777808    
     48096   2.7765820    
     48384   2.7753885    
     48672   2.7741714    
     48960   2.7729642    
     49248   2.7717371    
     49536   2.7704911    
     49824   2.7692459    
     50112   2.7679639    
     50400   2.7666955    
     50688   2.7653313    
     50976   2.7639282    
     51264   2.7624862    
     51552   2.7609878    
     51840   2.7594376    
     52128   2.7578375    
     52416   2.7561648    
     52704   2.7544286    
     52992   2.7526276    
     53280   2.7507472    
     53568   2.7488148    
     53856   2.7467849    
     54144   2.7447417    
     54432   2.7425542    
     54720   2.7402773    
     55008   2.7379272    
     55296   2.7354553    
     55584   2.7329092    
     55872   2.7302372    
     56160   2.7274857    
     56448   2.7246120    
     56736   2.7216251    
     57024   2.7185588    
     57312   2.7153065    
     57600   2.7121964    
     57888   2.7088697    
     58176   2.7053528    
     58464   2.7016585    
     58752   2.6977515    
     59040   2.6936469    
     59328   2.6894014    
     59616   2.6848865    
     59904   2.6801333    
     60192   2.6754560    
     60480   2.6704700    
     60768   2.6651962    
     61056   2.6596432    
     61344   2.6537921    
     61632   2.6476340    
     61920   2.6412411    
     62208   2.6347654    
     62496   2.6278739    
     62784   2.6205902    
     63072   2.6129405    
     63360   2.6048903    
     63648   2.5964267    
     63936   2.5878668    
     64224   2.5788860    
     64512   2.5693290    
     64800   2.5592957    
     65088   2.5487537    
     65376   2.5377085    
     65664   2.5264864    
     65952   2.5146408    
     66240   2.5022163    
     66528   2.4893444    
     66816   2.4757578    
     67104   2.4619627    
     67392   2.4474289    
     67680   2.4322624    
     67968   2.4164820    
     68256   2.4004526    
     68544   2.3836725    
     68832   2.3662269    
     69120   2.3483067    
     69408   2.3300691    
     69696   2.3110752    
     69984   2.2914410    
     70272   2.9754665    
     70560   3.7417467    
     70848   4.0738778    
     71136   4.3038836    
     71424   4.4666963    
     71712   4.5816274    
     72000   4.6636109    
     72288   4.7218843    
     72576   4.7633820    
     72864   4.7929049    
     73152   4.8137164    
     73440   4.8284817    
     73728   4.8385005    
     74016   4.8450332    
     74304   4.8488331    
     74592   4.8507042    
     74880   4.8504686    
     75168   4.8488784    
     75456   4.8464789    
     75744   4.8429003    
     76032   4.8384647    
     76320   4.8332005    
     76608   4.8275909    
     76896   4.8210421    
     77184   4.8139572    
     77472   4.8058743    
     77760   4.7977767    
     78048   4.7888556    
     78336   4.7795634    
     78624   4.7697940    
     78912   4.7601290    
     79200   4.7495728    
     79488   4.7386374    
     79776   4.7274771    
     80064   4.7159905    
     80352   4.7034974    
     80640   4.6906734    
     80928   4.6774964    
     81216   4.6646566    
     81504   4.6507201    
     81792   4.6363897    
     82080   4.6219597    
     82368   4.6064935    
     82656   4.5913501    
     82944   4.5749283    
     83232   4.5580449    
     83520   4.5408125    
     83808   4.5241690    
     84096   4.5066113    
     84384   4.4879680    
     84672   4.4688659    
     84960   4.4493966    
     85248   4.4307251    
     85536   4.4106994    
     85824   4.3901968    
     86112   4.3698983    
     86400   4.3488545    
     86688   4.3286796    
     86976   4.3072090    
     87264   4.2853384    
     87552   4.2634029    
     87840   4.2420130    
     88128   4.2202659    
     88416   4.1997876    
     88704   4.1783628    
     88992   4.1568112    
     89280   4.1355352    
     89568   4.1152205    
     89856   4.0951681    
     90144   4.0756845    
     90432   4.0582833    
     90720   4.0407200    
     91008   4.0236173    
     91296   4.0077648    
     91584   3.9926138    
     91872   3.9783719    
     92160   3.9651327    
     92448   3.9528887    
     92736   3.9416442    
     93024   3.9315960    
     93312   3.9233372    
     93600   3.9146624    
     93888   3.9058754    
     94176   3.8972383    
     94464   3.8892317    
     94752   3.8814960    
     95040   3.8740921    
     95328   3.8670659    
     95616   3.8604469    
     95904   3.8542202    
     96192   3.8486123    
     96480   3.8433325    
     96768   3.8383000    
     97056   3.8335247    
     97344   3.8289971    
     97632   3.8247259    
     97920   3.8206911    
     98208   3.8170426    
     98496   3.8136773    
     98784   3.8104432    
     99072   3.8073502    
     99360   3.8043988    
     99648   3.8015952    
     99936   3.7989399    
    100224   3.7965138    
    100512   3.7943318    
    100800   3.7922304    
    101088   3.7902038    
    101376   3.7882395    
    101664   3.7863386    
    101952   3.7845244    
    102240   3.7832074    
    102528   3.7824211    
    102816   3.7821052    
    103104   3.7822218    
    103392   3.7827468    
    103680   3.7835445    
    103968   3.7845321    
    104256   3.7856514    
    104544   3.7868495    
    104832   3.7883375    
