         1   16.000000    
        24   12.548112    
        48   10.051221    
        72   8.3099937    
        96   7.0570722    
       120   6.1315756    
       144   5.4327502    
       168   4.8955388    
       192   4.4766240    
       216   4.1462512    
       240   3.8833818    
       264   3.6727545    
       288   3.5030434    
       312   3.3656852    
       336   3.2540987    
       360   3.1631584    
       384   3.0888321    
       408   3.0279155    
       432   2.9778459    
       456   2.9365668    
       480   2.9024193    
       504   2.8740628    
       528   2.8504102    
       552   2.8305867    
       576   2.8138795    
       600   2.7997167    
       624   2.7876360    
       648   2.7772665    
       672   2.7683098    
       696   2.7605307    
       720   2.7537420    
       744   2.7477922    
       768   2.7425678    
       792   2.7379777    
       816   2.7339494    
       840   2.7304280    
       864   2.7273705    
       888   2.7247448    
       912   2.7225220    
       936   2.7206790    
       960   2.7191978    
       984   2.7180610    
      1008   2.7172508    
      1032   2.7167499    
      1056   2.7542062    
      1080   2.7906251    
      1104   2.8166416    
      1128   2.8351314    
      1152   2.8483791    
      1176   2.8578670    
      1200   2.8645756    
      1224   2.8710523    
      1248   2.8783119    
      1272   2.8837698    
      1296   2.8875260    
      1320   2.8899305    
      1344   2.8912838    
      1368   2.8918211    
      1392   2.8917284    
      1416   2.8911512    
      1440   2.8902087    
      1464   2.8889945    
      1488   2.8875873    
      1512   2.8860488    
      1536   2.8844295    
      1560   2.8827708    
      1584   2.8811064    
      1608   2.8794603    
      1632   2.8778520    
      1656   2.8762937    
      1680   2.8747952    
      1704   2.8733602    
      1728   2.8719881    
      1752   2.8706765    
      1776   2.8694184    
      1800   2.8682044    
      1824   2.8670223    
      1848   2.8658562    
      1872   2.8646877    
      1896   2.8634942    
      1920   2.8622513    
      1944   2.8609307    
      1968   2.8595016    
      1992   2.8579271    
      2016   2.8561690    
      2040   2.8541842    
      2064   2.8519228    
      2088   2.8493314    
      2112   2.8463511    
      2136   2.8429213    
      2160   2.8389754    
      2184   2.8344457    
      2208   2.8292637    
      2232   2.8233662    
      2256   2.8166947    
      2280   2.8092020    
      2304   2.8008590    
      2328   2.7916503    
      2352   2.7815862    
      2376   2.7706935    
      2400   2.7590153    
      2424   2.7466109    
      2448   2.7372894    
      2472   2.7277684    
      2496   2.7155406    
      2520   2.7017899    
      2544   2.6872692    
      2568   2.6723294    
      2592   2.6571343    
      2616   2.6417732    
      2640   2.6263132    
      2664   2.6108170    
      2688   2.5953465    
      2712   2.5799651    
      2736   2.5647383    
      2760   2.5497305    
      2784   2.5350053    
      2808   2.5206237    
      2832   2.5066411    
      2856   2.4931102    
      2880   2.4800768    
      2904   2.4675794    
      2928   2.4556482    
      2952   2.4443085    
      2976   2.4335754    
      3000   2.4234576    
      3024   2.4139557    
      3048   2.4050648    
      3072   2.3967743    
      3096   2.3890676    
      3120   2.3819227    
      3144   2.3753159    
      3168   2.3922851    
      3192   2.4057734    
      3216   2.4178011    
      3240   2.4287405    
      3264   2.4386091    
      3288   2.4474182    
      3312   2.4551938    
      3336   2.4619727    
      3360   2.4678035    
      3384   2.4727414    
      3408   2.4768422    
      3432   2.4801657    
      3456   2.4827747    
      3480   2.4847293    
      3504   2.4860890    
      3528   2.4869106    
      3552   2.4872494    
      3576   2.4871564    
      3600   2.4866798    
      3624   2.4858642    
      3648   2.4847503    
      3672   2.4833767    
      3696   2.4817781    
      3720   2.4799843    
      3744   2.4780233    
      3768   2.4759173    
      3792   2.4736879    
      3816   2.4713533    
      3840   2.4689283    
      3864   2.4664264    
      3888   2.4638574    
      3912   2.4612291    
      3936   2.4585493    
      3960   2.4558218    
      3984   2.4530494    
      4008   2.4502339    
      4032   2.4473772    
      4056   2.4444768    
      4080   2.4415324    
      4104   2.4385400    
      4128   2.4354982    
      4152   2.4324014    
      4176   2.4292462    
      4200   2.4260259    
      4224   2.4227357    
      4248   2.4193695    
      4272   2.4159212    
      4296   2.4123826    
      4320   2.4087472    
      4344   2.4050052    
      4368   2.4011497    
      4392   2.3971727    
      4416   2.3930655    
      4440   2.3888164    
      4464   2.3844173    
      4488   2.3798568    
      4512   2.3751254    
      4536   2.3702106    
      4560   2.3651016    
      4584   2.3597872    
      4608   2.3542535    
      4632   2.3484879    
      4656   2.3424747    
      4680   2.3362019    
      4704   2.3296537    
      4728   2.3228166    
      4752   2.3156719    
      4776   2.3082042    
      4800   2.3003981    
      4824   2.2922368    
      4848   2.2837021    
      4872   2.2747762    
      4896   2.2654417    
      4920   2.2556815    
      4944   2.2454774    
      4968   2.2348132    
      4992   2.2236710    
      5016   2.2120361    
      5040   2.1998930    
      5064   2.1872287    
      5088   2.1740294    
      5112   2.1602850    
      5136   2.1459870    
      5160   2.1311295    
      5184   2.1157095    
      5208   2.0997272    
      5232   2.0831838    
      5256   2.0660875    
      5280   2.0484478    
      5304   2.0302775    
      5328   2.0115952    
      5352   1.9924219    
      5376   1.9727840    
      5400   1.9527104    
      5424   2.3710444    
      5448   3.4604020    
      5472   3.7966826    
      5496   4.0204425    
      5520   4.1738167    
      5544   4.2782893    
      5568   4.3486195    
      5592   4.3952446    
      5616   4.4255500    
      5640   4.4447331    
      5664   4.4564281    
      5688   4.4631672    
      5712   4.4666991    
      5736   4.4682245    
      5760   4.4685683    
      5784   4.4682875    
      5808   4.4677548    
      5832   4.4672165    
      5856   4.4668283    
      5880   4.4666901    
      5904   4.4579344    
      5928   4.4544334    
      5952   4.4521031    
      5976   4.4506702    
      6000   4.4499817    
      6024   4.4499211    
      6048   4.4503961    
      6072   4.4513407    
      6096   4.4526935    
      6120   4.4544058    
      6144   4.4564371    
      6168   4.4587483    
      6192   4.4613070    
      6216   4.4640851    
      6240   4.4670510    
      6264   4.4701796    
      6288   4.4734445    
      6312   4.4768190    
      6336   4.4802785    
      6360   4.4837971    
      6384   4.4873490    
      6408   4.4909067    
      6432   4.4944434    
      6456   4.4979291    
      6480   4.5013351    
      6504   4.5046287    
      6528   4.5077772    
      6552   4.5107455    
      6576   4.5134950    
      6600   4.5159883    
      6624   4.4803038    
      6648   4.4452920    
      6672   4.4165096    
      6696   4.3918309    
      6720   4.3700399    
      6744   4.3504772    
      6768   4.3327670    
      6792   4.3166838    
      6816   4.3020844    
      6840   4.2888708    
      6864   4.2769642    
      6888   4.2662959    
      6912   4.2567973    
      6936   4.2484002    
      6960   4.2410340    
      6984   4.2346249    
      7008   4.2290978    
      7032   4.2243733    
      7056   4.2203760    
      7080   4.2170272    
      7104   4.2142491    
      7128   4.2119660    
      7152   4.2101016    
      7176   4.2085805    
      7200   4.2073321    
      7224   4.2062864    
      7248   4.2053733    
      7272   4.2045250    
      7296   4.2036753    
      7320   4.2027612    
      7344   4.2017174    
      7368   4.2004809    
      7392   4.1989908    
      7416   4.1971860    
      7440   4.1950073    
      7464   4.1923947    
      7488   4.1892915    
      7512   4.1856441    
      7536   4.1813993    
      7560   4.1765089    
      7584   4.1709285    
      7608   4.1646214    
      7632   4.1575594    
      7656   4.1497188    
      7680   4.1410918    
      7704   4.1316819    
      7728   4.1215086    
      7752   4.1106124    
      7776   4.0990572    
      7800   4.0869355    
      7824   4.0743732    
      7848   4.0615239    
      7872   4.0485692    
      7896   4.0356927    
      7920   4.0230594    
      7944   4.0095210    
      7968   3.9937286    
      7992   3.9780178    
      8016   3.9629812    
      8040   3.9487150    
      8064   3.9351745    
      8088   3.9222791    
      8112   3.9099422    
      8136   3.8980820    
      8160   3.8866286    
      8184   3.8755188    
      8208   3.8646977    
      8232   3.8541167    
      8256   3.8437321    
      8280   3.8335063    
      8304   3.8234046    
      8328   3.8133955    
      8352   3.8034518    
      8376   3.7935479    
      8400   3.7836602    
      8424   3.7737656    
      8448   3.7638447    
      8472   3.7538800    
      8496   3.7438517    
      8520   3.7337434    
      8544   3.7235408    
      8568   3.7132268    
      8592   3.7027872    
      8616   3.6922069    
      8640   3.6814735    
      8664   3.6705735    
      8688   3.6594939    
      8712   3.6482229    
      8736   3.6367464    
