         1   16.000000    
        24   12.946473    
        48   10.418746    
        72   8.6624899    
        96   7.4045925    
       120   6.4785728    
       144   5.7811909    
       168   5.2464261    
       192   4.8305931    
       216   4.5037775    
       240   4.2448554    
       264   4.0384994    
       288   3.8733268    
       312   3.7407193    
       336   3.6340451    
       360   3.5481319    
       384   3.4789059    
       408   3.4231277    
       432   3.3782012    
       456   3.3420453    
       480   3.3129754    
       504   3.2896314    
       528   3.2709076    
       552   3.2559123    
       576   3.2439172    
       600   3.2343352    
       624   3.2266896    
       648   3.2205944    
       672   3.2157362    
       696   3.2118661    
       720   3.2087815    
       744   3.2063179    
       768   3.2043471    
       792   3.2027643    
       816   3.2014863    
       840   3.2004457    
       864   3.1995904    
       888   3.1988800    
       912   3.1982808    
       936   3.1977677    
       960   3.1973212    
       984   3.1969266    
      1008   3.1965704    
      1032   3.1962423    
      1056   3.1959336    
      1080   3.1956611    
      1104   3.1954100    
      1128   3.1951756    
      1152   3.1949534    
      1176   3.1947417    
      1200   3.1945381    
      1224   3.1943350    
      1248   3.1941242    
      1272   3.1939192    
      1296   3.1937175    
      1320   3.1935182    
      1344   3.1933210    
      1368   3.1931245    
      1392   3.1929274    
      1416   3.1927280    
      1440   3.1925273    
      1464   3.1923230    
      1488   3.1921146    
      1512   3.1919005    
      1536   3.1916795    
      1560   3.1914518    
      1584   3.1912167    
      1608   3.1909723    
      1632   3.1907189    
      1656   3.1904542    
      1680   3.1901789    
      1704   3.1898909    
      1728   3.1895905    
      1752   3.1892757    
      1776   3.1889474    
      1800   3.1886029    
      1824   3.1882443    
      1848   3.1878700    
      1872   3.1874795    
      1896   3.1870711    
      1920   3.1866450    
      1944   3.1862011    
      1968   3.1857395    
      1992   3.1852586    
      2016   3.1847596    
      2040   3.1842451    
      2064   3.1837125    
      2088   3.1831627    
      2112   3.1825960    
      2136   3.1820157    
      2160   3.1814213    
      2184   3.1808164    
      2208   3.1802001    
      2232   3.1795781    
      2256   3.1789496    
      2280   3.1783156    
      2304   3.1776814    
      2328   3.1770444    
      2352   3.1764085    
      2376   3.1757736    
      2400   3.1751392    
      2424   3.1745069    
      2448   3.1738477    
      2472   3.1731791    
      2496   3.1725214    
      2520   3.1718709    
      2544   3.1712232    
      2568   3.1705754    
      2592   3.1699271    
      2616   3.1692739    
      2640   3.1686163    
      2664   3.1679521    
      2688   3.1672807    
      2712   3.1665998    
      2736   3.1659095    
      2760   3.1652083    
      2784   3.1644959    
      2808   3.1637714    
      2832   3.1630332    
      2856   3.1622810    
      2880   3.1615145    
      2904   3.1607332    
      2928   3.1599352    
      2952   3.1591206    
      2976   3.1582894    
      3000   3.1574390    
      3024   3.1565702    
      3048   3.1556811    
      3072   3.1547730    
      3096   3.1538451    
      3120   3.1528952    
      3144   3.1519241    
      3168   3.1508946    
      3192   3.1498802    
      3216   3.1488407    
      3240   3.1477723    
      3264   3.1466777    
      3288   3.1455550    
      3312   3.1444061    
      3336   3.1432297    
      3360   3.1420252    
      3384   3.1407933    
      3408   3.1395316    
      3432   3.1382380    
      3456   3.1369121    
      3480   3.1355536    
      3504   3.1341596    
      3528   3.1327291    
      3552   3.1312613    
      3576   3.1297531    
      3600   3.1282036    
      3624   3.1266100    
      3648   3.1249709    
      3672   3.1232841    
      3696   3.1215494    
      3720   3.1197629    
      3744   3.1179242    
      3768   3.1160293    
      3792   3.1140761    
      3816   3.1120620    
      3840   3.1099849    
      3864   3.1078427    
      3888   3.1056314    
      3912   3.1033480    
      3936   3.1009905    
      3960   3.0985553    
      3984   3.0960386    
      4008   3.0934372    
      4032   3.0907478    
      4056   3.0879660    
      4080   3.0850875    
      4104   3.0821083    
      4128   3.0790243    
      4152   3.0758295    
      4176   3.0725205    
      4200   3.0690904    
      4224   3.0655341    
      4248   3.0618465    
      4272   3.0580208    
      4296   3.0540509    
      4320   3.0499289    
      4344   3.0456476    
      4368   3.0411992    
      4392   3.0365758    
      4416   3.0317705    
      4440   3.0267720    
      4464   3.0215709    
      4488   3.0161581    
      4512   3.0105231    
      4536   3.0046544    
      4560   2.9985406    
      4584   2.9921708    
      4608   2.9855313    
      4632   2.9786086    
      4656   2.9713881    
      4680   2.9638565    
      4704   2.9559984    
      4728   2.9477994    
      4752   2.9392405    
      4776   2.9303060    
      4800   2.9209802    
      4824   2.9112449    
      4848   2.9010816    
      4872   2.8904715    
      4896   2.8793972    
      4920   2.8678393    
      4944   2.8557799    
      4968   2.8432000    
      4992   2.8300827    
      5016   2.8164101    
      5040   2.8021655    
      5064   2.7873356    
      5088   2.7719030    
      5112   2.7558565    
      5136   2.7391870    
      5160   2.7218843    
      5184   2.7039433    
      5208   2.6853626    
      5232   2.6661403    
      5256   2.6462815    
      5280   2.6257932    
      5304   2.6046844    
      5328   2.5829716    
      5352   2.5606709    
      5376   2.5378065    
      5400   2.5144038    
      5424   2.8533645    
      5448   4.0111580    
      5472   4.4053216    
      5496   4.6706986    
      5520   4.8553319    
      5544   4.9839263    
      5568   5.0731430    
      5592   5.1346369    
      5616   5.1766152    
      5640   5.2048564    
      5664   5.2234244    
      5688   5.2351842    
      5712   5.2421436    
      5736   5.2457175    
      5760   5.2469077    
      5784   5.2464204    
      5808   5.2447548    
      5832   5.2422652    
      5856   5.2392030    
      5880   5.2357469    
      5904   5.2316403    
      5928   5.2248111    
      5952   5.2185364    
      5976   5.2126760    
      6000   5.2071009    
      6024   5.2017226    
      6048   5.1964779    
      6072   5.1913257    
      6096   5.1862307    
      6120   5.1811695    
      6144   5.1761217    
      6168   5.1710701    
      6192   5.1659999    
      6216   5.1608992    
      6240   5.1557550    
      6264   5.1505542    
      6288   5.1452827    
      6312   5.1399279    
      6336   5.1344748    
      6360   5.1289067    
      6384   5.1232100    
      6408   5.1173668    
      6432   5.1113572    
      6456   5.1051626    
      6480   5.0987620    
      6504   5.0921340    
      6528   5.0852537    
      6552   5.0780950    
      6576   5.0706315    
      6600   5.0628343    
      6624   5.0519137    
      6648   5.0373192    
      6672   5.0266466    
      6696   5.0189400    
      6720   5.0128503    
      6744   5.0075126    
      6768   5.0024147    
      6792   4.9972577    
      6816   4.9918814    
      6840   4.9862008    
      6864   4.9801855    
      6888   4.9738293    
      6912   4.9671474    
      6936   4.9601583    
      6960   4.9528880    
      6984   4.9453573    
      7008   4.9375882    
      7032   4.9295959    
      7056   4.9213977    
      7080   4.9130015    
      7104   4.9044132    
      7128   4.8956337    
      7152   4.8866625    
      7176   4.8774910    
      7200   4.8681140    
      7224   4.8585181    
      7248   4.8486929    
      7272   4.8386192    
      7296   4.8282833    
      7320   4.8176646    
      7344   4.8067460    
      7368   4.7955070    
      7392   4.7839284    
      7416   4.7719908    
      7440   4.7596760    
      7464   4.7469673    
      7488   4.7338486    
      7512   4.7203097    
      7536   4.7063417    
      7560   4.6919408    
      7584   4.6771126    
      7608   4.6618652    
      7632   4.6462188    
      7656   4.6302018    
      7680   4.6138616    
      7704   4.5972524    
      7728   4.5804553    
      7752   4.5635686    
      7776   4.5467167    
      7800   4.5300565    
      7824   4.5137715    
      7848   4.4980698    
      7872   4.4831710    
      7896   4.4692664    
      7920   4.4564900    
      7944   4.4451156    
      7968   4.4346089    
      7992   4.4243865    
      8016   4.4145455    
      8040   4.4052029    
      8064   4.3964114    
      8088   4.3881788    
      8112   4.3804836    
      8136   4.3732901    
      8160   4.3665571    
      8184   4.3602462    
      8208   4.3543181    
      8232   4.3487401    
      8256   4.3434758    
      8280   4.3385000    
      8304   4.3337851    
      8328   4.3293066    
      8352   4.3250470    
      8376   4.3209844    
      8400   4.3171048    
      8424   4.3133926    
      8448   4.3098350    
      8472   4.3064213    
      8496   4.3031392    
      8520   4.2999802    
      8544   4.2969356    
      8568   4.2939973    
      8592   4.2911582    
      8616   4.2884097    
      8640   4.2857471    
      8664   4.2831650    
      8688   4.2806578    
      8712   4.2782207    
      8736   4.2758484    
