         1   100.00000    
        24   122.70196    
        48   133.16930    
        72   133.37213    
        96   128.00826    
       120   120.21317    
       144   111.75864    
       168   103.54344    
       192   95.974457    
       216   89.200249    
       240   83.241051    
       264   78.057854    
       288   73.587776    
       312   69.761879    
       336   66.513443    
       360   63.781662    
       384   61.512894    
       408   59.660625    
       432   58.185009    
       456   57.052208    
       480   56.233582    
       504   55.705059    
       528   55.446381    
       552   55.440590    
       576   55.673447    
       600   56.132973    
       624   56.809017    
       648   57.692841    
       672   58.776779    
       696   60.053917    
       720   61.517746    
       744   63.161888    
       768   64.979881    
       792   66.964882    
       816   69.109528    
       840   71.405746    
       864   73.844620    
       888   76.416359    
       912   79.110237    
       936   81.914627    
       960   84.817184    
       984   87.804832    
      1008   90.864075    
      1032   93.981209    
      1056   96.935051    
      1080   98.637291    
      1104   98.874855    
      1128   97.772545    
      1152   95.624062    
      1176   92.767166    
      1200   89.511566    
      1224   86.133408    
      1248   82.919533    
      1272   79.933510    
      1296   77.224419    
      1320   74.826157    
      1344   72.759209    
      1368   71.033516    
      1392   69.651405    
      1416   68.610001    
      1440   67.903236    
      1464   67.523209    
      1488   67.461220    
      1512   67.708305    
      1536   68.255615    
      1560   69.094467    
      1584   70.216354    
      1608   71.612740    
      1632   73.274872    
      1656   75.192253    
      1680   77.352135    
      1704   79.740929    
      1728   82.344208    
      1752   85.146484    
      1776   88.131165    
      1800   91.280602    
      1824   94.576271    
      1848   97.998970    
      1872   101.52935    
      1896   105.14816    
      1920   108.83685    
      1944   112.57798    
      1968   116.35498    
      1992   120.15233    
      2016   123.95712    
      2040   127.75935    
      2064   131.55095    
      2088   135.32703    
      2112   139.08586    
      2136   142.82887    
      2160   146.56013    
      2184   150.28624    
      2208   154.01552    
      2232   157.75784    
      2256   161.52402    
      2280   165.32545    
      2304   169.17363    
      2328   173.07967    
      2352   177.05402    
      2376   181.10606    
      2400   185.24382    
      2424   189.47362    
      2448   194.06770    
      2472   199.58072    
      2496   205.43355    
      2520   211.29541    
      2544   217.00327    
      2568   222.50258    
      2592   227.80217    
      2616   232.94217    
      2640   237.97221    
      2664   242.93813    
      2688   247.87529    
      2712   252.80606    
      2736   257.74026    
      2760   262.67685    
      2784   267.60684    
      2808   272.51614    
      2832   277.38626    
      2856   282.19788    
      2880   286.93375    
      2904   291.57983    
      2928   296.12601    
      2952   300.56506    
      2976   305.23621    
      3000   311.16287    
      3024   320.85309    
      3048   330.99655    
      3072   339.69113    
      3096   346.46811    
      3120   351.58096    
      3144   355.52692    
      3168   356.96436    
      3192   350.26511    
      3216   339.42703    
      3240   328.42023    
      3264   319.35999    
      3288   312.93005    
      3312   309.05362    
      3336   307.33514    
      3360   307.29605    
      3384   308.48303    
      3408   310.51300    
      3432   313.08496    
      3456   315.97629    
      3480   319.03128    
      3504   322.14740    
      3528   325.26114    
      3552   328.33655    
      3576   331.35507    
      3600   334.30930    
      3624   337.19736    
      3648   340.02039    
      3672   342.78027    
      3696   345.47916    
      3720   348.11874    
      3744   350.70041    
      3768   353.22461    
      3792   355.69168    
      3816   358.10199    
      3840   360.45520    
      3864   362.75113    
      3888   364.98920    
      3912   367.16891    
      3936   369.28976    
      3960   371.35129    
      3984   373.35251    
      4008   375.29291    
      4032   377.17175    
      4056   378.98819    
      4080   380.74152    
      4104   382.43085    
      4128   384.05533    
      4152   385.61414    
      4176   387.10638    
      4200   388.53113    
      4224   389.88748    
      4248   391.17465    
      4272   392.39154    
      4296   393.53738    
      4320   394.61121    
      4344   395.61197    
      4368   396.53879    
      4392   397.39081    
      4416   398.16711    
      4440   398.86673    
      4464   399.48883    
      4488   400.03174    
      4512   400.49164    
      4536   400.86746    
      4560   401.15903    
      4584   401.36621    
      4608   401.48911    
      4632   401.52737    
      4656   401.48062    
      4680   401.34799    
      4704   401.12897    
      4728   400.82269    
      4752   400.42838    
      4776   399.94507    
      4800   399.37219    
      4824   398.70892    
      4848   397.95444    
      4872   397.10797    
      4896   396.16879    
      4920   395.13614    
      4944   394.00909    
      4968   392.78705    
      4992   391.46930    
      5016   390.05505    
      5040   388.54361    
      5064   386.93433    
      5088   385.22641    
      5112   383.41919    
      5136   381.51193    
      5160   379.50400    
      5184   377.39453    
      5208   375.18304    
      5232   372.86871    
      5256   370.45078    
      5280   367.92868    
      5304   365.30151    
      5328   362.56870    
      5352   359.72495    
      5376   356.76733    
      5400   353.69135    
      5424   362.31711    
      5448   380.64902    
      5472   397.56845    
      5496   409.83270    
      5520   417.25922    
      5544   420.78561    
      5568   421.55905    
      5592   420.55365    
      5616   418.46939    
      5640   415.75824    
      5664   412.68900    
      5688   409.41022    
      5712   405.99850    
      5736   402.49020    
      5760   398.90048    
      5784   395.23499    
      5808   391.49469    
      5832   387.67935    
      5856   383.78809    
      5880   379.81845    
      5904   375.04544    
      5928   368.61789    
      5952   362.42111    
      5976   356.91245    
      6000   352.00806    
      6024   347.47983    
      6048   343.11752    
      6072   338.77371    
      6096   334.36240    
      6120   329.84277    
      6144   325.19968    
      6168   320.43115    
      6192   315.54468    
      6216   310.55087    
      6240   305.46036    
      6264   300.28201    
      6288   295.02277    
      6312   289.68790    
      6336   284.28128    
      6360   278.80569    
      6384   273.26334    
      6408   267.65588    
      6432   261.98480    
      6456   256.25143    
      6480   250.45700    
      6504   244.60274    
      6528   238.68980    
      6552   232.71938    
      6576   226.69278    
      6600   220.61122    
      6624   220.81714    
      6648   228.73502    
      6672   239.01749    
      6696   249.21957    
      6720   257.99365    
      6744   264.59729    
      6768   268.74158    
      6792   270.48602    
      6816   270.11789    
      6840   268.03238    
      6864   264.63870    
      6888   260.30292    
      6912   255.32326    
      6936   249.92659    
      6960   244.27670    
      6984   238.48698    
      7008   232.63303    
      7032   226.76335    
      7056   220.90813    
      7080   215.08540    
      7104   209.30553    
      7128   203.57414    
      7152   197.89423    
      7176   192.26733    
      7200   186.69441    
      7224   181.17612    
      7248   175.71338    
      7272   170.30717    
      7296   164.95889    
      7320   159.67027    
      7344   154.44333    
      7368   149.28035    
      7392   144.18398    
      7416   139.15704    
      7440   134.20264    
      7464   129.32402    
      7488   124.52449    
      7512   119.80739    
      7536   115.17606    
      7560   110.63374    
      7584   106.18356    
      7608   101.82840    
      7632   97.570992    
      7656   93.413727    
      7680   89.358727    
      7704   85.407768    
      7728   81.562286    
      7752   77.823448    
      7776   74.192039    
      7800   70.668617    
      7824   67.253395    
      7848   63.946354    
      7872   60.747280    
      7896   57.655739    
      7920   54.671116    
      7944   51.787178    
      7968   48.982956    
      7992   46.278843    
      8016   43.685410    
      8040   41.206875    
      8064   38.843735    
      8088   36.594311    
      8112   34.455696    
      8136   32.424416    
      8160   30.496759    
      8184   28.668936    
      8208   26.937239    
      8232   25.298048    
      8256   23.747869    
      8280   22.283316    
      8304   20.901102    
      8328   19.598028    
      8352   18.370975    
      8376   17.216873    
      8400   16.132704    
      8424   15.115486    
      8448   14.162292    
      8472   13.270218    
      8496   12.436401    
      8520   11.658024    
      8544   10.932305    
      8568   10.256522    
      8592   9.6280079    
      8616   9.0441551    
      8640   8.5023232    
      8664   7.9998116    
      8688   7.5339079    
      8712   7.1020694    
      8736   6.7019253    
