         1   3.6682949    
       288   3.7021940    
       576   3.7303514    
       864   3.7505705    
      1152   3.7665184    
      1440   3.7799857    
      1728   3.7941480    
      2016   3.8071661    
      2304   3.8195136    
      2592   3.8314106    
      2880   3.8429718    
      3168   3.8542652    
      3456   3.8674734    
      3744   3.8803940    
      4032   3.8930383    
      4320   3.9054132    
      4608   3.9175212    
      4896   3.9293675    
      5184   3.9430182    
      5472   3.9563828    
      5760   3.9694643    
      6048   3.9822664    
      6336   3.9947846    
      6624   4.0070171    
      6912   4.0209842    
      7200   4.0346451    
      7488   4.0480065    
      7776   4.0610595    
      8064   4.0737953    
      8352   4.0882115    
      8640   4.1023002    
      8928   4.1160502    
      9216   4.1294527    
      9504   4.1424918    
      9792   4.1551547    
     10080   4.1694818    
     10368   4.1834273    
     10656   4.1969728    
     10944   4.2101040    
     11232   4.2227974    
     11520   4.2350264    
     11808   4.2489209    
     12096   4.2623544    
     12384   4.2753015    
     12672   4.2877326    
     12960   4.2996192    
     13248   4.3131981    
     13536   4.3262343    
     13824   4.3386979    
     14112   4.3505564    
     14400   4.3617730    
     14688   4.3723054    
     14976   4.3821135    
     15264   4.3936810    
     15552   4.4045277    
     15840   4.4146204    
     16128   4.4239073    
     16416   4.4323425    
     16704   4.4398904    
     16992   4.4492879    
     17280   4.4578052    
     17568   4.4654322    
     17856   4.4724522    
     18144   4.4801612    
     18432   4.4889469    
     18720   4.4979877    
     19008   4.5101781    
     19296   4.5222354    
     19584   4.5341749    
     19872   4.5460110    
     20160   4.5577726    
     20448   4.5694904    
     20736   4.5811749    
     21024   4.5960455    
     21312   4.6105247    
     21600   4.6246386    
     21888   4.6384273    
     22176   4.6519165    
     22464   4.6651282    
     22752   4.6781073    
     23040   4.6908731    
     23328   4.7067900    
     23616   4.7220688    
     23904   4.7367744    
     24192   4.7509756    
     24480   4.7647166    
     24768   4.7780395    
     25056   4.7910094    
     25344   4.8036690    
     25632   4.8191104    
     25920   4.8338375    
     26208   4.8479376    
     26496   4.8615022    
     26784   4.8745904    
     27072   4.8872571    
     27360   4.8995652    
     27648   4.9115877    
     27936   4.9269857    
     28224   4.9415526    
     28512   4.9553738    
     28800   4.9685507    
     29088   4.9811764    
     29376   4.9932904    
     29664   5.0049248    
     29952   5.0161295    
     30240   5.0306492    
     30528   5.0439820    
     30816   5.0562387    
     31104   5.0675282    
     31392   5.0779719    
     31680   5.0877023    
     31968   5.0967927    
     32256   5.1053257    
     32544   5.1172547    
     32832   5.1279316    
     33120   5.1375623    
     33408   5.1463423    
     33696   5.1544437    
     33984   5.1620350    
     34272   5.1692610    
     34560   5.1761928    
     34848   5.1868505    
     35136   5.1963234    
     35424   5.2048583    
     35712   5.2126889    
     36000   5.2200189    
     36288   5.2269635    
     36576   5.2336020    
     36864   5.2399998    
     37152   5.2501717    
     37440   5.2591243    
     37728   5.2671800    
     38016   5.2745333    
     38304   5.2813482    
     38592   5.2877483    
     38880   5.2938285    
     39168   5.2996593    
     39456   5.3091674    
     39744   5.3174014    
     40032   5.3247151    
     40320   5.3313203    
     40608   5.3373833    
     40896   5.3430438    
     41184   5.3501096    
     41472   5.3577852    
     41760   5.3690252    
     42048   5.3785586    
     42336   5.3866243    
     42624   5.3935213    
     42912   5.3995185    
     43200   5.4048777    
     43488   5.4097986    
     43776   5.4143572    
     44064   5.4221039    
     44352   5.4283872    
     44640   5.4336333    
     44928   5.4381528    
     45216   5.4421592    
     45504   5.4457870    
     45792   5.4491224    
     46080   5.4522219    
     46368   5.4551110    
     46656   5.4578104    
     46944   5.4603310    
     47232   5.4660602    
     47520   5.4703932    
     47808   5.4737711    
     48096   5.4764938    
     48384   5.4787545    
     48672   5.4806809    
     48960   5.4823403    
     49248   5.4837742    
     49536   5.4850063    
     49824   5.4860511    
     50112   5.4869132    
     50400   5.4875622    
     50688   5.4879766    
     50976   5.4882016    
     51264   5.4882646    
     51552   5.4881821    
     51840   5.4879494    
     52128   5.4875660    
     52416   5.4870296    
     52704   5.4863377    
     52992   5.4854860    
     53280   5.4844737    
     53568   5.4832983    
     53856   5.4819589    
     54144   5.4804192    
     54432   5.4786544    
     54720   5.4767094    
     55008   5.4746103    
     55296   5.4723635    
     55584   5.4699669    
     55872   5.4674191    
     56160   5.4647150    
     56448   5.4618492    
     56736   5.4588175    
     57024   5.4555984    
     57312   5.4521499    
     57600   5.4451532    
     57888   5.4393253    
     58176   5.4341364    
     58464   5.4292579    
     58752   5.4244838    
     59040   5.4196992    
     59328   5.4148140    
     59616   5.4097576    
     59904   5.4045582    
     60192   5.3957839    
     60480   5.3882403    
     60768   5.3813715    
     61056   5.3748293    
     61344   5.3684001    
     61632   5.3619728    
     61920   5.3554478    
     62208   5.3452430    
     62496   5.3362851    
     62784   5.3280258    
     63072   5.3201151    
     63360   5.3123441    
     63648   5.3045878    
     63936   5.2932129    
     64224   5.2831016    
     64512   5.2736630    
     64800   5.2645741    
     65088   5.2556386    
     65376   5.2467356    
     65664   5.2341690    
     65952   5.2229333    
     66240   5.2124476    
     66528   5.2023268    
     66816   5.1923218    
     67104   5.1786480    
     67392   5.1663585    
     67680   5.1548748    
     67968   5.1438246    
     68256   5.1292386    
     68544   5.1161337    
     68832   5.1038933    
     69120   5.0920982    
     69408   5.0766873    
     69696   5.0627728    
     69984   5.0497561    
     70272   5.0372500    
     70560   5.0250154    
     70848   5.0090952    
     71136   4.9946122    
     71424   4.9809985    
     71712   4.9678774    
     72000   4.9501653    
     72288   4.9343133    
     72576   4.9196239    
     72864   4.9056320    
     73152   4.8920498    
     73440   4.8748274    
     73728   4.8590860    
     74016   4.8442774    
     74304   4.8300462    
     74592   4.8122468    
     74880   4.7959571    
     75168   4.7806435    
     75456   4.7620325    
     75744   4.7451482    
     76032   4.7293935    
     76320   4.7143698    
     76608   4.6958861    
     76896   4.6790009    
     77184   4.6631565    
     77472   4.6479878    
     77760   4.6293268    
     78048   4.6122522    
     78336   4.5962591    
     78624   4.5810075    
     78912   4.5623360    
     79200   4.5452461    
     79488   4.5292587    
     79776   4.5140228    
     80064   4.4953623    
     80352   4.4782686    
     80640   4.4622936    
     80928   4.4471202    
     81216   4.4286251    
     81504   4.4117036    
     81792   4.3959265    
     82080   4.3809643    
     82368   4.3665915    
     82656   4.3488183    
     82944   4.3324842    
     83232   4.3172350    
     83520   4.3028035    
     83808   4.2851982    
     84096   4.2690811    
     84384   4.2541041    
     84672   4.2400022    
     84960   4.2265921    
     85248   4.2100039    
     85536   4.1948180    
     85824   4.1807351    
     86112   4.1675134    
     86400   4.1549730    
     86688   4.1393819    
     86976   4.1251340    
     87264   4.1119728    
     87552   4.0996947    
     87840   4.0881376    
     88128   4.0771775    
     88416   4.0633082    
     88704   4.0506401    
     88992   4.0389738    
     89280   4.0281444    
     89568   4.0180187    
     89856   4.0084968    
     90144   3.9995115    
     90432   3.9878635    
     90720   3.9772234    
     91008   3.9674609    
     91296   3.9584374    
     91584   3.9500735    
     91872   3.9422898    
     92160   3.9350309    
     92448   3.9282537    
     92736   3.9219294    
     93024   3.9160299    
     93312   3.9078019    
     93600   3.9002790    
     93888   3.8934102    
     94176   3.8871489    
     94464   3.8814352    
     94752   3.8762431    
     95040   3.8715510    
     95328   3.8673389    
     95616   3.8636010    
     95904   3.8603406    
     96192   3.8575537    
     96480   3.8552377    
     96768   3.8533852    
     97056   3.8519814    
     97344   3.8510098    
     97632   3.8504555    
     97920   3.8502827    
     98208   3.8504665    
     98496   3.8509843    
     98784   3.8518133    
     99072   3.8529379    
     99360   3.8543358    
     99648   3.8559914    
     99936   3.8578894    
    100224   3.8600104    
    100512   3.8623402    
    100800   3.8648725    
    101088   3.8675914    
    101376   3.8704908    
    101664   3.8735602    
    101952   3.8785942    
    102240   3.8837299    
    102528   3.8889639    
    102816   3.8942888    
    103104   3.8996990    
    103392   3.9051931    
    103680   3.9107676    
    103968   3.9164205    
    104256   3.9221492    
    104544   3.9279494    
    104832   3.9353874    
