         1   0.0000000    
       288  0.96522830E-01
       576  0.12138125    
       864  0.12307950    
      1152  0.11880627    
      1440  0.11349783    
      1728  0.10777827    
      2016  0.10371887    
      2304  0.10038451    
      2592  0.97701028E-01
      2880  0.95818087E-01
      3168  0.94283201E-01
      3456  0.92128754E-01
      3744  0.90517990E-01
      4032  0.88994540E-01
      4320  0.87465793E-01
      4608  0.85934795E-01
      4896  0.84423445E-01
      5184  0.82574219E-01
      5472  0.81336819E-01
      5760  0.80267578E-01
      6048  0.79235695E-01
      6336  0.78211643E-01
      6624  0.77197492E-01
      6912  0.75889759E-01
      7200  0.75110562E-01
      7488  0.74478500E-01
      7776  0.73897652E-01
      8064  0.73309645E-01
      8352  0.72425194E-01
      8640  0.72006673E-01
      8928  0.71677834E-01
      9216  0.71333215E-01
      9504  0.70956118E-01
      9792  0.70557602E-01
     10080  0.69907367E-01
     10368  0.69761902E-01
     10656  0.69719873E-01
     10944  0.69668561E-01
     11232  0.69590151E-01
     11520  0.69495887E-01
     11808  0.69136798E-01
     12096  0.69269523E-01
     12384  0.69545694E-01
     12672  0.69827251E-01
     12960  0.70089415E-01
     13248  0.70067093E-01
     13536  0.70511542E-01
     13824  0.71070060E-01
     14112  0.71662381E-01
     14400  0.72237730E-01
     14688  0.72800472E-01
     14976  0.73370107E-01
     15264  0.73700778E-01
     15552  0.74593619E-01
     15840  0.75512350E-01
     16128  0.76378047E-01
     16416  0.77303693E-01
     16704  0.78350954E-01
     16992  0.79196014E-01
     17280  0.80643959E-01
     17568  0.82213372E-01
     17856  0.83833747E-01
     18144  0.85650131E-01
     18432  0.87418534E-01
     18720  0.88965274E-01
     19008  0.90018839E-01
     19296  0.91644086E-01
     19584  0.93321629E-01
     19872  0.94872221E-01
     20160  0.96273378E-01
     20448  0.97590469E-01
     20736  0.98864593E-01
     21024  0.99730559E-01
     21312  0.10116003    
     21600  0.10260110    
     21888  0.10395426    
     22176  0.10515042    
     22464  0.10620361    
     22752  0.10720091    
     23040  0.10818007    
     23328  0.10883417    
     23616  0.11007887    
     23904  0.11131983    
     24192  0.11246489    
     24480  0.11344662    
     24768  0.11428566    
     25056  0.11508774    
     25344  0.11588202    
     25632  0.11647005    
     25920  0.11756827    
     26208  0.11863849    
     26496  0.11961124    
     26784  0.12041796    
     27072  0.12108507    
     27360  0.12164555    
     27648  0.12221753    
     27936  0.12274051    
     28224  0.12382570    
     28512  0.12473826    
     28800  0.12553605    
     29088  0.12623428    
     29376  0.12677309    
     29664  0.12718508    
     29952  0.12761532    
     30240  0.12811321    
     30528  0.12911929    
     30816  0.12990734    
     31104  0.13047378    
     31392  0.13101113    
     31680  0.13152134    
     31968  0.13193126    
     32256  0.13227278    
     32544  0.13289547    
     32832  0.13408662    
     33120  0.13501920    
     33408  0.13571702    
     33696  0.13626307    
     33984  0.13687031    
     34272  0.13749525    
     34560  0.13803984    
     34848  0.13883175    
     35136  0.14003220    
     35424  0.14096914    
     35712  0.14186558    
     36000  0.14268978    
     36288  0.14337273    
     36576  0.14396465    
     36864  0.14450623    
     37152  0.14543235    
     37440  0.14689863    
     37728  0.14812246    
     38016  0.14905527    
     38304  0.14980178    
     38592  0.15043874    
     38880  0.15101522    
     39168  0.15156113    
     39456  0.15259327    
     39744  0.15412970    
     40032  0.15539180    
     40320  0.15634841    
     40608  0.15711361    
     40896  0.15919660    
     41184  0.16645920    
     41472  0.17172119    
     41760  0.17583063    
     42048  0.17908311    
     42336  0.18128198    
     42624  0.18281372    
     42912  0.18394653    
     43200  0.18510814    
     43488  0.18618232    
     43776  0.18708524    
     44064  0.18858148    
     44352  0.19028571    
     44640  0.19157839    
     44928  0.19259796    
     45216  0.19346114    
     45504  0.19424197    
     45792  0.19498663    
     46080  0.19572227    
     46368  0.19646595    
     46656  0.19722761    
     46944  0.19801226    
     47232  0.19955823    
     47520  0.20138484    
     47808  0.20282310    
     48096  0.20400314    
     48384  0.20503491    
     48672  0.20598860    
     48960  0.20690736    
     49248  0.20781773    
     49536  0.20873596    
     49824  0.20967092    
     50112  0.21062748    
     50400  0.21131006    
     50688  0.21197531    
     50976  0.21278451    
     51264  0.21370016    
     51552  0.21469048    
     51840  0.21573414    
     52128  0.21681806    
     52416  0.21793392    
     52704  0.21907619    
     52992  0.22024113    
     53280  0.22142631    
     53568  0.22263031    
     53856  0.22385234    
     54144  0.22478183    
     54432  0.22567330    
     54720  0.22670604    
     55008  0.22784239    
     55296  0.22904995    
     55584  0.23030785    
     55872  0.23160276    
     56160  0.23292601    
     56448  0.23427300    
     56736  0.23564108    
     57024  0.23671766    
     57312  0.23774379    
     57600  0.23812817    
     57888  0.23816098    
     58176  0.23875429    
     58464  0.23974934    
     58752  0.24099560    
     59040  0.24239662    
     59328  0.24358316    
     59616  0.24474135    
     59904  0.24606164    
     60192  0.24672994    
     60480  0.24690592    
     60768  0.24762738    
     61056  0.24875285    
     61344  0.25013098    
     61632  0.25166345    
     61920  0.25298771    
     62208  0.25351790    
     62496  0.25353125    
     62784  0.25416067    
     63072  0.25525591    
     63360  0.25664502    
     63648  0.25821379    
     63936  0.25917852    
     64224  0.25915357    
     64512  0.25952259    
     64800  0.26044092    
     65088  0.26173252    
     65376  0.26325646    
     65664  0.26425794    
     65952  0.26446399    
     66240  0.26519951    
     66528  0.26610857    
     66816  0.26716030    
     67104  0.26789373    
     67392  0.26785052    
     67680  0.26840293    
     67968  0.26946893    
     68256  0.27029815    
     68544  0.27028197    
     68832  0.27083755    
     69120  0.27165428    
     69408  0.27210546    
     69696  0.27173793    
     69984  0.27202499    
     70272  0.27290407    
     70560  0.27418622    
     70848  0.27524465    
     71136  0.27523780    
     71424  0.27571052    
     71712  0.27645400    
     72000  0.27693719    
     72288  0.27610621    
     72576  0.27592376    
     72864  0.27642992    
     73152  0.27743179    
     73440  0.27840036    
     73728  0.27820018    
     74016  0.27843362    
     74304  0.27918646    
     74592  0.27982420    
     74880  0.27905688    
     75168  0.27878612    
     75456  0.27888259    
     75744  0.27797163    
     76032  0.27761427    
     76320  0.27789721    
     76608  0.27845639    
     76896  0.27782890    
     77184  0.27743524    
     77472  0.27736661    
     77760  0.27763632    
     78048  0.27673152    
     78336  0.27623323    
     78624  0.27631366    
     78912  0.27676570    
     79200  0.27596310    
     79488  0.27546519    
     79776  0.27535230    
     80064  0.27541825    
     80352  0.27421793    
     80640  0.27333987    
     80928  0.27302653    
     81216  0.27321902    
     81504  0.27215424    
     81792  0.27131653    
     82080  0.27086365    
     82368  0.27063319    
     82656  0.27085108    
     82944  0.26975167    
     83232  0.26878926    
     83520  0.26826966    
     83808  0.26831999    
     84096  0.26701713    
     84384  0.26558927    
     84672  0.26457596    
     84960  0.26403615    
     85248  0.26410583    
     85536  0.26289991    
     85824  0.26171058    
     86112  0.26081583    
     86400  0.26009947    
     86688  0.25996441    
     86976  0.25858581    
     87264  0.25718501    
     87552  0.25611481    
     87840  0.25538340    
     88128  0.25479656    
     88416  0.25478858    
     88704  0.25355881    
     88992  0.25221258    
     89280  0.25111318    
     89568  0.25031763    
     89856  0.24965294    
     90144  0.24921443    
     90432  0.24939726    
     90720  0.24843089    
     91008  0.24725878    
     91296  0.24622361    
     91584  0.24527310    
     91872  0.24453433    
     92160  0.24402747    
     92448  0.24373120    
     92736  0.24361061    
     93024  0.24363194    
     93312  0.24406615    
     93600  0.24332577    
     93888  0.24221531    
     94176  0.24108027    
     94464  0.24007051    
     94752  0.23908192    
     95040  0.23819600    
     95328  0.23743904    
     95616  0.23681179    
     95904  0.23629983    
     96192  0.23590764    
     96480  0.23550195    
     96768  0.23514827    
     97056  0.23488215    
     97344  0.23468347    
     97632  0.23444754    
     97920  0.23411112    
     98208  0.23366661    
     98496  0.23298718    
     98784  0.23212224    
     99072  0.23110297    
     99360  0.22995009    
     99648  0.22867769    
     99936  0.22729543    
    100224  0.22583155    
    100512  0.22418778    
    100800  0.22240970    
    101088  0.22052614    
    101376  0.21855588    
    101664  0.21651134    
    101952  0.21405780    
    102240  0.21217731    
    102528  0.21057920    
    102816  0.20908310    
    103104  0.20759730    
    103392  0.20597723    
    103680  0.20421717    
    103968  0.20232046    
    104256  0.20029511    
    104544  0.19815217    
    104832  0.19563580    
