         1   71.400002    
        24   71.334412    
        48   71.325714    
        72   71.328369    
        96   71.324516    
       120   71.310349    
       144   71.285866    
       168   71.252052    
       192   71.209976    
       216   71.160606    
       240   71.104790    
       264   71.043236    
       288   70.976570    
       312   70.905258    
       336   70.829750    
       360   70.750381    
       384   70.667458    
       408   70.581192    
       432   70.491791    
       456   70.399353    
       480   70.304016    
       504   70.205856    
       528   70.104942    
       552   70.001289    
       576   69.894936    
       600   69.785919    
       624   69.674248    
       648   69.559891    
       672   69.442848    
       696   69.323112    
       720   69.200684    
       744   69.075523    
       768   68.947624    
       792   68.816963    
       816   68.683540    
       840   68.547325    
       864   68.408325    
       888   68.266525    
       912   68.121925    
       936   67.974480    
       960   67.824219    
       984   67.671143    
      1008   67.515251    
      1032   67.356499    
      1056   67.176552    
      1080   67.007828    
      1104   66.853996    
      1128   66.713043    
      1152   66.582138    
      1176   66.458809    
      1200   66.340981    
      1224   66.215279    
      1248   66.093399    
      1272   65.975052    
      1296   65.859383    
      1320   65.745461    
      1344   65.632431    
      1368   65.519585    
      1392   65.406296    
      1416   65.292061    
      1440   65.176537    
      1464   65.059395    
      1488   64.940414    
      1512   64.819382    
      1536   64.696121    
      1560   64.570518    
      1584   64.442482    
      1608   64.311920    
      1632   64.178780    
      1656   64.042999    
      1680   63.904594    
      1704   63.763527    
      1728   63.619808    
      1752   63.473446    
      1776   63.324440    
      1800   63.172794    
      1824   63.018536    
      1848   62.861649    
      1872   62.702164    
      1896   62.540073    
      1920   62.375366    
      1944   62.208057    
      1968   62.038166    
      1992   61.865700    
      2016   61.690628    
      2040   61.512974    
      2064   61.332726    
      2088   61.149876    
      2112   60.964417    
      2136   60.776337    
      2160   60.585590    
      2184   60.392162    
      2208   60.196003    
      2232   59.997055    
      2256   59.795261    
      2280   59.590565    
      2304   59.382881    
      2328   59.172134    
      2352   58.958263    
      2376   58.741173    
      2400   58.520771    
      2424   58.296986    
      2448   58.047131    
      2472   57.798744    
      2496   57.553082    
      2520   57.308617    
      2544   57.063828    
      2568   56.817524    
      2592   56.568878    
      2616   56.317265    
      2640   56.062252    
      2664   55.803547    
      2688   55.540936    
      2712   55.274292    
      2736   55.003532    
      2760   54.728638    
      2784   54.449615    
      2808   54.166485    
      2832   53.879299    
      2856   53.588146    
      2880   53.293102    
      2904   52.994278    
      2928   52.691753    
      2952   52.385620    
      2976   52.059086    
      3000   51.724560    
      3024   51.365803    
      3048   51.020367    
      3072   50.683365    
      3096   50.350609    
      3120   50.019344    
      3144   49.687828    
      3168   49.320312    
      3192   49.011189    
      3216   48.744431    
      3240   48.500916    
      3264   48.268364    
      3288   48.039364    
      3312   47.809566    
      3336   47.576500    
      3360   47.338875    
      3384   47.096115    
      3408   46.848034    
      3432   46.594681    
      3456   46.336220    
      3480   46.072884    
      3504   45.804913    
      3528   45.532558    
      3552   45.256054    
      3576   44.975616    
      3600   44.691448    
      3624   44.403717    
      3648   44.112598    
      3672   43.818241    
      3696   43.520767    
      3720   43.220314    
      3744   42.916992    
      3768   42.610905    
      3792   42.302128    
      3816   41.990776    
      3840   41.676903    
      3864   41.360600    
      3888   41.041939    
      3912   40.720974    
      3936   40.397778    
      3960   40.072403    
      3984   39.744915    
      4008   39.415356    
      4032   39.083786    
      4056   38.750263    
      4080   38.414833    
      4104   38.077553    
      4128   37.738468    
      4152   37.397636    
      4176   37.055122    
      4200   36.710960    
      4224   36.365204    
      4248   36.017914    
      4272   35.669140    
      4296   35.318939    
      4320   34.967369    
      4344   34.614487    
      4368   34.260357    
      4392   33.905025    
      4416   33.548561    
      4440   33.191032    
      4464   32.832497    
      4488   32.473019    
      4512   32.112675    
      4536   31.751547    
      4560   31.389704    
      4584   31.027220    
      4608   30.664177    
      4632   30.300644    
      4656   29.936707    
      4680   29.572426    
      4704   29.207886    
      4728   28.843180    
      4752   28.478378    
      4776   28.113575    
      4800   27.748846    
      4824   27.384287    
      4848   27.019972    
      4872   26.656006    
      4896   26.292473    
      4920   25.929468    
      4944   25.567080    
      4968   25.205410    
      4992   24.844551    
      5016   24.484596    
      5040   24.125647    
      5064   23.767797    
      5088   23.411154    
      5112   23.055811    
      5136   22.701870    
      5160   22.349438    
      5184   21.998606    
      5208   21.649483    
      5232   21.302168    
      5256   20.956766    
      5280   20.613371    
      5304   20.272095    
      5328   19.933043    
      5352   19.596302    
      5376   19.261997    
      5400   18.930237    
      5424   18.647419    
      5448   18.308479    
      5472   17.920845    
      5496   17.506458    
      5520   17.080494    
      5544   16.651951    
      5568   16.225866    
      5592   15.804933    
      5616   15.390474    
      5640   14.983093    
      5664   14.582992    
      5688   14.190174    
      5712   13.804560    
      5736   13.426041    
      5760   13.054502    
      5784   12.689844    
      5808   12.331988    
      5832   11.980873    
      5856   11.636456    
      5880   11.298710    
      5904   11.006220    
      5928   10.708212    
      5952   10.403605    
      5976   10.097100    
      6000   9.7923279    
      6024   9.4915943    
      6048   9.1963043    
      6072   8.9073029    
      6096   8.6250668    
      6120   8.3498602    
      6144   8.0818157    
      6168   7.8209863    
      6192   7.5673833    
      6216   7.3209853    
      6240   7.0817456    
      6264   6.8496022    
      6288   6.6244831    
      6312   6.4063082    
      6336   6.1949940    
      6360   5.9904490    
      6384   5.7925773    
      6408   5.6012788    
      6432   5.4164472    
      6456   5.2379727    
      6480   5.0657392    
      6504   4.8996277    
      6528   4.7395163    
      6552   4.5852785    
      6576   4.4367814    
      6600   4.2938929    
      6624   4.1859775    
      6648   4.0561137    
      6672   3.8978150    
      6696   3.7214270    
      6720   3.5379972    
      6744   3.3555696    
      6768   3.1791649    
      6792   3.0115430    
      6816   2.8539591    
      6840   2.7067342    
      6864   2.5696499    
      6888   2.4422050    
      6912   2.3237689    
      6936   2.2136726    
      6960   2.1112614    
      6984   2.0159147    
      7008   1.9270598    
      7032   1.8441722    
      7056   1.7667755    
      7080   1.6944371    
      7104   1.6267643    
      7128   1.5634004    
      7152   1.5040213    
      7176   1.4483318    
      7200   1.3960627    
      7224   1.3469687    
      7248   1.3008242    
      7272   1.2574241    
      7296   1.2165796    
      7320   1.1781178    
      7344   1.1418794    
      7368   1.1077176    
      7392   1.0754977    
      7416   1.0450948    
      7440   1.0163938    
      7464  0.98928720    
      7488  0.96367615    
      7512  0.93946791    
      7536  0.91657639    
      7560  0.89492041    
      7584  0.87442428    
      7608  0.85501665    
      7632  0.83662981    
      7656  0.81920010    
      7680  0.80266672    
      7704  0.78697234    
      7728  0.77206188    
      7752  0.75788331    
      7776  0.74438715    
      7800  0.73152584    
      7824  0.71925431    
      7848  0.70752966    
      7872  0.69631147    
      7896  0.68556100    
      7920  0.67524189    
      7944  0.67125368    
      7968  0.66706312    
      7992  0.66213083    
      8016  0.65634316    
      8040  0.64978874    
      8064  0.64262235    
      8088  0.63500321    
      8112  0.62706989    
      8136  0.61893386    
      8160  0.61068004    
      8184  0.60237181    
      8208  0.59405422    
      8232  0.58575845    
      8256  0.57750469    
      8280  0.56930530    
      8304  0.56116700    
      8328  0.55309135    
      8352  0.54507726    
      8376  0.53712106    
      8400  0.52921778    
      8424  0.52136105    
      8448  0.51354408    
      8472  0.50575924    
      8496  0.49799886    
      8520  0.49025503    
      8544  0.48252010    
      8568  0.47478622    
      8592  0.46704602    
      8616  0.45929220    
      8640  0.45151773    
      8664  0.44371691    
      8688  0.43588689    
      8712  0.42802906    
      8736  0.42014647    
