         1   170.00000    
       288   171.63010    
       576   172.84140    
       864   173.79836    
      1152   174.59906    
      1440   175.29401    
      1728   175.74667    
      2016   176.13760    
      2304   176.47958    
      2592   176.78285    
      2880   177.05498    
      3168   177.30254    
      3456   177.38287    
      3744   177.44426    
      4032   177.49260    
      4320   177.53358    
      4608   177.57292    
      4896   177.61569    
      5184   177.52901    
      5472   177.44659    
      5760   177.37228    
      6048   177.31023    
      6336   177.26471    
      6624   177.23991    
      6912   177.10864    
      7200   176.99590    
      7488   176.90445    
      7776   176.83817    
      8064   176.80048    
      8352   176.66776    
      8640   176.56041    
      8928   176.48146    
      9216   176.43440    
      9504   176.42262    
      9792   176.44995    
     10080   176.39163    
     10368   176.36714    
     10656   176.37961    
     10944   176.43240    
     11232   176.52943    
     11520   176.67450    
     11808   176.73871    
     12096   176.84445    
     12384   176.99516    
     12672   177.19482    
     12960   177.44771    
     13248   177.61864    
     13536   177.83585    
     13824   178.10283    
     14112   178.42422    
     14400   178.80484    
     14688   179.24969    
     14976   179.76425    
     15264   180.19705    
     15552   180.69061    
     15840   181.24977    
     16128   181.88060    
     16416   182.58931    
     16704   183.38130    
     16992   184.08643    
     17280   184.86484    
     17568   185.72241    
     17856   186.66367    
     18144   187.68311    
     18432   188.76614    
     18720   189.90331    
     19008   190.88455    
     19296   191.88841    
     19584   192.91414    
     19872   193.96104    
     20160   195.02802    
     20448   196.11305    
     20736   197.21538    
     21024   198.11301    
     21312   199.00194    
     21600   199.88475    
     21888   200.76489    
     22176   201.64474    
     22464   202.52650    
     22752   203.41096    
     23040   204.30017    
     23328   204.96465    
     23616   205.61168    
     23904   206.24719    
     24192   206.87704    
     24480   207.50624    
     24768   208.13870    
     25056   208.77654    
     25344   209.42308    
     25632   209.86967    
     25920   210.30574    
     26208   210.73720    
     26496   211.17091    
     26784   211.61113    
     27072   212.06152    
     27360   212.52466    
     27648   213.00056    
     27936   213.24187    
     28224   213.46947    
     28512   213.69131    
     28800   213.91403    
     29088   214.14307    
     29376   214.38181    
     29664   214.63281    
     29952   214.89644    
     30240   214.91734    
     30528   214.92551    
     30816   214.93408    
     31104   214.95419    
     31392   214.99406    
     31680   215.05977    
     31968   215.15469    
     32256   215.28067    
     32544   215.16837    
     32832   215.05571    
     33120   214.95480    
     33408   214.87462    
     33696   214.82048    
     33984   214.79312    
     34272   214.79143    
     34560   214.81151    
     34848   214.57123    
     35136   214.31323    
     35424   214.05089    
     35712   213.79312    
     36000   213.54404    
     36288   213.30403    
     36576   213.07201    
     36864   212.84566    
     37152   212.34227    
     37440   211.80847    
     37728   211.26067    
     38016   210.71031    
     38304   210.16406    
     38592   209.62523    
     38880   209.09415    
     39168   208.56975    
     39456   207.77548    
     39744   206.95547    
     40032   206.12817    
     40320   205.30612    
     40608   204.49648    
     40896   203.70624    
     41184   202.89659    
     41472   202.03476    
     41760   200.85802    
     42048   199.61711    
     42336   198.35103    
     42624   197.08786    
     42912   195.84538    
     43200   194.63176    
     43488   193.44952    
     43776   192.29773    
     44064   190.92503    
     44352   189.55666    
     44640   188.21379    
     44928   186.90767    
     45216   185.64224    
     45504   184.41675    
     45792   183.22708    
     46080   182.06960    
     46368   180.93881    
     46656   179.82988    
     46944   178.73917    
     47232   177.42050    
     47520   176.09325    
     47808   174.77985    
     48096   173.49200    
     48384   172.23390    
     48672   171.00507    
     48960   169.80275    
     49248   168.62328    
     49536   167.46292    
     49824   166.31789    
     50112   165.18517    
     50400   164.06302    
     50688   162.95132    
     50976   161.84756    
     51264   160.74989    
     51552   159.65511    
     51840   158.56186    
     52128   157.46826    
     52416   156.37334    
     52704   155.27589    
     52992   154.17563    
     53280   153.07196    
     53568   151.96469    
     53856   150.85345    
     54144   149.73988    
     54432   148.62584    
     54720   147.51134    
     55008   146.39563    
     55296   145.27750    
     55584   144.15630    
     55872   143.03172    
     56160   141.90320    
     56448   140.77087    
     56736   139.63492    
     57024   138.49591    
     57312   137.35670    
     57600   136.45860    
     57888   135.57460    
     58176   134.67722    
     58464   133.75276    
     58752   132.79674    
     59040   131.80942    
     59328   130.79472    
     59616   129.75800    
     59904   128.70294    
     60192   127.87928    
     60480   127.05588    
     60768   126.20699    
     61056   125.32104    
     61344   124.39568    
     61632   123.43302    
     61920   122.43768    
     62208   121.67045    
     62496   120.89548    
     62784   120.08876    
     63072   119.23965    
     63360   118.34647    
     63648   117.41174    
     63936   116.69819    
     64224   115.96808    
     64512   115.20036    
     64800   114.38620    
     65088   113.52435    
     65376   112.61779    
     65664   111.93484    
     65952   111.23070    
     66240   110.48372    
     66528   109.68584    
     66816   108.83878    
     67104   108.21535    
     67392   107.56524    
     67680   106.86691    
     67968   106.11187    
     68256   105.57323    
     68544   104.99630    
     68832   104.36056    
     69120   103.65955    
     69408   103.17488    
     69696   102.64787    
     69984   102.05851    
     70272   101.39964    
     70560   100.67229    
     70848   100.16272    
     71136   99.611511    
     71424   99.000618    
     71712   98.323807    
     72000   97.940491    
     72288   97.517769    
     72576   97.030167    
     72864   96.466881    
     73152   95.827301    
     73440   95.403809    
     73728   94.930412    
     74016   94.390831    
     74304   93.779205    
     74592   93.388214    
     74880   92.948051    
     75168   92.442368    
     75456   92.159225    
     75744   91.819939    
     76032   91.405518    
     76320   90.908730    
     76608   90.626541    
     76896   90.283394    
     77184   89.865265    
     77472   89.366905    
     77760   89.088928    
     78048   88.753090    
     78336   88.344254    
     78624   87.856476    
     78912   87.589493    
     79200   87.264397    
     79488   86.866745    
     79776   86.391418    
     80064   86.139977    
     80352   85.832260    
     80640   85.454132    
     80928   84.999458    
     81216   84.768127    
     81504   84.479546    
     81792   84.120125    
     82080   83.684822    
     82368   83.173599    
     82656   82.887428    
     82944   82.549370    
     83232   82.147751    
     83520   81.677376    
     83808   81.431831    
     84096   81.135696    
     84384   80.776146    
     84672   80.347404    
     84960   79.848190    
     85248   79.569283    
     85536   79.239479    
     85824   78.848824    
     86112   78.393242    
     86400   77.871346    
     86688   77.565697    
     86976   77.211983    
     87264   76.801559    
     87552   76.329842    
     87840   75.796272    
     88128   75.202095    
     88416   74.815010    
     88704   74.385544    
     88992   73.907654    
     89280   73.378288    
     89568   72.797707    
     89856   72.167160    
     90144   71.489677    
     90432   71.008186    
     90720   70.496544    
     91008   69.951485    
     91296   69.372643    
     91584   68.759598    
     91872   68.114029    
     92160   67.438385    
     92448   66.735542    
     92736   66.008713    
     93024   65.261383    
     93312   64.698135    
     93600   64.128220    
     93888   63.550816    
     94176   62.965416    
     94464   62.372765    
     94752   61.772614    
     95040   61.165691    
     95328   60.552803    
     95616   59.934814    
     95904   59.312435    
     96192   58.686768    
     96480   58.058086    
     96768   57.427010    
     97056   56.794106    
     97344   56.159946    
     97632   55.525269    
     97920   54.891010    
     98208   54.258713    
     98496   53.629269    
     98784   53.004032    
     99072   52.384243    
     99360   51.771194    
     99648   51.166153    
     99936   50.570320    
    100224   49.985455    
    100512   49.412361    
    100800   48.852242    
    101088   48.306187    
    101376   47.775272    
    101664   47.260479    
    101952   46.645340    
    102240   46.043800    
    102528   45.457039    
    102816   44.886330    
    103104   44.333160    
    103392   43.798561    
    103680   43.283653    
    103968   42.789455    
    104256   42.316952    
    104544   41.867069    
    104832   41.344116    
