         1   0.0000000    
        24  0.13188446    
        48  0.26867115    
        72  0.40685037    
        96  0.54861277    
       120  0.69521207    
       144  0.84731895    
       168   1.0052006    
       192   1.1688350    
       216   1.3379971    
       240   1.5123293    
       264   1.6913989    
       288   1.8747436    
       312   2.0619073    
       336   2.2524650    
       360   2.4460344    
       384   2.6422870    
       408   2.8409507    
       432   3.0418017    
       456   3.2446654    
       480   3.4494047    
       504   3.6559165    
       528   3.8641224    
       552   4.0739594    
       576   4.2853847    
       600   4.4983535    
       624   4.7128296    
       648   4.9287705    
       672   5.1461320    
       696   5.3648577    
       720   5.5848880    
       744   5.8061452    
       768   6.0285411    
       792   6.2519741    
       816   6.4763255    
       840   6.7014647    
       864   6.9272442    
       888   7.1535020    
       912   7.3800626    
       936   7.6067381    
       960   7.8333263    
       984   8.0596170    
      1008   8.2853928    
      1032   8.5104189    
      1056   8.6534710    
      1080   8.6803951    
      1104   8.6340103    
      1128   8.5410080    
      1152   8.4187975    
      1176   8.2791233    
      1200   8.1300917    
      1224   7.9759617    
      1248   7.8164220    
      1272   7.6561608    
      1296   7.4984818    
      1320   7.3457294    
      1344   7.1995540    
      1368   7.0610909    
      1392   6.9310927    
      1416   6.8100119    
      1440   6.6980724    
      1464   6.5953169    
      1488   6.5016403    
      1512   6.4168286    
      1536   6.3405728    
      1560   6.2724957    
      1584   6.2121649    
      1608   6.1591096    
      1632   6.1128306    
      1656   6.0727654    
      1680   6.0382891    
      1704   6.0088053    
      1728   5.9837413    
      1752   5.9625559    
      1776   5.9447412    
      1800   5.9298177    
      1824   5.9173446    
      1848   5.9069128    
      1872   5.8981500    
      1896   5.8907180    
      1920   5.8843169    
      1944   5.8786802    
      1968   5.8735542    
      1992   5.8686957    
      2016   5.8639107    
      2040   5.8590484    
      2064   5.8539619    
      2088   5.8485498    
      2112   5.8427558    
      2136   5.8365583    
      2160   5.8299675    
      2184   5.8230200    
      2208   5.8157778    
      2232   5.8083167    
      2256   5.8007293    
      2280   5.7931190    
      2304   5.7855959    
      2328   5.7782755    
      2352   5.7712688    
      2376   5.7646894    
      2400   5.7586384    
      2424   5.7532086    
      2448   5.7436070    
      2472   5.7199969    
      2496   5.6880412    
      2520   5.6515298    
      2544   5.6130395    
      2568   5.5743179    
      2592   5.5365281    
      2616   5.5004077    
      2640   5.4663754    
      2664   5.4346075    
      2688   5.4050980    
      2712   5.3777037    
      2736   5.3521852    
      2760   5.3282294    
      2784   5.3054810    
      2808   5.2835574    
      2832   5.2620459    
      2856   5.2405357    
      2880   5.2186518    
      2904   5.1960616    
      2928   5.1724696    
      2952   5.1476192    
      2976   5.1193943    
      3000   5.0818930    
      3024   5.0205178    
      3048   4.9443874    
      3072   4.8603058    
      3096   4.7725730    
      3120   4.6839814    
      3144   4.5963082    
      3168   4.4580836    
      3192   4.2676525    
      3216   4.0606899    
      3240   3.8545287    
      3264   3.6576405    
      3288   3.4738994    
      3312   3.3046985    
      3336   3.1500828    
      3360   3.0093923    
      3384   2.8816254    
      3408   2.7656496    
      3432   2.6603169    
      3456   2.5645278    
      3480   2.4772623    
      3504   2.3975914    
      3528   2.3246782    
      3552   2.2577729    
      3576   2.1962082    
      3600   2.1393893    
      3624   2.0867889    
      3648   2.0379384    
      3672   1.9924229    
      3696   1.9498751    
      3720   1.9099712    
      3744   1.8724252    
      3768   1.8369848    
      3792   1.8034285    
      3816   1.7715619    
      3840   1.7412138    
      3864   1.7122344    
      3888   1.6844935    
      3912   1.6578764    
      3936   1.6322829    
      3960   1.6076262    
      3984   1.5838302    
      4008   1.5608280    
      4032   1.5385621    
      4056   1.5169822    
      4080   1.4960439    
      4104   1.4757087    
      4128   1.4559430    
      4152   1.4367169    
      4176   1.4180044    
      4200   1.3997824    
      4224   1.3820313    
      4248   1.3647321    
      4272   1.3478693    
      4296   1.3314279    
      4320   1.3153952    
      4344   1.2997589    
      4368   1.2845087    
      4392   1.2696340    
      4416   1.2551254    
      4440   1.2409745    
      4464   1.2271730    
      4488   1.2137116    
      4512   1.2005777    
      4536   1.1877624    
      4560   1.1752579    
      4584   1.1630590    
      4608   1.1511605    
      4632   1.1395569    
      4656   1.1282430    
      4680   1.1172137    
      4704   1.1064641    
      4728   1.0959893    
      4752   1.0857836    
      4776   1.0758421    
      4800   1.0661597    
      4824   1.0567309    
      4848   1.0475507    
      4872   1.0386138    
      4896   1.0299151    
      4920   1.0214496    
      4944   1.0132116    
      4968   1.0051965    
      4992  0.99739873    
      5016  0.98981345    
      5040  0.98243546    
      5064  0.97525996    
      5088  0.96828175    
      5112  0.96149594    
      5136  0.95489746    
      5160  0.94848162    
      5184  0.94224334    
      5208  0.93617785    
      5232  0.93028045    
      5256  0.92454618    
      5280  0.91897029    
      5304  0.91354823    
      5328  0.90827495    
      5352  0.90314054    
      5376  0.89813584    
      5400  0.89324939    
      5424  0.91028631    
      5448  0.95669961    
      5472   1.0168846    
      5496   1.0800877    
      5520   1.1401117    
      5544   1.1940342    
      5568   1.2409288    
      5592   1.2809366    
      5616   1.3146907    
      5640   1.3429953    
      5664   1.3666648    
      5688   1.3864510    
      5712   1.4030159    
      5736   1.4169292    
      5760   1.4286734    
      5784   1.4386533    
      5808   1.4472069    
      5832   1.4546158    
      5856   1.4611136    
      5880   1.4668883    
      5904   1.4748784    
      5928   1.4904534    
      5952   1.5097507    
      5976   1.5302943    
      6000   1.5505888    
      6024   1.5697942    
      6048   1.5875078    
      6072   1.6036044    
      6096   1.6181227    
      6120   1.6311883    
      6144   1.6429590    
      6168   1.6535932    
      6192   1.6632532    
      6216   1.6720911    
      6240   1.6802448    
      6264   1.6878345    
      6288   1.6949641    
      6312   1.7017202    
      6336   1.7081761    
      6360   1.7143921    
      6384   1.7204179    
      6408   1.7262927    
      6432   1.7320483    
      6456   1.7377092    
      6480   1.7432938    
      6504   1.7488140    
      6528   1.7542783    
      6552   1.7596906    
      6576   1.7650505    
      6600   1.7703550    
      6624   1.8155097    
      6648   1.9249190    
      6672   2.0782146    
      6696   2.2564096    
      6720   2.4446120    
      6744   2.6325955    
      6768   2.8141754    
      6792   2.9861836    
      6816   3.1474769    
      6840   3.2981458    
      6864   3.4389508    
      6888   3.5709527    
      6912   3.6952891    
      6936   3.8130491    
      6960   3.9252131    
      6984   4.0326300    
      7008   4.1360135    
      7032   4.2359519    
      7056   4.3329201    
      7080   4.4272919    
      7104   4.5193543    
      7128   4.6093211    
      7152   4.6973429    
      7176   4.7835121    
      7200   4.8678780    
      7224   4.9504485    
      7248   5.0311933    
      7272   5.1100631    
      7296   5.1869793    
      7320   5.2618456    
      7344   5.3345575    
      7368   5.4050021    
      7392   5.4730625    
      7416   5.5386276    
      7440   5.6015892    
      7464   5.6618533    
      7488   5.7193422    
      7512   5.7739959    
      7536   5.8257747    
      7560   5.8746686    
      7584   5.9206896    
      7608   5.9638762    
      7632   6.0042958    
      7656   6.0420403    
      7680   6.0772300    
      7704   6.1100016    
      7728   6.1405177    
      7752   6.1689582    
      7776   6.1955137    
      7800   6.2203908    
      7824   6.2438025    
      7848   6.2659678    
      7872   6.2871113    
      7896   6.3074541    
      7920   6.3272200    
      7944   6.3487134    
      7968   6.3785710    
      7992   6.4147334    
      8016   6.4556842    
      8040   6.5003290    
      8064   6.5479045    
      8088   6.5978971    
      8112   6.6499896    
      8136   6.7040086    
      8160   6.7598896    
      8184   6.8176513    
      8208   6.8773746    
      8232   6.9391923    
      8256   7.0032759    
      8280   7.0698280    
      8304   7.1390767    
      8328   7.2112765    
      8352   7.2867017    
      8376   7.3656497    
      8400   7.4484401    
      8424   7.5354166    
      8448   7.6269455    
      8472   7.7234197    
      8496   7.8252640    
      8520   7.9329329    
      8544   8.0469141    
      8568   8.1677427    
      8592   8.2959871    
      8616   8.4322653    
      8640   8.5771532    
      8664   8.7311220    
      8688   8.8945389    
      8712   9.0678406    
      8736   9.2515612    
