         1   0.0000000    
        24   2.3552964    
        48   4.4962072    
        72   6.3848648    
        96   8.0796661    
       120   9.6182127    
       144   11.027054    
       168   12.326205    
       192   13.531514    
       216   14.655976    
       240   15.710522    
       264   16.704500    
       288   17.646000    
       312   18.542034    
       336   19.398710    
       360   20.221327    
       384   21.014477    
       408   21.782108    
       432   22.527615    
       456   23.253860    
       480   23.963276    
       504   24.657881    
       528   25.339348    
       552   26.009026    
       576   26.668016    
       600   27.317156    
       624   27.957117    
       648   28.588367    
       672   29.211245    
       696   29.825962    
       720   30.432625    
       744   31.031242    
       768   31.621763    
       792   32.204071    
       816   32.777992    
       840   33.343319    
       864   33.899815    
       888   34.447205    
       912   34.985218    
       936   35.513577    
       960   36.031979    
       984   36.540150    
      1008   37.037800    
      1032   37.524673    
      1056   37.943325    
      1080   38.194206    
      1104   38.303417    
      1128   38.300777    
      1152   38.213493    
      1176   38.064423    
      1200   37.872089    
      1224   37.652447    
      1248   37.419930    
      1272   37.181812    
      1296   36.944077    
      1320   36.711578    
      1344   36.488201    
      1368   36.276920    
      1392   36.079964    
      1416   35.898903    
      1440   35.734737    
      1464   35.587971    
      1488   35.458691    
      1512   35.346645    
      1536   35.251240    
      1560   35.171665    
      1584   35.106888    
      1608   35.055710    
      1632   35.016830    
      1656   34.988739    
      1680   34.969761    
      1704   34.958233    
      1728   34.952545    
      1752   34.951153    
      1776   34.952602    
      1800   34.955509    
      1824   34.958626    
      1848   34.960781    
      1872   34.960941    
      1896   34.958195    
      1920   34.951744    
      1944   34.940914    
      1968   34.925106    
      1992   34.903759    
      2016   34.876472    
      2040   34.842953    
      2064   34.802971    
      2088   34.756424    
      2112   34.703274    
      2136   34.643623    
      2160   34.577637    
      2184   34.505554    
      2208   34.427673    
      2232   34.344315    
      2256   34.255825    
      2280   34.162567    
      2304   34.064926    
      2328   33.963257    
      2352   33.857933    
      2376   33.749279    
      2400   33.637600    
      2424   33.523201    
      2448   33.407551    
      2472   33.287094    
      2496   33.157578    
      2520   33.017883    
      2544   32.868660    
      2568   32.711399    
      2592   32.547916    
      2616   32.379990    
      2640   32.209152    
      2664   32.036602    
      2688   31.863216    
      2712   31.689548    
      2736   31.515856    
      2760   31.342178    
      2784   31.168371    
      2808   30.994186    
      2832   30.819239    
      2856   30.643097    
      2880   30.465374    
      2904   30.285730    
      2928   30.103891    
      2952   29.919624    
      2976   29.734676    
      3000   29.551937    
      3024   29.376558    
      3048   29.188368    
      3072   28.979509    
      3096   28.750769    
      3120   28.506632    
      3144   28.252459    
      3168   27.898098    
      3192   27.374966    
      3216   26.771358    
      3240   26.146368    
      3264   25.534512    
      3288   24.953753    
      3312   24.411810    
      3336   23.910404    
      3360   23.448040    
      3384   23.021662    
      3408   22.627634    
      3432   22.262323    
      3456   21.922340    
      3480   21.604677    
      3504   21.306700    
      3528   21.026144    
      3552   20.761070    
      3576   20.509792    
      3600   20.270861    
      3624   20.043011    
      3648   19.825138    
      3672   19.616274    
      3696   19.415567    
      3720   19.222271    
      3744   19.035715    
      3768   18.855339    
      3792   18.680620    
      3816   18.511124    
      3840   18.346460    
      3864   18.186291    
      3888   18.030329    
      3912   17.878304    
      3936   17.730007    
      3960   17.585241    
      3984   17.443834    
      4008   17.305660    
      4032   17.170580    
      4056   17.038496    
      4080   16.909309    
      4104   16.782944    
      4128   16.659328    
      4152   16.538401    
      4176   16.420116    
      4200   16.304419    
      4224   16.191275    
      4248   16.080643    
      4272   15.972500    
      4296   15.866811    
      4320   15.763551    
      4344   15.662698    
      4368   15.564235    
      4392   15.468133    
      4416   15.374378    
      4440   15.282951    
      4464   15.193838    
      4488   15.107011    
      4512   15.022426    
      4536   14.940058    
      4560   14.859893    
      4584   14.781920    
      4608   14.706127    
      4632   14.632502    
      4656   14.561041    
      4680   14.491727    
      4704   14.424547    
      4728   14.359489    
      4752   14.296539    
      4776   14.235682    
      4800   14.176903    
      4824   14.120188    
      4848   14.065519    
      4872   14.012882    
      4896   13.962262    
      4920   13.913641    
      4944   13.867005    
      4968   13.822336    
      4992   13.779613    
      5016   13.738822    
      5040   13.699946    
      5064   13.662971    
      5088   13.627876    
      5112   13.594646    
      5136   13.563264    
      5160   13.533710    
      5184   13.505974    
      5208   13.480031    
      5232   13.455866    
      5256   13.433464    
      5280   13.412807    
      5304   13.393876    
      5328   13.376657    
      5352   13.361094    
      5376   13.347152    
      5400   13.334779    
      5424   13.420008    
      5448   13.636374    
      5472   13.897628    
      5496   14.158056    
      5520   14.396294    
      5544   14.604837    
      5568   14.783405    
      5592   14.934943    
      5616   15.063469    
      5640   15.172992    
      5664   15.267104    
      5688   15.348845    
      5712   15.420737    
      5736   15.484840    
      5760   15.542846    
      5784   15.596138    
      5808   15.645852    
      5832   15.692919    
      5856   15.738097    
      5880   15.781994    
      5904   15.825987    
      5928   15.878333    
      5952   15.938648    
      5976   16.004684    
      6000   16.073812    
      6024   16.143776    
      6048   16.213001    
      6072   16.280567    
      6096   16.346098    
      6120   16.409575    
      6144   16.471165    
      6168   16.531113    
      6192   16.589731    
      6216   16.647337    
      6240   16.704235    
      6264   16.760691    
      6288   16.816933    
      6312   16.873148    
      6336   16.929483    
      6360   16.986057    
      6384   17.042957    
      6408   17.100243    
      6432   17.157948    
      6456   17.216097    
      6480   17.274698    
      6504   17.333746    
      6528   17.393219    
      6552   17.453091    
      6576   17.513311    
      6600   17.573837    
      6624   17.740799    
      6648   18.085468    
      6672   18.528849    
      6696   19.016527    
      6720   19.511442    
      6744   19.989590    
      6768   20.437021    
      6792   20.847252    
      6816   21.218922    
      6840   21.553829    
      6864   21.855417    
      6888   22.127789    
      6912   22.375036    
      6936   22.600924    
      6960   22.808722    
      6984   23.001192    
      7008   23.180595    
      7032   23.348780    
      7056   23.507214    
      7080   23.657097    
      7104   23.799358    
      7128   23.934759    
      7152   24.063906    
      7176   24.187267    
      7200   24.305244    
      7224   24.418133    
      7248   24.526190    
      7272   24.629597    
      7296   24.728529    
      7320   24.823111    
      7344   24.913446    
      7368   24.999624    
      7392   25.081726    
      7416   25.159809    
      7440   25.233932    
      7464   25.304150    
      7488   25.370522    
      7512   25.433104    
      7536   25.491953    
      7560   25.547146    
      7584   25.598747    
      7608   25.646835    
      7632   25.691505    
      7656   25.732830    
      7680   25.770926    
      7704   25.805882    
      7728   25.837809    
      7752   25.866817    
      7776   25.893009    
      7800   25.916496    
      7824   25.937389    
      7848   25.955790    
      7872   25.971806    
      7896   25.985514    
      7920   25.997011    
      7944   26.004965    
      7968   26.006229    
      7992   26.002813    
      8016   25.996147    
      8040   25.987228    
      8064   25.976730    
      8088   25.965094    
      8112   25.952593    
      8136   25.939402    
      8160   25.925610    
      8184   25.911259    
      8208   25.896385    
      8232   25.880999    
      8256   25.865099    
      8280   25.848701    
      8304   25.831831    
      8328   25.814520    
      8352   25.796816    
      8376   25.778780    
      8400   25.760496    
      8424   25.742056    
      8448   25.723572    
      8472   25.705181    
      8496   25.687017    
      8520   25.669239    
      8544   25.652020    
      8568   25.635530    
      8592   25.619953    
      8616   25.605476    
      8640   25.592237    
      8664   25.580301    
      8688   25.569643    
      8712   25.560219    
      8736   25.552017    
