         1  0.19438481E-09
       288  0.23305183E-09
       576  0.26532246E-09
       864  0.29185965E-09
      1152  0.31346131E-09
      1440  0.33081840E-09
      1728  0.34819519E-09
      2016  0.36199299E-09
      2304  0.37269252E-09
      2592  0.38071962E-09
      2880  0.38644829E-09
      3168  0.39020845E-09
      3456  0.39647197E-09
      3744  0.40066395E-09
      4032  0.40307815E-09
      4320  0.40397793E-09
      4608  0.40359582E-09
      4896  0.40213810E-09
      5184  0.40408332E-09
      5472  0.40456441E-09
      5760  0.40381115E-09
      6048  0.40202808E-09
      6336  0.39939455E-09
      6624  0.39606823E-09
      6912  0.39643827E-09
      7200  0.39561496E-09
      7488  0.39432821E-09
      7776  0.39214562E-09
      8064  0.38923781E-09
      8352  0.38993384E-09
      8640  0.38942272E-09
      8928  0.38791703E-09
      9216  0.38560516E-09
      9504  0.38265052E-09
      9792  0.37919395E-09
     10080  0.37997075E-09
     10368  0.37960482E-09
     10656  0.37830983E-09
     10944  0.37627285E-09
     11232  0.37365358E-09
     11520  0.37058867E-09
     11808  0.37119777E-09
     12096  0.37131404E-09
     12384  0.37052270E-09
     12672  0.36901343E-09
     12960  0.36694733E-09
     13248  0.36841041E-09
     13536  0.36878589E-09
     13824  0.36882192E-09
     14112  0.36807496E-09
     14400  0.36671949E-09
     14688  0.36490233E-09
     14976  0.36274578E-09
     15264  0.36476364E-09
     15552  0.36571934E-09
     15840  0.36583875E-09
     16128  0.36530912E-09
     16416  0.36428677E-09
     16704  0.36345968E-09
     16992  0.36607964E-09
     17280  0.36763270E-09
     17568  0.36834655E-09
     17856  0.36841130E-09
     18144  0.36853873E-09
     18432  0.36816286E-09
     18720  0.36740097E-09
     19008  0.37015627E-09
     19296  0.37244682E-09
     19584  0.37381048E-09
     19872  0.37445463E-09
     20160  0.37455281E-09
     20448  0.37483180E-09
     20736  0.37468098E-09
     21024  0.37801515E-09
     21312  0.38025896E-09
     21600  0.38224873E-09
     21888  0.38345155E-09
     22176  0.38405190E-09
     22464  0.38419376E-09
     22752  0.38460837E-09
     23040  0.38462214E-09
     23328  0.38818507E-09
     23616  0.39061118E-09
     23904  0.39277581E-09
     24192  0.39411005E-09
     24480  0.39480169E-09
     24768  0.39499720E-09
     25056  0.39545694E-09
     25344  0.39545786E-09
     25632  0.39863873E-09
     25920  0.40065357E-09
     26208  0.40242132E-09
     26496  0.40331424E-09
     26784  0.40352569E-09
     27072  0.40320175E-09
     27360  0.40245474E-09
     27648  0.40206199E-09
     27936  0.40524575E-09
     28224  0.40699322E-09
     28512  0.40764273E-09
     28800  0.40815051E-09
     29088  0.40782772E-09
     29376  0.40687925E-09
     29664  0.40546166E-09
     29952  0.40443413E-09
     30240  0.40709952E-09
     30528  0.40823966E-09
     30816  0.40827949E-09
     31104  0.40754630E-09
     31392  0.40703052E-09
     31680  0.40594769E-09
     31968  0.40450315E-09
     32256  0.40284909E-09
     32544  0.40612974E-09
     32832  0.40781994E-09
     33120  0.40844844E-09
     33408  0.40839734E-09
     33696  0.40794013E-09
     33984  0.40807452E-09
     34272  0.40786521E-09
     34560  0.40748727E-09
     34848  0.41141932E-09
     35136  0.41392320E-09
     35424  0.41552001E-09
     35712  0.41740419E-09
     36000  0.41869758E-09
     36288  0.41965098E-09
     36576  0.42043113E-09
     36864  0.42114687E-09
     37152  0.42636641E-09
     37440  0.43095877E-09
     37728  0.43429946E-09
     38016  0.43685633E-09
     38304  0.43893758E-09
     38592  0.44074394E-09
     38880  0.44240492E-09
     39168  0.44400342E-09
     39456  0.45026777E-09
     39744  0.45584989E-09
     40032  0.46007587E-09
     40320  0.46344523E-09
     40608  0.46628434E-09
     40896  0.46682685E-09
     41184  0.46610438E-09
     41472  0.46608101E-09
     41760  0.47144633E-09
     42048  0.47553356E-09
     42336  0.47885440E-09
     42624  0.48172438E-09
     42912  0.48433624E-09
     43200  0.48784987E-09
     43488  0.49092619E-09
     43776  0.49373849E-09
     44064  0.50142168E-09
     44352  0.50723292E-09
     44640  0.51185400E-09
     44928  0.51572330E-09
     45216  0.51912130E-09
     45504  0.52222787E-09
     45792  0.52515581E-09
     46080  0.52797700E-09
     46368  0.53073762E-09
     46656  0.53346683E-09
     46944  0.53618310E-09
     47232  0.54430016E-09
     47520  0.55050042E-09
     47808  0.55548227E-09
     48096  0.55969446E-09
     48384  0.56342192E-09
     48672  0.56684829E-09
     48960  0.57008831E-09
     49248  0.57321403E-09
     49536  0.57627220E-09
     49824  0.57929295E-09
     50112  0.58229510E-09
     50400  0.58403732E-09
     50688  0.58622540E-09
     50976  0.58870298E-09
     51264  0.59136962E-09
     51552  0.59416116E-09
     51840  0.59703748E-09
     52128  0.59997246E-09
     52416  0.60294930E-09
     52704  0.60595706E-09
     52992  0.60898997E-09
     53280  0.61204380E-09
     53568  0.61511674E-09
     53856  0.61820626E-09
     54144  0.61997213E-09
     54432  0.62222916E-09
     54720  0.62480482E-09
     55008  0.62758904E-09
     55296  0.63051170E-09
     55584  0.63352801E-09
     55872  0.63660904E-09
     56160  0.63973865E-09
     56448  0.64290567E-09
     56736  0.64610328E-09
     57024  0.64795797E-09
     57312  0.65032030E-09
     57600  0.64615380E-09
     57888  0.64464528E-09
     58176  0.64481953E-09
     58464  0.64606520E-09
     58752  0.64799854E-09
     59040  0.65037831E-09
     59328  0.65166078E-09
     59616  0.65363148E-09
     59904  0.65605754E-09
     60192  0.65165201E-09
     60480  0.64995825E-09
     60768  0.64998840E-09
     61056  0.65112371E-09
     61344  0.65297651E-09
     61632  0.65529998E-09
     61920  0.65654693E-09
     62208  0.65117078E-09
     62496  0.64881417E-09
     62784  0.64838801E-09
     63072  0.64920774E-09
     63360  0.65084138E-09
     63648  0.65301509E-09
     63936  0.64813754E-09
     64224  0.64465411E-09
     64512  0.64346528E-09
     64800  0.64376626E-09
     65088  0.64504602E-09
     65376  0.64698513E-09
     65664  0.64183475E-09
     65952  0.63954081E-09
     66240  0.63910088E-09
     66528  0.63853012E-09
     66816  0.63923522E-09
     67104  0.63319527E-09
     67392  0.63028094E-09
     67680  0.62941008E-09
     67968  0.62989275E-09
     68256  0.62369404E-09
     68544  0.62062677E-09
     68832  0.61961258E-09
     69120  0.61866023E-09
     69408  0.61147198E-09
     69696  0.60770144E-09
     69984  0.60617877E-09
     70272  0.60615307E-09
     70560  0.60713679E-09
     70848  0.60126970E-09
     71136  0.59832039E-09
     71424  0.59730804E-09
     71712  0.59637106E-09
     72000  0.58763039E-09
     72288  0.58269595E-09
     72576  0.58028510E-09
     72864  0.57956812E-09
     73152  0.58000410E-09
     73440  0.57383320E-09
     73728  0.57054667E-09
     74016  0.56919847E-09
     74304  0.56917282E-09
     74592  0.56155763E-09
     74880  0.55723165E-09
     75168  0.55512817E-09
     75456  0.54731025E-09
     75744  0.54278659E-09
     76032  0.54048793E-09
     76320  0.53970983E-09
     76608  0.53289911E-09
     76896  0.52898702E-09
     77184  0.52597021E-09
     77472  0.52464860E-09
     77760  0.51752580E-09
     78048  0.51332816E-09
     78336  0.51113369E-09
     78624  0.51032939E-09
     78912  0.50367666E-09
     79200  0.49972976E-09
     79488  0.49764781E-09
     79776  0.49588994E-09
     80064  0.48864940E-09
     80352  0.48421900E-09
     80640  0.48173904E-09
     80928  0.48063159E-09
     81216  0.47399529E-09
     81504  0.46991638E-09
     81792  0.46762733E-09
     82080  0.46570131E-09
     82368  0.46494580E-09
     82656  0.45870704E-09
     82944  0.45484266E-09
     83232  0.45266380E-09
     83520  0.45169787E-09
     83808  0.44548745E-09
     84096  0.44074630E-09
     84384  0.43790188E-09
     84672  0.43643192E-09
     84960  0.43597354E-09
     85248  0.43036283E-09
     85536  0.42687751E-09
     85824  0.42493947E-09
     86112  0.42337003E-09
     86400  0.42286147E-09
     86688  0.41747977E-09
     86976  0.41415674E-09
     87264  0.41235393E-09
     87552  0.41168979E-09
     87840  0.41117318E-09
     88128  0.41150330E-09
     88416  0.40709353E-09
     88704  0.40448744E-09
     88992  0.40323306E-09
     89280  0.40300208E-09
     89568  0.40287965E-09
     89856  0.40351181E-09
     90144  0.40472470E-09
     90432  0.40131196E-09
     90720  0.39935308E-09
     91008  0.39848422E-09
     91296  0.39779563E-09
     91584  0.39784753E-09
     91872  0.39844772E-09
     92160  0.39944667E-09
     92448  0.40072640E-09
     92736  0.40219225E-09
     93024  0.40319084E-09
     93312  0.39965309E-09
     93600  0.39710829E-09
     93888  0.39529416E-09
     94176  0.39400708E-09
     94464  0.39252979E-09
     94752  0.39139914E-09
     95040  0.39049577E-09
     95328  0.38972589E-09
     95616  0.38901510E-09
     95904  0.38830478E-09
     96192  0.38703377E-09
     96480  0.38577025E-09
     96768  0.38446921E-09
     97056  0.38309567E-09
     97344  0.38162293E-09
     97632  0.38003042E-09
     97920  0.37830225E-09
     98208  0.37594922E-09
     98496  0.37351902E-09
     98784  0.37099165E-09
     99072  0.36835202E-09
     99360  0.36558981E-09
     99648  0.36269687E-09
     99936  0.35966813E-09
    100224  0.35605421E-09
    100512  0.35237382E-09
    100800  0.34861583E-09
    101088  0.34477224E-09
    101376  0.34083800E-09
    101664  0.33681044E-09
    101952  0.33630715E-09
    102240  0.33510728E-09
    102528  0.33330277E-09
    102816  0.33097361E-09
    103104  0.32778788E-09
    103392  0.32426881E-09
    103680  0.32046060E-09
    103968  0.31640143E-09
    104256  0.31212555E-09
    104544  0.30766417E-09
    104832  0.30636693E-09
