         1  0.19438481E-09
        24  0.22235822E-09
        48  0.24664637E-09
        72  0.26552804E-09
        96  0.27999761E-09
       120  0.29086994E-09
       144  0.29881375E-09
       168  0.30437872E-09
       192  0.30801697E-09
       216  0.31009989E-09
       240  0.31093284E-09
       264  0.31076600E-09
       288  0.30980474E-09
       312  0.30821709E-09
       336  0.30614031E-09
       360  0.30368633E-09
       384  0.30094649E-09
       408  0.29799468E-09
       432  0.29489103E-09
       456  0.29168407E-09
       480  0.28841282E-09
       504  0.28510894E-09
       528  0.28179753E-09
       552  0.27849870E-09
       576  0.27522859E-09
       600  0.27200001E-09
       624  0.26882269E-09
       648  0.26570479E-09
       672  0.26265226E-09
       696  0.25966992E-09
       720  0.25676136E-09
       744  0.25392924E-09
       768  0.25117547E-09
       792  0.24850158E-09
       816  0.24590843E-09
       840  0.24339636E-09
       864  0.24096569E-09
       888  0.23861635E-09
       912  0.23634811E-09
       936  0.23416050E-09
       960  0.23205293E-09
       984  0.23002472E-09
      1008  0.22807510E-09
      1032  0.22620315E-09
      1056  0.25580252E-09
      1080  0.27939109E-09
      1104  0.29793698E-09
      1128  0.31228869E-09
      1152  0.32317921E-09
      1176  0.33123515E-09
      1200  0.33698719E-09
      1224  0.34762301E-09
      1248  0.35544798E-09
      1272  0.36100301E-09
      1296  0.36473996E-09
      1320  0.36703329E-09
      1344  0.36819223E-09
      1368  0.36847014E-09
      1392  0.36807354E-09
      1416  0.36716985E-09
      1440  0.36589365E-09
      1464  0.36435260E-09
      1488  0.36263212E-09
      1512  0.36079920E-09
      1536  0.35890629E-09
      1560  0.35699346E-09
      1584  0.35509140E-09
      1608  0.35322278E-09
      1632  0.35140410E-09
      1656  0.34966799E-09
      1680  0.34804495E-09
      1704  0.34652659E-09
      1728  0.34510522E-09
      1752  0.34377365E-09
      1776  0.34252504E-09
      1800  0.34135322E-09
      1824  0.34025177E-09
      1848  0.33921468E-09
      1872  0.33823599E-09
      1896  0.33730965E-09
      1920  0.33642955E-09
      1944  0.33560116E-09
      1968  0.33483122E-09
      1992  0.33410563E-09
      2016  0.33341199E-09
      2040  0.33274053E-09
      2064  0.33209524E-09
      2088  0.33146202E-09
      2112  0.33082864E-09
      2136  0.33018424E-09
      2160  0.32951913E-09
      2184  0.32882463E-09
      2208  0.32809244E-09
      2232  0.32731556E-09
      2256  0.32648753E-09
      2280  0.32560307E-09
      2304  0.32465783E-09
      2328  0.32364861E-09
      2352  0.32257408E-09
      2376  0.32143407E-09
      2400  0.32023045E-09
      2424  0.31896671E-09
      2448  0.32817646E-09
      2472  0.33383041E-09
      2496  0.33704156E-09
      2520  0.33859060E-09
      2544  0.33902345E-09
      2568  0.33872094E-09
      2592  0.33794870E-09
      2616  0.33689235E-09
      2640  0.33568182E-09
      2664  0.33440845E-09
      2688  0.33313735E-09
      2712  0.33191461E-09
      2736  0.33077346E-09
      2760  0.32973793E-09
      2784  0.32882502E-09
      2808  0.32805897E-09
      2832  0.32744915E-09
      2856  0.32699354E-09
      2880  0.32668984E-09
      2904  0.32653596E-09
      2928  0.32652847E-09
      2952  0.32666400E-09
      2976  0.32593561E-09
      3000  0.32506753E-09
      3024  0.32323832E-09
      3048  0.32220440E-09
      3072  0.32177194E-09
      3096  0.32179409E-09
      3120  0.32216346E-09
      3144  0.32280198E-09
      3168  0.36854189E-09
      3192  0.39867015E-09
      3216  0.41866494E-09
      3240  0.43213089E-09
      3264  0.44141346E-09
      3288  0.44802809E-09
      3312  0.45294871E-09
      3336  0.45680307E-09
      3360  0.45998680E-09
      3384  0.46275225E-09
      3408  0.46526155E-09
      3432  0.46761833E-09
      3456  0.46988902E-09
      3480  0.47211590E-09
      3504  0.47432591E-09
      3528  0.47653625E-09
      3552  0.47875776E-09
      3576  0.48099685E-09
      3600  0.48325738E-09
      3624  0.48554144E-09
      3648  0.48784987E-09
      3672  0.49018295E-09
      3696  0.49254040E-09
      3720  0.49492171E-09
      3744  0.49732618E-09
      3768  0.49975285E-09
      3792  0.50220089E-09
      3816  0.50466953E-09
      3840  0.50715754E-09
      3864  0.50966414E-09
      3888  0.51218846E-09
      3912  0.51472959E-09
      3936  0.51728660E-09
      3960  0.51985871E-09
      3984  0.52244503E-09
      4008  0.52504473E-09
      4032  0.52765692E-09
      4056  0.53028071E-09
      4080  0.53291566E-09
      4104  0.53556082E-09
      4128  0.53821558E-09
      4152  0.54087917E-09
      4176  0.54355098E-09
      4200  0.54623017E-09
      4224  0.54891625E-09
      4248  0.55160848E-09
      4272  0.55430660E-09
      4296  0.55700955E-09
      4320  0.55971722E-09
      4344  0.56242899E-09
      4368  0.56514426E-09
      4392  0.56786281E-09
      4416  0.57058419E-09
      4440  0.57330785E-09
      4464  0.57603688E-09
      4488  0.57878013E-09
      4512  0.58153243E-09
      4536  0.58429117E-09
      4560  0.58705396E-09
      4584  0.58981986E-09
      4608  0.59258803E-09
      4632  0.59535826E-09
      4656  0.59813043E-09
      4680  0.60090416E-09
      4704  0.60367905E-09
      4728  0.60645583E-09
      4752  0.60923444E-09
      4776  0.61201516E-09
      4800  0.61479810E-09
      4824  0.61758360E-09
      4848  0.62037170E-09
      4872  0.62316347E-09
      4896  0.62595895E-09
      4920  0.62875843E-09
      4944  0.63156330E-09
      4968  0.63437355E-09
      4992  0.63719013E-09
      5016  0.64001388E-09
      5040  0.64284539E-09
      5064  0.64568556E-09
      5088  0.64853550E-09
      5112  0.65139610E-09
      5136  0.65426881E-09
      5160  0.65715428E-09
      5184  0.66005407E-09
      5208  0.66296912E-09
      5232  0.66590106E-09
      5256  0.66885114E-09
      5280  0.67182099E-09
      5304  0.67481204E-09
      5328  0.67782607E-09
      5352  0.68087735E-09
      5376  0.68396833E-09
      5400  0.68710804E-09
      5424  0.59832511E-09
      5448  0.54893307E-09
      5472  0.52145011E-09
      5496  0.50618021E-09
      5520  0.49775373E-09
      5544  0.49318094E-09
      5568  0.49078946E-09
      5592  0.48963927E-09
      5616  0.48919840E-09
      5640  0.48916377E-09
      5664  0.48936105E-09
      5688  0.48968896E-09
      5712  0.49008869E-09
      5736  0.49052512E-09
      5760  0.49097781E-09
      5784  0.49143367E-09
      5808  0.49188492E-09
      5832  0.49232657E-09
      5856  0.49275561E-09
      5880  0.49317506E-09
      5904  0.47536902E-09
      5928  0.46481080E-09
      5952  0.45861470E-09
      5976  0.45503082E-09
      6000  0.45301074E-09
      6024  0.45193788E-09
      6048  0.45143511E-09
      6072  0.45127374E-09
      6096  0.45131610E-09
      6120  0.45147883E-09
      6144  0.45171919E-09
      6168  0.45201540E-09
      6192  0.45234430E-09
      6216  0.45269155E-09
      6240  0.45304907E-09
      6264  0.45341189E-09
      6288  0.45377732E-09
      6312  0.45414392E-09
      6336  0.45451168E-09
      6360  0.45488099E-09
      6384  0.45525228E-09
      6408  0.45562720E-09
      6432  0.45600712E-09
      6456  0.45639412E-09
      6480  0.45679013E-09
      6504  0.45719800E-09
      6528  0.45762025E-09
      6552  0.45805973E-09
      6576  0.45851994E-09
      6600  0.45900433E-09
      6624  0.38723180E-09
      6648  0.34463926E-09
      6672  0.31881234E-09
      6696  0.30265593E-09
      6720  0.29208636E-09
      6744  0.28474434E-09
      6768  0.27926683E-09
      6792  0.27486952E-09
      6816  0.27110367E-09
      6840  0.26771457E-09
      6864  0.26455890E-09
      6888  0.26155716E-09
      6912  0.25866584E-09
      6936  0.25586178E-09
      6960  0.25313335E-09
      6984  0.25047578E-09
      7008  0.24788782E-09
      7032  0.24537075E-09
      7056  0.24292676E-09
      7080  0.24055916E-09
      7104  0.23827160E-09
      7128  0.23606811E-09
      7152  0.23395264E-09
      7176  0.23192906E-09
      7200  0.23000117E-09
      7224  0.22817243E-09
      7248  0.22644613E-09
      7272  0.22482481E-09
      7296  0.22331069E-09
      7320  0.22190544E-09
      7344  0.22060979E-09
      7368  0.21942381E-09
      7392  0.21834666E-09
      7416  0.21737662E-09
      7440  0.21651086E-09
      7464  0.21574566E-09
      7488  0.21507603E-09
      7512  0.21449620E-09
      7536  0.21399922E-09
      7560  0.21357742E-09
      7584  0.21322216E-09
      7608  0.21292397E-09
      7632  0.21267292E-09
      7656  0.21245868E-09
      7680  0.21227055E-09
      7704  0.21209774E-09
      7728  0.21192950E-09
      7752  0.21175539E-09
      7776  0.21156504E-09
      7800  0.21134870E-09
      7824  0.21109728E-09
      7848  0.21080222E-09
      7872  0.21045554E-09
      7896  0.21005016E-09
      7920  0.20957969E-09
      7944  0.20507908E-09
      7968  0.20143945E-09
      7992  0.19842128E-09
      8016  0.19584316E-09
      8040  0.19356956E-09
      8064  0.19150052E-09
      8088  0.18956188E-09
      8112  0.18769906E-09
      8136  0.18587192E-09
      8160  0.18405100E-09
      8184  0.18221467E-09
      8208  0.18034761E-09
      8232  0.17843882E-09
      8256  0.17648069E-09
      8280  0.17446820E-09
      8304  0.17239833E-09
      8328  0.17026962E-09
      8352  0.16808155E-09
      8376  0.16583472E-09
      8400  0.16353036E-09
      8424  0.16117019E-09
      8448  0.15875644E-09
      8472  0.15629163E-09
      8496  0.15377853E-09
      8520  0.15122015E-09
      8544  0.14861964E-09
      8568  0.14598028E-09
      8592  0.14330545E-09
      8616  0.14059856E-09
      8640  0.13787398E-09
      8664  0.13515182E-09
      8688  0.13244882E-09
      8712  0.12976079E-09
      8736  0.12708470E-09
