         1   71.400002    
        24   71.406677    
        48   71.427002    
        72   71.455460    
        96   71.488625    
       120   71.524536    
       144   71.562042    
       168   71.600456    
       192   71.639359    
       216   71.678497    
       240   71.717796    
       264   71.757217    
       288   71.796791    
       312   71.836548    
       336   71.876511    
       360   71.916809    
       384   71.957451    
       408   71.998543    
       432   72.040108    
       456   72.082237    
       480   72.124977    
       504   72.168365    
       528   72.212448    
       552   72.257278    
       576   72.302879    
       600   72.349266    
       624   72.396515    
       648   72.444633    
       672   72.493645    
       696   72.543594    
       720   72.594528    
       744   72.646439    
       768   72.699371    
       792   72.753349    
       816   72.808411    
       840   72.864563    
       864   72.921852    
       888   72.980324    
       912   73.039955    
       936   73.100815    
       960   73.162918    
       984   73.226288    
      1008   73.290985    
      1032   73.357025    
      1056   73.426613    
      1080   73.504082    
      1104   73.588638    
      1128   73.678635    
      1152   73.772530    
      1176   73.869064    
      1200   73.967178    
      1224   74.066109    
      1248   74.166145    
      1272   74.267136    
      1296   74.368660    
      1320   74.470245    
      1344   74.571564    
      1368   74.672356    
      1392   74.772476    
      1416   74.871796    
      1440   74.970314    
      1464   75.068069    
      1488   75.165108    
      1512   75.261520    
      1536   75.357407    
      1560   75.452873    
      1584   75.548073    
      1608   75.643135    
      1632   75.738174    
      1656   75.833351    
      1680   75.928802    
      1704   76.024651    
      1728   76.121040    
      1752   76.218117    
      1776   76.315979    
      1800   76.414742    
      1824   76.514496    
      1848   76.615372    
      1872   76.717468    
      1896   76.820847    
      1920   76.925621    
      1944   77.031845    
      1968   77.139603    
      1992   77.248940    
      2016   77.359955    
      2040   77.472710    
      2064   77.587265    
      2088   77.703651    
      2112   77.821945    
      2136   77.942162    
      2160   78.064346    
      2184   78.188538    
      2208   78.314758    
      2232   78.443039    
      2256   78.573433    
      2280   78.705933    
      2304   78.840622    
      2328   78.977493    
      2352   79.116577    
      2376   79.257919    
      2400   79.401550    
      2424   79.547531    
      2448   79.696205    
      2472   79.850739    
      2496   80.010941    
      2520   80.175858    
      2544   80.344765    
      2568   80.517151    
      2592   80.692673    
      2616   80.871208    
      2640   81.052597    
      2664   81.236870    
      2688   81.424049    
      2712   81.614204    
      2736   81.807442    
      2760   82.003876    
      2784   82.203621    
      2808   82.406799    
      2832   82.613533    
      2856   82.823959    
      2880   83.038185    
      2904   83.256302    
      2928   83.478470    
      2952   83.704704    
      2976   83.935242    
      3000   84.173050    
      3024   84.423973    
      3048   84.688477    
      3072   84.963173    
      3096   85.245705    
      3120   85.534561    
      3144   85.828758    
      3168   86.140190    
      3192   86.483116    
      3216   86.844505    
      3240   87.213646    
      3264   87.583824    
      3288   87.951164    
      3312   88.313690    
      3336   88.670616    
      3360   89.021927    
      3384   89.367928    
      3408   89.709213    
      3432   90.046440    
      3456   90.380318    
      3480   90.711479    
      3504   91.040627    
      3528   91.368309    
      3552   91.695061    
      3576   92.021378    
      3600   92.347649    
      3624   92.674294    
      3648   93.001602    
      3672   93.329857    
      3696   93.659355    
      3720   93.990257    
      3744   94.322784    
      3768   94.657066    
      3792   94.993263    
      3816   95.331451    
      3840   95.671730    
      3864   96.014214    
      3888   96.358902    
      3912   96.705841    
      3936   97.055069    
      3960   97.406586    
      3984   97.760422    
      4008   98.116562    
      4032   98.474953    
      4056   98.835617    
      4080   99.198494    
      4104   99.563568    
      4128   99.930763    
      4152   100.30004    
      4176   100.67136    
      4200   101.04469    
      4224   101.41989    
      4248   101.79698    
      4272   102.17584    
      4296   102.55643    
      4320   102.93864    
      4344   103.32240    
      4368   103.70763    
      4392   104.09430    
      4416   104.48226    
      4440   104.87142    
      4464   105.26172    
      4488   105.65307    
      4512   106.04537    
      4536   106.43855    
      4560   106.83253    
      4584   107.22720    
      4608   107.62241    
      4632   108.01812    
      4656   108.41421    
      4680   108.81055    
      4704   109.20711    
      4728   109.60371    
      4752   110.00031    
      4776   110.39678    
      4800   110.79303    
      4824   111.18893    
      4848   111.58439    
      4872   111.97930    
      4896   112.37360    
      4920   112.76714    
      4944   113.15981    
      4968   113.55156    
      4992   113.94224    
      5016   114.33176    
      5040   114.72004    
      5064   115.10693    
      5088   115.49239    
      5112   115.87627    
      5136   116.25849    
      5160   116.63895    
      5184   117.01760    
      5208   117.39426    
      5232   117.76888    
      5256   118.14134    
      5280   118.51155    
      5304   118.87946    
      5328   119.24494    
      5352   119.60790    
      5376   119.96826    
      5400   120.32596    
      5424   120.66414    
      5448   120.97419    
      5472   121.27661    
      5496   121.58193    
      5520   121.89469    
      5544   122.21616    
      5568   122.54606    
      5592   122.88322    
      5616   123.22629    
      5640   123.57385    
      5664   123.92465    
      5688   124.27744    
      5712   124.63123    
      5736   124.98511    
      5760   125.33837    
      5784   125.69034    
      5808   126.04049    
      5832   126.38837    
      5856   126.73358    
      5880   127.07582    
      5904   127.41377    
      5928   127.73914    
      5952   128.05492    
      5976   128.36394    
      6000   128.66785    
      6024   128.96761    
      6048   129.26364    
      6072   129.55611    
      6096   129.84500    
      6120   130.13031    
      6144   130.41187    
      6168   130.68958    
      6192   130.96335    
      6216   131.23305    
      6240   131.49855    
      6264   131.75975    
      6288   132.01657    
      6312   132.26903    
      6336   132.51695    
      6360   132.76036    
      6384   132.99922    
      6408   133.23352    
      6432   133.46326    
      6456   133.68842    
      6480   133.90898    
      6504   134.12491    
      6528   134.33629    
      6552   134.54309    
      6576   134.74539    
      6600   134.94319    
      6624   135.12755    
      6648   135.28934    
      6672   135.43987    
      6696   135.58669    
      6720   135.73375    
      6744   135.88289    
      6768   136.03470    
      6792   136.18913    
      6816   136.34566    
      6840   136.50357    
      6864   136.66220    
      6888   136.82086    
      6912   136.97887    
      6936   137.13574    
      6960   137.29100    
      6984   137.44429    
      7008   137.59521    
      7032   137.74362    
      7056   137.88930    
      7080   138.03207    
      7104   138.17184    
      7128   138.30858    
      7152   138.44220    
      7176   138.57266    
      7200   138.70001    
      7224   138.82426    
      7248   138.94540    
      7272   139.06348    
      7296   139.17850    
      7320   139.29057    
      7344   139.39973    
      7368   139.50607    
      7392   139.60962    
      7416   139.71046    
      7440   139.80864    
      7464   139.90424    
      7488   139.99733    
      7512   140.08797    
      7536   140.17618    
      7560   140.26215    
      7584   140.34584    
      7608   140.42735    
      7632   140.50671    
      7656   140.58400    
      7680   140.65929    
      7704   140.73257    
      7728   140.80397    
      7752   140.87354    
      7776   140.94127    
      7800   141.00720    
      7824   141.07143    
      7848   141.13400    
      7872   141.19490    
      7896   141.25420    
      7920   141.31198    
      7944   141.36819    
      7968   141.42239    
      7992   141.47452    
      8016   141.52470    
      8040   141.57312    
      8064   141.61995    
      8088   141.66527    
      8112   141.70917    
      8136   141.75177    
      8160   141.79312    
      8184   141.83328    
      8208   141.87230    
      8232   141.91023    
      8256   141.94714    
      8280   141.98306    
      8304   142.01797    
      8328   142.05199    
      8352   142.08504    
      8376   142.11725    
      8400   142.14857    
      8424   142.17906    
      8448   142.20877    
      8472   142.23770    
      8496   142.26588    
      8520   142.29333    
      8544   142.32007    
      8568   142.34612    
      8592   142.37149    
      8616   142.39624    
      8640   142.42030    
      8664   142.44380    
      8688   142.46672    
      8712   142.48906    
      8736   142.51089    
