         1  0.95005852    
        24  0.94436026    
        48  0.93749577    
        72  0.93032998    
        96  0.92298138    
       120  0.91557318    
       144  0.90822548    
       168  0.90104783    
       192  0.89413249    
       216  0.88755018    
       240  0.88134831    
       264  0.87555194    
       288  0.87016654    
       312  0.86518157    
       336  0.86057478    
       360  0.85631615    
       384  0.85237151    
       408  0.84870505    
       432  0.84528154    
       456  0.84206778    
       480  0.83903325    
       504  0.83615106    
       528  0.83339757    
       552  0.83075249    
       576  0.82819873    
       600  0.82572228    
       624  0.82331139    
       648  0.82095701    
       672  0.81865162    
       696  0.81638980    
       720  0.81416738    
       744  0.81198138    
       768  0.80982989    
       792  0.80771178    
       816  0.80562663    
       840  0.80357456    
       864  0.80155605    
       888  0.79957199    
       912  0.79762346    
       936  0.79571187    
       960  0.79383862    
       984  0.79200536    
      1008  0.79021358    
      1032  0.78846502    
      1056  0.81293142    
      1080  0.82871699    
      1104  0.83937204    
      1128  0.84674788    
      1152  0.85190672    
      1176  0.85550338    
      1200  0.85796511    
      1224  0.86230594    
      1248  0.86533272    
      1272  0.86740071    
      1296  0.86875516    
      1320  0.86957127    
      1344  0.86997783    
      1368  0.87007195    
      1392  0.86992800    
      1416  0.86960393    
      1440  0.86914515    
      1464  0.86858767    
      1488  0.86796010    
      1512  0.86728519    
      1536  0.86658096    
      1560  0.86586177    
      1584  0.86513877    
      1608  0.86442077    
      1632  0.86371440    
      1656  0.86303294    
      1680  0.86238927    
      1704  0.86178124    
      1728  0.86120671    
      1752  0.86066377    
      1776  0.86015028    
      1800  0.85966450    
      1824  0.85920441    
      1848  0.85876811    
      1872  0.85835332    
      1896  0.85795808    
      1920  0.85758007    
      1944  0.85722196    
      1968  0.85688692    
      1992  0.85656923    
      2016  0.85626376    
      2040  0.85596651    
      2064  0.85567921    
      2088  0.85539603    
      2112  0.85511148    
      2136  0.85482091    
      2160  0.85451978    
      2184  0.85420424    
      2208  0.85387039    
      2232  0.85351485    
      2256  0.85313451    
      2280  0.85272652    
      2304  0.85228842    
      2328  0.85181826    
      2352  0.85131490    
      2376  0.85077751    
      2400  0.85020632    
      2424  0.84960222    
      2448  0.85381156    
      2472  0.85627627    
      2496  0.85763443    
      2520  0.85827446    
      2544  0.85844392    
      2568  0.85830587    
      2592  0.85797018    
      2616  0.85751265    
      2640  0.85698634    
      2664  0.85642898    
      2688  0.85586804    
      2712  0.85532349    
      2736  0.85481048    
      2760  0.85434020    
      2784  0.85392106    
      2808  0.85356486    
      2832  0.85327667    
      2856  0.85305631    
      2880  0.85290343    
      2904  0.85281736    
      2928  0.85279691    
      2952  0.85284048    
      2976  0.85560954    
      3000  0.85874593    
      3024  0.86400837    
      3048  0.86706400    
      3072  0.86893398    
      3096  0.87015539    
      3120  0.87102437    
      3144  0.87170762    
      3168  0.88786823    
      3192  0.89645958    
      3216  0.90144932    
      3240  0.90451807    
      3264  0.90649343    
      3288  0.90782285    
      3312  0.90876323    
      3336  0.90946800    
      3360  0.91002971    
      3384  0.91050524    
      3408  0.91093004    
      3432  0.91132617    
      3456  0.91170716    
      3480  0.91208142    
      3504  0.91245377    
      3528  0.91282713    
      3552  0.91320300    
      3576  0.91358221    
      3600  0.91396481    
      3624  0.91435081    
      3648  0.91473979    
      3672  0.91513151    
      3696  0.91552550    
      3720  0.91592133    
      3744  0.91631860    
      3768  0.91671681    
      3792  0.91711575    
      3816  0.91751492    
      3840  0.91791397    
      3864  0.91831273    
      3888  0.91871083    
      3912  0.91910803    
      3936  0.91950411    
      3960  0.91989881    
      3984  0.92029196    
      4008  0.92068344    
      4032  0.92107296    
      4056  0.92146051    
      4080  0.92184579    
      4104  0.92222881    
      4128  0.92260945    
      4152  0.92298752    
      4176  0.92336303    
      4200  0.92373586    
      4224  0.92410588    
      4248  0.92447311    
      4272  0.92483747    
      4296  0.92519891    
      4320  0.92555732    
      4344  0.92591274    
      4368  0.92626512    
      4392  0.92661440    
      4416  0.92696071    
      4440  0.92730391    
      4464  0.92764443    
      4488  0.92798334    
      4512  0.92832017    
      4536  0.92865449    
      4560  0.92898607    
      4584  0.92931485    
      4608  0.92964071    
      4632  0.92996365    
      4656  0.93028378    
      4680  0.93060100    
      4704  0.93091542    
      4728  0.93122703    
      4752  0.93153590    
      4776  0.93184209    
      4800  0.93214571    
      4824  0.93244690    
      4848  0.93274546    
      4872  0.93304169    
      4896  0.93333566    
      4920  0.93362731    
      4944  0.93391687    
      4968  0.93420434    
      4992  0.93448991    
      5016  0.93477356    
      5040  0.93505549    
      5064  0.93533570    
      5088  0.93561441    
      5112  0.93589163    
      5136  0.93616754    
      5160  0.93644220    
      5184  0.93671578    
      5208  0.93698835    
      5232  0.93726003    
      5256  0.93753105    
      5280  0.93780136    
      5304  0.93807125    
      5328  0.93834072    
      5352  0.93861115    
      5376  0.93888265    
      5400  0.93915594    
      5424  0.93011326    
      5448  0.92381245    
      5472  0.91979957    
      5496  0.91739917    
      5520  0.91603142    
      5544  0.91528940    
      5568  0.91491419    
      5592  0.91474980    
      5616  0.91470462    
      5640  0.91472554    
      5664  0.91478211    
      5688  0.91485673    
      5712  0.91493952    
      5736  0.91502488    
      5760  0.91510957    
      5784  0.91519177    
      5808  0.91527063    
      5832  0.91534567    
      5856  0.91541660    
      5880  0.91548431    
      5904  0.91231054    
      5928  0.91030282    
      5952  0.90907353    
      5976  0.90834141    
      6000  0.90791881    
      6024  0.90768832    
      6048  0.90757501    
      6072  0.90753222    
      6096  0.90753138    
      6120  0.90755522    
      6144  0.90759462    
      6168  0.90764493    
      6192  0.90770131    
      6216  0.90776086    
      6240  0.90782183    
      6264  0.90788329    
      6288  0.90794474    
      6312  0.90800589    
      6336  0.90806681    
      6360  0.90812761    
      6384  0.90818834    
      6408  0.90824950    
      6432  0.90831137    
      6456  0.90837425    
      6480  0.90843868    
      6504  0.90850526    
      6528  0.90857440    
      6552  0.90864676    
      6576  0.90872294    
      6600  0.90880376    
      6624  0.89187521    
      6648  0.87848288    
      6672  0.86862177    
      6696  0.86161125    
      6720  0.85662490    
      6744  0.85296297    
      6768  0.85012162    
      6792  0.84776920    
      6816  0.84569860    
      6840  0.84378582    
      6864  0.84195799    
      6888  0.84017402    
      6912  0.83841145    
      6936  0.83665890    
      6960  0.83491129    
      6984  0.83316785    
      7008  0.83142984    
      7032  0.82970041    
      7056  0.82798344    
      7080  0.82628369    
      7104  0.82460654    
      7128  0.82295758    
      7152  0.82134289    
      7176  0.81976843    
      7200  0.81824046    
      7224  0.81676513    
      7248  0.81534845    
      7272  0.81399596    
      7296  0.81271297    
      7320  0.81150442    
      7344  0.81037420    
      7368  0.80932552    
      7392  0.80836064    
      7416  0.80748075    
      7440  0.80668598    
      7464  0.80597508    
      7488  0.80534548    
      7512  0.80479372    
      7536  0.80431473    
      7560  0.80390251    
      7584  0.80354995    
      7608  0.80324906    
      7632  0.80299103    
      7656  0.80276674    
      7680  0.80256635    
      7704  0.80238003    
      7728  0.80219781    
      7752  0.80200994    
      7776  0.80180681    
      7800  0.80157918    
      7824  0.80131829    
      7848  0.80101579    
      7872  0.80066383    
      7896  0.80025512    
      7920  0.79978305    
      7944  0.79536670    
      7968  0.79164463    
      7992  0.78844917    
      8016  0.78563732    
      8040  0.78309226    
      8064  0.78072172    
      8088  0.77845246    
      8112  0.77622747    
      8136  0.77400208    
      8160  0.77174103    
      8184  0.76941621    
      8208  0.76700509    
      8232  0.76448941    
      8256  0.76185352    
      8280  0.75908428    
      8304  0.75616997    
      8328  0.75310022    
      8352  0.74986523    
      8376  0.74645579    
      8400  0.74286294    
      8424  0.73907769    
      8448  0.73509121    
      8472  0.73089451    
      8496  0.72647804    
      8520  0.72183228    
      8544  0.71694702    
      8568  0.71181178    
      8592  0.70641553    
      8616  0.70074654    
      8640  0.69481641    
      8664  0.68865353    
      8688  0.68228400    
      8712  0.67568731    
      8736  0.66884345    
