         1  0.95005852    
       288  0.94597799    
       576  0.94169724    
       864  0.93731779    
      1152  0.93287891    
      1440  0.92841691    
      1728  0.92474556    
      2016  0.92110574    
      2304  0.91751122    
      2592  0.91397172    
      2880  0.91049498    
      3168  0.90708649    
      3456  0.90475523    
      3744  0.90241539    
      4032  0.90006644    
      4320  0.89770907    
      4608  0.89534360    
      4896  0.89297074    
      5184  0.89174986    
      5472  0.89038563    
      5760  0.88889349    
      6048  0.88728809    
      6336  0.88558245    
      6624  0.88378882    
      6912  0.88318342    
      7200  0.88233429    
      7488  0.88143146    
      7776  0.88033038    
      8064  0.87906027    
      8352  0.87895775    
      8640  0.87853229    
      8928  0.87783617    
      9216  0.87691396    
      9504  0.87580270    
      9792  0.87453431    
     10080  0.87467599    
     10368  0.87445951    
     10656  0.87394971    
     10944  0.87320018    
     11232  0.87225491    
     11520  0.87115091    
     11808  0.87132257    
     12096  0.87132961    
     12384  0.87102717    
     12672  0.87047660    
     12960  0.86972785    
     13248  0.87023020    
     13536  0.87034881    
     13824  0.87034947    
     14112  0.87007630    
     14400  0.86958754    
     14688  0.86893058    
     14976  0.86814481    
     15264  0.86886877    
     15552  0.86920643    
     15840  0.86924446    
     16128  0.86905056    
     16416  0.86867911    
     16704  0.86837649    
     16992  0.86931622    
     17280  0.86986423    
     17568  0.87011284    
     17856  0.87013227    
     18144  0.87017381    
     18432  0.87003791    
     18720  0.86976510    
     19008  0.87073046    
     19296  0.87152219    
     19584  0.87198764    
     19872  0.87220448    
     20160  0.87223452    
     20448  0.87232608    
     20736  0.87227112    
     21024  0.87339377    
     21312  0.87413734    
     21600  0.87478817    
     21888  0.87517715    
     22176  0.87536848    
     22464  0.87541062    
     22752  0.87554085    
     23040  0.87554121    
     23328  0.87667984    
     23616  0.87744159    
     23904  0.87811232    
     24192  0.87852073    
     24480  0.87872887    
     24768  0.87878424    
     25056  0.87892050    
     25344  0.87891597    
     25632  0.87987792    
     25920  0.88047767    
     26208  0.88099676    
     26496  0.88125521    
     26784  0.88131225    
     27072  0.88121164    
     27360  0.88098580    
     27648  0.88086408    
     27936  0.88179439    
     28224  0.88229620    
     28512  0.88247776    
     28800  0.88261807    
     29088  0.88251919    
     29376  0.88223928    
     29664  0.88182145    
     29952  0.88151497    
     30240  0.88228434    
     30528  0.88260663    
     30816  0.88261151    
     31104  0.88239330    
     31392  0.88223755    
     31680  0.88191646    
     31968  0.88148767    
     32256  0.88099378    
     32544  0.88194835    
     32832  0.88242960    
     33120  0.88260281    
     33408  0.88258046    
     33696  0.88244087    
     33984  0.88247162    
     34272  0.88240314    
     34560  0.88228565    
     34848  0.88340253    
     35136  0.88409913    
     35424  0.88453585    
     35712  0.88504827    
     36000  0.88539439    
     36288  0.88564575    
     36576  0.88584882    
     36864  0.88603354    
     37152  0.88741958    
     37440  0.88860953    
     37728  0.88945681    
     38016  0.89009428    
     38304  0.89060575    
     38592  0.89104432    
     38880  0.89144349    
     39168  0.89182425    
     39456  0.89331937    
     39744  0.89461559    
     40032  0.89557332    
     40320  0.89632231    
     40608  0.89694321    
     40896  0.90011364    
     41184  0.90412807    
     41472  0.90672016    
     41760  0.90939409    
     42048  0.91117966    
     42336  0.91243112    
     42624  0.91335535    
     42912  0.91407710    
     43200  0.91485620    
     43488  0.91548920    
     43776  0.91603112    
     44064  0.91735440    
     44352  0.91832083    
     44640  0.91906703    
     44928  0.91967571    
     45216  0.92019868    
     45504  0.92066777    
     45792  0.92110306    
     46080  0.92151707    
     46368  0.92191762    
     46656  0.92230952    
     46944  0.92269588    
     47232  0.92384285    
     47520  0.92469418    
     47808  0.92536217    
     48096  0.92591602    
     48384  0.92639804    
     48672  0.92683458    
     48960  0.92724198    
     49248  0.92763054    
     49536  0.92800677    
     49824  0.92837471    
     50112  0.92873693    
     50400  0.92894262    
     50688  0.92920095    
     50976  0.92949218    
     51264  0.92980379    
     51552  0.93012756    
     51840  0.93045855    
     52128  0.93079329    
     52416  0.93112975    
     52704  0.93146664    
     52992  0.93180293    
     53280  0.93213826    
     53568  0.93247235    
     53856  0.93280488    
     54144  0.93299109    
     54432  0.93322855    
     54720  0.93349814    
     55008  0.93378752    
     55296  0.93408889    
     55584  0.93439722    
     55872  0.93470931    
     56160  0.93502319    
     56448  0.93533772    
     56736  0.93565220    
     57024  0.93583095    
     57312  0.93605757    
     57600  0.93563837    
     57888  0.93548125    
     58176  0.93549323    
     58464  0.93561316    
     58752  0.93580139    
     59040  0.93603283    
     59328  0.93615514    
     59616  0.93634349    
     59904  0.93657434    
     60192  0.93614036    
     60480  0.93596888    
     60768  0.93596750    
     61056  0.93607563    
     61344  0.93625373    
     61632  0.93647665    
     61920  0.93659395    
     62208  0.93606573    
     62496  0.93582869    
     62784  0.93578231    
     63072  0.93585974    
     63360  0.93601745    
     63648  0.93622720    
     63936  0.93574333    
     64224  0.93539190    
     64512  0.93526846    
     64800  0.93529510    
     65088  0.93542022    
     65376  0.93560970    
     65664  0.93508887    
     65952  0.93485183    
     66240  0.93480325    
     66528  0.93474156    
     66816  0.93481004    
     67104  0.93418342    
     67392  0.93387443    
     67680  0.93377876    
     67968  0.93382579    
     68256  0.93316406    
     68544  0.93282992    
     68832  0.93271679    
     69120  0.93261027    
     69408  0.93181425    
     69696  0.93138736    
     69984  0.93121177    
     70272  0.93120587    
     70560  0.93131465    
     70848  0.93064082    
     71136  0.93029517    
     71424  0.93017352    
     71712  0.93006045    
     72000  0.92901570    
     72288  0.92841011    
     72576  0.92810893    
     72864  0.92801678    
     73152  0.92806762    
     73440  0.92729050    
     73728  0.92686796    
     74016  0.92669135    
     74304  0.92668498    
     74592  0.92568654    
     74880  0.92510509    
     75168  0.92481679    
     75456  0.92373824    
     75744  0.92309833    
     76032  0.92276752    
     76320  0.92265278    
     76608  0.92166060    
     76896  0.92107761    
     77184  0.92062145    
     77472  0.92041785    
     77760  0.91931832    
     78048  0.91865438    
     78336  0.91830111    
     78624  0.91816819    
     78912  0.91708314    
     79200  0.91642392    
     79488  0.91607016    
     79776  0.91576850    
     80064  0.91451567    
     80352  0.91372854    
     80640  0.91327965    
     80928  0.91307503    
     81216  0.91185308    
     81504  0.91108292    
     81792  0.91064292    
     82080  0.91026878    
     82368  0.91011781    
     82656  0.90888983    
     82944  0.90810978    
     83232  0.90766168    
     83520  0.90745842    
     83808  0.90616220    
     84096  0.90514648    
     84384  0.90452403    
     84672  0.90419626    
     84960  0.90408951    
     85248  0.90283257    
     85536  0.90203249    
     85824  0.90157908    
     86112  0.90120780    
     86400  0.90108246    
     86688  0.89980024    
     86976  0.89898884    
     87264  0.89853990    
     87552  0.89836913    
     87840  0.89823443    
     88128  0.89830899    
     88416  0.89719957    
     88704  0.89652908    
     88992  0.89619911    
     89280  0.89613158    
     89568  0.89609206    
     89856  0.89624673    
     90144  0.89654940    
     90432  0.89566088    
     90720  0.89513993    
     91008  0.89490193    
     91296  0.89471084    
     91584  0.89471531    
     91872  0.89486462    
     92160  0.89511812    
     92448  0.89544362    
     92736  0.89581519    
     93024  0.89606392    
     93312  0.89513350    
     93600  0.89445049    
     93888  0.89395493    
     94176  0.89359730    
     94464  0.89318568    
     94752  0.89286578    
     95040  0.89260662    
     95328  0.89238316    
     95616  0.89217514    
     95904  0.89196646    
     96192  0.89160031    
     96480  0.89123362    
     96768  0.89085376    
     97056  0.89045048    
     97344  0.89001554    
     97632  0.88954228    
     97920  0.88902515    
     98208  0.88831782    
     98496  0.88757801    
     98784  0.88679874    
     99072  0.88597405    
     99360  0.88509864    
     99648  0.88416809    
     99936  0.88317841    
    100224  0.88197833    
    100512  0.88073105    
    100800  0.87943053    
    101088  0.87807137    
    101376  0.87664890    
    101664  0.87515873    
    101952  0.87495738    
    102240  0.87449574    
    102528  0.87380219    
    102816  0.87289935    
    103104  0.87164932    
    103392  0.87024182    
    103680  0.86868513    
    103968  0.86698574    
    104256  0.86514872    
    104544  0.86317837    
    104832  0.86258507    
