         1   106.00000    
        24   174.76390    
        48   172.67535    
        72   165.79140    
        96   159.26880    
       120   154.21562    
       144   150.53430    
       168   147.94931    
       192   146.22253    
       216   145.17140    
       240   144.65727    
       264   144.57330    
       288   144.83565    
       312   145.37750    
       336   146.14513    
       360   147.09552    
       384   148.19408    
       408   149.41357    
       432   150.73273    
       456   152.13524    
       480   153.60878    
       504   155.14423    
       528   156.73476    
       552   158.37544    
       576   160.06226    
       600   161.79184    
       624   163.56126    
       648   165.36749    
       672   167.20737    
       696   169.07729    
       720   170.97336    
       744   172.89128    
       768   174.82645    
       792   176.77380    
       816   178.72812    
       840   180.68411    
       864   182.63625    
       888   184.57903    
       912   186.50711    
       936   188.41521    
       960   190.29834    
       984   192.15164    
      1008   193.97081    
      1032   195.75162    
      1056   179.91174    
      1080   164.81065    
      1104   154.34903    
      1128   147.02031    
      1152   141.77979    
      1176   137.98824    
      1200   135.24094    
      1224   132.93417    
      1248   130.11787    
      1272   127.68346    
      1296   125.79052    
      1320   124.40597    
      1344   123.45535    
      1368   122.86299    
      1392   122.56144    
      1416   122.49259    
      1440   122.60697    
      1464   122.86298    
      1488   123.22622    
      1512   123.66877    
      1536   124.16850    
      1560   124.70827    
      1584   125.27491    
      1608   125.85837    
      1632   126.45101    
      1656   127.04067    
      1680   127.61378    
      1704   128.16811    
      1728   128.70387    
      1752   129.22131    
      1776   129.72057    
      1800   130.20164    
      1824   130.66446    
      1848   131.10905    
      1872   131.53566    
      1896   131.94466    
      1920   132.33673    
      1944   132.71292    
      1968   133.07120    
      1992   133.40912    
      2016   133.73030    
      2040   134.03824    
      2064   134.33095    
      2088   134.61331    
      2112   134.89023    
      2136   135.16629    
      2160   135.44563    
      2184   135.73221    
      2208   136.02980    
      2232   136.34189    
      2256   136.67174    
      2280   137.02229    
      2304   137.39621    
      2328   137.79570    
      2352   138.22258    
      2376   138.67789    
      2400   139.16214    
      2424   139.67514    
      2448   138.24670    
      2472   135.52580    
      2496   133.86766    
      2520   133.00958    
      2544   132.67677    
      2568   132.68497    
      2592   132.91211    
      2616   133.27585    
      2640   133.71977    
      2664   134.20451    
      2688   134.70203    
      2712   135.19205    
      2736   135.65979    
      2760   136.09392    
      2784   136.48613    
      2808   136.82953    
      2832   137.11639    
      2856   137.34323    
      2880   137.51007    
      2904   137.61717    
      2928   137.66537    
      2952   137.65584    
      2976   137.70583    
      3000   137.85231    
      3024   138.44789    
      3048   138.92220    
      3072   139.20099    
      3096   139.29483    
      3120   139.23119    
      3144   139.04039    
      3168   125.11765    
      3192   114.89044    
      3216   108.73447    
      3240   104.83511    
      3264   102.24538    
      3288   100.45526    
      3312   99.167297    
      3336   98.197670    
      3360   97.431145    
      3384   96.794487    
      3408   96.240936    
      3432   95.740570    
      3456   95.274292    
      3480   94.829903    
      3504   94.399590    
      3528   93.978325    
      3552   93.562912    
      3576   93.151237    
      3600   92.742043    
      3624   92.334511    
      3648   91.928169    
      3672   91.522728    
      3696   91.118027    
      3720   90.714043    
      3744   90.310745    
      3768   89.908188    
      3792   89.506416    
      3816   89.105530    
      3840   88.705612    
      3864   88.306770    
      3888   87.909073    
      3912   87.512627    
      3936   87.117531    
      3960   86.723885    
      3984   86.331764    
      4008   85.941261    
      4032   85.552467    
      4056   85.165527    
      4080   84.780449    
      4104   84.397293    
      4128   84.016174    
      4152   83.637131    
      4176   83.260239    
      4200   82.885544    
      4224   82.513084    
      4248   82.142960    
      4272   81.775131    
      4296   81.409698    
      4320   81.046669    
      4344   80.686050    
      4368   80.327881    
      4392   79.972183    
      4416   79.618942    
      4440   79.268204    
      4464   78.919952    
      4488   78.573898    
      4512   78.229263    
      4536   77.886414    
      4560   77.545639    
      4584   77.207062    
      4608   76.870789    
      4632   76.536797    
      4656   76.205078    
      4680   75.875687    
      4704   75.548584    
      4728   75.223717    
      4752   74.901047    
      4776   74.580528    
      4800   74.262138    
      4824   73.945801    
      4848   73.631523    
      4872   73.319183    
      4896   73.008766    
      4920   72.700211    
      4944   72.393410    
      4968   72.088341    
      4992   71.784935    
      5016   71.483109    
      5040   71.182808    
      5064   70.883987    
      5088   70.586525    
      5112   70.290390    
      5136   69.995483    
      5160   69.701736    
      5184   69.409081    
      5208   69.117470    
      5232   68.826790    
      5256   68.537018    
      5280   68.248047    
      5304   67.959801    
      5328   67.672241    
      5352   67.384018    
      5376   67.095070    
      5400   66.804604    
      5424   75.143646    
      5448   82.665726    
      5472   87.453697    
      5496   90.356796    
      5520   92.045547    
      5544   92.985374    
      5568   93.475838    
      5592   93.701012    
      5616   93.771126    
      5640   93.751251    
      5664   93.679596    
      5688   93.578659    
      5712   93.461510    
      5736   93.335938    
      5760   93.206512    
      5784   93.076042    
      5808   92.946220    
      5832   92.818100    
      5856   92.692375    
      5880   92.568451    
      5904   94.198441    
      5928   96.527985    
      5952   97.970718    
      5976   98.807632    
      6000   99.266693    
      6024   99.492317    
      6048   99.576111    
      6072   99.574844    
      6096   99.523117    
      6120   99.441986    
      6144   99.342575    
      6168   99.230606    
      6192   99.111862    
      6216   98.990067    
      6240   98.867416    
      6264   98.745270    
      6288   98.624443    
      6312   98.505447    
      6336   98.388451    
      6360   98.273567    
      6384   98.160812    
      6408   98.050041    
      6432   97.941154    
      6456   97.833839    
      6480   97.727936    
      6504   97.623062    
      6528   97.518890    
      6552   97.415077    
      6576   97.311165    
      6600   97.206734    
      6624   110.03611    
      6648   125.99973    
      6672   137.86214    
      6696   146.21252    
      6720   152.08073    
      6744   156.30203    
      6768   159.47765    
      6792   162.00952    
      6816   164.15465    
      6840   166.07283    
      6864   167.86160    
      6888   169.57918    
      6912   171.25967    
      6936   172.92233    
      6960   174.57744    
      6984   176.22943    
      7008   177.87941    
      7032   179.52612    
      7056   181.16689    
      7080   182.79799    
      7104   184.41493    
      7128   186.01273    
      7152   187.58611    
      7176   189.12944    
      7200   190.63716    
      7224   192.10364    
      7248   193.52316    
      7272   194.89046    
      7296   196.20047    
      7320   197.44847    
      7344   198.63042    
      7368   199.74283    
      7392   200.78310    
      7416   201.74936    
      7440   202.64076    
      7464   203.45755    
      7488   204.20100    
      7512   204.87349    
      7536   205.47852    
      7560   206.02058    
      7584   206.50526    
      7608   206.93890    
      7632   207.32880    
      7656   207.68280    
      7680   208.00911    
      7704   208.31650    
      7728   208.61372    
      7752   208.90962    
      7776   209.21298    
      7800   209.53230    
      7824   209.87578    
      7848   210.25102    
      7872   210.66534    
      7896   211.12543    
      7920   211.63730    
      7944   212.56424    
      7968   215.00497    
      7992   217.92361    
      8016   220.88315    
      8040   223.72156    
      8064   226.39958    
      8088   228.92979    
      8112   231.34398    
      8136   233.67819    
      8160   235.96616    
      8184   238.23705    
      8208   240.51527    
      8232   242.82045    
      8256   245.16859    
      8280   247.57249    
      8304   250.04276    
      8328   252.58862    
      8352   255.21844    
      8376   257.94073    
      8400   260.76456    
      8424   263.70038    
      8448   266.76080    
      8472   269.96094    
      8496   273.31909    
      8520   276.85767    
      8544   280.60266    
      8568   284.58450    
      8592   288.83743    
      8616   293.39896    
      8640   298.30066    
      8664   303.56131    
      8688   309.18536    
      8712   315.17596    
      8736   321.53204    
