         1   106.00000    
        24   251.98997    
        48   216.73108    
        72   193.86865    
        96   178.98886    
       120   169.22855    
       144   162.63589    
       168   158.11282    
       192   155.04338    
       216   153.05972    
       240   151.92442    
       264   151.47086    
       288   151.57216    
       312   152.12537    
       336   153.04434    
       360   154.25673    
       384   155.70232    
       408   157.33208    
       432   159.10641    
       456   160.99361    
       480   162.96841    
       504   165.01045    
       528   167.10347    
       552   169.23422    
       576   171.39188    
       600   173.56732    
       624   175.75322    
       648   177.94305    
       672   180.13133    
       696   182.31326    
       720   184.48456    
       744   186.64134    
       768   188.78018    
       792   190.89784    
       816   192.99130    
       840   195.05792    
       864   197.09500    
       888   199.10005    
       912   201.07077    
       936   203.00490    
       960   204.90038    
       984   206.75520    
      1008   208.56749    
      1032   210.33549    
      1056   193.03729    
      1080   175.94987    
      1104   164.03709    
      1128   155.65155    
      1152   149.60463    
      1176   145.16609    
      1200   141.87891    
      1224   139.18474    
      1248   136.09390    
      1272   133.32527    
      1296   131.07901    
      1320   129.37740    
      1344   128.18398    
      1368   127.44277    
      1392   127.09029    
      1416   127.05985    
      1440   127.28494    
      1464   127.70277    
      1488   128.25792    
      1512   128.90465    
      1536   129.60739    
      1560   130.33994    
      1584   131.08345    
      1608   131.82475    
      1632   132.55457    
      1656   133.25891    
      1680   133.92276    
      1704   134.54587    
      1728   135.13065    
      1752   135.67973    
      1776   136.19568    
      1800   136.68076    
      1824   137.13727    
      1848   137.56749    
      1872   137.97366    
      1896   138.35812    
      1920   138.72322    
      1944   139.07155    
      1968   139.40190    
      1992   139.71242    
      2016   140.00790    
      2040   140.29294    
      2064   140.56581    
      2088   140.83214    
      2112   141.09772    
      2136   141.36778    
      2160   141.64700    
      2184   141.93976    
      2208   142.25012    
      2232   142.58179    
      2256   142.93823    
      2280   143.32248    
      2304   143.73727    
      2328   144.18481    
      2352   144.66672    
      2376   145.18396    
      2400   145.73679    
      2424   146.32458    
      2448   144.95293    
      2472   141.97508    
      2496   140.12007    
      2520   139.14624    
      2544   138.75917    
      2568   138.75836    
      2592   139.00960    
      2616   139.42096    
      2640   139.92834    
      2664   140.48615    
      2688   141.06136    
      2712   141.62976    
      2736   142.17348    
      2760   142.67888    
      2784   143.13593    
      2808   143.53651    
      2832   143.87166    
      2856   144.13727    
      2880   144.33342    
      2904   144.46054    
      2928   144.51979    
      2952   144.51260    
      2976   144.60027    
      3000   144.91907    
      3024   146.11938    
      3048   146.92963    
      3072   147.35114    
      3096   147.49031    
      3120   147.42575    
      3144   147.21143    
      3168   131.97580    
      3192   120.24040    
      3216   113.06863    
      3240   108.47473    
      3264   105.40999    
      3288   103.29744    
      3312   101.78814    
      3336   100.65968    
      3360   99.771103    
      3384   99.033592    
      3408   98.391563    
      3432   97.810173    
      3456   97.267570    
      3480   96.749962    
      3504   96.248535    
      3528   95.757652    
      3552   95.273727    
      3576   94.794365    
      3600   94.318138    
      3624   93.844139    
      3648   93.371811    
      3672   92.900826    
      3696   92.431015    
      3720   91.962334    
      3744   91.494743    
      3768   91.028305    
      3792   90.563072    
      3816   90.099136    
      3840   89.636604    
      3864   89.175560    
      3888   88.716133    
      3912   88.258408    
      3936   87.802483    
      3960   87.348488    
      3984   86.896507    
      4008   86.446594    
      4032   85.998901    
      4056   85.553558    
      4080   85.110558    
      4104   84.670021    
      4128   84.232010    
      4152   83.796600    
      4176   83.363846    
      4200   82.933800    
      4224   82.506531    
      4248   82.082100    
      4272   81.660507    
      4296   81.241821    
      4320   80.826050    
      4344   80.413216    
      4368   80.003372    
      4392   79.596489    
      4416   79.192581    
      4440   78.791672    
      4464   78.393768    
      4488   77.998512    
      4512   77.605019    
      4536   77.213684    
      4560   76.824844    
      4584   76.438637    
      4608   76.055176    
      4632   75.674446    
      4656   75.296425    
      4680   74.921150    
      4704   74.548630    
      4728   74.178757    
      4752   73.811501    
      4776   73.446800    
      4800   73.084618    
      4824   72.724892    
      4848   72.367584    
      4872   72.012581    
      4896   71.659859    
      4920   71.309349    
      4944   70.960922    
      4968   70.614540    
      4992   70.270126    
      5016   69.927574    
      5040   69.586868    
      5064   69.247879    
      5088   68.910522    
      5112   68.574730    
      5136   68.240387    
      5160   67.907417    
      5184   67.575760    
      5208   67.245308    
      5232   66.915977    
      5256   66.587677    
      5280   66.260345    
      5304   65.933846    
      5328   65.608131    
      5352   65.281700    
      5376   64.954391    
      5400   64.625351    
      5424   73.958115    
      5448   82.638176    
      5472   88.137398    
      5496   91.460983    
      5520   93.385277    
      5544   94.449852    
      5568   95.001762    
      5592   95.253151    
      5616   95.330139    
      5640   95.306541    
      5664   95.225410    
      5688   95.111862    
      5712   94.980522    
      5736   94.840042    
      5760   94.695503    
      5784   94.550026    
      5808   94.405502    
      5832   94.263115    
      5856   94.123596    
      5880   93.986313    
      5904   95.678230    
      5928   98.351212    
      5952   100.02523    
      5976   101.00500    
      6000   101.54817    
      6024   101.82011    
      6048   101.92680    
      6072   101.93443    
      6096   101.88347    
      6120   101.79863    
      6144   101.69291    
      6168   101.57297    
      6192   101.44556    
      6216   101.31491    
      6240   101.18360    
      6264   101.05312    
      6288   100.92434    
      6312   100.79787    
      6336   100.67390    
      6360   100.55251    
      6384   100.43371    
      6408   100.31736    
      6432   100.20329    
      6456   100.09120    
      6480   99.980820    
      6504   99.871712    
      6528   99.763535    
      6552   99.655807    
      6576   99.548027    
      6600   99.439659    
      6624   114.55997    
      6648   133.52995    
      6672   147.10603    
      6696   156.49146    
      6720   162.98500    
      6744   167.58890    
      6768   171.01730    
      6792   173.74442    
      6816   176.06952    
      6840   178.17409    
      6864   180.16466    
      6888   182.10124    
      6912   184.01624    
      6936   185.92561    
      6960   187.83615    
      6984   189.74890    
      7008   191.66193    
      7032   193.57141    
      7056   195.47249    
      7080   197.35941    
      7104   199.22600    
      7128   201.06563    
      7152   202.87154    
      7176   204.63670    
      7200   206.35408    
      7224   208.01675    
      7248   209.61771    
      7272   211.15051    
      7296   212.60898    
      7320   213.98749    
      7344   215.28116    
      7368   216.48595    
      7392   217.59885    
      7416   218.61794    
      7440   219.54251    
      7464   220.37326    
      7488   221.11221    
      7512   221.76276    
      7536   222.32957    
      7560   222.81865    
      7584   223.23709    
      7608   223.59306    
      7632   223.89568    
      7656   224.15448    
      7680   224.37962    
      7704   224.58148    
      7728   224.77048    
      7752   224.95671    
      7776   225.15031    
      7800   225.36075    
      7824   225.59702    
      7848   225.86732    
      7872   226.17915    
      7896   226.53931    
      7920   226.95361    
      7944   227.80750    
      7968   230.27672    
      7992   233.23926    
      8016   236.24753    
      8040   239.13567    
      8064   241.86012    
      8088   244.42947    
      8112   246.87190    
      8136   249.22063    
      8160   251.50708    
      8184   253.75856    
      8208   255.99747    
      8232   258.24176    
      8256   260.50546    
      8280   262.79959    
      8304   265.13275    
      8328   267.51254    
      8352   269.94592    
      8376   272.44037    
      8400   275.00461    
      8424   277.64963    
      8448   280.39001    
      8472   283.24457    
      8496   286.23807    
      8520   289.40277    
      8544   292.77991    
      8568   296.42221    
      8592   300.39636    
      8616   304.78592    
      8640   309.68716    
      8664   315.20355    
      8688   321.44089    
      8712   328.51596    
      8736   336.55048    
