         1   16.000000    
        24   12.556295    
        48   10.065110    
        72   8.3201046    
        96   7.0618701    
       120   6.1316910    
       144   5.4289703    
       168   4.8885441    
       192   4.4670091    
       216   4.1345487    
       240   3.8700676    
       264   3.6582372    
       288   3.4876640    
       312   3.3497133    
       336   3.2377365    
       360   3.1465471    
       384   3.0720558    
       408   3.0110087    
       432   2.9608028    
       456   2.9193466    
       480   2.8849487    
       504   2.8562462    
       528   2.8321321    
       552   2.8117137    
       576   2.7942655    
       600   2.7792013    
       624   2.7660506    
       648   2.7544329    
       672   2.7440422    
       696   2.7346337    
       720   2.7260149    
       744   2.7180305    
       768   2.7105582    
       792   2.7035036    
       816   2.6967905    
       840   2.6903629    
       864   2.6841764    
       888   2.6781974    
       912   2.6724010    
       936   2.6667686    
       960   2.6612878    
       984   2.6559508    
      1008   2.6507516    
      1032   2.6456866    
      1056   2.6861360    
      1080   2.7326291    
      1104   2.7668412    
      1128   2.7909844    
      1152   2.8080616    
      1176   2.8201513    
      1200   2.8286300    
      1224   2.8362470    
      1248   2.8449979    
      1272   2.8519096    
      1296   2.8567898    
      1320   2.8599751    
      1344   2.8618295    
      1368   2.8626564    
      1392   2.8626962    
      1416   2.8621352    
      1440   2.8611202    
      1464   2.8597672    
      1488   2.8581684    
      1512   2.8563967    
      1536   2.8545094    
      1560   2.8525536    
      1584   2.8505645    
      1608   2.8485708    
      1632   2.8465946    
      1656   2.8446712    
      1680   2.8428385    
      1704   2.8410993    
      1728   2.8394506    
      1752   2.8378866    
      1776   2.8364015    
      1800   2.8349905    
      1824   2.8336484    
      1848   2.8323708    
      1872   2.8311510    
      1896   2.8299825    
      1920   2.8288598    
      1944   2.8277781    
      1968   2.8267398    
      1992   2.8257484    
      2016   2.8247931    
      2040   2.8238621    
      2064   2.8229589    
      2088   2.8220706    
      2112   2.8211825    
      2136   2.8202813    
      2160   2.8193526    
      2184   2.8183851    
      2208   2.8173692    
      2232   2.8162944    
      2256   2.8151529    
      2280   2.8139360    
      2304   2.8126349    
      2328   2.8112440    
      2352   2.8097594    
      2376   2.8081775    
      2400   2.8064964    
      2424   2.8047194    
      2448   2.8082149    
      2472   2.8154507    
      2496   2.8201413    
      2520   2.8225403    
      2544   2.8233583    
      2568   2.8231280    
      2592   2.8222134    
      2616   2.8208621    
      2640   2.8192465    
      2664   2.8174896    
      2688   2.8156779    
      2712   2.8138740    
      2736   2.8121262    
      2760   2.8104701    
      2784   2.8089314    
      2808   2.8075328    
      2832   2.8062978    
      2856   2.8052356    
      2880   2.8043475    
      2904   2.8036311    
      2928   2.8030858    
      2952   2.8027065    
      2976   2.8285680    
      3000   2.8828459    
      3024   3.0462825    
      3048   3.1617255    
      3072   3.2337677    
      3096   3.2779486    
      3120   3.3050377    
      3144   3.3217773    
      3168   3.3715851    
      3192   3.4071269    
      3216   3.4276431    
      3240   3.4392202    
      3264   3.4454205    
      3288   3.4483409    
      3312   3.4492896    
      3336   3.4491022    
      3360   3.4483144    
      3384   3.4472654    
      3408   3.4461646    
      3432   3.4451358    
      3456   3.4442489    
      3480   3.4435363    
      3504   3.4430096    
      3528   3.4426668    
      3552   3.4424970    
      3576   3.4424865    
      3600   3.4426203    
      3624   3.4428818    
      3648   3.4432561    
      3672   3.4437287    
      3696   3.4442871    
      3720   3.4449193    
      3744   3.4456139    
      3768   3.4463623    
      3792   3.4471545    
      3816   3.4479840    
      3840   3.4488435    
      3864   3.4497278    
      3888   3.4506323    
      3912   3.4515512    
      3936   3.4524813    
      3960   3.4534197    
      3984   3.4543617    
      4008   3.4553049    
      4032   3.4562490    
      4056   3.4571919    
      4080   3.4581285    
      4104   3.4590607    
      4128   3.4599862    
      4152   3.4609051    
      4176   3.4618146    
      4200   3.4627140    
      4224   3.4636045    
      4248   3.4644859    
      4272   3.4653540    
      4296   3.4662132    
      4320   3.4670591    
      4344   3.4678907    
      4368   3.4687130    
      4392   3.4695232    
      4416   3.4703202    
      4440   3.4711063    
      4464   3.4718804    
      4488   3.4726424    
      4512   3.4733961    
      4536   3.4741404    
      4560   3.4748731    
      4584   3.4755943    
      4608   3.4763038    
      4632   3.4770021    
      4656   3.4776874    
      4680   3.4783609    
      4704   3.4790251    
      4728   3.4796770    
      4752   3.4803178    
      4776   3.4809475    
      4800   3.4815667    
      4824   3.4821768    
      4848   3.4827774    
      4872   3.4833674    
      4896   3.4839485    
      4920   3.4845202    
      4944   3.4850821    
      4968   3.4856374    
      4992   3.4861827    
      5016   3.4867198    
      5040   3.4872506    
      5064   3.4877744    
      5088   3.4882894    
      5112   3.4887986    
      5136   3.4893010    
      5160   3.4897959    
      5184   3.4902856    
      5208   3.4907701    
      5232   3.4912477    
      5256   3.4917221    
      5280   3.4921908    
      5304   3.4926553    
      5328   3.4931157    
      5352   3.4935756    
      5376   3.4940355    
      5400   3.4944973    
      5424   3.4700329    
      5448   3.4490111    
      5472   3.4357247    
      5496   3.4283812    
      5520   3.4249818    
      5544   3.4239659    
      5568   3.4242756    
      5592   3.4252450    
      5616   3.4264829    
      5640   3.4277670    
      5664   3.4289801    
      5688   3.4300699    
      5712   3.4310153    
      5736   3.4318151    
      5760   3.4324741    
      5784   3.4330051    
      5808   3.4334242    
      5832   3.4337432    
      5856   3.4339755    
      5880   3.4341340    
      5904   3.4282403    
      5928   3.4212461    
      5952   3.4165876    
      5976   3.4136124    
      6000   3.4117517    
      6024   3.4106152    
      6048   3.4099317    
      6072   3.4095228    
      6096   3.4092700    
      6120   3.4091024    
      6144   3.4089770    
      6168   3.4088724    
      6192   3.4087677    
      6216   3.4086542    
      6240   3.4085240    
      6264   3.4083745    
      6288   3.4082057    
      6312   3.4080188    
      6336   3.4078133    
      6360   3.4075904    
      6384   3.4073534    
      6408   3.4071038    
      6432   3.4068446    
      6456   3.4065764    
      6480   3.4063017    
      6504   3.4060235    
      6528   3.4057424    
      6552   3.4054623    
      6576   3.4051831    
      6600   3.4049101    
      6624   3.3639255    
      6648   3.3196065    
      6672   3.2860398    
      6696   3.2624514    
      6720   3.2463040    
      6744   3.2351596    
      6768   3.2271504    
      6792   3.2209866    
      6816   3.2158368    
      6840   3.2111924    
      6864   3.2067516    
      6888   3.2023439    
      6912   3.1978824    
      6936   3.1933260    
      6960   3.1886611    
      6984   3.1838942    
      7008   3.1790388    
      7032   3.1741111    
      7056   3.1691370    
      7080   3.1641364    
      7104   3.1591344    
      7128   3.1541550    
      7152   3.1492231    
      7176   3.1443615    
      7200   3.1395936    
      7224   3.1349435    
      7248   3.1304324    
      7272   3.1260798    
      7296   3.1219053    
      7320   3.1179271    
      7344   3.1141601    
      7368   3.1106167    
      7392   3.1073062    
      7416   3.1042356    
      7440   3.1014071    
      7464   3.0988209    
      7488   3.0964718    
      7512   3.0943527    
      7536   3.0924506    
      7560   3.0907500    
      7584   3.0892308    
      7608   3.0878720    
      7632   3.0866485    
      7656   3.0855350    
      7680   3.0845029    
      7704   3.0835238    
      7728   3.0825684    
      7752   3.0816073    
      7776   3.0806139    
      7800   3.0795586    
      7824   3.0784171    
      7848   3.0771623    
      7872   3.0757697    
      7896   3.0742188    
      7920   3.0724881    
      7944   3.0670114    
      7968   3.0559845    
      7992   3.0453289    
      8016   3.0357664    
      8040   3.0271392    
      8064   3.0191834    
      8088   3.0116599    
      8112   3.0043736    
      8136   2.9971704    
      8160   2.9899292    
      8184   2.9825506    
      8208   2.9749558    
      8232   2.9670796    
      8256   2.9588683    
      8280   2.9502761    
      8304   2.9412606    
      8328   2.9317853    
      8352   2.9218163    
      8376   2.9113224    
      8400   2.9002709    
      8424   2.8886304    
      8448   2.8763695    
      8472   2.8634567    
      8496   2.8498578    
      8520   2.8355381    
      8544   2.8204606    
      8568   2.8045871    
      8592   2.7878788    
      8616   2.7702894    
      8640   2.7518334    
      8664   2.7325804    
      8688   2.7126088    
      8712   2.6918900    
      8736   2.6703629    
