         1   16.000000    
       288   10.216731    
       576   8.0255613    
       864   6.7322707    
      1152   5.8936491    
      1440   5.3010163    
      1728   4.8547182    
      2016   4.5403409    
      2304   4.3948708    
      2592   4.3283577    
      2880   4.3121405    
      3168   4.3121405    
      3456   4.3121405    
      3744   4.3121405    
      4032   4.3121405    
      4320   4.3121405    
      4608   4.3121405    
      4896   4.3121405    
      5184   4.3121405    
      5472   4.3121405    
      5760   4.3121405    
      6048   4.3121405    
      6336   4.3121405    
      6624   4.3121405    
      6912   4.3121405    
      7200   4.3121405    
      7488   4.3121405    
      7776   4.3121405    
      8064   4.3121405    
      8352   4.3121405    
      8640   4.3121405    
      8928   4.3121405    
      9216   4.3121405    
      9504   4.3121405    
      9792   4.3121405    
     10080   4.3121405    
     10368   4.3121405    
     10656   4.3121405    
     10944   4.3121405    
     11232   4.3121405    
     11520   4.3121405    
     11808   4.3121405    
     12096   4.3121405    
     12384   4.3121405    
     12672   4.3121405    
     12960   4.3121405    
     13248   4.3121405    
     13536   4.3121405    
     13824   4.3121405    
     14112   4.3121405    
     14400   4.3121405    
     14688   4.3121405    
     14976   4.3121405    
     15264   4.3121405    
     15552   4.2993054    
     15840   4.2135015    
     16128   3.9970868    
     16416   3.6506648    
     16704   3.2672019    
     16992   2.8924651    
     17280   2.4219849    
     17568   2.1340904    
     17856   2.0748527    
     18144   2.0670311    
     18432   2.0660167    
     18720   2.0656869    
     19008   2.0655265    
     19296   2.0654368    
     19584   2.0653822    
     19872   2.0653591    
     20160   2.0653672    
     20448   2.0654070    
     20736   2.0654817    
     21024   2.0656395    
     21312   2.0658462    
     21600   2.0660682    
     21888   2.0663433    
     22176   2.0666666    
     22464   2.0670474    
     22752   2.0674877    
     23040   2.0680070    
     23328   2.0687134    
     23616   2.0695205    
     23904   2.0704260    
     24192   2.0714753    
     24480   2.0726805    
     24768   2.0740724    
     25056   2.0756691    
     25344   2.0775206    
     25632   2.0798528    
     25920   2.0825276    
     26208   2.0855145    
     26496   2.0889332    
     26784   2.0928133    
     27072   2.0971949    
     27360   2.1021113    
     27648   2.1075380    
     27936   2.1140442    
     28224   2.1210935    
     28512   2.1285639    
     28800   2.1362648    
     29088   2.1441882    
     29376   2.1522024    
     29664   2.1601479    
     29952   2.1677411    
     30240   2.1760898    
     30528   2.1837530    
     30816   2.1905322    
     31104   2.1963654    
     31392   2.2011144    
     31680   2.2051055    
     31968   2.2084386    
     32256   2.2111919    
     32544   2.2147284    
     32832   2.2174318    
     33120   2.2194188    
     33408   2.2208333    
     33696   2.2218280    
     33984   2.2223322    
     34272   2.2228146    
     34560   2.2233126    
     34848   2.2253375    
     35136   2.2267299    
     35424   2.2275977    
     35712   2.2278576    
     36000   2.2280686    
     36288   2.2282767    
     36576   2.2284937    
     36864   2.2287314    
     37152   2.2304928    
     37440   2.2313256    
     37728   2.2318339    
     38016   2.2321119    
     38304   2.2322412    
     38592   2.2322967    
     38880   2.2323308    
     39168   2.2323761    
     39456   2.2339478    
     39744   2.2345386    
     40032   2.2348242    
     40320   2.2349091    
     40608   2.2348747    
     40896   2.2977924    
     41184   2.4050024    
     41472   2.4798369    
     41760   2.5326724    
     42048   2.5678196    
     42336   2.5908115    
     42624   2.6055923    
     42912   2.6149397    
     43200   2.6204631    
     43488   2.6240406    
     43776   2.6263528    
     44064   2.6298206    
     44352   2.6315181    
     44640   2.6321385    
     44928   2.6321812    
     45216   2.6319771    
     45504   2.6316998    
     45792   2.6314466    
     46080   2.6312535    
     46368   2.6311259    
     46656   2.6310573    
     46944   2.6310377    
     47232   2.6330817    
     47520   2.6337938    
     47808   2.6337652    
     48096   2.6334219    
     48384   2.6330085    
     48672   2.6326265    
     48960   2.6323195    
     49248   2.6320984    
     49536   2.6319537    
     49824   2.6318676    
     50112   2.6318262    
     50400   2.6321623    
     50688   2.6321878    
     50976   2.6321013    
     51264   2.6320097    
     51552   2.6319509    
     51840   2.6319320    
     52128   2.6319461    
     52416   2.6319866    
     52704   2.6320453    
     52992   2.6321099    
     53280   2.6321807    
     53568   2.6322503    
     53856   2.6323206    
     54144   2.6327384    
     54432   2.6328151    
     54720   2.6327634    
     55008   2.6326938    
     55296   2.6326466    
     55584   2.6326320    
     55872   2.6326480    
     56160   2.6326761    
     56448   2.6327159    
     56736   2.6327639    
     57024   2.6331971    
     57312   2.6332572    
     57600   2.6305575    
     57888   2.6298339    
     58176   2.6299918    
     58464   2.6304669    
     58752   2.6309931    
     59040   2.6314628    
     59328   2.6322155    
     59616   2.6325464    
     59904   2.6326787    
     60192   2.6299081    
     60480   2.6292536    
     60768   2.6295230    
     61056   2.6301153    
     61344   2.6307411    
     61632   2.6313016    
     61920   2.6321352    
     62208   2.6294966    
     62496   2.6288848    
     62784   2.6291757    
     63072   2.6297808    
     63360   2.6304345    
     63648   2.6310270    
     63936   2.6283476    
     64224   2.6282229    
     64512   2.6287303    
     64800   2.6294210    
     65088   2.6301131    
     65376   2.6307001    
     65664   2.6278119    
     65952   2.6272511    
     66240   2.6277225    
     66528   2.6289210    
     66816   2.6298578    
     67104   2.6269462    
     67392   2.6263719    
     67680   2.6268563    
     67968   2.6277282    
     68256   2.6249938    
     68544   2.6246674    
     68832   2.6254044    
     69120   2.6268570    
     69408   2.6242368    
     69696   2.6238801    
     69984   2.6245561    
     70272   2.6256056    
     70560   2.6267254    
     70848   2.6237342    
     71136   2.6231875    
     71424   2.6238070    
     71712   2.6252420    
     72000   2.6212409    
     72288   2.6203651    
     72576   2.6209908    
     72864   2.6222248    
     73152   2.6236076    
     73440   2.6206298    
     73728   2.6200998    
     74016   2.6207976    
     74304   2.6220191    
     74592   2.6192017    
     74880   2.6187062    
     75168   2.6193738    
     75456   2.6160784    
     75744   2.6155062    
     76032   2.6163208    
     76320   2.6177359    
     76608   2.6147482    
     76896   2.6142342    
     77184   2.6153338    
     77472   2.6168065    
     77760   2.6135828    
     78048   2.6127942    
     78336   2.6133685    
     78624   2.6145959    
     78912   2.6112266    
     79200   2.6103454    
     79488   2.6109037    
     79776   2.6124637    
     80064   2.6091275    
     80352   2.6081269    
     80640   2.6085482    
     80928   2.6097100    
     81216   2.6061258    
     81504   2.6049719    
     81792   2.6053383    
     82080   2.6067796    
     82368   2.6084812    
     82656   2.6048331    
     82944   2.6033590    
     83232   2.6033916    
     83520   2.6043046    
     83808   2.6002893    
     84096   2.5988264    
     84384   2.5989237    
     84672   2.5998952    
     84960   2.6013839    
     85248   2.5975773    
     85536   2.5957949    
     85824   2.5956237    
     86112   2.5966449    
     86400   2.5982435    
     86688   2.5944445    
     86976   2.5924366    
     87264   2.5920625    
     87552   2.5927753    
     87840   2.5943589    
     88128   2.5964272    
     88416   2.5929191    
     88704   2.5907006    
     88992   2.5901046    
     89280   2.5906613    
     89568   2.5921590    
     89856   2.5943239    
     90144   2.5969207    
     90432   2.5940404    
     90720   2.5914810    
     91008   2.5905621    
     91296   2.5909884    
     91584   2.5925376    
     91872   2.5949316    
     92160   2.5981266    
     92448   2.6021547    
     92736   2.6071327    
     93024   2.6132932    
     93312   2.6166952    
     93600   2.6160867    
     93888   2.6168516    
     94176   2.6198931    
     94464   2.6256118    
     94752   2.6347363    
     95040   2.6480670    
     95328   2.6666324    
     95616   2.6913736    
     95904   2.7229044    
     96192   2.7567327    
     96480   2.7877290    
     96768   2.8095975    
     97056   2.8187392    
     97344   2.8188181    
     97632   2.8188181    
     97920   2.8188181    
     98208   2.8188181    
     98496   2.8188181    
     98784   2.8188181    
     99072   2.8188181    
     99360   2.8188181    
     99648   2.8188181    
     99936   2.8188181    
    100224   2.8188181    
    100512   2.8188181    
    100800   2.8188181    
    101088   2.8188181    
    101376   2.8188181    
    101664   2.8188181    
    101952   2.8188181    
    102240   2.8188181    
    102528   2.8188181    
    102816   2.8188181    
    103104   2.8188181    
    103392   2.8188181    
    103680   2.8188181    
    103968   2.8188181    
    104256   2.8188181    
    104544   2.8188181    
    104832   2.8188181    
