         1  100000000.    
       288   95074440.    
       576   90586024.    
       864   86477736.    
      1152   82732680.    
      1440   79329600.    
      1728   75637464.    
      2016   72288528.    
      2304   69253776.    
      2592   66506404.    
      2880   64021892.    
      3168   61778104.    
      3456   59269564.    
      3744   56998152.    
      4032   54944108.    
      4320   53089888.    
      4608   51419948.    
      4896   49920432.    
      5184   48177508.    
      5472   46605164.    
      5760   45190780.    
      6048   43923252.    
      6336   42792668.    
      6624   41790336.    
      6912   40565296.    
      7200   39469872.    
      7488   38494676.    
      7776   37632992.    
      8064   36878368.    
      8352   35919784.    
      8640   35069476.    
      8928   34321068.    
      9216   33668884.    
      9504   33107860.    
      9792   32633840.    
     10080   31968088.    
     10368   31390246.    
     10656   30896026.    
     10944   30481494.    
     11232   30143576.    
     11520   29880242.    
     11808   29435718.    
     12096   29067064.    
     12384   28772240.    
     12672   28549146.    
     12960   28396056.    
     13248   28068976.    
     13536   27812140.    
     13824   27623210.    
     14112   27501000.    
     14400   27444366.    
     14688   27452596.    
     14976   27525176.    
     15264   27424296.    
     15552   27387074.    
     15840   27412938.    
     16128   27501710.    
     16416   27653588.    
     16704   27867822.    
     16992   27906962.    
     17280   28008502.    
     17568   28172782.    
     17856   28400548.    
     18144   28692214.    
     18432   29050028.    
     18720   29476006.    
     19008   29718134.    
     19296   30026500.    
     19584   30403172.    
     19872   30850296.    
     20160   31370518.    
     20448   31965808.    
     20736   32641328.    
     21024   33121538.    
     21312   33679924.    
     21600   34319628.    
     21888   35045712.    
     22176   35863220.    
     22464   36778032.    
     22752   37795128.    
     23040   38924060.    
     23328   39841268.    
     23616   40869196.    
     23904   42015548.    
     24192   43290764.    
     24480   44705676.    
     24768   46272708.    
     25056   48003916.    
     25344   49917796.    
     25632   51657952.    
     25920   53589852.    
     26208   55732000.    
     26496   58108328.    
     26784   60744644.    
     27072   63670476.    
     27360   66919656.    
     27648   70528080.    
     27936   73937568.    
     28224   77738712.    
     28512   81979552.    
     28800   86713880.    
     29088   92006456.    
     29376   97929776.    
     29664  0.10456608E+09
     29952  0.11200365E+09
     30240  0.11938720E+09
     30528  0.12767126E+09
     30816  0.13697170E+09
     31104  0.14741688E+09
     31392  0.15883246E+09
     31680  0.17102117E+09
     31968  0.18391878E+09
     32256  0.19741254E+09
     32544  0.20980806E+09
     32832  0.22241882E+09
     33120  0.23497805E+09
     33408  0.24719405E+09
     33696  0.25876621E+09
     33984  0.26941946E+09
     34272  0.27891917E+09
     34560  0.28706202E+09
     34848  0.29183533E+09
     35136  0.29541306E+09
     35424  0.29782048E+09
     35712  0.29920355E+09
     36000  0.29973706E+09
     36288  0.29959059E+09
     36576  0.29894611E+09
     36864  0.29798352E+09
     37152  0.29503174E+09
     37440  0.29249648E+09
     37728  0.29035818E+09
     38016  0.28861622E+09
     38304  0.28728349E+09
     38592  0.28636605E+09
     38880  0.28585629E+09
     39168  0.28573568E+09
     39456  0.28424134E+09
     39744  0.28349133E+09
     40032  0.28332973E+09
     40320  0.28364630E+09
     40608  0.28436774E+09
     40896  0.28543072E+09
     41184  0.28677654E+09
     41472  0.28835043E+09
     41760  0.28838093E+09
     42048  0.28890618E+09
     42336  0.28978576E+09
     42624  0.29094387E+09
     42912  0.29232202E+09
     43200  0.29389680E+09
     43488  0.29561728E+09
     43776  0.29741821E+09
     44064  0.29754208E+09
     44352  0.29804317E+09
     44640  0.29880349E+09
     44928  0.29976499E+09
     45216  0.30088422E+09
     45504  0.30212275E+09
     45792  0.30344550E+09
     46080  0.30482061E+09
     46368  0.30622128E+09
     46656  0.30762502E+09
     46944  0.30901238E+09
     47232  0.30863408E+09
     47520  0.30859376E+09
     47808  0.30878912E+09
     48096  0.30917165E+09
     48384  0.30970323E+09
     48672  0.31034906E+09
     48960  0.31107738E+09
     49248  0.31185917E+09
     49536  0.31266851E+09
     49824  0.31348314E+09
     50112  0.31428470E+09
     50400  0.31502992E+09
     50688  0.31571923E+09
     50976  0.31636685E+09
     51264  0.31696845E+09
     51552  0.31751779E+09
     51840  0.31801040E+09
     52128  0.31844307E+09
     52416  0.31881402E+09
     52704  0.31912182E+09
     52992  0.31936557E+09
     53280  0.31954464E+09
     53568  0.31966003E+09
     53856  0.31971213E+09
     54144  0.31967418E+09
     54432  0.31955971E+09
     54720  0.31939123E+09
     55008  0.31917146E+09
     55296  0.31889942E+09
     55584  0.31857398E+09
     55872  0.31819370E+09
     56160  0.31775600E+09
     56448  0.31726054E+09
     56736  0.31670688E+09
     57024  0.31606131E+09
     57312  0.31534368E+09
     57600  0.31644051E+09
     57888  0.31707974E+09
     58176  0.31734874E+09
     58464  0.31729309E+09
     58752  0.31695280E+09
     59040  0.31636576E+09
     59328  0.31553722E+09
     59616  0.31451546E+09
     59904  0.31335027E+09
     60192  0.31399229E+09
     60480  0.31411558E+09
     60768  0.31382605E+09
     61056  0.31318550E+09
     61344  0.31224454E+09
     61632  0.31104918E+09
     61920  0.30960970E+09
     62208  0.30994848E+09
     62496  0.30972256E+09
     62784  0.30905296E+09
     63072  0.30801053E+09
     63360  0.30665331E+09
     63648  0.30503299E+09
     63936  0.30518310E+09
     64224  0.30470682E+09
     64512  0.30373578E+09
     64800  0.30236864E+09
     65088  0.30067203E+09
     65376  0.29870259E+09
     65664  0.29852118E+09
     65952  0.29773232E+09
     66240  0.29646784E+09
     66528  0.29477514E+09
     66816  0.29272906E+09
     67104  0.29244330E+09
     67392  0.29151254E+09
     67680  0.29007526E+09
     67968  0.28821555E+09
     68256  0.28804512E+09
     68544  0.28716166E+09
     68832  0.28571504E+09
     69120  0.28377078E+09
     69408  0.28347786E+09
     69696  0.28244115E+09
     69984  0.28082288E+09
     70272  0.27872522E+09
     70560  0.27622998E+09
     70848  0.27545658E+09
     71136  0.27400397E+09
     71424  0.27202326E+09
     71712  0.26957715E+09
     72000  0.26932134E+09
     72288  0.26826355E+09
     72576  0.26658038E+09
     72864  0.26438029E+09
     73152  0.26175190E+09
     73440  0.26079469E+09
     73728  0.25914341E+09
     74016  0.25695272E+09
     74304  0.25432109E+09
     74592  0.25330888E+09
     74880  0.25157917E+09
     75168  0.24930803E+09
     75456  0.24860413E+09
     75744  0.24714526E+09
     76032  0.24509325E+09
     76320  0.24255082E+09
     76608  0.24157920E+09
     76896  0.23988707E+09
     77184  0.23761285E+09
     77472  0.23485738E+09
     77760  0.23367258E+09
     78048  0.23180275E+09
     78336  0.22940309E+09
     78624  0.22657162E+09
     78912  0.22529690E+09
     79200  0.22336805E+09
     79488  0.22093325E+09
     79776  0.21806390E+09
     80064  0.21670856E+09
     80352  0.21471654E+09
     80640  0.21223690E+09
     80928  0.20936549E+09
     81216  0.20799133E+09
     81504  0.20601226E+09
     81792  0.20356581E+09
     82080  0.20072477E+09
     82368  0.19754987E+09
     82656  0.19585590E+09
     82944  0.19363354E+09
     83232  0.19100856E+09
     83520  0.18806157E+09
     83808  0.18652606E+09
     84096  0.18446360E+09
     84384  0.18198211E+09
     84672  0.17917357E+09
     84960  0.17609792E+09
     85248  0.17438443E+09
     85536  0.17221702E+09
     85824  0.16970032E+09
     86112  0.16688982E+09
     86400  0.16383318E+09
     86688  0.16205341E+09
     86976  0.15986547E+09
     87264  0.15736550E+09
     87552  0.15461782E+09
     87840  0.15165626E+09
     88128  0.14851597E+09
     88416  0.14655213E+09
     88704  0.14426238E+09
     88992  0.14172632E+09
     89280  0.13899565E+09
     89568  0.13610363E+09
     89856  0.13307654E+09
     90144  0.12994742E+09
     90432  0.12785940E+09
     90720  0.12554528E+09
     91008  0.12306398E+09
     91296  0.12045229E+09
     91584  0.11773555E+09
     91872  0.11494329E+09
     92160  0.11209834E+09
     92448  0.10922038E+09
     92736  0.10632435E+09
     93024  0.10342074E+09
     93312  0.10136322E+09
     93600   99208776.    
     93888   96991376.    
     94176   94734992.    
     94464   92457760.    
     94752   90170088.    
     95040   87885648.    
     95328   85615920.    
     95616   83368952.    
     95904   81152656.    
     96192   78971256.    
     96480   76827688.    
     96768   74727520.    
     97056   72675152.    
     97344   70673968.    
     97632   68726864.    
     97920   66835604.    
     98208   65001672.    
     98496   63224068.    
     98784   61504696.    
     99072   59844552.    
     99360   58244652.    
     99648   56705436.    
     99936   55226756.    
    100224   53808912.    
    100512   52449444.    
    100800   51148580.    
    101088   49906016.    
    101376   48721500.    
    101664   47594440.    
    101952   46147884.    
    102240   44792796.    
    102528   43522512.    
    102816   42331580.    
    103104   41215492.    
    103392   40169136.    
    103680   39189660.    
    103968   38274356.    
    104256   37420772.    
    104544   36626636.    
    104832   35595584.    
