         1   1.8012198    
       288   1.7124996    
       576   1.6316534    
       864   1.5576540    
      1152   1.4901973    
      1440   1.4289005    
      1728   1.3623968    
      2016   1.3020753    
      2304   1.2474127    
      2592   1.1979265    
      2880   1.1531749    
      3168   1.1127594    
      3456   1.0675751    
      3744   1.0266619    
      4032  0.98966408    
      4320  0.95626551    
      4608  0.92618620    
      4896  0.89917666    
      5184  0.86778271    
      5472  0.83946139    
      5760  0.81398529    
      6048  0.79115433    
      6336  0.77078998    
      6624  0.75273579    
      6912  0.73067009    
      7200  0.71093911    
      7488  0.69337368    
      7776  0.67785287    
      8064  0.66426045    
      8352  0.64699423    
      8640  0.63167834    
      8928  0.61819780    
      9216  0.60645056    
      9504  0.59634531    
      9792  0.58780718    
     10080  0.57581550    
     10368  0.56540728    
     10656  0.55650532    
     10944  0.54903865    
     11232  0.54295200    
     11520  0.53820878    
     11808  0.53020197    
     12096  0.52356172    
     12384  0.51825124    
     12672  0.51423281    
     12960  0.51147538    
     13248  0.50558394    
     13536  0.50095773    
     13824  0.49755472    
     14112  0.49535343    
     14400  0.49433330    
     14688  0.49448153    
     14976  0.49578887    
     15264  0.49397185    
     15552  0.49330136    
     15840  0.49376726    
     16128  0.49536625    
     16416  0.49810189    
     16704  0.50196069    
     16992  0.50266570    
     17280  0.50449467    
     17568  0.50745368    
     17856  0.51155627    
     18144  0.51680982    
     18432  0.52325481    
     18720  0.53092766    
     19008  0.53528887    
     19296  0.54084325    
     19584  0.54762793    
     19872  0.55568159    
     20160  0.56505197    
     20448  0.57577443    
     20736  0.58794206    
     21024  0.59659165    
     21312  0.60664940    
     21600  0.61817187    
     21888  0.63125026    
     22176  0.64597541    
     22464  0.66245317    
     22752  0.68077332    
     23040  0.70110786    
     23328  0.71762872    
     23616  0.73614401    
     23904  0.75679237    
     24192  0.77976179    
     24480  0.80524743    
     24768  0.83347315    
     25056  0.86465597    
     25344  0.89912915    
     25632  0.93047327    
     25920  0.96527094    
     26208   1.0038558    
     26496   1.0466586    
     26784   1.0941445    
     27072   1.1468451    
     27360   1.2053699    
     27648   1.2703657    
     27936   1.3317780    
     28224   1.4002450    
     28512   1.4766319    
     28800   1.5619075    
     29088   1.6572384    
     29376   1.7639303    
     29664   1.8834649    
     29952   2.0174317    
     30240   2.1504259    
     30528   2.2996399    
     30816   2.4671612    
     31104   2.6553020    
     31392   2.8609216    
     31680   3.0804667    
     31968   3.3127813    
     32256   3.5558338    
     32544   3.7791040    
     32832   4.0062513    
     33120   4.2324710    
     33408   4.4525080    
     33696   4.6609478    
     33984   4.8528361    
     34272   5.0239472    
     34560   5.1706176    
     34848   5.2565956    
     35136   5.3210382    
     35424   5.3644013    
     35712   5.3893137    
     36000   5.3989229    
     36288   5.3962846    
     36576   5.3846765    
     36864   5.3673382    
     37152   5.3141699    
     37440   5.2685041    
     37728   5.2299891    
     38016   5.1986122    
     38304   5.1746068    
     38592   5.1580815    
     38880   5.1488996    
     39168   5.1467276    
     39456   5.1198111    
     39744   5.1063018    
     40032   5.1033907    
     40320   5.1090927    
     40608   5.1220875    
     40896   5.1412344    
     41184   5.1654758    
     41472   5.1938248    
     41760   5.1943741    
     42048   5.2038350    
     42336   5.2196784    
     42624   5.2405381    
     42912   5.2653618    
     43200   5.2937269    
     43488   5.3247166    
     43776   5.3571558    
     44064   5.3593864    
     44352   5.3684125    
     44640   5.3821073    
     44928   5.3994260    
     45216   5.4195862    
     45504   5.4418945    
     45792   5.4657202    
     46080   5.4904890    
     46368   5.5157180    
     46656   5.5410028    
     46944   5.5659919    
     47232   5.5591774    
     47520   5.5584517    
     47808   5.5619707    
     48096   5.5688605    
     48384   5.5784359    
     48672   5.5900688    
     48960   5.6031871    
     49248   5.6172686    
     49536   5.6318469    
     49824   5.6465201    
     50112   5.6609578    
     50400   5.6743808    
     50688   5.6867971    
     50976   5.6984620    
     51264   5.7092981    
     51552   5.7191930    
     51840   5.7280660    
     52128   5.7358594    
     52416   5.7425413    
     52704   5.7480850    
     52992   5.7524753    
     53280   5.7557011    
     53568   5.7577796    
     53856   5.7587180    
     54144   5.7580342    
     54432   5.7559724    
     54720   5.7529383    
     55008   5.7489791    
     55296   5.7440791    
     55584   5.7382174    
     55872   5.7313676    
     56160   5.7234840    
     56448   5.7145596    
     56736   5.7045870    
     57024   5.6929588    
     57312   5.6800327    
     57600   5.6997890    
     57888   5.7113028    
     58176   5.7161484    
     58464   5.7151456    
     58752   5.7090163    
     59040   5.6984425    
     59328   5.6835184    
     59616   5.6651144    
     59904   5.6441269    
     60192   5.6556911    
     60480   5.6579123    
     60768   5.6526966    
     61056   5.6411591    
     61344   5.6242104    
     61632   5.6026793    
     61920   5.5767508    
     62208   5.5828533    
     62496   5.5787840    
     62784   5.5667229    
     63072   5.5479465    
     63360   5.5235000    
     63648   5.4943142    
     63936   5.4970183    
     64224   5.4884396    
     64512   5.4709487    
     64800   5.4463234    
     65088   5.4157639    
     65376   5.3802900    
     65664   5.3770227    
     65952   5.3628135    
     66240   5.3400373    
     66528   5.3095474    
     66816   5.2726932    
     67104   5.2675462    
     67392   5.2507815    
     67680   5.2248926    
     67968   5.1913953    
     68256   5.1883254    
     68544   5.1724124    
     68832   5.1463556    
     69120   5.1113353    
     69408   5.1060591    
     69696   5.0873857    
     69984   5.0582371    
     70272   5.0204535    
     70560   4.9755087    
     70848   4.9615779    
     71136   4.9354134    
     71424   4.8997369    
     71712   4.8556767    
     72000   4.8510695    
     72288   4.8320160    
     72576   4.8016982    
     72864   4.7620697    
     73152   4.7147269    
     73440   4.6974854    
     73728   4.6677423    
     74016   4.6282830    
     74304   4.5808816    
     74592   4.5626497    
     74880   4.5314937    
     75168   4.4905853    
     75456   4.4779067    
     75744   4.4516292    
     76032   4.4146681    
     76320   4.3688731    
     76608   4.3513722    
     76896   4.3208933    
     77184   4.2799296    
     77472   4.2302976    
     77760   4.2089562    
     78048   4.1752768    
     78336   4.1320534    
     78624   4.0810528    
     78912   4.0580921    
     79200   4.0233493    
     79488   3.9794931    
     79776   3.9278100    
     80064   3.9033971    
     80352   3.8675168    
     80640   3.8228528    
     80928   3.7711327    
     81216   3.7463808    
     81504   3.7107334    
     81792   3.6666672    
     82080   3.6154943    
     82368   3.5583072    
     82656   3.5277953    
     82944   3.4877656    
     83232   3.4404840    
     83520   3.3874023    
     83808   3.3597441    
     84096   3.3225946    
     84384   3.2778978    
     84672   3.2273097    
     84960   3.1719103    
     85248   3.1410468    
     85536   3.1020069    
     85824   3.0566754    
     86112   3.0060525    
     86400   2.9509954    
     86688   2.9189377    
     86976   2.8795283    
     87264   2.8344984    
     87552   2.7850068    
     87840   2.7316623    
     88128   2.6750989    
     88416   2.6397259    
     88704   2.5984824    
     88992   2.5528023    
     89280   2.5036170    
     89568   2.4515252    
     89856   2.3970010    
     90144   2.3406384    
     90432   2.3030288    
     90720   2.2613463    
     91008   2.2166526    
     91296   2.1696103    
     91584   2.1206760    
     91872   2.0703812    
     92160   2.0191374    
     92448   1.9672989    
     92736   1.9151351    
     93024   1.8628348    
     93312   1.8257741    
     93600   1.7869680    
     93888   1.7470278    
     94176   1.7063855    
     94464   1.6653672    
     94752   1.6241614    
     95040   1.5830135    
     95328   1.5421308    
     95616   1.5016580    
     95904   1.4617376    
     96192   1.4224458    
     96480   1.3838354    
     96768   1.3460068    
     97056   1.3090391    
     97344   1.2729934    
     97632   1.2379218    
     97920   1.2038561    
     98208   1.1708230    
     98496   1.1388043    
     98784   1.1078347    
     99072   1.0779319    
     99360   1.0491141    
     99648   1.0213895    
     99936  0.99475521    
    100224  0.96921670    
    100512  0.94472975    
    100800  0.92129833    
    101088  0.89891696    
    101376  0.87758124    
    101664  0.85728043    
    101952  0.83122480    
    102240  0.80681670    
    102528  0.78393602    
    102816  0.76248479    
    103104  0.74238157    
    103392  0.72353441    
    103680  0.70589191    
    103968  0.68940526    
    104256  0.67403030    
    104544  0.65972620    
    104832  0.64115465    
