         1  0.33822218    
       288  0.20659377E-02
       576  0.20816727E-02
       864  0.20973308E-02
      1152  0.21129227E-02
      1440  0.21284658E-02
      1728  0.21453339E-02
      2016  0.21621452E-02
      2304  0.21789419E-02
      2592  0.21957557E-02
      2880  0.22126196E-02
      3168  0.22295655E-02
      3456  0.22477985E-02
      3744  0.22661227E-02
      4032  0.22845652E-02
      4320  0.23031461E-02
      4608  0.23218875E-02
      4896  0.23408036E-02
      5184  0.23609798E-02
      5472  0.23813345E-02
      5760  0.24018828E-02
      6048  0.24226331E-02
      6336  0.24435949E-02
      6624  0.24647729E-02
      6912  0.24871675E-02
      7200  0.25097770E-02
      7488  0.25326044E-02
      7776  0.25556548E-02
      8064  0.25789221E-02
      8352  0.26033591E-02
      8640  0.26280091E-02
      8928  0.26528668E-02
      9216  0.26779331E-02
      9504  0.27031994E-02
      9792  0.27286625E-02
     10080  0.27552398E-02
     10368  0.27820021E-02
     10656  0.28089436E-02
     10944  0.28360540E-02
     11232  0.28633468E-02
     11520  0.28908318E-02
     11808  0.29194013E-02
     12096  0.29481174E-02
     12384  0.29769635E-02
     12672  0.30059158E-02
     12960  0.30349547E-02
     13248  0.30649956E-02
     13536  0.30951044E-02
     13824  0.31252638E-02
     14112  0.31554562E-02
     14400  0.31856601E-02
     14688  0.32158599E-02
     14976  0.32460336E-02
     15264  0.32771381E-02
     15552  0.33082014E-02
     15840  0.33392014E-02
     16128  0.33701169E-02
     16416  0.34009251E-02
     16704  0.34316087E-02
     16992  0.34631700E-02
     17280  0.34945861E-02
     17568  0.35258322E-02
     17856  0.35568799E-02
     18144  0.35877088E-02
     18432  0.36182886E-02
     18720  0.36485863E-02
     19008  0.36797216E-02
     19296  0.37105645E-02
     19584  0.37410834E-02
     19872  0.37712464E-02
     20160  0.38010238E-02
     20448  0.38303849E-02
     20736  0.38592860E-02
     21024  0.38889919E-02
     21312  0.39182254E-02
     21600  0.39469544E-02
     21888  0.39751385E-02
     22176  0.40027336E-02
     22464  0.40296963E-02
     22752  0.40559862E-02
     23040  0.40815463E-02
     23328  0.41078776E-02
     23616  0.41334676E-02
     23904  0.41582617E-02
     24192  0.41821986E-02
     24480  0.42052157E-02
     24768  0.42272438E-02
     25056  0.42482177E-02
     25344  0.42680479E-02
     25632  0.42883758E-02
     25920  0.43075061E-02
     26208  0.43253545E-02
     26496  0.43418054E-02
     26784  0.43567470E-02
     27072  0.43700491E-02
     27360  0.43815728E-02
     27648  0.43911720E-02
     27936  0.44013248E-02
     28224  0.44094361E-02
     28512  0.44153216E-02
     28800  0.44187764E-02
     29088  0.44195731E-02
     29376  0.44174553E-02
     29664  0.44121491E-02
     29952  0.44033765E-02
     30240  0.43946579E-02
     30528  0.43822043E-02
     30816  0.43656728E-02
     31104  0.43447022E-02
     31392  0.43200925E-02
     31680  0.42926939E-02
     31968  0.42628227E-02
     32256  0.42309370E-02
     32544  0.42029475E-02
     32832  0.41741901E-02
     33120  0.41455319E-02
     33408  0.41178758E-02
     33696  0.40921266E-02
     33984  0.40690820E-02
     34272  0.40494064E-02
     34560  0.40336694E-02
     34848  0.40281476E-02
     35136  0.40260903E-02
     35424  0.40274565E-02
     35712  0.40318449E-02
     36000  0.40387805E-02
     36288  0.40477873E-02
     36576  0.40583517E-02
     36864  0.40699444E-02
     37152  0.40878993E-02
     37440  0.41047768E-02
     37728  0.41205590E-02
     38016  0.41351784E-02
     38304  0.41485331E-02
     38592  0.41605462E-02
     38880  0.41711894E-02
     39168  0.41804756E-02
     39456  0.41941139E-02
     39744  0.42053130E-02
     40032  0.42144875E-02
     40320  0.42219250E-02
     40608  0.42278254E-02
     40896  0.42323605E-02
     41184  0.42356974E-02
     41472  0.42380043E-02
     41760  0.42450917E-02
     42048  0.42503816E-02
     42336  0.42542797E-02
     42624  0.42570117E-02
     42912  0.42587500E-02
     43200  0.42595663E-02
     43488  0.42596208E-02
     43776  0.42591193E-02
     44064  0.42638285E-02
     44352  0.42671389E-02
     44640  0.42693927E-02
     44928  0.42707613E-02
     45216  0.42713718E-02
     45504  0.42713434E-02
     45792  0.42707850E-02
     46080  0.42698001E-02
     46368  0.42684781E-02
     46656  0.42668916E-02
     46944  0.42651086E-02
     47232  0.42688320E-02
     47520  0.42713420E-02
     47808  0.42729219E-02
     48096  0.42737052E-02
     48384  0.42737969E-02
     48672  0.42733005E-02
     48960  0.42723063E-02
     49248  0.42709042E-02
     49536  0.42691743E-02
     49824  0.42671855E-02
     50112  0.42649973E-02
     50400  0.42627458E-02
     50688  0.42604329E-02
     50976  0.42580208E-02
     51264  0.42555216E-02
     51552  0.42529623E-02
     51840  0.42503504E-02
     52128  0.42477003E-02
     52416  0.42450186E-02
     52704  0.42423089E-02
     52992  0.42395750E-02
     53280  0.42368178E-02
     53568  0.42340308E-02
     53856  0.42312145E-02
     54144  0.42284476E-02
     54432  0.42256904E-02
     54720  0.42228671E-02
     55008  0.42199721E-02
     55296  0.42170030E-02
     55584  0.42139585E-02
     55872  0.42108409E-02
     56160  0.42076563E-02
     56448  0.42044003E-02
     56736  0.42010727E-02
     57024  0.41977703E-02
     57312  0.41944329E-02
     57600  0.41850233E-02
     57888  0.41766861E-02
     58176  0.41691796E-02
     58464  0.41623879E-02
     58752  0.41561984E-02
     59040  0.41505052E-02
     59328  0.41452926E-02
     59616  0.41404199E-02
     59904  0.41357335E-02
     60192  0.41250517E-02
     60480  0.41156136E-02
     60768  0.41071265E-02
     61056  0.40994179E-02
     61344  0.40923445E-02
     61632  0.40857722E-02
     61920  0.40796725E-02
     62208  0.40676994E-02
     62496  0.40570884E-02
     62784  0.40475018E-02
     63072  0.40387409E-02
     63360  0.40306458E-02
     63648  0.40230616E-02
     63936  0.40096673E-02
     64224  0.39977934E-02
     64512  0.39870776E-02
     64800  0.39772470E-02
     65088  0.39681122E-02
     65376  0.39595095E-02
     65664  0.14829292E+15
     65952  0.39321207E-02
     66240  0.39202347E-02
     66528  0.39093117E-02
     66816  0.38991377E-02
     67104  0.38832838E-02
     67392  0.38689699E-02
     67680  0.38558280E-02
     67968  0.38436272E-02
     68256  0.38259989E-02
     68544  0.38101049E-02
     68832  0.37955404E-02
     69120  0.37821310E-02
     69408  0.37634799E-02
     69696  0.37466490E-02
     69984  0.37312021E-02
     70272  0.37168642E-02
     70560  0.37034152E-02
     70848  0.36846208E-02
     71136  0.36674549E-02
     71424  0.36515207E-02
     71712  0.36366547E-02
     72000  0.36151456E-02
     72288  0.35955918E-02
     72576  0.35775336E-02
     72864  0.35606895E-02
     73152  0.35448275E-02
     73440  0.35239574E-02
     73728  0.35047568E-02
     74016  0.34868263E-02
     74304  0.34699182E-02
     74592  0.34482307E-02
     74880  0.34282764E-02
     75168  0.34096090E-02
     75456  0.33863832E-02
     75744  0.33649916E-02
     76032  0.33450350E-02
     76320  0.33262554E-02
     76608  0.33030314E-02
     76896  0.32815645E-02
     77184  0.32615131E-02
     77472  0.32426310E-02
     77760  0.32194264E-02
     78048  0.31978935E-02
     78336  0.31776575E-02
     78624  0.31584857E-02
     78912  0.31351412E-02
     79200  0.31134023E-02
     79488  0.30929123E-02
     79776  0.30735137E-02
     80064  0.30501655E-02
     80352  0.30283895E-02
     80640  0.30078404E-02
     80928  0.29882980E-02
     81216  0.29649725E-02
     81504  0.29431556E-02
     81792  0.29225368E-02
     82080  0.29029550E-02
     82368  0.28842739E-02
     82656  0.28619973E-02
     82944  0.28410666E-02
     83232  0.28212094E-02
     83520  0.28022504E-02
     83808  0.27799713E-02
     84096  0.27590548E-02
     84384  0.27392714E-02
     84672  0.27204237E-02
     84960  0.27023880E-02
     85248  0.26812882E-02
     85536  0.26614123E-02
     85824  0.26425456E-02
     86112  0.26245757E-02
     86400  0.26074052E-02
     86688  0.25874907E-02
     86976  0.25687281E-02
     87264  0.25509251E-02
     87552  0.25339555E-02
     87840  0.25177521E-02
     88128  0.25022503E-02
     88416  0.24843600E-02
     88704  0.24674833E-02
     88992  0.24514627E-02
     89280  0.24362025E-02
     89568  0.24216427E-02
     89856  0.24077327E-02
     90144  0.23944133E-02
     90432  0.23791259E-02
     90720  0.23646841E-02
     91008  0.23509781E-02
     91296  0.23379440E-02
     91584  0.23255348E-02
     91872  0.23137000E-02
     92160  0.23024019E-02
     92448  0.22916044E-02
     92736  0.22812844E-02
     93024  0.22714266E-02
     93312  0.22601336E-02
     93600  0.22494765E-02
     93888  0.22393991E-02
     94176  0.22298633E-02
     94464  0.22208374E-02
     94752  0.22123076E-02
     95040  0.22042543E-02
     95328  0.21966591E-02
     95616  0.21895107E-02
     95904  0.21828001E-02
     96192  0.21765218E-02
     96480  0.21706747E-02
     96768  0.21652526E-02
     97056  0.21602504E-02
     97344  0.21556665E-02
     97632  0.21514972E-02
     97920  0.21477456E-02
     98208  0.21444096E-02
     98496  0.21414948E-02
     98784  0.21390002E-02
     99072  0.21369285E-02
     99360  0.21352787E-02
     99648  0.21340535E-02
     99936  0.21332554E-02
    100224  0.21328866E-02
    100512  0.21329517E-02
    100800  0.21334551E-02
    101088  0.21343965E-02
    101376  0.21357788E-02
    101664  0.21376053E-02
    101952  0.21407995E-02
    102240  0.21443826E-02
    102528  0.21483642E-02
    102816  0.21527549E-02
    103104  0.21575622E-02
    103392  0.21627953E-02
    103680  0.21684573E-02
    103968  0.21745572E-02
    104256  0.21810937E-02
    104544  0.21880735E-02
    104832  0.21962773E-02
