         1   2000.0000    
       288   1998.7772    
       576   1997.7064    
       864   1996.7802    
      1152   1995.9709    
      1440   1995.2798    
      1728   1994.8512    
      2016   1994.5018    
      2304   1994.2236    
      2592   1994.0040    
      2880   1993.8364    
      3168   1993.7126    
      3456   1993.7628    
      3744   1993.8456    
      4032   1993.9562    
      4320   1994.0870    
      4608   1994.2323    
      4896   1994.3875    
      5184   1994.6653    
      5472   1994.9470    
      5760   1995.2335    
      6048   1995.5199    
      6336   1995.8002    
      6624   1996.0750    
      6912   1996.4391    
      7200   1996.7947    
      7488   1997.1423    
      7776   1997.4781    
      8064   1997.7991    
      8352   1998.1902    
      8640   1998.5699    
      8928   1998.9357    
      9216   1999.2830    
      9504   1999.6130    
      9792   1999.9233    
     10080   2000.2933    
     10368   2000.6454    
     10656   2000.9786    
     10944   2001.2919    
     11232   2001.5850    
     11520   2001.8561    
     11808   2002.1766    
     12096   2002.4769    
     12384   2002.7563    
     12672   2003.0132    
     12960   2003.2462    
     13248   2003.5253    
     13536   2003.7845    
     13824   2004.0227    
     14112   2004.2388    
     14400   2004.4316    
     14688   2004.6011    
     14976   2004.7482    
     15264   2004.9335    
     15552   2005.0974    
     15840   2005.2375    
     16128   2005.3552    
     16416   2005.4509    
     16704   2005.5159    
     16992   2005.6237    
     17280   2005.7096    
     17568   2005.7705    
     17856   2005.8088    
     18144   2005.8191    
     18432   2005.8044    
     18720   2005.7574    
     19008   2005.7546    
     19296   2005.7262    
     19584   2005.6741    
     19872   2005.5936    
     20160   2005.4811    
     20448   2005.3359    
     20736   2005.1604    
     21024   2005.0266    
     21312   2004.8644    
     21600   2004.6714    
     21888   2004.4446    
     22176   2004.1810    
     22464   2003.8783    
     22752   2003.5338    
     23040   2003.1439    
     23328   2002.7944    
     23616   2002.4036    
     23904   2001.9670    
     24192   2001.4818    
     24480   2000.9393    
     24768   2000.3381    
     25056   1999.6678    
     25344   1998.9261    
     25632   1998.2086    
     25920   1997.4185    
     26208   1996.5471    
     26496   1995.5847    
     26784   1994.5221    
     27072   1993.3458    
     27360   1992.0403    
     27648   1990.5936    
     27936   1989.1602    
     28224   1987.5787    
     28512   1985.8313    
     28800   1983.8932    
     29088   1981.7412    
     29376   1979.3492    
     29664   1976.6805    
     29952   1973.7020    
     30240   1970.6471    
     30528   1967.2526    
     30816   1963.4751    
     31104   1959.2631    
     31392   1954.6464    
     31680   1949.6750    
     31968   1944.3632    
     32256   1938.7416    
     32544   1933.2963    
     32832   1927.6971    
     33120   1922.0260    
     33408   1916.3812    
     33696   1910.8704    
     33984   1905.5950    
     34272   1900.6547    
     34560   1896.1398    
     34848   1892.6603    
     35136   1889.6733    
     35424   1887.1923    
     35712   1885.1914    
     36000   1883.6283    
     36288   1882.4578    
     36576   1881.6270    
     36864   1881.0789    
     37152   1881.2831    
     37440   1881.5790    
     37728   1881.9384    
     38016   1882.3357    
     38304   1882.7407    
     38592   1883.1287    
     38880   1883.4797    
     39168   1883.7798    
     39456   1884.5188    
     39744   1885.1171    
     40032   1885.5906    
     40320   1885.9521    
     40608   1886.2072    
     40896   1886.3625    
     41184   1886.4266    
     41472   1886.4093    
     41760   1886.8127    
     42048   1887.0913    
     42336   1887.2706    
     42624   1887.3636    
     42912   1887.3795    
     43200   1887.3212    
     43488   1887.1998    
     43776   1887.0330    
     44064   1887.3240    
     44352   1887.5249    
     44640   1887.6593    
     44928   1887.7347    
     45216   1887.7571    
     45504   1887.7355    
     45792   1887.6765    
     46080   1887.5875    
     46368   1887.4790    
     46656   1887.3566    
     46944   1887.2246    
     47232   1887.5858    
     47520   1887.8796    
     47808   1888.1224    
     48096   1888.3195    
     48384   1888.4756    
     48672   1888.5940    
     48960   1888.6807    
     49248   1888.7445    
     49536   1888.7881    
     49824   1888.8187    
     50112   1888.8433    
     50400   1888.8744    
     50688   1888.9133    
     50976   1888.9573    
     51264   1889.0081    
     51552   1889.0696    
     51840   1889.1418    
     52128   1889.2264    
     52416   1889.3258    
     52704   1889.4421    
     52992   1889.5740    
     53280   1889.7227    
     53568   1889.8885    
     53856   1890.0698    
     54144   1890.2761    
     54432   1890.5040    
     54720   1890.7469    
     55008   1891.0054    
     55296   1891.2783    
     55584   1891.5651    
     55872   1891.8679    
     56160   1892.1866    
     56448   1892.5208    
     56736   1892.8700    
     57024   1893.2451    
     57312   1893.6400    
     57600   1893.5164    
     57888   1893.4816    
     58176   1893.5265    
     58464   1893.6506    
     58752   1893.8495    
     59040   1894.1180    
     59328   1894.4604    
     59616   1894.8658    
     59904   1895.3201    
     60192   1895.2681    
     60480   1895.3295    
     60768   1895.4910    
     61056   1895.7451    
     61344   1896.0861    
     61632   1896.5057    
     61920   1897.0043    
     62208   1897.0063    
     62496   1897.1389    
     62784   1897.3840    
     63072   1897.7324    
     63360   1898.1744    
     63648   1898.7010    
     63936   1898.7333    
     64224   1898.9150    
     64512   1899.2256    
     64800   1899.6490    
     65088   1900.1736    
     65376   1900.7899    
     65664   1900.9089    
     65952   1901.1724    
     66240   1901.5610    
     66528   1902.0723    
     66816   1902.6929    
     67104   1902.8243    
     67392   1903.1112    
     67680   1903.5338    
     67968   1904.0781    
     68256   1904.1483    
     68544   1904.3934    
     68832   1904.7878    
     69120   1905.3275    
     69408   1905.4071    
     69696   1905.6718    
     69984   1906.0969    
     70272   1906.6656    
     70560   1907.3630    
     70848   1907.5885    
     71136   1907.9867    
     71424   1908.5325    
     71712   1909.2190    
     72000   1909.2953    
     72288   1909.5645    
     72576   1910.0001    
     72864   1910.5857    
     73152   1911.3065    
     73440   1911.5704    
     73728   1912.0109    
     74016   1912.6040    
     74304   1913.3326    
     74592   1913.6157    
     74880   1914.0818    
     75168   1914.6996    
     75456   1914.8776    
     75744   1915.2440    
     76032   1915.7733    
     76320   1916.4493    
     76608   1916.6923    
     76896   1917.1208    
     77184   1917.7135    
     77472   1918.4543    
     77760   1918.7668    
     78048   1919.2563    
     78336   1919.8975    
     78624   1920.6741    
     78912   1921.0253    
     79200   1921.5455    
     79488   1922.2089    
     79776   1923.0078    
     80064   1923.3931    
     80352   1923.9427    
     80640   1924.6311    
     80928   1925.4426    
     81216   1925.8447    
     81504   1926.4014    
     81792   1927.0900    
     82080   1927.9012    
     82368   1928.8264    
     82656   1929.3513    
     82944   1930.0146    
     83232   1930.7948    
     83520   1931.6786    
     83808   1932.1759    
     84096   1932.8069    
     84384   1933.5554    
     84672   1934.4059    
     84960   1935.3490    
     85248   1935.9229    
     85536   1936.6138    
     85824   1937.4041    
     86112   1938.2878    
     86400   1939.2571    
     86688   1939.8809    
     86976   1940.6100    
     87264   1941.4285    
     87552   1942.3265    
     87840   1943.2994    
     88128   1944.3427    
     88416   1945.0709    
     88704   1945.8844    
     88992   1946.7705    
     89280   1947.7208    
     89568   1948.7300    
     89856   1949.7950    
     90144   1950.9094    
     90432   1951.7465    
     90720   1952.6422    
     91008   1953.5873    
     91296   1954.5770    
     91584   1955.6061    
     91872   1956.6699    
     92160   1957.7635    
     92448   1958.8826    
     92736   1960.0229    
     93024   1961.1813    
     93312   1962.1138    
     93600   1963.0686    
     93888   1964.0403    
     94176   1965.0255    
     94464   1966.0194    
     94752   1967.0209    
     95040   1968.0271    
     95328   1969.0344    
     95616   1970.0416    
     95904   1971.0468    
     96192   1972.0471    
     96480   1973.0420    
     96768   1974.0302    
     97056   1975.0078    
     97344   1975.9752    
     97632   1976.9305    
     97920   1977.8726    
     98208   1978.8002    
     98496   1979.7118    
     98784   1980.6068    
     99072   1981.4847    
     99360   1982.3461    
     99648   1983.1880    
     99936   1984.0107    
    100224   1984.8131    
    100512   1985.5962    
    100800   1986.3577    
    101088   1987.0975    
    101376   1987.8153    
    101664   1988.5107    
    101952   1989.2916    
    102240   1990.0494    
    102528   1990.7845    
    102816   1991.4966    
    103104   1992.1855    
    103392   1992.8503    
    103680   1993.4924    
    103968   1994.1123    
    104256   1994.7078    
    104544   1995.2786    
    104832   1995.9116    
