         1   3.6682949    
       288   3.6915815    
       576   3.7119248    
       864   3.7314148    
      1152   3.7500708    
      1440   3.7679276    
      1728   3.7874124    
      2016   3.8060806    
      2304   3.8240087    
      2592   3.8412597    
      2880   3.8578994    
      3168   3.8739879    
      3456   3.8916204    
      3744   3.9087207    
      4032   3.9253414    
      4320   3.9415278    
      4608   3.9573259    
      4896   3.9727693    
      5184   3.9897020    
      5472   4.0062904    
      5760   4.0225701    
      6048   4.0385661    
      6336   4.0543032    
      6624   4.0698032    
      6912   4.0867190    
      7200   4.1034007    
      7488   4.1198654    
      7776   4.1361332    
      8064   4.1522069    
      8352   4.1696239    
      8640   4.1868496    
      8928   4.2038898    
      9216   4.2207575    
      9504   4.2374535    
      9792   4.2539868    
     10080   4.2717943    
     10368   4.2894316    
     10656   4.3069077    
     10944   4.3242188    
     11232   4.3414011    
     11520   4.3584838    
     11808   4.3768196    
     12096   4.3950019    
     12384   4.4130201    
     12672   4.4308562    
     12960   4.4484968    
     13248   4.4672942    
     13536   4.4858861    
     13824   4.5042658    
     14112   4.5224242    
     14400   4.5403485    
     14688   4.5580335    
     14976   4.5754652    
     15264   4.5940046    
     15552   4.6122894    
     15840   4.6303082    
     16128   4.6480484    
     16416   4.6654973    
     16704   4.6826487    
     16992   4.7008810    
     17280   4.7188096    
     17568   4.7364178    
     17856   4.7536860    
     18144   4.7706056    
     18432   4.7871528    
     18720   4.8033028    
     19008   4.8205390    
     19296   4.8373861    
     19584   4.8538189    
     19872   4.8698149    
     20160   4.8853521    
     20448   4.9004087    
     20736   4.9149470    
     21024   4.9305868    
     21312   4.9457116    
     21600   4.9602971    
     21888   4.9743099    
     22176   4.9877114    
     22464   5.0004635    
     22752   5.0125337    
     23040   5.0238662    
     23328   5.0363193    
     23616   5.0480390    
     23904   5.0589743    
     24192   5.0690665    
     24480   5.0782552    
     24768   5.0864735    
     25056   5.0936575    
     25344   5.0997162    
     25632   5.1066198    
     25920   5.1123524    
     26208   5.1168280    
     26496   5.1199260    
     26784   5.1215305    
     27072   5.1215048    
     27360   5.1197014    
     27648   5.1159692    
     27936   5.1132007    
     28224   5.1083827    
     28512   5.1013193    
     28800   5.0917897    
     29088   5.0795512    
     29376   5.0643268    
     29664   5.0458241    
     29952   5.0237441    
     30240   5.0021148    
     30528   4.9766254    
     30816   4.9469075    
     31104   4.9125738    
     31392   4.8745480    
     31680   4.8338037    
     31968   4.7907028    
     32256   4.7457647    
     32544   4.7056065    
     32832   4.6649814    
     33120   4.6248488    
     33408   4.5862050    
     33696   4.5500374    
     33984   4.5172129    
     34272   4.4884424    
     34560   4.4643312    
     34848   4.4517879    
     35136   4.4433093    
     35424   4.4388251    
     35712   4.4378772    
     36000   4.4399228    
     36288   4.4444270    
     36576   4.4508142    
     36864   4.4584947    
     37152   4.4732981    
     37440   4.4870667    
     37728   4.4997821    
     38016   4.5113726    
     38304   4.5217276    
     38592   4.5307631    
     38880   4.5384498    
     39168   4.5448031    
     39456   4.5560241    
     39744   4.5647268    
     40032   4.5713639    
     40320   4.5762491    
     40608   4.5795989    
     40896   4.5815988    
     41184   4.5824294    
     41472   4.5822725    
     41760   4.5874023    
     42048   4.5907054    
     42336   4.5926180    
     42624   4.5933847    
     42912   4.5931878    
     43200   4.5921035    
     43488   4.5903025    
     43776   4.5880060    
     44064   4.5914202    
     44352   4.5934205    
     44640   4.5943770    
     44928   4.5944710    
     45216   4.5938377    
     45504   4.5926051    
     45792   4.5908871    
     46080   4.5887942    
     46368   4.5864201    
     46656   4.5838428    
     46944   4.5811324    
     47232   4.5844131    
     47520   4.5864644    
     47808   4.5875907    
     48096   4.5879350    
     48384   4.5876102    
     48672   4.5867252    
     48960   4.5853782    
     49248   4.5836644    
     49536   4.5816703    
     49824   4.5794702    
     50112   4.5771275    
     50400   4.5747871    
     50688   4.5724535    
     50976   4.5700865    
     51264   4.5676999    
     51552   4.5653210    
     51840   4.5629616    
     52128   4.5606375    
     52416   4.5583568    
     52704   4.5561252    
     52992   4.5539479    
     53280   4.5518270    
     53568   4.5497584    
     53856   4.5477443    
     54144   4.5458717    
     54432   4.5440989    
     54720   4.5423479    
     55008   4.5406146    
     55296   4.5388989    
     55584   4.5372028    
     55872   4.5355306    
     56160   4.5338926    
     56448   4.5322852    
     56736   4.5307136    
     57024   4.5292835    
     57312   4.5279336    
     57600   4.5201473    
     57888   4.5136380    
     58176   4.5081482    
     58464   4.5035582    
     58752   4.4997511    
     59040   4.4966164    
     59328   4.4941411    
     59616   4.4921799    
     59904   4.4905672    
     60192   4.4825916    
     60480   4.4761147    
     60768   4.4708223    
     61056   4.4665341    
     61344   4.4631000    
     61632   4.4603786    
     61920   4.4583449    
     62208   4.4500613    
     62496   4.4434342    
     62784   4.4381037    
     63072   4.4338574    
     63360   4.4305253    
     63648   4.4279456    
     63936   4.4191575    
     64224   4.4122267    
     64512   4.4067640    
     64800   4.4024754    
     65088   4.3991594    
     65376   4.3966403    
     65664   4.3878655    
     65952   4.3808975    
     66240   4.3753409    
     66528   4.3710694    
     66816   4.3678527    
     67104   4.3584809    
     67392   4.3510408    
     67680   4.3451285    
     67968   4.3404942    
     68256   4.3299398    
     68544   4.3215489    
     68832   4.3148770    
     69120   4.3097358    
     69408   4.2988305    
     69696   4.2902040    
     69984   4.2833729    
     70272   4.2780328    
     70560   4.2739406    
     70848   4.2638922    
     71136   4.2559285    
     71424   4.2496042    
     71712   4.2447410    
     72000   4.2323222    
     72288   4.2223735    
     72576   4.2143741    
     72864   4.2080054    
     73152   4.2030063    
     73440   4.1922607    
     73728   4.1836786    
     74016   4.1767993    
     74304   4.1713390    
     74592   4.1603098    
     74880   4.1515307    
     75168   4.1444812    
     75456   4.1320429    
     75744   4.1219778    
     76032   4.1138172    
     76320   4.1072602    
     76608   4.0953488    
     76896   4.0857339    
     77184   4.0780077    
     77472   4.0718799    
     77760   4.0604377    
     78048   4.0511975    
     78336   4.0437036    
     78624   4.0376740    
     78912   4.0263968    
     79200   4.0172434    
     79488   4.0097761    
     79776   4.0038028    
     80064   3.9927392    
     80352   3.9837639    
     80640   3.9764442    
     80928   3.9704993    
     81216   3.9595466    
     81504   3.9506018    
     81792   3.9432666    
     82080   3.9373374    
     82368   3.9326403    
     82656   3.9230220    
     82944   3.9152029    
     83232   3.9088213    
     83520   3.9036472    
     83808   3.8937809    
     84096   3.8857272    
     84384   3.8791823    
     84672   3.8738775    
     84960   3.8696437    
     85248   3.8609076    
     85536   3.8537900    
     85824   3.8479931    
     86112   3.8433630    
     86400   3.8397651    
     86688   3.8319561    
     86976   3.8256545    
     87264   3.8205867    
     87552   3.8165700    
     87840   3.8135107    
     88128   3.8113112    
     88416   3.8052413    
     88704   3.8004634    
     88992   3.7967446    
     89280   3.7939396    
     89568   3.7919574    
     89856   3.7907197    
     90144   3.7901335    
     90432   3.7861218    
     90720   3.7831206    
     91008   3.7809563    
     91296   3.7795269    
     91584   3.7787564    
     91872   3.7785594    
     92160   3.7788694    
     92448   3.7796240    
     92736   3.7807770    
     93024   3.7822969    
     93312   3.7810013    
     93600   3.7803226    
     93888   3.7801614    
     94176   3.7804480    
     94464   3.7811248    
     94752   3.7821617    
     95040   3.7835166    
     95328   3.7851532    
     95616   3.7870433    
     95904   3.7891631    
     96192   3.7914953    
     96480   3.7940309    
     96768   3.7967503    
     97056   3.7996371    
     97344   3.8026795    
     97632   3.8058639    
     97920   3.8091872    
     98208   3.8126390    
     98496   3.8162212    
     98784   3.8199253    
     99072   3.8237486    
     99360   3.8276837    
     99648   3.8317285    
     99936   3.8358800    
    100224   3.8401387    
    100512   3.8445065    
    100800   3.8489852    
    101088   3.8535707    
    101376   3.8582644    
    101664   3.8630669    
    101952   3.8696439    
    102240   3.8762238    
    102528   3.8828199    
    102816   3.8894477    
    103104   3.8961177    
    103392   3.9028440    
    103680   3.9096320    
    103968   3.9164941    
    104256   3.9234276    
    104544   3.9304450    
    104832   3.9389443    
