         1   0.0000000    
       288  0.82973585E-01
       576  0.10311203    
       864  0.10343336    
      1152  0.97835779E-01
      1440  0.90749525E-01
      1728  0.82855254E-01
      2016  0.76219589E-01
      2304  0.70319362E-01
      2592  0.64983964E-01
      2880  0.60147792E-01
      3168  0.55773962E-01
      3456  0.51512651E-01
      3744  0.48093937E-01
      4032  0.45138210E-01
      4320  0.42508315E-01
      4608  0.40145855E-01
      4896  0.38018208E-01
      5184  0.35930470E-01
      5472  0.34304854E-01
      5760  0.32904051E-01
      6048  0.31643916E-01
      6336  0.30491628E-01
      6624  0.29431930E-01
      6912  0.28343473E-01
      7200  0.27529839E-01
      7488  0.26826726E-01
      7776  0.26188951E-01
      8064  0.25586525E-01
      8352  0.24922851E-01
      8640  0.24450308E-01
      8928  0.24032164E-01
      9216  0.23625661E-01
      9504  0.23220154E-01
      9792  0.22815716E-01
     10080  0.22347016E-01
     10368  0.22043929E-01
     10656  0.21778882E-01
     10944  0.21512782E-01
     11232  0.21775998E-01
     11520  0.22950189E-01
     11808  0.24152538E-01
     12096  0.25351914E-01
     12384  0.26377507E-01
     12672  0.27181394E-01
     12960  0.27776940E-01
     13248  0.28108673E-01
     13536  0.28474471E-01
     13824  0.28760085E-01
     14112  0.28957380E-01
     14400  0.29059850E-01
     14688  0.29081061E-01
     14976  0.29039117E-01
     15264  0.28866693E-01
     15552  0.28865503E-01
     15840  0.28876266E-01
     16128  0.28856354E-01
     16416  0.28802153E-01
     16704  0.28727131E-01
     16992  0.28563254E-01
     17280  0.28576896E-01
     17568  0.28615247E-01
     17856  0.28637258E-01
     18144  0.28644700E-01
     18432  0.28657084E-01
     18720  0.28666675E-01
     19008  0.28577833E-01
     19296  0.28687196E-01
     19584  0.28850546E-01
     19872  0.29009474E-01
     20160  0.29154517E-01
     20448  0.29297667E-01
     20736  0.29461078E-01
     21024  0.29526107E-01
     21312  0.29795846E-01
     21600  0.30109348E-01
     21888  0.30437173E-01
     22176  0.30756768E-01
     22464  0.31070100E-01
     22752  0.31393431E-01
     23040  0.31750526E-01
     23328  0.32003935E-01
     23616  0.32492924E-01
     23904  0.33032428E-01
     24192  0.33592056E-01
     24480  0.34146972E-01
     24768  0.34700256E-01
     25056  0.35270739E-01
     25344  0.35884850E-01
     25632  0.36400542E-01
     25920  0.37165247E-01
     26208  0.37978288E-01
     26496  0.38815659E-01
     26784  0.39648797E-01
     27072  0.40480532E-01
     27360  0.41318804E-01
     27648  0.42181868E-01
     27936  0.42929150E-01
     28224  0.43999087E-01
     28512  0.45070324E-01
     28800  0.46100948E-01
     29088  0.47109980E-01
     29376  0.48056442E-01
     29664  0.48930671E-01
     29952  0.49731210E-01
     30240  0.50307211E-01
     30528  0.51117856E-01
     30816  0.51731288E-01
     31104  0.52082598E-01
     31392  0.51991750E-01
     31680  0.51626947E-01
     31968  0.50976213E-01
     32256  0.50022848E-01
     32544  0.48730828E-01
     32832  0.47516134E-01
     33120  0.45996509E-01
     33408  0.44267442E-01
     33696  0.42437535E-01
     33984  0.40581103E-01
     34272  0.38819116E-01
     34560  0.37155598E-01
     34848  0.35725676E-01
     35136  0.34600202E-01
     35424  0.33590708E-01
     35712  0.32707680E-01
     36000  0.31990446E-01
     36288  0.31390060E-01
     36576  0.30896455E-01
     36864  0.30494070E-01
     37152  0.30301198E-01
     37440  0.30213801E-01
     37728  0.30134819E-01
     38016  0.30047327E-01
     38304  0.29955786E-01
     38592  0.29856505E-01
     38880  0.29744487E-01
     39168  0.29615685E-01
     39456  0.29621352E-01
     39744  0.29632743E-01
     40032  0.29588684E-01
     40320  0.29489098E-01
     40608  0.29349368E-01
     40896  0.29175725E-01
     41184  0.28972246E-01
     41472  0.28742844E-01
     41760  0.28651217E-01
     42048  0.28557753E-01
     42336  0.28405597E-01
     42624  0.28219067E-01
     42912  0.28007217E-01
     43200  0.27770782E-01
     43488  0.27528498E-01
     43776  0.27266150E-01
     44064  0.27154747E-01
     44352  0.27040301E-01
     44640  0.26884232E-01
     44928  0.26706068E-01
     45216  0.26512325E-01
     45504  0.26306426E-01
     45792  0.26091337E-01
     46080  0.25869837E-01
     46368  0.25644416E-01
     46656  0.25417371E-01
     46944  0.25190800E-01
     47232  0.25126766E-01
     47520  0.25056027E-01
     47808  0.24955653E-01
     48096  0.24839593E-01
     48384  0.24712088E-01
     48672  0.24575284E-01
     48960  0.24431439E-01
     49248  0.24282634E-01
     49536  0.24130959E-01
     49824  0.23978395E-01
     50112  0.23826620E-01
     50400  0.23679733E-01
     50688  0.23531951E-01
     50976  0.23393080E-01
     51264  0.23259742E-01
     51552  0.23131957E-01
     51840  0.23010172E-01
     52128  0.22894772E-01
     52416  0.22786103E-01
     52704  0.22684354E-01
     52992  0.22589644E-01
     53280  0.22502154E-01
     53568  0.22421904E-01
     53856  0.22348855E-01
     54144  0.22285219E-01
     54432  0.22225279E-01
     54720  0.22175929E-01
     55008  0.22133516E-01
     55296  0.22097550E-01
     55584  0.22067988E-01
     55872  0.22044858E-01
     56160  0.22028236E-01
     56448  0.22018392E-01
     56736  0.22015113E-01
     57024  0.22021359E-01
     57312  0.22031166E-01
     57600  0.21888575E-01
     57888  0.21773644E-01
     58176  0.21694908E-01
     58464  0.21643043E-01
     58752  0.21615326E-01
     59040  0.21609766E-01
     59328  0.21627486E-01
     59616  0.21659611E-01
     59904  0.21711348E-01
     60192  0.21612495E-01
     60480  0.21545662E-01
     60768  0.21520093E-01
     61056  0.21525130E-01
     61344  0.21557165E-01
     61632  0.21613402E-01
     61920  0.21695258E-01
     62208  0.21623930E-01
     62496  0.21590170E-01
     62784  0.21602398E-01
     63072  0.21648161E-01
     63360  0.21723153E-01
     63648  0.21824282E-01
     63936  0.21779245E-01
     64224  0.21773623E-01
     64512  0.21810777E-01
     64800  0.21888718E-01
     65088  0.21998979E-01
     65376  0.22137258E-01
     65664  0.22129601E-01
     65952  0.22152947E-01
     66240  0.22228230E-01
     66528  0.22347532E-01
     66816  0.22491004E-01
     67104  0.22496961E-01
     67392  0.22532763E-01
     67680  0.22625530E-01
     67968  0.22759492E-01
     68256  0.22756837E-01
     68544  0.22784928E-01
     68832  0.22876270E-01
     69120  0.23021428E-01
     69408  0.23023063E-01
     69696  0.23058645E-01
     69984  0.23163049E-01
     70272  0.23316324E-01
     70560  0.23510890E-01
     70848  0.23572478E-01
     71136  0.23650913E-01
     71424  0.23796447E-01
     71712  0.23998138E-01
     72000  0.24020208E-01
     72288  0.24049535E-01
     72576  0.24161154E-01
     72864  0.24327947E-01
     73152  0.24539830E-01
     73440  0.24629451E-01
     73728  0.24718581E-01
     74016  0.24882171E-01
     74304  0.25096526E-01
     74592  0.25208045E-01
     74880  0.25287727E-01
     75168  0.25453707E-01
     75456  0.25522241E-01
     75744  0.25576971E-01
     76032  0.25716463E-01
     76320  0.25912886E-01
     76608  0.26010405E-01
     76896  0.26078438E-01
     77184  0.26245235E-01
     77472  0.26444266E-01
     77760  0.26561948E-01
     78048  0.26635757E-01
     78336  0.26796583E-01
     78624  0.27014961E-01
     78912  0.27151195E-01
     79200  0.27223065E-01
     79488  0.27381869E-01
     79776  0.27611792E-01
     80064  0.27741967E-01
     80352  0.27797602E-01
     80640  0.27945692E-01
     80928  0.28153120E-01
     81216  0.28301580E-01
     81504  0.28347306E-01
     81792  0.28480791E-01
     82080  0.28687244E-01
     82368  0.28901240E-01
     82656  0.29076587E-01
     82944  0.29121852E-01
     83232  0.29252397E-01
     83520  0.29439665E-01
     83808  0.29598581E-01
     84096  0.29622402E-01
     84384  0.29691620E-01
     84672  0.29828636E-01
     84960  0.30008966E-01
     85248  0.30175727E-01
     85536  0.30162936E-01
     85824  0.30225432E-01
     86112  0.30357992E-01
     86400  0.30489003E-01
     86688  0.30632062E-01
     86976  0.30577758E-01
     87264  0.30594673E-01
     87552  0.30668639E-01
     87840  0.30791938E-01
     88128  0.30901454E-01
     88416  0.31040024E-01
     88704  0.30958252E-01
     88992  0.30934932E-01
     89280  0.30966572E-01
     89568  0.31047503E-01
     89856  0.31114276E-01
     90144  0.31202970E-01
     90432  0.31341881E-01
     90720  0.31243928E-01
     91008  0.31185480E-01
     91296  0.31189384E-01
     91584  0.31192197E-01
     91872  0.31221967E-01
     92160  0.31273872E-01
     92448  0.31340420E-01
     92736  0.31416263E-01
     93024  0.31507481E-01
     93312  0.31626321E-01
     93600  0.31498645E-01
     93888  0.31381063E-01
     94176  0.31302534E-01
     94464  0.31264037E-01
     94752  0.31211879E-01
     95040  0.31170614E-01
     95328  0.31138813E-01
     95616  0.31111259E-01
     95904  0.31083772E-01
     96192  0.31059464E-01
     96480  0.30999230E-01
     96768  0.30929022E-01
     97056  0.30853039E-01
     97344  0.30770078E-01
     97632  0.30678624E-01
     97920  0.30577101E-01
     98208  0.30469507E-01
     98496  0.30322980E-01
     98784  0.30160928E-01
     99072  0.29988483E-01
     99360  0.29806340E-01
     99648  0.29614035E-01
     99936  0.29410781E-01
    100224  0.29200099E-01
    100512  0.28954968E-01
    100800  0.28695429E-01
    101088  0.28427335E-01
    101376  0.28152300E-01
    101664  0.27870696E-01
    101952  0.27517565E-01
    102240  0.27327195E-01
    102528  0.27160265E-01
    102816  0.26972922E-01
    103104  0.26756233E-01
    103392  0.26490888E-01
    103680  0.26195748E-01
    103968  0.25880460E-01
    104256  0.25550595E-01
    104544  0.25210036E-01
    104832  0.24805287E-01
