         1   1.0000000    
       288   1.0196198    
       576   1.0916035    
       864   1.1727198    
      1152   1.2497613    
      1440   1.3190423    
      1728   1.3791020    
      2016   1.4310114    
      2304   1.4759262    
      2592   1.5146328    
      2880   1.5477837    
      3168   1.5759685    
      3456   1.5992869    
      3744   1.6188003    
      4032   1.6352071    
      4320   1.6489353    
      4608   1.6603065    
      4896   1.6695875    
      5184   1.6767286    
      5472   1.6823850    
      5760   1.6868818    
      6048   1.6903785    
      6336   1.6929772    
      6624   1.6947553    
      6912   1.6955670    
      7200   1.6958451    
      7488   1.6955805    
      7776   1.6949887    
      8064   1.6940815    
      8352   1.6926801    
      8640   1.6911138    
      8928   1.6894566    
      9216   1.6877009    
      9504   1.6858125    
      9792   1.6837562    
     10080   1.6812124    
     10368   1.6786096    
     10656   1.6760015    
     10944   1.6733657    
     11232   1.6606723    
     11520   1.6479634    
     11808   1.6366874    
     12096   1.6269441    
     12384   1.6187519    
     12672   1.6118209    
     12960   1.6058518    
     13248   1.6003773    
     13536   1.5956064    
     13824   1.5912391    
     14112   1.5873204    
     14400   1.5836891    
     14688   1.5801908    
     14976   1.5766884    
     15264   1.5726690    
     15552   1.5686924    
     15840   1.5647776    
     16128   1.5608472    
     16416   1.5568053    
     16704   1.5523571    
     16992   1.5474300    
     17280   1.5424191    
     17568   1.5373524    
     17856   1.5321683    
     18144   1.5265684    
     18432   1.5206962    
     18720   1.5144844    
     19008   1.5076356    
     19296   1.5003549    
     19584   1.4929261    
     19872   1.4852978    
     20160   1.4773818    
     20448   1.4688470    
     20736   1.4598688    
     21024   1.4501230    
     21312   1.4400998    
     21600   1.4295735    
     21888   1.4187539    
     22176   1.4075471    
     22464   1.3958516    
     22752   1.3832688    
     23040   1.3700147    
     23328   1.3556944    
     23616   1.3409091    
     23904   1.3253654    
     24192   1.3093190    
     24480   1.2926490    
     24768   1.2752172    
     25056   1.2565095    
     25344   1.2367996    
     25632   1.2155579    
     25920   1.1935190    
     26208   1.1702518    
     26496   1.1460788    
     26784   1.1208344    
     27072   1.0943295    
     27360   1.0663832    
     27648   1.0362835    
     27936   1.0038763    
     28224  0.97033143    
     28512  0.93567967    
     28800  0.89909142    
     29088  0.86106133    
     29376  0.82142699    
     29664  0.78004515    
     29952  0.73608351    
     30240  0.68956119    
     30528  0.64249498    
     30816  0.59513700    
     31104  0.54751235    
     31392  0.49891153    
     31680  0.45089260    
     31968  0.40433258    
     32256  0.36010849    
     32544  0.31718752    
     32832  0.27970320    
     33120  0.24749036    
     33408  0.22002520    
     33696  0.19682108    
     33984  0.17673746    
     34272  0.16037518    
     34560  0.14713274    
     34848  0.13574770    
     35136  0.12765147    
     35424  0.12174518    
     35712  0.11679556    
     36000  0.11328063    
     36288  0.11074983    
     36576  0.10892046    
     36864  0.10760502    
     37152  0.10608283    
     37440  0.10528900    
     37728  0.10523640    
     38016  0.10537680    
     38304  0.10548887    
     38592  0.10547911    
     38880  0.10530299    
     39168  0.10493941    
     39456  0.10385146    
     39744  0.10303546    
     40032  0.10260278    
     40320  0.10209817    
     40608  0.10139284    
     40896  0.10047175    
     41184  0.99355385E-01
     41472  0.98075651E-01
     41760  0.96166596E-01
     42048  0.95116466E-01
     42336  0.94191410E-01
     42624  0.93179576E-01
     42912  0.92047282E-01
     43200  0.90297416E-01
     43488  0.88819832E-01
     43776  0.87391645E-01
     44064  0.85503839E-01
     44352  0.84519342E-01
     44640  0.83684132E-01
     44928  0.82808524E-01
     45216  0.81863716E-01
     45504  0.80858387E-01
     45792  0.79808913E-01
     46080  0.78732319E-01
     46368  0.77644296E-01
     46656  0.76557986E-01
     46944  0.75484097E-01
     47232  0.74021317E-01
     47520  0.73420122E-01
     47808  0.72934829E-01
     48096  0.72410643E-01
     48384  0.71828358E-01
     48672  0.71195707E-01
     48960  0.70525192E-01
     49248  0.69829777E-01
     49536  0.69121294E-01
     49824  0.68410024E-01
     50112  0.67704946E-01
     50400  0.67481063E-01
     50688  0.66908896E-01
     50976  0.66286437E-01
     51264  0.65673992E-01
     51552  0.65084010E-01
     51840  0.64520240E-01
     52128  0.63984223E-01
     52416  0.63476555E-01
     52704  0.62997639E-01
     52992  0.62547304E-01
     53280  0.62125519E-01
     53568  0.61731987E-01
     53856  0.61366122E-01
     54144  0.61483122E-01
     54432  0.61258696E-01
     54720  0.60995843E-01
     55008  0.60745772E-01
     55296  0.60516268E-01
     55584  0.60308784E-01
     55872  0.60123581E-01
     56160  0.59960995E-01
     56448  0.59821717E-01
     56736  0.59705772E-01
     57024  0.60066417E-01
     57312  0.60084943E-01
     57600  0.60413647E-01
     57888  0.59986278E-01
     58176  0.59547488E-01
     58464  0.59208214E-01
     58752  0.58973782E-01
     59040  0.58833893E-01
     59328  0.59232175E-01
     59616  0.59334524E-01
     59904  0.59437405E-01
     60192  0.59936095E-01
     60480  0.59695970E-01
     60768  0.59458777E-01
     61056  0.59332512E-01
     61344  0.59319507E-01
     61632  0.59407290E-01
     61920  0.60041092E-01
     62208  0.60751360E-01
     62496  0.60656227E-01
     62784  0.60558684E-01
     63072  0.60580336E-01
     63360  0.60724977E-01
     63648  0.60979508E-01
     63936  0.61704479E-01
     64224  0.62160023E-01
     64512  0.62256664E-01
     64800  0.62415976E-01
     65088  0.62698424E-01
     65376  0.63099712E-01
     65664  0.64003669E-01
     65952  0.64141907E-01
     66240  0.64282306E-01
     66528  0.65031655E-01
     66816  0.65563321E-01
     67104  0.66571549E-01
     67392  0.66788092E-01
     67680  0.67003153E-01
     67968  0.67366660E-01
     68256  0.68321586E-01
     68544  0.68514921E-01
     68832  0.68725169E-01
     69120  0.69587030E-01
     69408  0.70731752E-01
     69696  0.71026832E-01
     69984  0.71317650E-01
     70272  0.71785860E-01
     70560  0.72449937E-01
     70848  0.73763177E-01
     71136  0.74286014E-01
     71424  0.74789248E-01
     71712  0.75942032E-01
     72000  0.77479117E-01
     72288  0.77941842E-01
     72576  0.78320794E-01
     72864  0.78881197E-01
     73152  0.79668500E-01
     73440  0.81179172E-01
     73728  0.81901692E-01
     74016  0.82580902E-01
     74304  0.83436504E-01
     74592  0.85514978E-01
     74880  0.86498447E-01
     75168  0.87318085E-01
     75456  0.88813841E-01
     75744  0.89516819E-01
     76032  0.90162881E-01
     76320  0.91005847E-01
     76608  0.92642553E-01
     76896  0.93529299E-01
     77184  0.94827607E-01
     77472  0.96034378E-01
     77760  0.97936004E-01
     78048  0.99052884E-01
     78336  0.10005495    
     78624  0.10122320    
     78912  0.10319428    
     79200  0.10443372    
     79488  0.10554650    
     79776  0.10728161    
     80064  0.10958514    
     80352  0.11106168    
     80640  0.11233962    
     80928  0.11373916    
     81216  0.11593007    
     81504  0.11743082    
     81792  0.11875566    
     82080  0.12065282    
     82368  0.12257697    
     82656  0.12521394    
     82944  0.12715878    
     83232  0.12886721    
     83520  0.13064513    
     83808  0.13316445    
     84096  0.13548733    
     84384  0.13739334    
     84672  0.13924702    
     84960  0.14123809    
     85248  0.14397714    
     85536  0.14614765    
     85824  0.14805667    
     86112  0.15039209    
     86400  0.15274195    
     86688  0.15571997    
     86976  0.15813930    
     87264  0.16025703    
     87552  0.16234830    
     87840  0.16494086    
     88128  0.16760731    
     88416  0.17088139    
     88704  0.17368521    
     88992  0.17618430    
     89280  0.17861886    
     89568  0.18148541    
     89856  0.18441205    
     90144  0.18745396    
     90432  0.19108720    
     90720  0.19437258    
     91008  0.19737935    
     91296  0.20061703    
     91584  0.20381327    
     91872  0.20704913    
     92160  0.21039148    
     92448  0.21388176    
     92736  0.21754202    
     93024  0.22166800    
     93312  0.22626708    
     93600  0.23058854    
     93888  0.23461705    
     94176  0.23847491    
     94464  0.24252771    
     94752  0.24652894    
     95040  0.25051388    
     95328  0.25451934    
     95616  0.25856864    
     95904  0.26267496    
     96192  0.26707411    
     96480  0.27149346    
     96768  0.27592084    
     97056  0.28035778    
     97344  0.28480500    
     97632  0.28926021    
     97920  0.29371819    
     98208  0.29836908    
     98496  0.30297706    
     98784  0.30752441    
     99072  0.31200552    
     99360  0.31641790    
     99648  0.32075688    
     99936  0.32501695    
    100224  0.32935914    
    100512  0.33358556    
    100800  0.33768052    
    101088  0.34163919    
    101376  0.34545970    
    101664  0.34913930    
    101952  0.35251200    
    102240  0.35589918    
    102528  0.35935557    
    102816  0.36285868    
    103104  0.36649957    
    103392  0.37008995    
    103680  0.37358847    
    103968  0.37696794    
    104256  0.38020810    
    104544  0.38329464    
    104832  0.38609233    
