         1   170.00000    
       288   171.11694    
       576   171.98276    
       864   172.68427    
      1152   173.26865    
      1440   173.76076    
      1728   174.00478    
      2016   174.18420    
      2304   174.30821    
      2592   174.38548    
      2880   174.42369    
      3168   174.42964    
      3456   174.27118    
      3744   174.08942    
      4032   173.88907    
      4320   173.67482    
      4608   173.45099    
      4896   173.22151    
      5184   172.87584    
      5472   172.52777    
      5760   172.18056    
      6048   171.83702    
      6336   171.50002    
      6624   171.17221    
      6912   170.75822    
      7200   170.35365    
      7488   169.96033    
      7776   169.58028    
      8064   169.21552    
      8352   168.78091    
      8640   168.36050    
      8928   167.95589    
      9216   167.56854    
      9504   167.20010    
      9792   166.85182    
     10080   166.44667    
     10368   166.05916    
     10656   165.69073    
     10944   165.34242    
     11232   165.01495    
     11520   164.70796    
     11808   164.34943    
     12096   164.00758    
     12384   163.68416    
     12672   163.38055    
     12960   163.09842    
     13248   162.77039    
     13536   162.46114    
     13824   162.17206    
     14112   161.90430    
     14400   161.65927    
     14688   161.43826    
     14976   161.24229    
     15264   161.00525    
     15552   160.78944    
     15840   160.59593    
     16128   160.42595    
     16416   160.28084    
     16704   160.16148    
     16992   160.00142    
     17280   159.86302    
     17568   159.74745    
     17856   159.65613    
     18144   159.59033    
     18432   159.55173    
     18720   159.54207    
     19008   159.49052    
     19296   159.46269    
     19584   159.46030    
     19872   159.48502    
     20160   159.53886    
     20448   159.62349    
     20736   159.74135    
     21024   159.81540    
     21312   159.91730    
     21600   160.04913    
     21888   160.21362    
     22176   160.41348    
     22464   160.65178    
     22752   160.93137    
     23040   161.25633    
     23328   161.53616    
     23616   161.85571    
     23904   162.21844    
     24192   162.62926    
     24480   163.09308    
     24768   163.61549    
     25056   164.20203    
     25344   164.86000    
     25632   165.49068    
     25920   166.19090    
     26208   166.96841    
     26496   167.83319    
     26784   168.79581    
     27072   169.86804    
     27360   171.06386    
     27648   172.39755    
     27936   173.71532    
     28224   175.17532    
     28512   176.79631    
     28800   178.60002    
     29088   180.61176    
     29376   182.86005    
     29664   185.37694    
     29952   188.19763    
     30240   191.09003    
     30528   194.31363    
     30816   197.91402    
     31104   201.94237    
     31392   206.36714    
     31680   211.14146    
     31968   216.25148    
     32256   221.66705    
     32544   226.90492    
     32832   232.29543    
     33120   237.75523    
     33408   243.18849    
     33696   248.49034    
     33984   253.55708    
     34272   258.29190    
     34560   262.60367    
     34848   265.88358    
     35136   268.67157    
     35424   270.95593    
     35712   272.76288    
     36000   274.13220    
     36288   275.10864    
     36576   275.74524    
     36864   276.09943    
     37152   275.70349    
     37440   275.21524    
     37728   274.66052    
     38016   274.06760    
     38304   273.46576    
     38592   272.88040    
     38880   272.33051    
     39168   271.83011    
     39456   270.89185    
     39744   270.09369    
     40032   269.41788    
     40320   268.85336    
     40608   268.39417    
     40896   268.03409    
     41184   267.76508    
     41472   267.57779    
     41760   266.97003    
     42048   266.48608    
     42336   266.10025    
     42624   265.80069    
     42912   265.57730    
     43200   265.42780    
     43488   265.34109    
     43776   265.29996    
     44064   264.80188    
     44352   264.39267    
     44640   264.05075    
     44928   263.76740    
     45216   263.53558    
     45504   263.34866    
     45792   263.19843    
     46080   263.07697    
     46368   262.97766    
     46656   262.89304    
     46944   262.81680    
     47232   262.24805    
     47520   261.74594    
     47808   261.29431    
     48096   260.88864    
     48384   260.52454    
     48672   260.19705    
     48960   259.90015    
     49248   259.62820    
     49536   259.37463    
     49824   259.13303    
     50112   258.89832    
     50400   258.65747    
     50688   258.40897    
     50976   258.15573    
     51264   257.89557    
     51552   257.62598    
     51840   257.34531    
     52128   257.05157    
     52416   256.74365    
     52704   256.42068    
     52992   256.08182    
     53280   255.72624    
     53568   255.35379    
     53856   254.96455    
     54144   254.55078    
     54432   254.11520    
     54720   253.66414    
     55008   253.19865    
     55296   252.71869    
     55584   252.22400    
     55872   251.71446    
     56160   251.18942    
     56448   250.64886    
     56736   250.09265    
     57024   249.51134    
     57312   248.90952    
     57600   248.82564    
     57888   248.65341    
     58176   248.40205    
     58464   248.07306    
     58752   247.66968    
     59040   247.19626    
     59328   246.65051    
     59616   246.04253    
     59904   245.38483    
     60192   245.23375    
     60480   244.96907    
     60768   244.60535    
     61056   244.14877    
     61344   243.60635    
     61632   242.98567    
     61920   242.28653    
     62208   242.08315    
     62496   241.75014    
     62784   241.30566    
     63072   240.75868    
     63360   240.11809    
     63648   239.39340    
     63936   239.16199    
     64224   238.78317    
     64512   238.27615    
     64800   237.65715    
     65088   236.93721    
     65376   236.12778    
     65664   235.81361    
     65952   235.35532    
     66240   234.77321    
     66528   234.06940    
     66816   233.25638    
     67104   232.93179    
     67392   232.45258    
     67680   231.84007    
     67968   231.10608    
     68256   230.84485    
     68544   230.41156    
     68832   229.82904    
     69120   229.10251    
     69408   228.83498    
     69696   228.38344    
     69984   227.77399    
     70272   227.02205    
     70560   226.14201    
     70848   225.73286    
     71136   225.15266    
     71424   224.42638    
     71712   223.56015    
     72000   223.30315    
     72288   222.85440    
     72576   222.24129    
     72864   221.47913    
     73152   220.58215    
     73440   220.14252    
     73728   219.52693    
     74016   218.76094    
     74304   217.86032    
     74592   217.40518    
     74880   216.76848    
     75168   215.98117    
     75456   215.63297    
     75744   215.09862    
     76032   214.40321    
     76320   213.56163    
     76608   213.15248    
     76896   212.56061    
     77184   211.80615    
     77472   210.90396    
     77760   210.43065    
     78048   209.78163    
     78336   208.98299    
     78624   208.05014    
     78912   207.54260    
     79200   206.86830    
     79488   206.05164    
     79776   205.10097    
     80064   204.56404    
     80352   203.86461    
     80640   203.02806    
     80928   202.06970    
     81216   201.52136    
     81504   200.81993    
     81792   199.98790    
     82080   199.03473    
     82368   197.96895    
     82656   197.30322    
     82944   196.50113    
     83232   195.58415    
     83520   194.56529    
     83808   193.93314    
     84096   193.16924    
     84384   192.28944    
     84672   191.30920    
     84960   190.23805    
     85248   189.53638    
     85536   188.71968    
     85824   187.80507    
     86112   186.79941    
     86400   185.70938    
     86688   184.96512    
     86976   184.11752    
     87264   183.18239    
     87552   182.16989    
     87840   181.08360    
     88128   179.92892    
     88416   179.08971    
     88704   178.16682    
     88992   177.17366    
     89280   176.11824    
     89568   175.00513    
     89856   173.83820    
     90144   172.62404    
     90432   171.68781    
     90720   170.69379    
     91008   169.65210    
     91296   168.56830    
     91584   167.44582    
     91872   166.29047    
     92160   165.10692    
     92448   163.89972    
     92736   162.67245    
     93024   161.42822    
     93312   160.41078    
     93600   159.37204    
     93888   158.31830    
     94176   157.25345    
     94464   156.18082    
     94752   155.10202    
     95040   154.02016    
     95328   152.93796    
     95616   151.85751    
     95904   150.78101    
     96192   149.71005    
     96480   148.64577    
     96768   147.59027    
     97056   146.54515    
     97344   145.51221    
     97632   144.49272    
     97920   143.48799    
     98208   142.49911    
     98496   141.52638    
     98784   140.57117    
     99072   139.63446    
     99360   138.71698    
     99648   137.81973    
     99936   136.94327    
    100224   136.08809    
    100512   135.25426    
    100800   134.44238    
    101088   133.65288    
    101376   132.88615    
    101664   132.14250    
    101952   131.31487    
    102240   130.51126    
    102528   129.73166    
    102816   128.97601    
    103104   128.24455    
    103392   127.53715    
    103680   126.85384    
    103968   126.19486    
    104256   125.56051    
    104544   124.95067    
    104832   124.28137    
