         1   0.0000000    
       288  0.13504127    
       576  0.27057564    
       864  0.40675306    
      1152  0.54422688    
      1440  0.68365359    
      1728  0.82398927    
      2016  0.96410078    
      2304   1.1044520    
      2592   1.2454392    
      2880   1.3873833    
      3168   1.5305324    
      3456   1.6728288    
      3744   1.8122981    
      4032   1.9491498    
      4320   2.0835536    
      4608   2.2156475    
      4896   2.3455515    
      5184   2.4707983    
      5472   2.5893524    
      5760   2.7017953    
      6048   2.8086841    
      6336   2.9105647    
      6624   3.0079613    
      6912   3.0987411    
      7200   3.1813643    
      7488   3.2568896    
      7776   3.3261428    
      8064   3.3901086    
      8352   3.4471354    
      8640   3.4961758    
      8928   3.5386536    
      9216   3.5758133    
      9504   3.6087492    
      9792   3.6384294    
     10080   3.6632612    
     10368   3.6820829    
     10656   3.6962852    
     10944   3.7070539    
     11232   3.7062430    
     11520   3.6866519    
     11808   3.6531725    
     12096   3.6092987    
     12384   3.5587492    
     12672   3.5043452    
     12960   3.4481282    
     13248   3.3901350    
     13536   3.3305545    
     13824   3.2706959    
     14112   3.2114811    
     14400   3.1537590    
     14688   3.0981977    
     14976   3.0453291    
     15264   2.9941862    
     15552   2.9440351    
     15840   2.8955557    
     16128   2.8492870    
     16416   2.8056719    
     16704   2.7650263    
     16992   2.7261839    
     17280   2.6884634    
     17568   2.6524496    
     17856   2.6186192    
     18144   2.5873213    
     18432   2.5587735    
     18720   2.5332983    
     19008   2.5097601    
     19296   2.4873264    
     19584   2.4664500    
     19872   2.4476357    
     20160   2.4313273    
     20448   2.4178457    
     20736   2.4073944    
     21024   2.3987758    
     21312   2.3911846    
     21600   2.3852232    
     21888   2.3813262    
     22176   2.3800271    
     22464   2.3818181    
     22752   2.3870835    
     23040   2.3960927    
     23328   2.4074845    
     23616   2.4203777    
     23904   2.4355521    
     24192   2.4536047    
     24480   2.4753003    
     24768   2.5013690    
     25056   2.5324383    
     25344   2.5690308    
     25632   2.6098468    
     25920   2.6541986    
     26208   2.7032795    
     26496   2.7581184    
     26784   2.8200665    
     27072   2.8905072    
     27360   2.9709184    
     27648   3.0627742    
     27936   3.1640158    
     28224   3.2740805    
     28512   3.3958266    
     28800   3.5320628    
     29088   3.6856470    
     29376   3.8603292    
     29664   4.0603838    
     29952   4.2905221    
     30240   4.5496645    
     30528   4.8398752    
     30816   5.1700435    
     31104   5.5504017    
     31392   5.9913387    
     31680   6.4999690    
     31968   7.0848575    
     32256   7.7552791    
     32544   8.5058985    
     32832   9.3356504    
     33120   10.254694    
     33408   11.268572    
     33696   12.377501    
     33984   13.574982    
     34272   14.848784    
     34560   16.182505    
     34848   17.528069    
     35136   18.849905    
     35424   20.130873    
     35712   21.350758    
     36000   22.492311    
     36288   23.543158    
     36576   24.494116    
     36864   25.340092    
     37152   26.050781    
     37440   26.622066    
     37728   27.073299    
     38016   27.421410    
     38304   27.681135    
     38592   27.866369    
     38880   27.990129    
     39168   28.064529    
     39456   28.072947    
     39744   28.019516    
     40032   27.925827    
     40320   27.807789    
     40608   27.676805    
     40896   27.541735    
     41184   27.409452    
     41472   27.285145    
     41760   27.145760    
     42048   26.989258    
     42336   26.828999    
     42624   26.672733    
     42912   26.525623    
     43200   26.390015    
     43488   26.268827    
     43776   26.164429    
     44064   26.050415    
     44352   25.921984    
     44640   25.789944    
     44928   25.660248    
     45216   25.536789    
     45504   25.422178    
     45792   25.318005    
     46080   25.225048    
     46368   25.143442    
     46656   25.072777    
     46944   25.012249    
     47232   24.933628    
     47520   24.831844    
     47808   24.718019    
     48096   24.598621    
     48384   24.478315    
     48672   24.360464    
     48960   24.247412    
     49248   24.140594    
     49536   24.040789    
     49824   23.948114    
     50112   23.862337    
     50400   23.784060    
     50688   23.711401    
     50976   23.642454    
     51264   23.576363    
     51552   23.512354    
     51840   23.449701    
     52128   23.387693    
     52416   23.325626    
     52704   23.262863    
     52992   23.198866    
     53280   23.133121    
     53568   23.065186    
     53856   22.994740    
     54144   22.922726    
     54432   22.847740    
     54720   22.768740    
     55008   22.685787    
     55296   22.599068    
     55584   22.508738    
     55872   22.414949    
     56160   22.317768    
     56448   22.217251    
     56736   22.113462    
     57024   22.007578    
     57312   21.898357    
     57600   21.813580    
     57888   21.757313    
     58176   21.716181    
     58464   21.681515    
     58752   21.646820    
     59040   21.607311    
     59328   21.560741    
     59616   21.503714    
     59904   21.434114    
     60192   21.381109    
     60480   21.348915    
     60768   21.324003    
     61056   21.297991    
     61344   21.264915    
     61632   21.220724    
     61920   21.163975    
     62208   21.122236    
     62496   21.098284    
     62784   21.077944    
     63072   21.052702    
     63360   21.016792    
     63648   20.966391    
     63936   20.929716    
     64224   20.911152    
     64512   20.894890    
     64800   20.870975    
     65088   20.833462    
     65376   20.778631    
     65664   20.735157    
     65952   20.706629    
     66240   20.678442    
     66528   20.642963    
     66816   20.593452    
     67104   20.556112    
     67392   20.533611    
     67680   20.510471    
     67968   20.477533    
     68256   20.459930    
     68544   20.458601    
     68832   20.456596    
     69120   20.444668    
     69408   20.446754    
     69696   20.462389    
     69984   20.474115    
     70272   20.471603    
     70560   20.448248    
     70848   20.431252    
     71136   20.423494    
     71424   20.409317    
     71712   20.380749    
     72000   20.370070    
     72288   20.380075    
     72576   20.390516    
     72864   20.389490    
     73152   20.369234    
     73440   20.355730    
     73728   20.351376    
     74016   20.340076    
     74304   20.312523    
     74592   20.294552    
     74880   20.287897    
     75168   20.274805    
     75456   20.276400    
     75744   20.292572    
     76032   20.305155    
     76320   20.303270    
     76608   20.310343    
     76896   20.327724    
     77184   20.339277    
     77472   20.334814    
     77760   20.336855    
     78048   20.347263    
     78336   20.349609    
     78624   20.334358    
     78912   20.325300    
     79200   20.325006    
     79488   20.317595    
     79776   20.294653    
     80064   20.279484    
     80352   20.273663    
     80640   20.261093    
     80928   20.232616    
     81216   20.210873    
     81504   20.198835    
     81792   20.181269    
     82080   20.150036    
     82368   20.099808    
     82656   20.052696    
     82944   20.012739    
     83232   19.966232    
     83520   19.905319    
     83808   19.851051    
     84096   19.807842    
     84384   19.762503    
     84672   19.705585    
     84960   19.631573    
     85248   19.561165    
     85536   19.498987    
     85824   19.432775    
     86112   19.355795    
     86400   19.264000    
     86688   19.175827    
     86976   19.095600    
     87264   19.011892    
     87552   18.917782    
     87840   18.809616    
     88128   18.685356    
     88416   18.562151    
     88704   18.444960    
     88992   18.324308    
     89280   18.194489    
     89568   18.052519    
     89856   17.896996    
     90144   17.726027    
     90432   17.554871    
     90720   17.388992    
     91008   17.221401    
     91296   17.048296    
     91584   16.867842    
     91872   16.678003    
     92160   16.477726    
     92448   16.266752    
     92736   16.045292    
     93024   15.814084    
     93312   15.585707    
     93600   15.365129    
     93888   15.148074    
     94176   14.931884    
     94464   14.715294    
     94752   14.498059    
     95040   14.279377    
     95328   14.058949    
     95616   13.836777    
     95904   13.613057    
     96192   13.388372    
     96480   13.163598    
     96768   12.938907    
     97056   12.714580    
     97344   12.490943    
     97632   12.268385    
     97920   12.047351    
     98208   11.828413    
     98496   11.612408    
     98784   11.399472    
     99072   11.189817    
     99360   10.983688    
     99648   10.781323    
     99936   10.582981    
    100224   10.389034    
    100512   10.200066    
    100800   10.016123    
    101088   9.8372612    
    101376   9.6635752    
    101664   9.4951696    
    101952   9.3276882    
    102240   9.1588202    
    102528   8.9903030    
    102816   8.8234577    
    103104   8.6593847    
    103392   8.4991674    
    103680   8.3432884    
    103968   8.1921425    
    104256   8.0460491    
    104544   7.9052730    
    104832   7.7666054    
