         1   0.0000000    
       288  0.34599777E-03
       576  0.61876111E-03
       864  0.82416332E-03
      1152  0.96919906E-03
      1440  0.10605196E-02
      1728  0.11001587E-02
      2016  0.10902536E-02
      2304  0.10460144E-02
      2592  0.98696654E-03
      2880  0.92978164E-03
      3168  0.87608612E-03
      3456  0.82565233E-03
      3744  0.77826838E-03
      4032  0.73373609E-03
      4320  0.69187139E-03
      4608  0.65250334E-03
      4896  0.61547139E-03
      5184  0.58062823E-03
      5472  0.54783595E-03
      5760  0.51696523E-03
      6048  0.48789609E-03
      6336  0.46051649E-03
      6624  0.43472165E-03
      6912  0.41041456E-03
      7200  0.38750449E-03
      7488  0.36590613E-03
      7776  0.34554017E-03
      8064  0.32633252E-03
      8352  0.30821390E-03
      8640  0.29111965E-03
      8928  0.27498882E-03
      9216  0.25976478E-03
      9504  0.24539421E-03
      9792  0.23182716E-03
     10080  0.21901703E-03
     10368  0.20692030E-03
     10656  0.19549577E-03
     10944  0.18470478E-03
     11232  0.17451163E-03
     11520  0.16488247E-03
     11808  0.15578534E-03
     12096  0.14719025E-03
     12384  0.13906886E-03
     12672  0.13139473E-03
     12960  0.12414274E-03
     13248  0.11728960E-03
     13536  0.11081323E-03
     13824  0.10469284E-03
     14112  0.98908778E-04
     14400  0.93442570E-04
     14688  0.88276916E-04
     14976  0.83395375E-04
     15264  0.78782497E-04
     15552  0.74423762E-04
     15840  0.70305410E-04
     16128  0.66414439E-04
     16416  0.62738531E-04
     16704  0.59266065E-04
     16992  0.55986246E-04
     17280  0.52888656E-04
     17568  0.49963528E-04
     17856  0.47201593E-04
     18144  0.44594042E-04
     18432  0.42132648E-04
     18720  0.39809540E-04
     19008  0.37617319E-04
     19296  0.35548972E-04
     19584  0.33597818E-04
     19872  0.31757569E-04
     20160  0.30022245E-04
     20448  0.28386163E-04
     20736  0.26843965E-04
     21024  0.25390582E-04
     21312  0.24021207E-04
     21600  0.22731278E-04
     21888  0.21516429E-04
     22176  0.20372561E-04
     22464  0.19295770E-04
     22752  0.18282351E-04
     23040  0.17328799E-04
     23328  0.16431799E-04
     23616  0.15588212E-04
     23904  0.14795047E-04
     24192  0.14049447E-04
     24480  0.13348719E-04
     24768  0.12690311E-04
     25056  0.12071790E-04
     25344  0.11490869E-04
     25632  0.10945378E-04
     25920  0.10433260E-04
     26208  0.99525596E-05
     26496  0.95014166E-05
     26784  0.90780686E-05
     27072  0.86808577E-05
     27360  0.83081941E-05
     27648  0.10174032E-04
     27936  0.41215524E-04
     28224  0.11990021E-03
     28512  0.24827346E-03
     28800  0.42758952E-03
     29088  0.65934996E-03
     29376  0.94535964E-03
     29664  0.12876827E-02
     29952  0.16885912E-02
     30240  0.21445400E-02
     30528  0.26525054E-02
     30816  0.32156138E-02
     31104  0.38371028E-02
     31392  0.45191278E-02
     31680  0.52595194E-02
     31968  0.60547022E-02
     32256  0.69000283E-02
     32544  0.77817608E-02
     32832  0.86874487E-02
     33120  0.96109984E-02
     33408  0.10544671E-01
     33696  0.11479347E-01
     33984  0.12404967E-01
     34272  0.13311003E-01
     34560  0.14186916E-01
     34848  0.15013909E-01
     35136  0.15778799E-01
     35424  0.16477427E-01
     35712  0.17106501E-01
     36000  0.17664574E-01
     36288  0.18151751E-01
     36576  0.18569555E-01
     36864  0.18920794E-01
     37152  0.19200742E-01
     37440  0.19411225E-01
     37728  0.19561997E-01
     38016  0.19661738E-01
     38304  0.19718492E-01
     38592  0.19739585E-01
     38880  0.19731766E-01
     39168  0.19701082E-01
     39456  0.19644385E-01
     39744  0.19563477E-01
     40032  0.19466542E-01
     40320  0.19359706E-01
     40608  0.19247655E-01
     40896  0.19134045E-01
     41184  0.19021599E-01
     41472  0.18912312E-01
     41760  0.18799307E-01
     42048  0.18680802E-01
     42336  0.18561097E-01
     42624  0.18442990E-01
     42912  0.18328439E-01
     43200  0.18218599E-01
     43488  0.18114494E-01
     43776  0.18016551E-01
     44064  0.17916664E-01
     44352  0.17812103E-01
     44640  0.17706238E-01
     44928  0.17601242E-01
     45216  0.17498614E-01
     45504  0.17399350E-01
     45792  0.17304037E-01
     46080  0.17212918E-01
     46368  0.17126024E-01
     46656  0.17043173E-01
     46944  0.16964063E-01
     47232  0.16880460E-01
     47520  0.16789759E-01
     47808  0.16695449E-01
     48096  0.16599908E-01
     48384  0.16504869E-01
     48672  0.16411554E-01
     48960  0.16320817E-01
     49248  0.16233137E-01
     49536  0.16148739E-01
     49824  0.16067635E-01
     50112  0.15989708E-01
     50400  0.15914822E-01
     50688  0.15842384E-01
     50976  0.15772047E-01
     51264  0.15703557E-01
     51552  0.15636684E-01
     51840  0.15571197E-01
     52128  0.15506884E-01
     52416  0.15443546E-01
     52704  0.15380999E-01
     52992  0.15319100E-01
     53280  0.15257707E-01
     53568  0.15196716E-01
     53856  0.15136040E-01
     54144  0.15075717E-01
     54432  0.15015405E-01
     54720  0.14955026E-01
     55008  0.14894643E-01
     55296  0.14834337E-01
     55584  0.14774154E-01
     55872  0.14714133E-01
     56160  0.14654298E-01
     56448  0.14594649E-01
     56736  0.14535180E-01
     57024  0.14475972E-01
     57312  0.14416707E-01
     57600  0.14365429E-01
     57888  0.14324433E-01
     58176  0.14289535E-01
     58464  0.14257768E-01
     58752  0.14226944E-01
     59040  0.14195487E-01
     59328  0.14162418E-01
     59616  0.14126746E-01
     59904  0.14088091E-01
     60192  0.14054788E-01
     60480  0.14029274E-01
     60768  0.14007367E-01
     61056  0.13986220E-01
     61344  0.13963830E-01
     61632  0.13938848E-01
     61920  0.13910529E-01
     62208  0.13886750E-01
     62496  0.13869768E-01
     62784  0.13855228E-01
     63072  0.13840230E-01
     63360  0.13822786E-01
     63648  0.13801576E-01
     63936  0.13784694E-01
     64224  0.13774434E-01
     64512  0.13765846E-01
     64800  0.13755801E-01
     65088  0.13742225E-01
     65376  0.13723840E-01
     65664  0.13708971E-01
     65952  0.13700008E-01
     66240  0.13692308E-01
     66528  0.13682843E-01
     66816  0.13669197E-01
     67104  0.13659250E-01
     67392  0.13655149E-01
     67680  0.13651889E-01
     67968  0.13646151E-01
     68256  0.13645178E-01
     68544  0.13650464E-01
     68832  0.13656410E-01
     69120  0.13659345E-01
     69408  0.13666147E-01
     69696  0.13678148E-01
     69984  0.13689622E-01
     70272  0.13696800E-01
     70560  0.13697146E-01
     70848  0.13698904E-01
     71136  0.13704358E-01
     71424  0.13708293E-01
     71712  0.13707350E-01
     72000  0.13711481E-01
     72288  0.13723426E-01
     72576  0.13736354E-01
     72864  0.13745694E-01
     73152  0.13748277E-01
     73440  0.13752165E-01
     73728  0.13759481E-01
     74016  0.13764640E-01
     74304  0.13763966E-01
     74592  0.13765330E-01
     74880  0.13770446E-01
     75168  0.13773372E-01
     75456  0.13780714E-01
     75744  0.13793621E-01
     76032  0.13805497E-01
     76320  0.13811859E-01
     76608  0.13820136E-01
     76896  0.13831986E-01
     77184  0.13841274E-01
     77472  0.13843566E-01
     77760  0.13846462E-01
     78048  0.13851990E-01
     78336  0.13854152E-01
     78624  0.13848883E-01
     78912  0.13844118E-01
     79200  0.13842081E-01
     79488  0.13836785E-01
     79776  0.13824238E-01
     80064  0.13812161E-01
     80352  0.13802673E-01
     80640  0.13789752E-01
     80928  0.13769331E-01
     81216  0.13749355E-01
     81504  0.13732197E-01
     81792  0.13711891E-01
     82080  0.13684409E-01
     82368  0.13646618E-01
     82656  0.13606875E-01
     82944  0.13568269E-01
     83232  0.13525391E-01
     83520  0.13474565E-01
     83808  0.13423746E-01
     84096  0.13375751E-01
     84384  0.13324776E-01
     84672  0.13266670E-01
     84960  0.13198524E-01
     85248  0.13128522E-01
     85536  0.13059906E-01
     85824  0.12987512E-01
     86112  0.12907749E-01
     86400  0.12817816E-01
     86688  0.12725500E-01
     86976  0.12634108E-01
     87264  0.12538739E-01
     87552  0.12435948E-01
     87840  0.12323245E-01
     88128  0.12198629E-01
     88416  0.12069812E-01
     88704  0.11940472E-01
     88992  0.11806446E-01
     89280  0.11664773E-01
     89568  0.11513354E-01
     89856  0.11350498E-01
     90144  0.11174935E-01
     90432  0.10994001E-01
     90720  0.10811711E-01
     91008  0.10624830E-01
     91296  0.10431136E-01
     91584  0.10228878E-01
     91872  0.10016795E-01
     92160  0.97940257E-02
     92448  0.95600523E-02
     92736  0.93145780E-02
     93024  0.90575302E-02
     93312  0.87954393E-02
     93600  0.85325157E-02
     93888  0.82668634E-02
     94176  0.79971887E-02
     94464  0.77226213E-02
     94752  0.74425456E-02
     95040  0.71565490E-02
     95328  0.68644322E-02
     95616  0.65661622E-02
     95904  0.62618298E-02
     96192  0.59516351E-02
     96480  0.56357947E-02
     96768  0.53145895E-02
     97056  0.49883537E-02
     97344  0.46627149E-02
     97632  0.43463092E-02
     97920  0.40449197E-02
     98208  0.37655025E-02
     98496  0.35074719E-02
     98784  0.32690214E-02
     99072  0.30485226E-02
     99360  0.28444838E-02
     99648  0.26555518E-02
     99936  0.24804936E-02
    100224  0.23181874E-02
    100512  0.21676095E-02
    100800  0.20278241E-02
    101088  0.18979764E-02
    101376  0.17772913E-02
    101664  0.16650539E-02
    101952  0.15606146E-02
    102240  0.14633784E-02
    102528  0.13727979E-02
    102816  0.12883691E-02
    103104  0.12096321E-02
    103392  0.11361637E-02
    103680  0.10675741E-02
    103968  0.10035068E-02
    104256  0.94363320E-03
    104544  0.88765111E-03
    104832  0.83528500E-03
