         1   0.0000000    
       288   2.4293277    
       576   4.5903349    
       864   6.5012269    
      1152   8.1869516    
      1440   9.6702290    
      1728   10.965211    
      2016   12.085469    
      2304   13.049917    
      2592   13.875540    
      2880   14.577604    
      3168   15.169818    
      3456   15.660321    
      3744   16.056776    
      4032   16.370573    
      4320   16.611917    
      4608   16.790024    
      4896   16.913036    
      5184   16.985722    
      5472   17.012161    
      5760   16.998926    
      6048   16.951923    
      6336   16.876425    
      6624   16.777121    
      6912   16.656353    
      7200   16.515808    
      7488   16.359098    
      7776   16.189598    
      8064   16.010138    
      8352   15.821789    
      8640   15.625002    
      8928   15.421878    
      9216   15.214331    
      9504   15.004118    
      9792   14.792833    
     10080   14.580826    
     10368   14.368007    
     10656   14.155449    
     10944   13.944242    
     11232   13.744584    
     11520   13.565563    
     11808   13.400697    
     12096   13.244895    
     12384   13.096365    
     12672   12.954052    
     12960   12.817530    
     13248   12.685113    
     13536   12.554950    
     13824   12.427411    
     14112   12.303130    
     14400   12.182679    
     14688   12.066706    
     14976   11.955926    
     15264   11.849363    
     15552   11.745820    
     15840   11.645964    
     16128   11.550524    
     16416   11.460249    
     16704   11.375929    
     16992   11.296677    
     17280   11.221140    
     17568   11.150013    
     17856   11.084025    
     18144   11.023969    
     18432   10.970726    
     18720   10.925045    
     19008   10.885861    
     19296   10.851772    
     19584   10.823590    
     19872   10.802043    
     20160   10.787920    
     20448   10.782077    
     20736   10.785492    
     21024   10.796968    
     21312   10.814927    
     21600   10.840188    
     21888   10.873763    
     22176   10.916575    
     22464   10.969603    
     22752   11.033977    
     23040   11.110977    
     23328   11.199360    
     23616   11.297368    
     23904   11.406212    
     24192   11.527260    
     24480   11.661851    
     24768   11.811502    
     25056   11.977938    
     25344   12.163149    
     25632   12.366382    
     25920   12.586364    
     26208   12.825096    
     26496   13.084994    
     26784   13.368481    
     27072   13.678308    
     27360   14.017517    
     27648   14.389664    
     27936   14.794603    
     28224   15.230964    
     28512   15.702415    
     28800   16.213308    
     29088   16.768744    
     29376   17.373896    
     29664   18.034464    
     29952   18.756859    
     30240   19.542316    
     30528   20.389563    
     30816   21.304094    
     31104   22.291704    
     31392   23.357103    
     31680   24.499462    
     31968   25.713049    
     32256   26.988411    
     32544   28.306215    
     32832   29.641291    
     33120   30.971973    
     33408   32.274807    
     33696   33.525368    
     33984   34.700581    
     34272   35.779545    
     34560   36.742844    
     34848   37.575634    
     35136   38.264297    
     35424   38.807701    
     35712   39.212265    
     36000   39.488342    
     36288   39.646843    
     36576   39.700813    
     36864   39.664127    
     37152   39.553257    
     37440   39.376907    
     37728   39.147408    
     38016   38.876038    
     38304   38.573925    
     38592   38.250729    
     38880   37.914722    
     39168   37.572578    
     39456   37.231884    
     39744   36.891941    
     40032   36.555992    
     40320   36.226448    
     40608   35.905872    
     40896   35.596066    
     41184   35.298122    
     41472   35.012276    
     41760   34.740173    
     42048   34.475288    
     42336   34.216728    
     42624   33.965183    
     42912   33.721256    
     43200   33.486263    
     43488   33.260208    
     43776   33.041317    
     44064   32.830353    
     44352   32.620613    
     44640   32.411636    
     44928   32.204494    
     45216   32.000198    
     45504   31.799368    
     45792   31.602203    
     46080   31.408655    
     46368   31.218464    
     46656   31.031307    
     46944   30.846794    
     47232   30.666891    
     47520   30.485594    
     47808   30.303303    
     48096   30.121798    
     48384   29.942533    
     48672   29.766373    
     48960   29.593885    
     49248   29.425249    
     49536   29.260427    
     49824   29.099247    
     50112   28.941462    
     50400   28.785540    
     50688   28.631355    
     50976   28.479855    
     51264   28.331038    
     51552   28.184904    
     51840   28.041357    
     52128   27.900360    
     52416   27.761883    
     52704   27.625984    
     52992   27.492638    
     53280   27.361931    
     53568   27.233889    
     53856   27.108618    
     54144   26.984890    
     54432   26.863016    
     54720   26.744148    
     55008   26.628548    
     55296   26.516306    
     55584   26.407442    
     55872   26.301950    
     56160   26.199844    
     56448   26.101084    
     56736   26.005642    
     57024   25.912241    
     57312   25.821043    
     57600   25.730621    
     57888   25.646997    
     58176   25.569105    
     58464   25.494963    
     58752   25.423252    
     59040   25.353224    
     59328   25.283342    
     59616   25.213854    
     59904   25.145950    
     60192   25.077412    
     60480   25.014593    
     60768   24.956787    
     61056   24.902309    
     61344   24.850079    
     61632   24.799549    
     61920   24.749300    
     62208   24.696823    
     62496   24.649599    
     62784   24.607161    
     63072   24.567921    
     63360   24.530802    
     63648   24.495237    
     63936   24.458317    
     64224   24.425167    
     64512   24.395241    
     64800   24.368082    
     65088   24.342779    
     65376   24.318790    
     65664   24.293253    
     65952   24.272600    
     66240   24.256289    
     66528   24.241478    
     66816   24.226969    
     67104   24.210665    
     67392   24.199011    
     67680   24.191446    
     67968   24.186249    
     68256   24.179472    
     68544   24.176952    
     68832   24.177931    
     69120   24.179399    
     69408   24.177132    
     69696   24.178179    
     69984   24.182276    
     70272   24.187716    
     70560   24.193197    
     70848   24.195375    
     71136   24.200563    
     71424   24.208635    
     71712   24.216913    
     72000   24.221169    
     72288   24.229574    
     72576   24.242016    
     72864   24.256321    
     73152   24.270634    
     73440   24.281244    
     73728   24.294029    
     74016   24.308981    
     74304   24.324495    
     74592   24.335703    
     74880   24.347578    
     75168   24.361261    
     75456   24.372896    
     75744   24.387484    
     76032   24.404640    
     76320   24.422312    
     76608   24.436199    
     76896   24.451288    
     77184   24.466713    
     77472   24.480089    
     77760   24.488546    
     78048   24.497568    
     78336   24.507639    
     78624   24.517332    
     78912   24.522709    
     79200   24.528584    
     79488   24.535423    
     79776   24.540903    
     80064   24.540218    
     80352   24.539082    
     80640   24.538502    
     80928   24.537336    
     81216   24.531790    
     81504   24.526260    
     81792   24.521328    
     82080   24.514889    
     82368   24.504410    
     82656   24.487499    
     82944   24.468998    
     83232   24.450054    
     83520   24.429842    
     83808   24.405209    
     84096   24.379358    
     84384   24.351955    
     84672   24.322996    
     84960   24.291533    
     85248   24.254719    
     85536   24.216381    
     85824   24.177427    
     86112   24.136559    
     86400   24.091467    
     86688   24.040453    
     86976   23.987324    
     87264   23.933199    
     87552   23.877686    
     87840   23.819189    
     88128   23.755516    
     88416   23.685400    
     88704   23.612419    
     88992   23.537724    
     89280   23.461113    
     89568   23.381292    
     89856   23.296373    
     90144   23.206030    
     90432   23.109444    
     90720   23.009644    
     91008   22.907545    
     91296   22.802658    
     91584   22.693516    
     91872   22.579918    
     92160   22.461432    
     92448   22.337561    
     92736   22.207832    
     93024   22.071508    
     93312   21.927931    
     93600   21.780201    
     93888   21.629253    
     94176   21.475401    
     94464   21.318357    
     94752   21.157257    
     95040   20.992207    
     95328   20.823191    
     95616   20.650183    
     95904   20.473137    
     96192   20.291826    
     96480   20.105732    
     96768   19.915186    
     97056   19.720470    
     97344   19.521967    
     97632   19.319929    
     97920   19.114588    
     98208   18.906143    
     98496   18.694464    
     98784   18.480070    
     99072   18.263432    
     99360   18.044973    
     99648   17.825146    
     99936   17.604343    
    100224   17.382811    
    100512   17.160542    
    100800   16.938036    
    101088   16.715757    
    101376   16.494127    
    101664   16.273512    
    101952   16.053623    
    102240   15.833309    
    102528   15.612640    
    102816   15.391847    
    103104   15.171168    
    103392   14.950685    
    103680   14.730906    
    103968   14.512335    
    104256   14.295408    
    104544   14.080586    
    104832   13.867768    
