         1   0.0000000    
       288  0.11387261E-03
       576  0.20224633E-03
       864  0.26762512E-03
      1152  0.31279583E-03
      1440  0.34035786E-03
      1728  0.35145134E-03
      2016  0.34721423E-03
      2304  0.33261612E-03
      2592  0.31369802E-03
      2880  0.29542562E-03
      3168  0.27826783E-03
      3456  0.26215205E-03
      3744  0.24701055E-03
      4032  0.23278003E-03
      4320  0.21940169E-03
      4608  0.20682083E-03
      4896  0.19498650E-03
      5184  0.18385140E-03
      5472  0.17337142E-03
      5760  0.16350580E-03
      6048  0.15421546E-03
      6336  0.14546492E-03
      6624  0.13722081E-03
      6912  0.12945203E-03
      7200  0.12212968E-03
      7488  0.11522645E-03
      7776  0.10871715E-03
      8064  0.10257799E-03
      8352  0.96786891E-04
      8640  0.91323163E-04
      8928  0.86167442E-04
      9216  0.81301499E-04
      9504  0.76708369E-04
      9792  0.72372161E-04
     10080  0.68277965E-04
     10368  0.64411834E-04
     10656  0.60760656E-04
     10944  0.57312132E-04
     11232  0.54054763E-04
     11520  0.50977778E-04
     11808  0.48070971E-04
     12096  0.45324752E-04
     12384  0.42730131E-04
     12672  0.40278595E-04
     12960  0.37962189E-04
     13248  0.35773406E-04
     13536  0.33705248E-04
     13824  0.31751049E-04
     14112  0.29904550E-04
     14400  0.28159862E-04
     14688  0.26511419E-04
     14976  0.24953984E-04
     15264  0.23482642E-04
     15552  0.22092749E-04
     15840  0.20779915E-04
     16128  0.19539963E-04
     16416  0.18368986E-04
     16704  0.17263277E-04
     16992  0.16219354E-04
     17280  0.15233913E-04
     17568  0.14303818E-04
     17856  0.13426107E-04
     18144  0.12597987E-04
     18432  0.11816810E-04
     18720  0.11080060E-04
     19008  0.10385374E-04
     19296  0.97305183E-05
     19584  0.91133488E-05
     19872  0.85318543E-05
     20160  0.79841229E-05
     20448  0.74683394E-05
     20736  0.69827856E-05
     21024  0.65258414E-05
     21312  0.60959637E-05
     21600  0.56916897E-05
     21888  0.53116264E-05
     22176  0.49544551E-05
     22464  0.46189271E-05
     22752  0.43038558E-05
     23040  0.40081050E-05
     23328  0.37306306E-05
     23616  0.34704115E-05
     23904  0.32264863E-05
     24192  0.29979410E-05
     24480  0.27839101E-05
     24768  0.25835711E-05
     25056  0.23961443E-05
     25344  0.22208887E-05
     25632  0.20571051E-05
     25920  0.19041314E-05
     26208  0.17613331E-05
     26496  0.16281134E-05
     26784  0.15039059E-05
     27072  0.13881702E-05
     27360  0.12803966E-05
     27648  0.17600097E-05
     27936  0.98606888E-05
     28224  0.30386749E-04
     28512  0.63780826E-04
     28800  0.11023186E-03
     29088  0.16995451E-03
     29376  0.24316266E-03
     29664  0.33006456E-03
     29952  0.43085476E-03
     30240  0.54450874E-03
     30528  0.66993543E-03
     30816  0.80719247E-03
     31104  0.95619570E-03
     31392  0.11164983E-02
     31680  0.12867243E-02
     31968  0.14649448E-02
     32256  0.16488523E-02
     32544  0.18350314E-02
     32832  0.20199439E-02
     33120  0.22007278E-02
     33408  0.23745387E-02
     33696  0.25386845E-02
     33984  0.26908542E-02
     34272  0.28292069E-02
     34560  0.29522704E-02
     34848  0.30592966E-02
     35136  0.31497646E-02
     35424  0.32240744E-02
     35712  0.32832776E-02
     36000  0.33287003E-02
     36288  0.33616615E-02
     36576  0.33835983E-02
     36864  0.33959597E-02
     37152  0.34005418E-02
     37440  0.33983223E-02
     37728  0.33903876E-02
     38016  0.33777489E-02
     38304  0.33614070E-02
     38592  0.33422452E-02
     38880  0.33210183E-02
     39168  0.32983567E-02
     39456  0.32750876E-02
     39744  0.32512650E-02
     40032  0.32271389E-02
     40320  0.32029138E-02
     40608  0.31788347E-02
     40896  0.31550797E-02
     41184  0.31317603E-02
     41472  0.31089261E-02
     41760  0.30868882E-02
     42048  0.30651835E-02
     42336  0.30437028E-02
     42624  0.30224966E-02
     42912  0.30016170E-02
     43200  0.29811908E-02
     43488  0.29612246E-02
     43776  0.29415702E-02
     44064  0.29224837E-02
     44352  0.29034892E-02
     44640  0.28844874E-02
     44928  0.28655492E-02
     45216  0.28467437E-02
     45504  0.28281126E-02
     45792  0.28096763E-02
     46080  0.27914275E-02
     46368  0.27733545E-02
     46656  0.27554408E-02
     46944  0.27376702E-02
     47232  0.27204147E-02
     47520  0.27032536E-02
     47808  0.26861455E-02
     48096  0.26691859E-02
     48384  0.26524574E-02
     48672  0.26360089E-02
     48960  0.26198693E-02
     49248  0.26040396E-02
     49536  0.25885177E-02
     49824  0.25732862E-02
     50112  0.25583354E-02
     50400  0.25435407E-02
     50688  0.25289012E-02
     50976  0.25145086E-02
     51264  0.25003802E-02
     51552  0.24865179E-02
     51840  0.24729215E-02
     52128  0.24595964E-02
     52416  0.24465488E-02
     52704  0.24337852E-02
     52992  0.24213160E-02
     53280  0.24091490E-02
     53568  0.23972879E-02
     53856  0.23857488E-02
     54144  0.23744269E-02
     54432  0.23633526E-02
     54720  0.23526333E-02
     55008  0.23422842E-02
     55296  0.23323118E-02
     55584  0.23227213E-02
     55872  0.23135026E-02
     56160  0.23046602E-02
     56448  0.22961912E-02
     56736  0.22880856E-02
     57024  0.22802379E-02
     57312  0.22726632E-02
     57600  0.22650294E-02
     57888  0.22577590E-02
     58176  0.22508833E-02
     58464  0.22443223E-02
     58752  0.22380215E-02
     59040  0.22319714E-02
     59328  0.22260640E-02
     59616  0.22203419E-02
     59904  0.22149170E-02
     60192  0.22093852E-02
     60480  0.22041956E-02
     60768  0.21994086E-02
     61056  0.21949629E-02
     61344  0.21908167E-02
     61632  0.21869557E-02
     61920  0.21832818E-02
     62208  0.21793805E-02
     62496  0.21758103E-02
     62784  0.21726545E-02
     63072  0.21698463E-02
     63360  0.21673455E-02
     63648  0.21651331E-02
     63936  0.21627718E-02
     64224  0.21606232E-02
     64512  0.21587671E-02
     64800  0.21572341E-02
     65088  0.21559959E-02
     65376  0.21550218E-02
     65664  0.21538967E-02
     65952  0.21531016E-02
     66240  0.21526918E-02
     66528  0.21524846E-02
     66816  0.21524201E-02
     67104  0.21521728E-02
     67392  0.21522397E-02
     67680  0.21526678E-02
     67968  0.21533719E-02
     68256  0.21538874E-02
     68544  0.21546825E-02
     68832  0.21557836E-02
     69120  0.21569966E-02
     69408  0.21578493E-02
     69696  0.21589142E-02
     69984  0.21602707E-02
     70272  0.21618118E-02
     70560  0.21634544E-02
     70848  0.21648032E-02
     71136  0.21663567E-02
     71424  0.21681730E-02
     71712  0.21700489E-02
     72000  0.21715134E-02
     72288  0.21732424E-02
     72576  0.21752985E-02
     72864  0.21775272E-02
     73152  0.21797810E-02
     73440  0.21816792E-02
     73728  0.21837049E-02
     74016  0.21858902E-02
     74304  0.21881047E-02
     74592  0.21898914E-02
     74880  0.21916607E-02
     75168  0.21935347E-02
     75456  0.21951750E-02
     75744  0.21970072E-02
     76032  0.21990011E-02
     76320  0.22009707E-02
     76608  0.22025474E-02
     76896  0.22041593E-02
     77184  0.22057141E-02
     77472  0.22069728E-02
     77760  0.22077204E-02
     78048  0.22084333E-02
     78336  0.22091218E-02
     78624  0.22096124E-02
     78912  0.22096264E-02
     79200  0.22095977E-02
     79488  0.22094995E-02
     79776  0.22090629E-02
     80064  0.22079640E-02
     80352  0.22067260E-02
     80640  0.22053458E-02
     80928  0.22036433E-02
     81216  0.22014235E-02
     81504  0.21991013E-02
     81792  0.21966130E-02
     82080  0.21936789E-02
     82368  0.21899687E-02
     82656  0.21854718E-02
     82944  0.21806720E-02
     83232  0.21755272E-02
     83520  0.21698466E-02
     83808  0.21635897E-02
     84096  0.21571037E-02
     84384  0.21501782E-02
     84672  0.21426661E-02
     84960  0.21343536E-02
     85248  0.21252939E-02
     85536  0.21159218E-02
     85824  0.21061178E-02
     86112  0.20956043E-02
     86400  0.20840382E-02
     86688  0.20716172E-02
     86976  0.20588066E-02
     87264  0.20454698E-02
     87552  0.20313840E-02
     87840  0.20162580E-02
     88128  0.19997626E-02
     88416  0.19822214E-02
     88704  0.19641253E-02
     88992  0.19453141E-02
     89280  0.19255733E-02
     89568  0.19046300E-02
     89856  0.18821753E-02
     90144  0.18580453E-02
     90432  0.18327100E-02
     90720  0.18066872E-02
     91008  0.17797835E-02
     91296  0.17517646E-02
     91584  0.17223494E-02
     91872  0.16913750E-02
     92160  0.16586871E-02
     92448  0.16241488E-02
     92736  0.15876453E-02
     93024  0.15490631E-02
     93312  0.15090707E-02
     93600  0.14683099E-02
     93888  0.14266261E-02
     94176  0.13838779E-02
     94464  0.13399341E-02
     94752  0.12946593E-02
     95040  0.12479881E-02
     95328  0.11998734E-02
     95616  0.11502878E-02
     95904  0.10992214E-02
     96192  0.10466815E-02
     96480  0.99267031E-03
     96768  0.93723240E-03
     97056  0.88042003E-03
     97344  0.82330545E-03
     97632  0.76755328E-03
     97920  0.71429560E-03
     98208  0.66489936E-03
     98496  0.61928335E-03
     98784  0.57712925E-03
     99072  0.53814781E-03
     99360  0.50207588E-03
     99648  0.46867435E-03
     99936  0.43772583E-03
    100224  0.40903059E-03
    100512  0.38240830E-03
    100800  0.35769385E-03
    101088  0.33473637E-03
    101376  0.31339820E-03
    101664  0.29355314E-03
    101952  0.27508670E-03
    102240  0.25789323E-03
    102528  0.24187649E-03
    102816  0.22694729E-03
    103104  0.21302416E-03
    103392  0.20003226E-03
    103680  0.18790290E-03
    103968  0.17657298E-03
    104256  0.16598443E-03
    104544  0.15608368E-03
    104832  0.14682225E-03
