         1  0.10000000    
       288  0.10511942    
       576  0.10973337    
       864  0.11384680    
      1152  0.11749188    
      1440  0.12070505    
      1728  0.12341278    
      2016  0.12583067    
      2304  0.12798618    
      2592  0.12990621    
      2880  0.13161625    
      3168  0.13314013    
      3456  0.13443632    
      3744  0.13563870    
      4032  0.13675533    
      4320  0.13779393    
      4608  0.13876073    
      4896  0.13966173    
      5184  0.14045849    
      5472  0.14124167    
      5760  0.14200725    
      6048  0.14275177    
      6336  0.14347216    
      6624  0.14416599    
      6912  0.14479707    
      7200  0.14543541    
      7488  0.14605570    
      7776  0.14667164    
      8064  0.14727671    
      8352  0.14783645    
      8640  0.14841042    
      8928  0.14898907    
      9216  0.14956422    
      9504  0.15012927    
      9792  0.15067819    
     10080  0.15116514    
     10368  0.15166324    
     10656  0.15216303    
     10944  0.15265681    
     11232  0.15313286    
     11520  0.15358166    
     11808  0.15398134    
     12096  0.15437250    
     12384  0.15476473    
     12672  0.15515053    
     12960  0.15552302    
     13248  0.15585458    
     13536  0.15619375    
     13824  0.15651782    
     14112  0.15683550    
     14400  0.15713981    
     14688  0.15742470    
     14976  0.15768558    
     15264  0.15788350    
     15552  0.15808380    
     15840  0.15827818    
     16128  0.15845974    
     16416  0.15862253    
     16704  0.15874736    
     16992  0.15882584    
     17280  0.15890647    
     17568  0.15898107    
     17856  0.15904240    
     18144  0.15906975    
     18432  0.15907578    
     18720  0.15905519    
     19008  0.15898041    
     19296  0.15888831    
     19584  0.15878907    
     19872  0.15867516    
     20160  0.15853983    
     20448  0.15836021    
     20736  0.15815133    
     21024  0.15788193    
     21312  0.15760963    
     21600  0.15730678    
     21888  0.15698645    
     22176  0.15664114    
     22464  0.15626352    
     22752  0.15582725    
     23040  0.15535049    
     23328  0.15479602    
     23616  0.15423197    
     23904  0.15362464    
     24192  0.15299039    
     24480  0.15231951    
     24768  0.15160342    
     25056  0.15080880    
     25344  0.14995821    
     25632  0.14900674    
     25920  0.14803113    
     26208  0.14698882    
     26496  0.14590183    
     26784  0.14475815    
     27072  0.14354713    
     27360  0.14225914    
     27648  0.14085133    
     27936  0.13930863    
     28224  0.13774109    
     28512  0.13613051    
     28800  0.13442299    
     29088  0.13265471    
     29376  0.13081592    
     29664  0.12890024    
     29952  0.12686117    
     30240  0.12469709    
     30528  0.12256185    
     30816  0.12044135    
     31104  0.11833072    
     31392  0.11617719    
     31680  0.11407721    
     31968  0.11207191    
     32256  0.11019834    
     32544  0.10838839    
     32832  0.10687520    
     33120  0.10560823    
     33408  0.10455001    
     33696  0.10367078    
     33984  0.10291035    
     34272  0.10230298    
     34560  0.10181662    
     34848  0.10139792    
     35136  0.10112642    
     35424  0.10093862    
     35712  0.10077775    
     36000  0.10067493    
     36288  0.10060944    
     36576  0.10057094    
     36864  0.10055330    
     37152  0.10053438    
     37440  0.10055844    
     37728  0.10062083    
     38016  0.10069349    
     38304  0.10076635    
     38592  0.10083523    
     38880  0.10089793    
     39168  0.10095332    
     39456  0.10098719    
     39744  0.10104168    
     40032  0.10111634    
     40320  0.10118648    
     40608  0.10124557    
     40896  0.10129265    
     41184  0.10132842    
     41472  0.10135418    
     41760  0.10135969    
     42048  0.10141047    
     42336  0.10146403    
     42624  0.10151013    
     42912  0.10154730    
     43200  0.10155070    
     43488  0.10156609    
     43776  0.10158056    
     44064  0.10158210    
     44352  0.10162966    
     44640  0.10168114    
     44928  0.10172758    
     45216  0.10176765    
     45504  0.10180212    
     45792  0.10183191    
     46080  0.10185802    
     46368  0.10188150    
     46656  0.10190305    
     46944  0.10192349    
     47232  0.10193586    
     47520  0.10199305    
     47808  0.10205416    
     48096  0.10211165    
     48384  0.10216469    
     48672  0.10221367    
     48960  0.10225928    
     49248  0.10230229    
     49536  0.10234330    
     49824  0.10238302    
     50112  0.10242198    
     50400  0.10248403    
     50688  0.10252710    
     50976  0.10256741    
     51264  0.10260806    
     51552  0.10264975    
     51840  0.10269266    
     52128  0.10273701    
     52416  0.10278288    
     52704  0.10283032    
     52992  0.10287949    
     53280  0.10293047    
     53568  0.10298323    
     53856  0.10303780    
     54144  0.10311701    
     54432  0.10317875    
     54720  0.10323958    
     55008  0.10330191    
     55296  0.10336611    
     55584  0.10343217    
     55872  0.10350014    
     56160  0.10356998    
     56448  0.10364179    
     56736  0.10371547    
     57024  0.10381402    
     57312  0.10389534    
     57600  0.10398031    
     57888  0.10402554    
     58176  0.10407162    
     58464  0.10412449    
     58752  0.10418451    
     59040  0.10425130    
     59328  0.10434746    
     59616  0.10442996    
     59904  0.10451508    
     60192  0.10460927    
     60480  0.10466531    
     60768  0.10472418    
     61056  0.10479137    
     61344  0.10486705    
     61632  0.10495072    
     61920  0.10506511    
     62208  0.10517170    
     62496  0.10523738    
     62784  0.10530638    
     63072  0.10538480    
     63360  0.10547294    
     63648  0.10557006    
     63936  0.10568091    
     64224  0.10577826    
     64512  0.10585986    
     64800  0.10594878    
     65088  0.10604799    
     65376  0.10615721    
     65664  0.10628233    
     65952  0.10636815    
     66240  0.10645824    
     66528  0.10658406    
     66816  0.10670161    
     67104  0.10683428    
     67392  0.10692649    
     67680  0.10702313    
     67968  0.10713207    
     68256  0.10726229    
     68544  0.10735324    
     68832  0.10745008    
     69120  0.10758600    
     69408  0.10772634    
     69696  0.10782322    
     69984  0.10792555    
     70272  0.10804258    
     70560  0.10817518    
     70848  0.10833319    
     71136  0.10844994    
     71424  0.10857141    
     71712  0.10873285    
     72000  0.10890164    
     72288  0.10901266    
     72576  0.10912564    
     72864  0.10925400    
     73152  0.10939996    
     73440  0.10957643    
     73728  0.10971056    
     74016  0.10984854    
     74304  0.11000168    
     74592  0.11021311    
     74880  0.11036338    
     75168  0.11051196    
     75456  0.11069022    
     75744  0.11082488    
     76032  0.11096343    
     76320  0.11111877    
     76608  0.11131045    
     76896  0.11145981    
     77184  0.11163915    
     77472  0.11181784    
     77760  0.11202896    
     78048  0.11219519    
     78336  0.11236244    
     78624  0.11254521    
     78912  0.11276673    
     79200  0.11294480    
     79488  0.11312318    
     79776  0.11334275    
     80064  0.11358695    
     80352  0.11378169    
     80640  0.11397325    
     80928  0.11417809    
     81216  0.11442306    
     81504  0.11462445    
     81792  0.11482336    
     82080  0.11506133    
     82368  0.11530411    
     82656  0.11558436    
     82944  0.11581913    
     83232  0.11604796    
     83520  0.11628712    
     83808  0.11656637    
     84096  0.11682747    
     84384  0.11706956    
     84672  0.11731562    
     84960  0.11757527    
     85248  0.11787684    
     85536  0.11813650    
     85824  0.11838802    
     86112  0.11867084    
     86400  0.11895729    
     86688  0.11928082    
     86976  0.11956175    
     87264  0.11983161    
     87552  0.12010629    
     87840  0.12041594    
     88128  0.12073191    
     88416  0.12108552    
     88704  0.12139992    
     88992  0.12170225    
     89280  0.12200683    
     89568  0.12234256    
     89856  0.12268368    
     90144  0.12303583    
     90432  0.12342677    
     90720  0.12378433    
     91008  0.12412983    
     91296  0.12449524    
     91584  0.12486050    
     91872  0.12523237    
     92160  0.12561452    
     92448  0.12600894    
     92736  0.12641673    
     93024  0.12685616    
     93312  0.12732691    
     93600  0.12776691    
     93888  0.12819144    
     94176  0.12861013    
     94464  0.12904525    
     94752  0.12947851    
     95040  0.12991351    
     95328  0.13035235    
     95616  0.13079610    
     95904  0.13124515    
     96192  0.13171455    
     96480  0.13218479    
     96768  0.13265653    
     97056  0.13313013    
     97344  0.13360560    
     97632  0.13408270    
     97920  0.13456091    
     98208  0.13505247    
     98496  0.13554022    
     98784  0.13602443    
     99072  0.13650498    
     99360  0.13698167    
     99648  0.13745396    
     99936  0.13792150    
    100224  0.13839468    
    100512  0.13885896    
    100800  0.13931440    
    101088  0.13976111    
    101376  0.14019878    
    101664  0.14062713    
    101952  0.14103121    
    102240  0.14144747    
    102528  0.14187002    
    102816  0.14229435    
    103104  0.14272580    
    103392  0.14315051    
    103680  0.14356689    
    103968  0.14397359    
    104256  0.14436962    
    104544  0.14475408    
    104832  0.14511442    
