         1  0.30649887E-08
       288  0.27548099E-08
       576  0.24761566E-08
       864  0.22286839E-08
      1152  0.20089201E-08
      1440  0.18139505E-08
      1728  0.16579159E-08
      2016  0.15182597E-08
      2304  0.13935099E-08
      2592  0.12822804E-08
      2880  0.11832868E-08
      3168  0.10953393E-08
      3456  0.10279482E-08
      3744  0.96734243E-09
      4032  0.91287455E-09
      4320  0.86395108E-09
      4608  0.82001855E-09
      4896  0.78056861E-09
      5184  0.75311374E-09
      5472  0.72780232E-09
      5760  0.70444373E-09
      6048  0.68286266E-09
      6336  0.66289702E-09
      6624  0.64439842E-09
      6912  0.63408251E-09
      7200  0.62381234E-09
      7488  0.61430350E-09
      7776  0.60482219E-09
      8064  0.59541044E-09
      8352  0.59254768E-09
      8640  0.58876765E-09
      8928  0.58423222E-09
      9216  0.57908628E-09
      9504  0.57345562E-09
      9792  0.56745109E-09
     10080  0.56809102E-09
     10368  0.56739630E-09
     10656  0.56559091E-09
     10944  0.56287330E-09
     11232  0.61195737E-09
     11520  0.65704964E-09
     11808  0.70057904E-09
     12096  0.73635065E-09
     12384  0.76433854E-09
     12672  0.78572382E-09
     12960  0.80154144E-09
     13248  0.82179735E-09
     13536  0.83674156E-09
     13824  0.84837359E-09
     14112  0.85607399E-09
     14400  0.86051155E-09
     14688  0.86226221E-09
     14976  0.86182894E-09
     15264  0.87040586E-09
     15552  0.87566576E-09
     15840  0.87819624E-09
     16128  0.87849927E-09
     16416  0.87700242E-09
     16704  0.87528196E-09
     16992  0.88185698E-09
     17280  0.88559271E-09
     17568  0.88701485E-09
     17856  0.88656416E-09
     18144  0.88582153E-09
     18432  0.88365926E-09
     18720  0.88037433E-09
     19008  0.88587049E-09
     19296  0.89004148E-09
     19584  0.89192531E-09
     19872  0.89196645E-09
     20160  0.89052948E-09
     20448  0.88916680E-09
     20736  0.88661245E-09
     21024  0.89270435E-09
     21312  0.89614399E-09
     21600  0.89867097E-09
     21888  0.89919405E-09
     22176  0.89809177E-09
     22464  0.89567087E-09
     22752  0.89346630E-09
     23040  0.89010194E-09
     23328  0.89526547E-09
     23616  0.89765423E-09
     23904  0.89904412E-09
     24192  0.89828051E-09
     24480  0.89573848E-09
     24768  0.89171570E-09
     25056  0.88774493E-09
     25344  0.88238694E-09
     25632  0.88412155E-09
     25920  0.88293789E-09
     26208  0.88059843E-09
     26496  0.87589630E-09
     26784  0.86919077E-09
     27072  0.86075463E-09
     27360  0.85079066E-09
     27648  0.84071000E-09
     27936  0.83763557E-09
     28224  0.83089102E-09
     28512  0.82107632E-09
     28800  0.80983809E-09
     29088  0.79595519E-09
     29376  0.77975487E-09
     29664  0.76146972E-09
     29952  0.74237583E-09
     30240  0.72840661E-09
     30528  0.71016565E-09
     30816  0.68839878E-09
     31104  0.66366401E-09
     31392  0.63872163E-09
     31680  0.61316441E-09
     31968  0.58701322E-09
     32256  0.56043764E-09
     32544  0.53917182E-09
     32832  0.51581556E-09
     33120  0.49189253E-09
     33408  0.46849141E-09
     33696  0.44635096E-09
     33984  0.42637524E-09
     34272  0.40814188E-09
     34560  0.39197745E-09
     34848  0.38088230E-09
     35136  0.37073961E-09
     35424  0.36206790E-09
     35712  0.35520936E-09
     36000  0.34953646E-09
     36288  0.34502348E-09
     36576  0.34153474E-09
     36864  0.33889785E-09
     37152  0.33938552E-09
     37440  0.33977882E-09
     37728  0.34000761E-09
     38016  0.34027073E-09
     38304  0.34056777E-09
     38592  0.34084899E-09
     38880  0.34106226E-09
     39168  0.34116540E-09
     39456  0.34355208E-09
     39744  0.34517075E-09
     40032  0.34605438E-09
     40320  0.34651182E-09
     40608  0.34663672E-09
     40896  0.34646747E-09
     41184  0.34603143E-09
     41472  0.34535672E-09
     41760  0.34684294E-09
     42048  0.34730183E-09
     42336  0.34729308E-09
     42624  0.34698158E-09
     42912  0.34642972E-09
     43200  0.34593947E-09
     43488  0.34504843E-09
     43776  0.34396869E-09
     44064  0.34503525E-09
     44352  0.34523118E-09
     44640  0.34508488E-09
     44928  0.34473066E-09
     45216  0.34421421E-09
     45504  0.34356201E-09
     45792  0.34279837E-09
     46080  0.34194789E-09
     46368  0.34103301E-09
     46656  0.34007483E-09
     46944  0.33909278E-09
     47232  0.34024503E-09
     47520  0.34067593E-09
     47808  0.34085640E-09
     48096  0.34088257E-09
     48384  0.34078079E-09
     48672  0.34056721E-09
     48960  0.34026043E-09
     49248  0.33987793E-09
     49536  0.33943873E-09
     49824  0.33896130E-09
     50112  0.33846206E-09
     50400  0.33773523E-09
     50688  0.33722855E-09
     50976  0.33677039E-09
     51264  0.33633826E-09
     51552  0.33593459E-09
     51840  0.33556469E-09
     52128  0.33523315E-09
     52416  0.33494391E-09
     52704  0.33469957E-09
     52992  0.33450306E-09
     53280  0.33435596E-09
     53568  0.33425884E-09
     53856  0.33421194E-09
     54144  0.33400332E-09
     54432  0.33405487E-09
     54720  0.33418329E-09
     55008  0.33436037E-09
     55296  0.33458269E-09
     55584  0.33485026E-09
     55872  0.33516362E-09
     56160  0.33552533E-09
     56448  0.33593642E-09
     56736  0.33639502E-09
     57024  0.33669736E-09
     57312  0.33725978E-09
     57600  0.33570063E-09
     57888  0.33488229E-09
     58176  0.33436917E-09
     58464  0.33409780E-09
     58752  0.33405195E-09
     59040  0.33421954E-09
     59328  0.33437272E-09
     59616  0.33491779E-09
     59904  0.33565009E-09
     60192  0.33425240E-09
     60480  0.33368205E-09
     60768  0.33348224E-09
     61056  0.33357467E-09
     61344  0.33393371E-09
     61632  0.33453776E-09
     61920  0.33514916E-09
     62208  0.33381817E-09
     62496  0.33341740E-09
     62784  0.33343969E-09
     63072  0.33379122E-09
     63360  0.33443914E-09
     63648  0.33535705E-09
     63936  0.33409894E-09
     64224  0.33356004E-09
     64512  0.33371150E-09
     64800  0.33426370E-09
     65088  0.33514816E-09
     65376  0.33632797E-09
     65664  0.33525338E-09
     65952  0.33518494E-09
     66240  0.33560460E-09
     66528  0.33616687E-09
     66816  0.33730307E-09
     67104  0.33617048E-09
     67392  0.33612582E-09
     67680  0.33662029E-09
     67968  0.33753320E-09
     68256  0.33614284E-09
     68544  0.33591460E-09
     68832  0.33628780E-09
     69120  0.33687780E-09
     69408  0.33536965E-09
     69696  0.33513989E-09
     69984  0.33556599E-09
     70272  0.33649317E-09
     70560  0.33786179E-09
     70848  0.33679667E-09
     71136  0.33696426E-09
     71424  0.33777059E-09
     71712  0.33879330E-09
     72000  0.33686520E-09
     72288  0.33647504E-09
     72576  0.33684916E-09
     72864  0.33777903E-09
     73152  0.33918962E-09
     73440  0.33803271E-09
     73728  0.33821135E-09
     74016  0.33910000E-09
     74304  0.34051406E-09
     74592  0.33899214E-09
     74880  0.33909051E-09
     75168  0.33999276E-09
     75456  0.33830014E-09
     75744  0.33807271E-09
     76032  0.33864161E-09
     76320  0.33979713E-09
     76608  0.33824057E-09
     76896  0.33815239E-09
     77184  0.33855321E-09
     77472  0.33977923E-09
     77760  0.33827902E-09
     78048  0.33829040E-09
     78336  0.33913150E-09
     78624  0.34056130E-09
     78912  0.33910566E-09
     79200  0.33914649E-09
     79488  0.34001923E-09
     79776  0.34114436E-09
     80064  0.33951641E-09
     80352  0.33949613E-09
     80640  0.34036238E-09
     80928  0.34182976E-09
     81216  0.34024916E-09
     81504  0.34020434E-09
     81792  0.34103026E-09
     82080  0.34209371E-09
     82368  0.34386244E-09
     82656  0.34250144E-09
     82944  0.34269179E-09
     83232  0.34377048E-09
     83520  0.34544739E-09
     83808  0.34388203E-09
     84096  0.34347572E-09
     84384  0.34419456E-09
     84672  0.34562489E-09
     84960  0.34758396E-09
     85248  0.34617348E-09
     85536  0.34629116E-09
     85824  0.34732639E-09
     86112  0.34859399E-09
     86400  0.35054565E-09
     86688  0.34913464E-09
     86976  0.34929087E-09
     87264  0.35040718E-09
     87552  0.35217707E-09
     87840  0.35404121E-09
     88128  0.35650835E-09
     88416  0.35550590E-09
     88704  0.35601386E-09
     88992  0.35747788E-09
     89280  0.35960560E-09
     89568  0.36180223E-09
     89856  0.36458192E-09
     90144  0.36781109E-09
     90432  0.36739842E-09
     90720  0.36835557E-09
     91008  0.37020467E-09
     91296  0.37221831E-09
     91584  0.37484529E-09
     91872  0.37791720E-09
     92160  0.38132744E-09
     92448  0.38500345E-09
     92736  0.38889958E-09
     93024  0.39251108E-09
     93312  0.39225934E-09
     93600  0.39317194E-09
     93888  0.39484957E-09
     94176  0.39703571E-09
     94464  0.39906733E-09
     94752  0.40145773E-09
     95040  0.40407921E-09
     95328  0.40683953E-09
     95616  0.40967860E-09
     95904  0.41254372E-09
     96192  0.41490369E-09
     96480  0.41735207E-09
     96768  0.41982753E-09
     97056  0.42228207E-09
     97344  0.42467974E-09
     97632  0.42698878E-09
     97920  0.42918838E-09
     98208  0.43073745E-09
     98496  0.43225715E-09
     98784  0.43370041E-09
     99072  0.43503207E-09
     99360  0.43622295E-09
     99648  0.43724910E-09
     99936  0.43809587E-09
    100224  0.43821335E-09
    100512  0.43823978E-09
    100800  0.43813808E-09
    101088  0.43788231E-09
    101376  0.43745202E-09
    101664  0.43683168E-09
    101952  0.44061041E-09
    102240  0.44332424E-09
    102528  0.44515486E-09
    102816  0.44623999E-09
    103104  0.44615059E-09
    103392  0.44561707E-09
    103680  0.44468418E-09
    103968  0.44338871E-09
    104256  0.44176213E-09
    104544  0.43983206E-09
    104832  0.44231038E-09
