         1  0.19438481E-09
       288  0.17707395E-09
       576  0.16159070E-09
       864  0.14788645E-09
      1152  0.13576006E-09
      1440  0.12503966E-09
      1728  0.11675337E-09
      2016  0.10935530E-09
      2304  0.10275852E-09
      2592  0.96882953E-10
      2880  0.91654587E-10
      3168  0.87005632E-10
      3456  0.83743276E-10
      3744  0.80785552E-10
      4032  0.78102053E-10
      4320  0.75664856E-10
      4608  0.73448109E-10
      4896  0.71428419E-10
      5184  0.70332420E-10
      5472  0.69270319E-10
      5760  0.68241954E-10
      6048  0.67245980E-10
      6336  0.66281348E-10
      6624  0.65346936E-10
      6912  0.65146721E-10
      7200  0.64862143E-10
      7488  0.64583353E-10
      7776  0.64235561E-10
      8064  0.63830760E-10
      8352  0.64075988E-10
      8640  0.64175484E-10
      8928  0.64151524E-10
      9216  0.64023634E-10
      9504  0.63809194E-10
      9792  0.63523228E-10
     10080  0.63960170E-10
     10368  0.64224799E-10
     10656  0.64344204E-10
     10944  0.64342205E-10
     11232  0.64211865E-10
     11520  0.63939465E-10
     11808  0.64262186E-10
     12096  0.64456530E-10
     12384  0.64465072E-10
     12672  0.64322624E-10
     12960  0.64058710E-10
     13248  0.64408222E-10
     13536  0.64559906E-10
     13824  0.64631495E-10
     14112  0.64555965E-10
     14400  0.64361544E-10
     14688  0.64071880E-10
     14976  0.63707102E-10
     15264  0.64073274E-10
     15552  0.64251167E-10
     15840  0.64275092E-10
     16128  0.64174291E-10
     16416  0.63972959E-10
     16704  0.63779315E-10
     16992  0.64206820E-10
     17280  0.64441438E-10
     17568  0.64518425E-10
     17856  0.64467716E-10
     18144  0.64401609E-10
     18432  0.64235492E-10
     18720  0.63989050E-10
     19008  0.64378905E-10
     19296  0.64669423E-10
     19584  0.64790465E-10
     19872  0.64774443E-10
     20160  0.64647190E-10
     20448  0.64520354E-10
     20736  0.64300759E-10
     21024  0.64699079E-10
     21312  0.64896623E-10
     21600  0.65020413E-10
     21888  0.64991290E-10
     22176  0.64836976E-10
     22464  0.64579654E-10
     22752  0.64328390E-10
     23040  0.63983298E-10
     23328  0.64237511E-10
     23616  0.64280095E-10
     23904  0.64237608E-10
     24192  0.64029240E-10
     24480  0.63683073E-10
     24768  0.63220339E-10
     25056  0.62747689E-10
     25344  0.62163136E-10
     25632  0.62059399E-10
     25920  0.61733986E-10
     26208  0.61310262E-10
     26496  0.60706364E-10
     26784  0.59949046E-10
     27072  0.59058446E-10
     27360  0.58049097E-10
     27648  0.57014598E-10
     27936  0.56432622E-10
     28224  0.55583732E-10
     28512  0.54515160E-10
     28800  0.53337581E-10
     29088  0.51976073E-10
     29376  0.50456906E-10
     29664  0.48799631E-10
     29952  0.47086387E-10
     30240  0.45691815E-10
     30528  0.44032545E-10
     30816  0.42168692E-10
     31104  0.40146400E-10
     31392  0.38137615E-10
     31680  0.36127022E-10
     31968  0.34123933E-10
     32256  0.32145429E-10
     32544  0.30516895E-10
     32832  0.28824583E-10
     33120  0.27159596E-10
     33408  0.25580439E-10
     33696  0.24123053E-10
     33984  0.22828173E-10
     34272  0.21667531E-10
     34560  0.20651958E-10
     34848  0.19931284E-10
     35136  0.19284794E-10
     35424  0.18735975E-10
     35712  0.18298123E-10
     36000  0.17936000E-10
     36288  0.17645876E-10
     36576  0.17418679E-10
     36864  0.17243885E-10
     37152  0.17234601E-10
     37440  0.17226961E-10
     37728  0.17217328E-10
     38016  0.17215241E-10
     38304  0.17219743E-10
     38592  0.17227409E-10
     38880  0.17234760E-10
     39168  0.17238933E-10
     39456  0.17359223E-10
     39744  0.17442424E-10
     40032  0.17490173E-10
     40320  0.17518008E-10
     40608  0.17530090E-10
     40896  0.17527769E-10
     41184  0.17511992E-10
     41472  0.17483855E-10
     41760  0.17563680E-10
     42048  0.17591654E-10
     42336  0.17596700E-10
     42624  0.17586868E-10
     42912  0.17564951E-10
     43200  0.17545630E-10
     43488  0.17505303E-10
     43776  0.17454958E-10
     44064  0.17512027E-10
     44352  0.17525507E-10
     44640  0.17522494E-10
     44928  0.17509539E-10
     45216  0.17488630E-10
     45504  0.17460894E-10
     45792  0.17427407E-10
     46080  0.17389316E-10
     46368  0.17347696E-10
     46656  0.17303606E-10
     46944  0.17258032E-10
     47232  0.17320015E-10
     47520  0.17345781E-10
     47808  0.17359917E-10
     48096  0.17366827E-10
     48384  0.17367848E-10
     48672  0.17363449E-10
     48960  0.17354377E-10
     49248  0.17341458E-10
     49536  0.17325568E-10
     49824  0.17307603E-10
     50112  0.17288370E-10
     50400  0.17257761E-10
     50688  0.17238527E-10
     50976  0.17221618E-10
     51264  0.17205907E-10
     51552  0.17191549E-10
     51840  0.17178892E-10
     52128  0.17168175E-10
     52416  0.17159668E-10
     52704  0.17153511E-10
     52992  0.17149889E-10
     53280  0.17148935E-10
     53568  0.17150687E-10
     53856  0.17155168E-10
     54144  0.17151855E-10
     54432  0.17162263E-10
     54720  0.17176753E-10
     55008  0.17193909E-10
     55296  0.17213522E-10
     55584  0.17235614E-10
     55872  0.17260275E-10
     56160  0.17287612E-10
     56448  0.17317725E-10
     56736  0.17350494E-10
     57024  0.17375852E-10
     57312  0.17415099E-10
     57600  0.17345743E-10
     57888  0.17313895E-10
     58176  0.17296900E-10
     58464  0.17291831E-10
     58752  0.17298151E-10
     59040  0.17315491E-10
     59328  0.17332524E-10
     59616  0.17370400E-10
     59904  0.17418308E-10
     60192  0.17356968E-10
     60480  0.17338060E-10
     60768  0.17337715E-10
     61056  0.17352217E-10
     61344  0.17380510E-10
     61632  0.17421752E-10
     61920  0.17463990E-10
     62208  0.17406743E-10
     62496  0.17397552E-10
     62784  0.17409796E-10
     63072  0.17438932E-10
     63360  0.17483584E-10
     63648  0.17542696E-10
     63936  0.17489342E-10
     64224  0.17473568E-10
     64512  0.17493668E-10
     64800  0.17534531E-10
     65088  0.17592931E-10
     65376  0.17667263E-10
     65664  0.17624634E-10
     65952  0.17634616E-10
     66240  0.17669807E-10
     66528  0.17712764E-10
     66816  0.17786427E-10
     67104  0.17741834E-10
     67392  0.17754282E-10
     67680  0.17794658E-10
     67968  0.17857042E-10
     68256  0.17798716E-10
     68544  0.17801483E-10
     68832  0.17835507E-10
     69120  0.17881113E-10
     69408  0.17816937E-10
     69696  0.17820275E-10
     69984  0.17857904E-10
     70272  0.17922049E-10
     70560  0.18010074E-10
     70848  0.17970033E-10
     71136  0.17995740E-10
     71424  0.18055238E-10
     71712  0.18126724E-10
     72000  0.18042238E-10
     72288  0.18039653E-10
     72576  0.18077189E-10
     72864  0.18144243E-10
     73152  0.18237313E-10
     73440  0.18193974E-10
     73728  0.18222561E-10
     74016  0.18289131E-10
     74304  0.18384136E-10
     74592  0.18322467E-10
     74880  0.18348739E-10
     75168  0.18418194E-10
     75456  0.18348057E-10
     75744  0.18356863E-10
     76032  0.18408214E-10
     76320  0.18491160E-10
     76608  0.18427902E-10
     76896  0.18444548E-10
     77184  0.18487670E-10
     77472  0.18576274E-10
     77760  0.18517419E-10
     78048  0.18541359E-10
     78336  0.18610453E-10
     78624  0.18711942E-10
     78912  0.18656358E-10
     79200  0.18683251E-10
     79488  0.18755693E-10
     79776  0.18842278E-10
     80064  0.18778742E-10
     80352  0.18804397E-10
     80640  0.18878852E-10
     80928  0.18986644E-10
     81216  0.18926555E-10
     81504  0.18952019E-10
     81792  0.19025635E-10
     82080  0.19112604E-10
     82368  0.19240063E-10
     82656  0.19194188E-10
     82944  0.19235872E-10
     83232  0.19327389E-10
     83520  0.19452719E-10
     83808  0.19396824E-10
     84096  0.19406549E-10
     84384  0.19479970E-10
     84672  0.19593710E-10
     84960  0.19737720E-10
     85248  0.19692003E-10
     85536  0.19733664E-10
     85824  0.19827499E-10
     86112  0.19934611E-10
     86400  0.20081775E-10
     86688  0.20037860E-10
     86976  0.20084481E-10
     87264  0.20186264E-10
     87552  0.20325696E-10
     87840  0.20470880E-10
     88128  0.20652200E-10
     88416  0.20634361E-10
     88704  0.20705153E-10
     88992  0.20831831E-10
     89280  0.20997443E-10
     89568  0.21167504E-10
     89856  0.21372947E-10
     90144  0.21606309E-10
     90432  0.21627714E-10
     90720  0.21731089E-10
     91008  0.21887776E-10
     91296  0.22054565E-10
     91584  0.22258849E-10
     91872  0.22490759E-10
     92160  0.22744237E-10
     92448  0.23015190E-10
     92736  0.23301153E-10
     93024  0.23572205E-10
     93312  0.23613821E-10
     93600  0.23727614E-10
     93888  0.23888900E-10
     94176  0.24081931E-10
     94464  0.24266131E-10
     94752  0.24473422E-10
     95040  0.24696035E-10
     95328  0.24928401E-10
     95616  0.25166886E-10
     95904  0.25408346E-10
     96192  0.25619697E-10
     96480  0.25838274E-10
     96768  0.26060173E-10
     97056  0.26282343E-10
     97344  0.26502437E-10
     97632  0.26718383E-10
     97920  0.26928793E-10
     98208  0.27099080E-10
     98496  0.27268835E-10
     98784  0.27434879E-10
     99072  0.27594768E-10
     99360  0.27746413E-10
     99648  0.27888077E-10
     99936  0.28018581E-10
    100224  0.28102016E-10
    100512  0.28179755E-10
    100800  0.28249143E-10
    101088  0.28308220E-10
    101376  0.28355387E-10
    101664  0.28389435E-10
    101952  0.28708935E-10
    102240  0.28958509E-10
    102528  0.29150193E-10
    102816  0.29292912E-10
    103104  0.29357804E-10
    103392  0.29393338E-10
    103680  0.29402144E-10
    103968  0.29386309E-10
    104256  0.29347587E-10
    104544  0.29287517E-10
    104832  0.29519741E-10
