         1  0.33990213E+16
       288  0.34305700E+16
       576  0.34566984E+16
       864  0.34826996E+16
      1152  0.35085905E+16
      1440  0.35344005E+16
      1728  0.35624104E+16
      2016  0.35903264E+16
      2304  0.36182179E+16
      2592  0.36461379E+16
      2880  0.36741410E+16
      3168  0.37022803E+16
      3456  0.37325569E+16
      3744  0.37629851E+16
      4032  0.37936096E+16
      4320  0.38244638E+16
      4608  0.38555846E+16
      4896  0.38869956E+16
      5184  0.39204990E+16
      5472  0.39542988E+16
      5760  0.39884199E+16
      6048  0.40228768E+16
      6336  0.40576843E+16
      6624  0.40928515E+16
      6912  0.41300384E+16
      7200  0.41675823E+16
      7488  0.42054884E+16
      7776  0.42437646E+16
      8064  0.42824008E+16
      8352  0.43229793E+16
      8640  0.43639115E+16
      8928  0.44051888E+16
      9216  0.44468121E+16
      9504  0.44887680E+16
      9792  0.45310504E+16
     10080  0.45751833E+16
     10368  0.46196228E+16
     10656  0.46643603E+16
     10944  0.47093780E+16
     11232  0.47546990E+16
     11520  0.48003389E+16
     11808  0.48477795E+16
     12096  0.48954639E+16
     12384  0.49433640E+16
     12672  0.49914403E+16
     12960  0.50396604E+16
     13248  0.50895448E+16
     13536  0.51395415E+16
     13824  0.51896224E+16
     14112  0.52397581E+16
     14400  0.52899126E+16
     14688  0.53400606E+16
     14976  0.53901652E+16
     15264  0.54418154E+16
     15552  0.54933974E+16
     15840  0.55448742E+16
     16128  0.55962103E+16
     16416  0.56473687E+16
     16704  0.56983199E+16
     16992  0.57507287E+16
     17280  0.58028965E+16
     17568  0.58547818E+16
     17856  0.59063376E+16
     18144  0.59575303E+16
     18432  0.60083092E+16
     18720  0.60586199E+16
     19008  0.61103211E+16
     19296  0.61615370E+16
     19584  0.62122149E+16
     19872  0.62623018E+16
     20160  0.63117481E+16
     20448  0.63605035E+16
     20736  0.64084949E+16
     21024  0.64578226E+16
     21312  0.65063660E+16
     21600  0.65540712E+16
     21888  0.66008724E+16
     22176  0.66466949E+16
     22464  0.66914678E+16
     22752  0.67351234E+16
     23040  0.67775668E+16
     23328  0.68212907E+16
     23616  0.68637840E+16
     23904  0.69049556E+16
     24192  0.69447039E+16
     24480  0.69829243E+16
     24768  0.70195029E+16
     25056  0.70543313E+16
     25344  0.70872598E+16
     25632  0.71210150E+16
     25920  0.71527822E+16
     26208  0.71824196E+16
     26496  0.72097372E+16
     26784  0.72345481E+16
     27072  0.72566372E+16
     27360  0.72757723E+16
     27648  0.72917125E+16
     27936  0.73085714E+16
     28224  0.73220404E+16
     28512  0.73318136E+16
     28800  0.73375506E+16
     29088  0.73388734E+16
     29376  0.73353564E+16
     29664  0.73265458E+16
     29952  0.73119783E+16
     30240  0.72975005E+16
     30528  0.72768208E+16
     30816  0.72493695E+16
     31104  0.72145476E+16
     31392  0.71736820E+16
     31680  0.71281854E+16
     31968  0.70785834E+16
     32256  0.70256356E+16
     32544  0.69791581E+16
     32832  0.69314056E+16
     33120  0.68838174E+16
     33408  0.68378934E+16
     33696  0.67951354E+16
     33984  0.67568694E+16
     34272  0.67241970E+16
     34560  0.66980654E+16
     34848  0.66888956E+16
     35136  0.66854801E+16
     35424  0.66877483E+16
     35712  0.66950358E+16
     36000  0.67065522E+16
     36288  0.67215084E+16
     36576  0.67390512E+16
     36864  0.67583012E+16
     37152  0.67881164E+16
     37440  0.68161416E+16
     37728  0.68423489E+16
     38016  0.68666246E+16
     38304  0.68888006E+16
     38592  0.69087491E+16
     38880  0.69264224E+16
     39168  0.69418424E+16
     39456  0.69644892E+16
     39744  0.69830859E+16
     40032  0.69983206E+16
     40320  0.70106714E+16
     40608  0.70204687E+16
     40896  0.70279999E+16
     41184  0.70335404E+16
     41472  0.70373716E+16
     41760  0.70491403E+16
     42048  0.70579241E+16
     42336  0.70643971E+16
     42624  0.70689342E+16
     42912  0.70718204E+16
     43200  0.70731760E+16
     43488  0.70732662E+16
     43776  0.70724335E+16
     44064  0.70802536E+16
     44352  0.70857501E+16
     44640  0.70894931E+16
     44928  0.70917652E+16
     45216  0.70927793E+16
     45504  0.70927321E+16
     45792  0.70918049E+16
     46080  0.70901696E+16
     46368  0.70879743E+16
     46656  0.70853399E+16
     46944  0.70823791E+16
     47232  0.70885622E+16
     47520  0.70927299E+16
     47808  0.70953531E+16
     48096  0.70966539E+16
     48384  0.70968064E+16
     48672  0.70959823E+16
     48960  0.70943314E+16
     49248  0.70920030E+16
     49536  0.70891302E+16
     49824  0.70858279E+16
     50112  0.70821944E+16
     50400  0.70784556E+16
     50688  0.70746148E+16
     50976  0.70706092E+16
     51264  0.70664598E+16
     51552  0.70622094E+16
     51840  0.70578725E+16
     52128  0.70534718E+16
     52416  0.70490184E+16
     52704  0.70445189E+16
     52992  0.70399797E+16
     53280  0.70354012E+16
     53568  0.70307734E+16
     53856  0.70260967E+16
     54144  0.70215022E+16
     54432  0.70169232E+16
     54720  0.70122353E+16
     55008  0.70074281E+16
     55296  0.70024975E+16
     55584  0.69974423E+16
     55872  0.69922653E+16
     56160  0.69869771E+16
     56448  0.69815703E+16
     56736  0.69760453E+16
     57024  0.69705612E+16
     57312  0.69650191E+16
     57600  0.69493940E+16
     57888  0.69355502E+16
     58176  0.69230852E+16
     58464  0.69118071E+16
     58752  0.69015293E+16
     59040  0.68920755E+16
     59328  0.68834195E+16
     59616  0.68753289E+16
     59904  0.68675469E+16
     60192  0.68498087E+16
     60480  0.68341369E+16
     60768  0.68200435E+16
     61056  0.68072429E+16
     61344  0.67954973E+16
     61632  0.67845837E+16
     61920  0.67744551E+16
     62208  0.67545732E+16
     62496  0.67369531E+16
     62784  0.67210343E+16
     63072  0.67064867E+16
     63360  0.66930446E+16
     63648  0.66804507E+16
     63936  0.66582092E+16
     64224  0.66384920E+16
     64512  0.66206980E+16
     64800  0.66043734E+16
     65088  0.65892051E+16
     65376  0.65749195E+16
     65664  0.65509767E+16
     65952  0.65294396E+16
     66240  0.65097026E+16
     66528  0.64915644E+16
     66816  0.64746702E+16
     67104  0.64483442E+16
     67392  0.64245753E+16
     67680  0.64027526E+16
     67968  0.63824927E+16
     68256  0.63532203E+16
     68544  0.63268277E+16
     68832  0.63026428E+16
     69120  0.62803761E+16
     69408  0.62494050E+16
     69696  0.62214566E+16
     69984  0.61958065E+16
     70272  0.61719979E+16
     70560  0.61496652E+16
     70848  0.61184563E+16
     71136  0.60899517E+16
     71424  0.60634926E+16
     71712  0.60388067E+16
     72000  0.60030903E+16
     72288  0.59706203E+16
     72576  0.59406339E+16
     72864  0.59126635E+16
     73152  0.58863241E+16
     73440  0.58516685E+16
     73728  0.58197854E+16
     74016  0.57900111E+16
     74304  0.57619343E+16
     74592  0.57259216E+16
     74880  0.56927864E+16
     75168  0.56617886E+16
     75456  0.56232214E+16
     75744  0.55876998E+16
     76032  0.55545609E+16
     76320  0.55233768E+16
     76608  0.54848123E+16
     76896  0.54491657E+16
     77184  0.54158695E+16
     77472  0.53845151E+16
     77760  0.53459828E+16
     78048  0.53102267E+16
     78336  0.52766239E+16
     78624  0.52447886E+16
     78912  0.52060243E+16
     79200  0.51699257E+16
     79488  0.51359015E+16
     79776  0.51036892E+16
     80064  0.50649186E+16
     80352  0.50287587E+16
     80640  0.49946363E+16
     80928  0.49621851E+16
     81216  0.49234525E+16
     81504  0.48872245E+16
     81792  0.48529861E+16
     82080  0.48204700E+16
     82368  0.47894490E+16
     82656  0.47524581E+16
     82944  0.47177016E+16
     83232  0.46847281E+16
     83520  0.46532460E+16
     83808  0.46162507E+16
     84096  0.45815179E+16
     84384  0.45486667E+16
     84672  0.45173698E+16
     84960  0.44874205E+16
     85248  0.44523835E+16
     85536  0.44193788E+16
     85824  0.43880500E+16
     86112  0.43582102E+16
     86400  0.43296977E+16
     86688  0.42966292E+16
     86976  0.42654730E+16
     87264  0.42359107E+16
     87552  0.42077319E+16
     87840  0.41808256E+16
     88128  0.41550842E+16
     88416  0.41253765E+16
     88704  0.40973521E+16
     88992  0.40707493E+16
     89280  0.40454090E+16
     89568  0.40212321E+16
     89856  0.39981338E+16
     90144  0.39760166E+16
     90432  0.39506314E+16
     90720  0.39266502E+16
     91008  0.39038907E+16
     91296  0.38822470E+16
     91584  0.38616411E+16
     91872  0.38419892E+16
     92160  0.38232282E+16
     92448  0.38052986E+16
     92736  0.37881617E+16
     93024  0.37717925E+16
     93312  0.37530401E+16
     93600  0.37353435E+16
     93888  0.37186095E+16
     94176  0.37027748E+16
     94464  0.36877872E+16
     94752  0.36736232E+16
     95040  0.36602500E+16
     95328  0.36476381E+16
     95616  0.36357679E+16
     95904  0.36246246E+16
     96192  0.36141994E+16
     96480  0.36044898E+16
     96768  0.35954862E+16
     97056  0.35871800E+16
     97344  0.35795683E+16
     97632  0.35726448E+16
     97920  0.35664152E+16
     98208  0.35608758E+16
     98496  0.35560354E+16
     98784  0.35518934E+16
     99072  0.35484531E+16
     99360  0.35457135E+16
     99648  0.35436790E+16
     99936  0.35423535E+16
    100224  0.35417414E+16
    100512  0.35418496E+16
    100800  0.35426853E+16
    101088  0.35442484E+16
    101376  0.35465437E+16
    101664  0.35495768E+16
    101952  0.35548811E+16
    102240  0.35608310E+16
    102528  0.35674425E+16
    102816  0.35747335E+16
    103104  0.35827162E+16
    103392  0.35914058E+16
    103680  0.36008077E+16
    103968  0.36109371E+16
    104256  0.36217910E+16
    104544  0.36333813E+16
    104832  0.36470041E+16
