         1   1.0000000    
       288   1.0051540    
       576   1.0184163    
       864   1.0372165    
      1152   1.0596201    
      1440   1.0841899    
      1728   1.1099989    
      2016   1.1363891    
      2304   1.1627958    
      2592   1.1888243    
      2880   1.2142118    
      3168   1.2387936    
      3456   1.2625955    
      3744   1.2856663    
      4032   1.3079568    
      4320   1.3294475    
      4608   1.3501456    
      4896   1.3700668    
      5184   1.3893398    
      5472   1.4080770    
      5760   1.4262815    
      6048   1.4439563    
      6336   1.4611127    
      6624   1.4777672    
      6912   1.4940221    
      7200   1.5099622    
      7488   1.5255791    
      7776   1.5408762    
      8064   1.5558470    
      8352   1.5705667    
      8640   1.5850943    
      8928   1.5994046    
      9216   1.6134800    
      9504   1.6273018    
      9792   1.6408591    
     10080   1.6542240    
     10368   1.6674623    
     10656   1.6805444    
     10944   1.6934464    
     11232   1.7066374    
     11520   1.7208111    
     11808   1.7358396    
     12096   1.7515953    
     12384   1.7678990    
     12672   1.7845864    
     12960   1.8015194    
     13248   1.8186842    
     13536   1.8360699    
     13824   1.8535744    
     14112   1.8711294    
     14400   1.8886650    
     14688   1.9061266    
     14976   1.9234755    
     15264   1.9407809    
     15552   1.9581134    
     15840   1.9754186    
     16128   1.9926542    
     16416   2.0097930    
     16704   2.0268164    
     16992   2.0438292    
     17280   2.0608830    
     17568   2.0779371    
     17856   2.0949624    
     18144   2.1119459    
     18432   2.1288857    
     18720   2.1457744    
     19008   2.1627073    
     19296   2.1797383    
     19584   2.1968782    
     19872   2.2140861    
     20160   2.2313433    
     20448   2.2486441    
     20736   2.2660038    
     21024   2.2835243    
     21312   2.3012707    
     21600   2.3192172    
     21888   2.3373446    
     22176   2.3556612    
     22464   2.3741322    
     22752   2.3927920    
     23040   2.4116402    
     23328   2.4307935    
     23616   2.4503312    
     23904   2.4702301    
     24192   2.4904912    
     24480   2.5110989    
     24768   2.5320473    
     25056   2.5533462    
     25344   2.5750268    
     25632   2.5972123    
     25920   2.6199820    
     26208   2.6433191    
     26496   2.6672318    
     26784   2.6917098    
     27072   2.7167521    
     27360   2.7423687    
     27648   2.7685871    
     27936   2.7956111    
     28224   2.8235393    
     28512   2.8523288    
     28800   2.8819649    
     29088   2.9124608    
     29376   2.9438033    
     29664   2.9759855    
     29952   3.0090241    
     30240   3.0431464    
     30528   3.0784245    
     30816   3.1147494    
     31104   3.1520257    
     31392   3.1902065    
     31680   3.2293394    
     31968   3.2694161    
     32256   3.3104074    
     32544   3.3525064    
     32832   3.3957207    
     33120   3.4398491    
     33408   3.4847553    
     33696   3.5303507    
     33984   3.5766072    
     34272   3.6235259    
     34560   3.6710989    
     34848   3.7195790    
     35136   3.7690301    
     35424   3.8193808    
     35712   3.8706212    
     36000   3.9227505    
     36288   3.9757426    
     36576   4.0295658    
     36864   4.0841856    
     37152   4.1398401    
     37440   4.1965137    
     37728   4.2540398    
     38016   4.3122931    
     38304   4.3711658    
     38592   4.4305649    
     38880   4.4904151    
     39168   4.5506320    
     39456   4.6114254    
     39744   4.6727905    
     40032   4.7345552    
     40320   4.7965827    
     40608   4.8587995    
     40896   4.9211435    
     41184   4.9835577    
     41472   5.0460224    
     41760   5.1087642    
     42048   5.1718016    
     42336   5.2350154    
     42624   5.2983084    
     42912   5.3616624    
     43200   5.4250507    
     43488   5.4884605    
     43776   5.5518637    
     44064   5.6155424    
     44352   5.6794653    
     44640   5.7435436    
     44928   5.8077054    
     45216   5.8719358    
     45504   5.9361963    
     45792   6.0004725    
     46080   6.0647497    
     46368   6.1290293    
     46656   6.1933055    
     46944   6.2575788    
     47232   6.3221273    
     47520   6.3869538    
     47808   6.4519386    
     48096   6.5170302    
     48384   6.5821848    
     48672   6.6473923    
     48960   6.7126169    
     49248   6.7778492    
     49536   6.8430762    
     49824   6.9082947    
     50112   6.9735022    
     50400   7.0386739    
     50688   7.1038179    
     50976   7.1689496    
     51264   7.2340722    
     51552   7.2991896    
     51840   7.3643045    
     52128   7.4294162    
     52416   7.4945264    
     52704   7.5596361    
     52992   7.6247473    
     53280   7.6898575    
     53568   7.7549663    
     53856   7.8200746    
     54144   7.8851676    
     54432   7.9502463    
     54720   8.0153103    
     55008   8.0803518    
     55296   8.1453896    
     55584   8.2104235    
     55872   8.2754469    
     56160   8.3404570    
     56448   8.4054546    
     56736   8.4704370    
     57024   8.5353928    
     57312   8.6003113    
     57600   8.6649208    
     57888   8.7292252    
     58176   8.7933569    
     58464   8.8573408    
     58752   8.9212437    
     59040   8.9850998    
     59328   9.0489101    
     59616   9.1126814    
     59904   9.1764307    
     60192   9.2399063    
     60480   9.3030891    
     60768   9.3661079    
     61056   9.4289942    
     61344   9.4918013    
     61632   9.5545712    
     61920   9.6173048    
     62208   9.6797085    
     62496   9.7418203    
     62784   9.8037472    
     63072   9.8655558    
     63360   9.9272757    
     63648   9.9889622    
     63936   10.050311    
     64224   10.111344    
     64512   10.172152    
     64800   10.232859    
     65088   10.293475    
     65376   10.354055    
     65664   10.414289    
     65952   10.474216    
     66240   10.533938    
     66528   10.593509    
     66816   10.652984    
     67104   10.712084    
     67392   10.770853    
     67680   10.829403    
     67968   10.887808    
     68256   10.945808    
     68544   11.003451    
     68832   11.060869    
     69120   11.118095    
     69408   11.174907    
     69696   11.231340    
     69984   11.287534    
     70272   11.343588    
     70560   11.399515    
     70848   11.455093    
     71136   11.510310    
     71424   11.565293    
     71712   11.620078    
     72000   11.674384    
     72288   11.728205    
     72576   11.781745    
     72864   11.835077    
     73152   11.888252    
     73440   11.941027    
     73728   11.993414    
     74016   12.045536    
     74304   12.097484    
     74592   12.148967    
     74880   12.200012    
     75168   12.250770    
     75456   12.301037    
     75744   12.350828    
     76032   12.400280    
     76320   12.449522    
     76608   12.498298    
     76896   12.546624    
     77184   12.594650    
     77472   12.642426    
     77760   12.689749    
     78048   12.736593    
     78336   12.783144    
     78624   12.829463    
     78912   12.875307    
     79200   12.920680    
     79488   12.965711    
     79776   13.010484    
     80064   13.054770    
     80352   13.098551    
     80640   13.141986    
     80928   13.185150    
     81216   13.227833    
     81504   13.270009    
     81792   13.311845    
     82080   13.353388    
     82368   13.394658    
     82656   13.435449    
     82944   13.475735    
     83232   13.515688    
     83520   13.555341    
     83808   13.594480    
     84096   13.633089    
     84384   13.671295    
     84672   13.709164    
     84960   13.746773    
     85248   13.783900    
     85536   13.820524    
     85824   13.856739    
     86112   13.892638    
     86400   13.928252    
     86688   13.963399    
     86976   13.998024    
     87264   14.032251    
     87552   14.066179    
     87840   14.099830    
     88128   14.133208    
     88416   14.166136    
     88704   14.198561    
     88992   14.230592    
     89280   14.262325    
     89568   14.293781    
     89856   14.324964    
     90144   14.355893    
     90432   14.386404    
     90720   14.416430    
     91008   14.446084    
     91296   14.475392    
     91584   14.504396    
     91872   14.533122    
     92160   14.561583    
     92448   14.589785    
     92736   14.617733    
     93024   14.645427    
     93312   14.672692    
     93600   14.699448    
     93888   14.725765    
     94176   14.751719    
     94464   14.777316    
     94752   14.802535    
     95040   14.827416    
     95328   14.851965    
     95616   14.876190    
     95904   14.900064    
     96192   14.923618    
     96480   14.946811    
     96768   14.969660    
     97056   14.992148    
     97344   15.014280    
     97632   15.036055    
     97920   15.057466    
     98208   15.078515    
     98496   15.099178    
     98784   15.119458    
     99072   15.139340    
     99360   15.158840    
     99648   15.177970    
     99936   15.196712    
    100224   15.215063    
    100512   15.233014    
    100800   15.250561    
    101088   15.267718    
    101376   15.284476    
    101664   15.300846    
    101952   15.316952    
    102240   15.332845    
    102528   15.348464    
    102816   15.363784    
    103104   15.378760    
    103392   15.393390    
    103680   15.407691    
    103968   15.421654    
    104256   15.435261    
    104544   15.448521    
    104832   15.461449    
