         1  0.36968955    
       288  0.37059030    
       576  0.37306428    
       864  0.37656590    
      1152  0.38068169    
      1440  0.38511124    
      1728  0.38966656    
      2016  0.39422151    
      2304  0.39867714    
      2592  0.40297127    
      2880  0.40706891    
      3168  0.41095358    
      3456  0.41463983    
      3744  0.41814461    
      4032  0.42146870    
      4320  0.42461762    
      4608  0.42759973    
      4896  0.43042445    
      5184  0.43311611    
      5472  0.43569523    
      5760  0.43816644    
      6048  0.44053394    
      6336  0.44280279    
      6624  0.44497839    
      6912  0.44707716    
      7200  0.44911209    
      7488  0.45108423    
      7776  0.45299572    
      8064  0.45484754    
      8352  0.45665067    
      8640  0.45841342    
      8928  0.46013403    
      9216  0.46181142    
      9504  0.46344477    
      9792  0.46503386    
     10080  0.46658829    
     10368  0.46811640    
     10656  0.46961570    
     10944  0.47108430    
     11232  0.47257483    
     11520  0.47416288    
     11808  0.47583163    
     12096  0.47756517    
     12384  0.47934240    
     12672  0.48114473    
     12960  0.48295724    
     13248  0.48477834    
     13536  0.48660675    
     13824  0.48843235    
     14112  0.49024874    
     14400  0.49204978    
     14688  0.49383116    
     14976  0.49559051    
     15264  0.49733555    
     15552  0.49907422    
     15840  0.50080240    
     16128  0.50251764    
     16416  0.50421894    
     16704  0.50590634    
     16992  0.50759083    
     17280  0.50927871    
     17568  0.51096797    
     17856  0.51265800    
     18144  0.51434988    
     18432  0.51604587    
     18720  0.51774770    
     19008  0.51946610    
     19296  0.52120823    
     19584  0.52297801    
     19872  0.52477521    
     20160  0.52660203    
     20448  0.52846211    
     20736  0.53036094    
     21024  0.53231132    
     21312  0.53432328    
     21600  0.53640014    
     21888  0.53854668    
     22176  0.54076988    
     22464  0.54307455    
     22752  0.54547107    
     23040  0.54796785    
     23328  0.55058247    
     23616  0.55333024    
     23904  0.55621982    
     24192  0.55926210    
     24480  0.56246752    
     24768  0.56584793    
     25056  0.56941664    
     25344  0.57318896    
     25632  0.57718617    
     25920  0.58142662    
     26208  0.58592206    
     26496  0.59068495    
     26784  0.59572607    
     27072  0.60105520    
     27360  0.60668123    
     27648  0.61261189    
     27936  0.61886358    
     28224  0.62544221    
     28512  0.63234097    
     28800  0.63955086    
     29088  0.64706010    
     29376  0.65485060    
     29664  0.66289985    
     29952  0.67118198    
     30240  0.67967957    
     30528  0.68836147    
     30816  0.69718218    
     31104  0.70444822    
     31392  0.69754165    
     31680  0.68879068    
     31968  0.67792523    
     32256  0.66472858    
     32544  0.65258926    
     32832  0.63712424    
     33120  0.61892134    
     33408  0.59855515    
     33696  0.57663590    
     33984  0.55426508    
     34272  0.53140682    
     34560  0.50890052    
     34848  0.49179545    
     35136  0.47508815    
     35424  0.45989197    
     35712  0.44716084    
     36000  0.43616697    
     36288  0.42710236    
     36576  0.41990006    
     36864  0.41435891    
     37152  0.41510138    
     37440  0.41580671    
     37728  0.41633922    
     38016  0.41708398    
     38304  0.41801196    
     38592  0.41899452    
     38880  0.41989979    
     39168  0.42061937    
     39456  0.42587751    
     39744  0.42958927    
     40032  0.43185914    
     40320  0.43331143    
     40608  0.43411610    
     40896  0.43433008    
     41184  0.43399173    
     41472  0.43314320    
     41760  0.43645963    
     42048  0.43773812    
     42336  0.43811250    
     42624  0.43789575    
     42912  0.43719521    
     43200  0.43657815    
     43488  0.43512878    
     43776  0.43326744    
     44064  0.43559191    
     44352  0.43620256    
     44640  0.43616310    
     44928  0.43572879    
     45216  0.43497616    
     45504  0.43394771    
     45792  0.43268386    
     46080  0.43122783    
     46368  0.42962033    
     46656  0.42790204    
     46944  0.42611137    
     47232  0.42862192    
     47520  0.42967576    
     47808  0.43026289    
     48096  0.43056035    
     48384  0.43062216    
     48672  0.43046704    
     48960  0.43012455    
     49248  0.42962715    
     49536  0.42900911    
     49824  0.42830577    
     50112  0.42754903    
     50400  0.42633277    
     50688  0.42556939    
     50976  0.42489725    
     51264  0.42427137    
     51552  0.42369837    
     51840  0.42319271    
     52128  0.42276448    
     52416  0.42242497    
     52704  0.42218018    
     52992  0.42203790    
     53280  0.42200372    
     53568  0.42207927    
     53856  0.42226544    
     54144  0.42213428    
     54432  0.42256075    
     54720  0.42315197    
     55008  0.42384994    
     55296  0.42464545    
     55584  0.42553890    
     55872  0.42653304    
     56160  0.42763138    
     56448  0.42883685    
     56736  0.43014359    
     57024  0.43115172    
     57312  0.43270513    
     57600  0.42995882    
     57888  0.42869097    
     58176  0.42801279    
     58464  0.42781088    
     58752  0.42806447    
     59040  0.42875791    
     59328  0.42943764    
     59616  0.43094361    
     59904  0.43283883    
     60192  0.43041110    
     60480  0.42965931    
     60768  0.42964563    
     61056  0.43022251    
     61344  0.43134505    
     61632  0.43297473    
     61920  0.43463576    
     62208  0.43238172    
     62496  0.43201804    
     62784  0.43250120    
     63072  0.43364888    
     63360  0.43540061    
     63648  0.43770608    
     63936  0.43562394    
     64224  0.43500507    
     64512  0.43579060    
     64800  0.43738329    
     65088  0.43964708    
     65376  0.44250712    
     65664  0.44086692    
     65952  0.44124904    
     66240  0.44259810    
     66528  0.44423789    
     66816  0.44703299    
     67104  0.44533890    
     67392  0.44580850    
     67680  0.44733405    
     67968  0.44967926    
     68256  0.44747904    
     68544  0.44757882    
     68832  0.44885597    
     69120  0.45056143    
     69408  0.44814503    
     69696  0.44826418    
     69984  0.44967178    
     70272  0.45206183    
     70560  0.45531601    
     70848  0.45382628    
     71136  0.45476702    
     71424  0.45694640    
     71712  0.45954701    
     72000  0.45644298    
     72288  0.45633310    
     72576  0.45769367    
     72864  0.46012115    
     73152  0.46346554    
     73440  0.46188149    
     73728  0.46288881    
     74016  0.46525124    
     74304  0.46860108    
     74592  0.46637955    
     74880  0.46727845    
     75168  0.46969640    
     75456  0.46717185    
     75744  0.46743664    
     76032  0.46920016    
     76320  0.47205374    
     76608  0.46977034    
     76896  0.47028369    
     77184  0.47171465    
     77472  0.47470739    
     77760  0.47256568    
     78048  0.47328910    
     78336  0.47555766    
     78624  0.47889963    
     78912  0.47684932    
     79200  0.47760201    
     79488  0.47987974    
     79776  0.48259062    
     80064  0.48021990    
     80352  0.48082718    
     80640  0.48303518    
     80928  0.48628947    
     81216  0.48394495    
     81504  0.48439077    
     81792  0.48637021    
     82080  0.48871061    
     82368  0.49226180    
     82656  0.49017894    
     82944  0.49083167    
     83232  0.49297741    
     83520  0.49605867    
     83808  0.49338418    
     84096  0.49265820    
     84384  0.49379417    
     84672  0.49601501    
     84960  0.49895826    
     85248  0.49606282    
     85536  0.49563089    
     85824  0.49656498    
     86112  0.49767470    
     86400  0.49969199    
     86688  0.49607909    
     86976  0.49483943    
     87264  0.49492016    
     87552  0.49577293    
     87840  0.49649248    
     88128  0.49785757    
     88416  0.49382430    
     88704  0.49188325    
     88992  0.49113688    
     89280  0.49110574    
     89568  0.49092603    
     89856  0.49132526    
     90144  0.49209487    
     90432  0.48798072    
     90720  0.48561394    
     91008  0.48431849    
     91296  0.48315620    
     91584  0.48269206    
     91872  0.48270303    
     92160  0.48305839    
     92448  0.48367658    
     92736  0.48451287    
     93024  0.48505917    
     93312  0.48177868    
     93600  0.47988266    
     93888  0.47891644    
     94176  0.47858885    
     94464  0.47824249    
     94752  0.47837383    
     95040  0.47884509    
     95328  0.47956011    
     95616  0.48045662    
     95904  0.48148313    
     96192  0.48218897    
     96480  0.48308799    
     96768  0.48411825    
     97056  0.48523262    
     97344  0.48639593    
     97632  0.48757833    
     97920  0.48875999    
     98208  0.48953190    
     98496  0.49036843    
     98784  0.49122673    
     99072  0.49207494    
     99360  0.49288645    
     99648  0.49364012    
     99936  0.49432144    
    100224  0.49454188    
    100512  0.49475211    
    100800  0.49492019    
    101088  0.49502251    
    101376  0.49503997    
    101664  0.49495757    
    101952  0.49787545    
    102240  0.50004476    
    102528  0.50162286    
    102816  0.50272024    
    103104  0.50306720    
    103392  0.50314778    
    103680  0.50298828    
    103968  0.50260806    
    104256  0.50202203    
    104544  0.50124228    
    104832  0.50333011    
