         1  0.70025754    
       288  0.70359087    
       576  0.70632339    
       864  0.70901763    
      1152  0.71167588    
      1440  0.71430165    
      1728  0.71712422    
      2016  0.71990949    
      2304  0.72266495    
      2592  0.72539616    
      2880  0.72810841    
      3168  0.73080683    
      3456  0.73368037    
      3744  0.73653740    
      4032  0.73938191    
      4320  0.74221671    
      4608  0.74504471    
      4896  0.74786764    
      5184  0.75084424    
      5472  0.75381148    
      5760  0.75677115    
      6048  0.75972378    
      6336  0.76267010    
      6624  0.76561022    
      6912  0.76867950    
      7200  0.77173752    
      7488  0.77478403    
      7776  0.77781904    
      8064  0.78084111    
      8352  0.78397083    
      8640  0.78708255    
      8928  0.79017514    
      9216  0.79324818    
      9504  0.79630017    
      9792  0.79933041    
     10080  0.80244517    
     10368  0.80553269    
     10656  0.80859220    
     10944  0.81162226    
     11232  0.81462431    
     11520  0.81759918    
     11808  0.82064080    
     12096  0.82364690    
     12384  0.82661593    
     12672  0.82954556    
     12960  0.83243430    
     13248  0.83537120    
     13536  0.83826303    
     13824  0.84110886    
     14112  0.84390759    
     14400  0.84665811    
     14688  0.84935975    
     14976  0.85201156    
     15264  0.85469627    
     15552  0.85732889    
     15840  0.85990858    
     16128  0.86243474    
     16416  0.86490679    
     16704  0.86732477    
     16992  0.86976671    
     17280  0.87215281    
     17568  0.87448263    
     17856  0.87675560    
     18144  0.87897182    
     18432  0.88113070    
     18720  0.88323176    
     19008  0.88535225    
     19296  0.88741481    
     19584  0.88941914    
     19872  0.89136505    
     20160  0.89325249    
     20448  0.89508146    
     20736  0.89685118    
     21024  0.89863908    
     21312  0.90036827    
     21600  0.90203881    
     21888  0.90365052    
     22176  0.90520287    
     22464  0.90669543    
     22752  0.90812814    
     23040  0.90950000    
     23328  0.91089177    
     23616  0.91222394    
     23904  0.91349560    
     24192  0.91470587    
     24480  0.91585362    
     24768  0.91693759    
     25056  0.91795671    
     25344  0.91890877    
     25632  0.91987324    
     25920  0.92077047    
     26208  0.92159843    
     26496  0.92235392    
     26784  0.92303383    
     27072  0.92363405    
     27360  0.92415029    
     27648  0.92457765    
     27936  0.92502701    
     28224  0.92538410    
     28512  0.92564213    
     28800  0.92579323    
     29088  0.92582798    
     29376  0.92573547    
     29664  0.92550319    
     29952  0.92511749    
     30240  0.92473221    
     30528  0.92417848    
     30816  0.92343712    
     31104  0.92248619    
     31392  0.92135525    
     31680  0.92007667    
     31968  0.91865897    
     32256  0.91711795    
     32544  0.91574121    
     32832  0.91430283    
     33120  0.91284502    
     33408  0.91141468    
     33696  0.91006184    
     33984  0.90883362    
     34272  0.90777165    
     34560  0.90691340    
     34848  0.90661031    
     35136  0.90649718    
     35424  0.90657234    
     35712  0.90681338    
     36000  0.90719301    
     36288  0.90768373    
     36576  0.90825599    
     36864  0.90887988    
     37152  0.90983778    
     37440  0.91072905    
     37728  0.91155446    
     38016  0.91231227    
     38304  0.91299886    
     38592  0.91361183    
     38880  0.91415137    
     39168  0.91461933    
     39456  0.91530198    
     39744  0.91585845    
     40032  0.91631156    
     40320  0.91667718    
     40608  0.91696602    
     40896  0.91718739    
     41184  0.91734987    
     41472  0.91746205    
     41760  0.91780561    
     42048  0.91806114    
     42336  0.91824895    
     42624  0.91838032    
     42912  0.91846377    
     43200  0.91850293    
     43488  0.91850555    
     43776  0.91848147    
     44064  0.91870713    
     44352  0.91886538    
     44640  0.91897297    
     44928  0.91903818    
     45216  0.91906726    
     45504  0.91906589    
     45792  0.91903931    
     46080  0.91899240    
     46368  0.91892934    
     46656  0.91885358    
     46944  0.91876835    
     47232  0.91894621    
     47520  0.91906583    
     47808  0.91914105    
     48096  0.91917837    
     48384  0.91918272    
     48672  0.91915911    
     48960  0.91911179    
     49248  0.91904497    
     49536  0.91896248    
     49824  0.91886759    
     50112  0.91876304    
     50400  0.91865528    
     50688  0.91854447    
     50976  0.91842878    
     51264  0.91830868    
     51552  0.91818553    
     51840  0.91805965    
     52128  0.91793174    
     52416  0.91780210    
     52704  0.91767085    
     52992  0.91753829    
     53280  0.91740435    
     53568  0.91726875    
     53856  0.91713154    
     54144  0.91699642    
     54432  0.91686159    
     54720  0.91672331    
     55008  0.91658133    
     55296  0.91643542    
     55584  0.91628551    
     55872  0.91613173    
     56160  0.91597438    
     56448  0.91581321    
     56736  0.91564822    
     57024  0.91548407    
     57312  0.91531789    
     57600  0.91484755    
     57888  0.91442865    
     58176  0.91404974    
     58464  0.91370547    
     58752  0.91339046    
     59040  0.91309977    
     59328  0.91283274    
     59616  0.91258240    
     59904  0.91234094    
     60192  0.91178805    
     60480  0.91129661    
     60768  0.91085243    
     61056  0.91044700    
     61344  0.91007334    
     61632  0.90972483    
     61920  0.90940011    
     62208  0.90875936    
     62496  0.90818775    
     62784  0.90766817    
     63072  0.90719086    
     63360  0.90674758    
     63648  0.90633035    
     63936  0.90558898    
     64224  0.90492684    
     64512  0.90432525    
     64800  0.90377003    
     65088  0.90325123    
     65376  0.90276009    
     65664  0.90193135    
     65952  0.90117979    
     66240  0.90048599    
     66528  0.89984417    
     66816  0.89924258    
     67104  0.89829791    
     67392  0.89743745    
     67680  0.89664102    
     67968  0.89589608    
     68256  0.89481026    
     68544  0.89382160    
     68832  0.89290744    
     69120  0.89205885    
     69408  0.89086735    
     69696  0.88978082    
     69984  0.88877410    
     70272  0.88783145    
     70560  0.88694000    
     70848  0.88568234    
     71136  0.88452142    
     71424  0.88343328    
     71712  0.88240886    
     72000  0.88091063    
     72288  0.87953204    
     72576  0.87824476    
     72864  0.87703162    
     73152  0.87587816    
     73440  0.87434405    
     73728  0.87291586    
     74016  0.87156755    
     74304  0.87028295    
     74592  0.86861646    
     74880  0.86706424    
     75168  0.86559558    
     75456  0.86374557    
     75744  0.86201912    
     76032  0.86038876    
     76320  0.85883701    
     76608  0.85689402    
     76896  0.85507441    
     77184  0.85335380    
     77472  0.85171485    
     77760  0.84967566    
     78048  0.84775829    
     78336  0.84593409    
     78624  0.84418571    
     78912  0.84202993    
     79200  0.83999562    
     79488  0.83805424    
     79776  0.83619452    
     80064  0.83392781    
     80352  0.83178550    
     80640  0.82973856    
     80928  0.82776880    
     81216  0.82538784    
     81504  0.82313108    
     81792  0.82097149    
     82080  0.81889611    
     82368  0.81689370    
     82656  0.81447703    
     82944  0.81217730    
     83232  0.80996913    
     83520  0.80783665    
     83808  0.80530012    
     84096  0.80288827    
     84384  0.80057955    
     84672  0.79835492    
     84960  0.79620290    
     85248  0.79365605    
     85536  0.79122788    
     85824  0.78889656    
     86112  0.78665185    
     86400  0.78448462    
     86688  0.78194362    
     86976  0.77952206    
     87264  0.77719963    
     87552  0.77496308    
     87840  0.77280653    
     88128  0.77072406    
     88416  0.76829696    
     88704  0.76598382    
     88992  0.76376665    
     89280  0.76163518    
     89568  0.75958371    
     89856  0.75760722    
     90144  0.75569940    
     90432  0.75349122    
     90720  0.75138688    
     91008  0.74937308    
     91296  0.74744290    
     91584  0.74559146    
     91872  0.74381310    
     92160  0.74210376    
     92448  0.74045950    
     92736  0.73887813    
     93024  0.73735857    
     93312  0.73560703    
     93600  0.73394334    
     93888  0.73236048    
     94176  0.73085403    
     94464  0.72942036    
     94752  0.72805846    
     95040  0.72676635    
     95328  0.72554207    
     95616  0.72438490    
     95904  0.72329402    
     96192  0.72226965    
     96480  0.72131217    
     96768  0.72042131    
     97056  0.71959692    
     97344  0.71883935    
     97632  0.71814847    
     97920  0.71752548    
     98208  0.71697026    
     98496  0.71648425    
     98784  0.71606767    
     99072  0.71572125    
     99360  0.71544504    
     99648  0.71523976    
     99936  0.71510589    
    100224  0.71504408    
    100512  0.71505499    
    100800  0.71513939    
    101088  0.71529722    
    101376  0.71552873    
    101664  0.71583438    
    101952  0.71636820    
    102240  0.71696573    
    102528  0.71762824    
    102816  0.71835709    
    103104  0.71915293    
    103392  0.72001660    
    103680  0.72094822    
    103968  0.72194827    
    104256  0.72301602    
    104544  0.72415161    
    104832  0.72548044    
