         1  0.95005852    
       288  0.94443536    
       576  0.93818241    
       864  0.93131822    
      1152  0.92380482    
      1440  0.91561514    
      1728  0.90767324    
      2016  0.89918065    
      2304  0.89015508    
      2592  0.88062674    
      2880  0.87063998    
      3168  0.86025333    
      3456  0.85109174    
      3744  0.84176236    
      4032  0.83232087    
      4320  0.82282561    
      4608  0.81333351    
      4896  0.80389935    
      5184  0.79675049    
      5472  0.78968191    
      5760  0.78270799    
      6048  0.77584070    
      6336  0.76908934    
      6624  0.76246065    
      6912  0.75859606    
      7200  0.75462174    
      7488  0.75082350    
      7776  0.74691737    
      8064  0.74291682    
      8352  0.74167478    
      8640  0.74001628    
      8928  0.73799801    
      9216  0.73566979    
      9504  0.73307437    
      9792  0.73024988    
     10080  0.73055375    
     10368  0.73022383    
     10656  0.72936267    
     10944  0.72805601    
     11232  0.74986821    
     11520  0.76703435    
     11808  0.78150928    
     12096  0.79212350    
     12384  0.79973531    
     12672  0.80518597    
     12960  0.80903047    
     13248  0.81373751    
     13536  0.81706417    
     13824  0.81957239    
     14112  0.82119536    
     14400  0.82211745    
     14688  0.82247859    
     14976  0.82238936    
     15264  0.82413954    
     15552  0.82519585    
     15840  0.82569957    
     16128  0.82575965    
     16416  0.82546228    
     16704  0.82511920    
     16992  0.82642311    
     17280  0.82715529    
     17568  0.82743245    
     17856  0.82734472    
     18144  0.82719994    
     18432  0.82677710    
     18720  0.82613075    
     19008  0.82720953    
     19296  0.82801926    
     19584  0.82838249    
     19872  0.82839042    
     20160  0.82811350    
     20448  0.82785004    
     20736  0.82735413    
     21024  0.82853228    
     21312  0.82919037    
     21600  0.82967067    
     21888  0.82976979    
     22176  0.82956082    
     22464  0.82910019    
     22752  0.82867849    
     23040  0.82803094    
     23328  0.82902277    
     23616  0.82947779    
     23904  0.82974142    
     24192  0.82959664    
     24480  0.82911307    
     24768  0.82834214    
     25056  0.82757437    
     25344  0.82652736    
     25632  0.82686770    
     25920  0.82663560    
     26208  0.82617503    
     26496  0.82524186    
     26784  0.82389367    
     27072  0.82216769    
     27360  0.82008499    
     27648  0.81792772    
     27936  0.81725943    
     28224  0.81577611    
     28512  0.81357396    
     28800  0.81098694    
     29088  0.80769020    
     29376  0.80369473    
     29664  0.79898083    
     29952  0.79381061    
     30240  0.78985637    
     30528  0.78445876    
     30816  0.77764344    
     31104  0.76935619    
     31392  0.76034945    
     31680  0.75036061    
     31968  0.73923928    
     32256  0.72687417    
     32544  0.71610165    
     32832  0.70324665    
     33120  0.68881416    
     33408  0.67327040    
     33696  0.65706360    
     33984  0.64099699    
     34272  0.62495887    
     34560  0.60949284    
     34848  0.59811729    
     35136  0.58712262    
     35424  0.57723397    
     35712  0.56907105    
     36000  0.56207716    
     36288  0.55634904    
     36576  0.55181718    
     36864  0.54832995    
     37152  0.54897898    
     37440  0.54950106    
     37728  0.54980421    
     38016  0.55015230    
     38304  0.55054468    
     38592  0.55091548    
     38880  0.55119634    
     39168  0.55133200    
     39456  0.55444890    
     39744  0.55653834    
     40032  0.55767065    
     40320  0.55825460    
     40608  0.55841374    
     40896  0.55819803    
     41184  0.55764133    
     41472  0.55677712    
     41760  0.55867630    
     42048  0.55925941    
     42336  0.55924833    
     42624  0.55885267    
     42912  0.55814993    
     43200  0.55752373    
     43488  0.55638111    
     43776  0.55498856    
     44064  0.55636418    
     44352  0.55661595    
     44640  0.55642796    
     44928  0.55597216    
     45216  0.55530596    
     45504  0.55446178    
     45792  0.55346930    
     46080  0.55235869    
     46368  0.55115783    
     46656  0.54989320    
     46944  0.54858965    
     47232  0.55011833    
     47520  0.55068737    
     47808  0.55092525    
     48096  0.55095971    
     48384  0.55082560    
     48672  0.55054390    
     48960  0.55013871    
     49248  0.54963243    
     49536  0.54904968    
     49824  0.54841453    
     50112  0.54774845    
     50400  0.54677516    
     50688  0.54609418    
     50976  0.54547668    
     51264  0.54489267    
     51552  0.54434580    
     51840  0.54384351    
     52128  0.54339242    
     52416  0.54299808    
     52704  0.54266447    
     52992  0.54239583    
     53280  0.54219449    
     53568  0.54206145    
     53856  0.54199719    
     54144  0.54171115    
     54432  0.54178184    
     54720  0.54195797    
     55008  0.54220051    
     55296  0.54250473    
     55584  0.54287028    
     55872  0.54329771    
     56160  0.54379004    
     56448  0.54434830    
     56736  0.54496950    
     57024  0.54537809    
     57312  0.54613620    
     57600  0.54402828    
     57888  0.54291403    
     58176  0.54221261    
     58464  0.54184073    
     58752  0.54177785    
     59040  0.54200763    
     59328  0.54221743    
     59616  0.54296249    
     59904  0.54395962    
     60192  0.54205263    
     60480  0.54126990    
     60768  0.54099506    
     61056  0.54112220    
     61344  0.54161561    
     61632  0.54244328    
     61920  0.54327798    
     62208  0.54145694    
     62496  0.54090577    
     62784  0.54093647    
     63072  0.54141992    
     63360  0.54230833    
     63648  0.54356110    
     63936  0.54184228    
     64224  0.54110211    
     64512  0.54131037    
     64800  0.54206812    
     65088  0.54327661    
     65376  0.54487878    
     65664  0.54341996    
     65952  0.54332674    
     66240  0.54389781    
     66528  0.54466069    
     66816  0.54619449    
     67104  0.54466558    
     67392  0.54460508    
     67680  0.54527396    
     67968  0.54650384    
     68256  0.54462808    
     68544  0.54431868    
     68832  0.54482442    
     69120  0.54562157    
     69408  0.54357827    
     69696  0.54326534    
     69984  0.54384530    
     70272  0.54510218    
     70560  0.54694492    
     70848  0.54551214    
     71136  0.54573816    
     71424  0.54682261    
     71712  0.54819059    
     72000  0.54560459    
     72288  0.54507768    
     72576  0.54558295    
     72864  0.54683393    
     73152  0.54871851    
     73440  0.54717398    
     73728  0.54741317    
     74016  0.54859924    
     74304  0.55047375    
     74592  0.54845560    
     74880  0.54858661    
     75168  0.54978454    
     75456  0.54753196    
     75744  0.54722756    
     76032  0.54798824    
     76320  0.54952532    
     76608  0.54745227    
     76896  0.54733425    
     77184  0.54787016    
     77472  0.54950160    
     77760  0.54750371    
     78048  0.54751891    
     78336  0.54864115    
     78624  0.55053616    
     78912  0.54860675    
     79200  0.54866111    
     79488  0.54981959    
     79776  0.55130434    
     80064  0.54915285    
     80352  0.54912591    
     80640  0.55027342    
     80928  0.55220401    
     81216  0.55012381    
     81504  0.55006450    
     81792  0.55115420    
     82080  0.55254948    
     82368  0.55485106    
     82656  0.55308217    
     82944  0.55333042    
     83232  0.55473197    
     83520  0.55689347    
     83808  0.55487645    
     84096  0.55434984    
     84384  0.55528057    
     84672  0.55712104    
     84960  0.55961722    
     85248  0.55782282    
     85536  0.55797315    
     85824  0.55929059    
     86112  0.56089318    
     86400  0.56333792    
     86688  0.56157315    
     86976  0.56176925    
     87264  0.56316531    
     87552  0.56536067    
     87840  0.56764919    
     88128  0.57064122    
     88416  0.56943047    
     88704  0.57004482    
     88992  0.57180566    
     89280  0.57433921    
     89568  0.57692355    
     89856  0.58014923    
     90144  0.58383524    
     90432  0.58336782    
     90720  0.58445042    
     91008  0.58652604    
     91296  0.58876282    
     91584  0.59164488    
     91872  0.59496421    
     92160  0.59858644    
     92448  0.60241914    
     92736  0.60640222    
     93024  0.61002374    
     93312  0.60977346    
     93600  0.61067921    
     93888  0.61233336    
     94176  0.61446792    
     94464  0.61643064    
     94752  0.61871451    
     95040  0.62118816    
     95328  0.62375832    
     95616  0.62636566    
     95904  0.62896055    
     96192  0.63107103    
     96480  0.63323534    
     96768  0.63539791    
     97056  0.63751715    
     97344  0.63956368    
     97632  0.64151281    
     97920  0.64335006    
     98208  0.64463270    
     98496  0.64588207    
     98784  0.64706051    
     99072  0.64814085    
     99360  0.64910144    
     99648  0.64992493    
     99936  0.65060157    
    100224  0.65069526    
    100512  0.65071630    
    100800  0.65063524    
    101088  0.65043116    
    101376  0.65008736    
    101664  0.64959043    
    101952  0.65259558    
    102240  0.65472221    
    102528  0.65614212    
    102816  0.65697831    
    103104  0.65690958    
    103392  0.65649879    
    103680  0.65577817    
    103968  0.65477246    
    104256  0.65350133    
    104544  0.65198082    
    104832  0.65393078    
