         1  0.94502658    
       288  0.93965232    
       576  0.93386996    
       864  0.92774189    
      1152  0.92128760    
      1440  0.91453910    
      1728  0.90847373    
      2016  0.90228182    
      2304  0.89600861    
      2592  0.88970196    
      2880  0.88341010    
      3168  0.87718034    
      3456  0.87239575    
      3744  0.86772388    
      4032  0.86317903    
      4320  0.85877198    
      4608  0.85450953    
      4896  0.85039568    
      5184  0.84806436    
      5472  0.84573478    
      5760  0.84341013    
      6048  0.84109086    
      6336  0.83877820    
      6624  0.83647281    
      6912  0.83597028    
      7200  0.83525062    
      7488  0.83453941    
      7776  0.83364356    
      8064  0.83258855    
      8352  0.83322924    
      8640  0.83348781    
      8928  0.83342564    
      9216  0.83309287    
      9504  0.83253199    
      9792  0.83177805    
     10080  0.83292729    
     10368  0.83361566    
     10656  0.83392441    
     10944  0.83391929    
     11232  0.83358216    
     11520  0.83287317    
     11808  0.83371246    
     12096  0.83421385    
     12384  0.83423585    
     12672  0.83386874    
     12960  0.83318430    
     13248  0.83408952    
     13536  0.83447933    
     13824  0.83466268    
     14112  0.83446920    
     14400  0.83396918    
     14688  0.83321857    
     14976  0.83226359    
     15264  0.83322221    
     15552  0.83368397    
     15840  0.83374584    
     16128  0.83348471    
     16416  0.83296067    
     16704  0.83245349    
     16992  0.83356911    
     17280  0.83417505    
     17568  0.83437288    
     17856  0.83424264    
     18144  0.83407247    
     18432  0.83364338    
     18720  0.83300269    
     19008  0.83401394    
     19296  0.83475959    
     19584  0.83506835    
     19872  0.83502752    
     20160  0.83470279    
     20448  0.83437783    
     20736  0.83381224    
     21024  0.83483535    
     21312  0.83533812    
     21600  0.83565164    
     21888  0.83557796    
     22176  0.83518666    
     22464  0.83452994    
     22752  0.83388358    
     23040  0.83298767    
     23328  0.83364862    
     23616  0.83375883    
     23904  0.83364886    
     24192  0.83310753    
     24480  0.83220029    
     24768  0.83097214    
     25056  0.82969892    
     25344  0.82809746    
     25632  0.82781011    
     25920  0.82690251    
     26208  0.82570618    
     26496  0.82397234    
     26784  0.82174861    
     27072  0.81906062    
     27360  0.81591445    
     27648  0.81257433    
     27936  0.81064147    
     28224  0.80774951    
     28512  0.80398113    
     28800  0.79965347    
     29088  0.79440540    
     29376  0.78821534    
     29664  0.78102297    
     29952  0.77305543    
     30240  0.76612878    
     30528  0.75731587    
     30816  0.74658924    
     31104  0.73382419    
     31392  0.71980417    
     31680  0.70421034    
     31968  0.68684733    
     32256  0.66757327    
     32544  0.64983332    
     32832  0.62927479    
     33120  0.60654789    
     33408  0.58225894    
     33696  0.55702126    
     33984  0.53189421    
     34272  0.50681967    
     34560  0.48256722    
     34848  0.46385792    
     35136  0.44588467    
     35424  0.42965338    
     35712  0.41600570    
     36000  0.40421501    
     36288  0.39441943    
     36576  0.38652065    
     36864  0.38030207    
     37152  0.37996826    
     37440  0.37969327    
     37728  0.37934622    
     38016  0.37927097    
     38304  0.37943324    
     38592  0.37970939    
     38880  0.37997398    
     39168  0.38012403    
     39456  0.38441947    
     39744  0.38735580    
     40032  0.38902834    
     40320  0.38999915    
     40608  0.39041957    
     40896  0.39033887    
     41184  0.38978958    
     41472  0.38880756    
     41760  0.39158535    
     42048  0.39255285    
     42336  0.39272705    
     42624  0.39238754    
     42912  0.39162940    
     43200  0.39095947    
     43488  0.38955641    
     43776  0.38779572    
     44064  0.38979080    
     44352  0.39026016    
     44640  0.39015532    
     44928  0.38970411    
     45216  0.38897446    
     45504  0.38800386    
     45792  0.38682789    
     46080  0.38548476    
     46368  0.38401043    
     46656  0.38244089    
     46944  0.38081005    
     47232  0.38302594    
     47520  0.38394243    
     47808  0.38444409    
     48096  0.38468897    
     48384  0.38472518    
     48672  0.38456929    
     48960  0.38424754    
     49248  0.38378885    
     49536  0.38322368    
     49824  0.38258350    
     50112  0.38189664    
     50400  0.38080034    
     50688  0.38010943    
     50976  0.37950084    
     51264  0.37893423    
     51552  0.37841552    
     51840  0.37795755    
     52128  0.37756926    
     52416  0.37726068    
     52704  0.37703717    
     52992  0.37690559    
     53280  0.37687093    
     53568  0.37693459    
     53856  0.37709734    
     54144  0.37697700    
     54432  0.37735486    
     54720  0.37788010    
     55008  0.37850088    
     55296  0.37920898    
     55584  0.38000470    
     55872  0.38089052    
     56160  0.38186952    
     56448  0.38294438    
     56736  0.38410977    
     57024  0.38500860    
     57312  0.38639453    
     57600  0.38394105    
     57888  0.38280788    
     58176  0.38220143    
     58464  0.38202035    
     58752  0.38224611    
     59040  0.38286474    
     59328  0.38347122    
     59616  0.38481557    
     59904  0.38650760    
     60192  0.38433951    
     60480  0.38366807    
     60768  0.38365579    
     61056  0.38417092    
     61344  0.38517341    
     61632  0.38662884    
     61920  0.38811237    
     62208  0.38609996    
     62496  0.38577566    
     62784  0.38620764    
     63072  0.38723314    
     63360  0.38879809    
     63648  0.39085764    
     63936  0.38899931    
     64224  0.38844773    
     64512  0.38915041    
     64800  0.39057395    
     65088  0.39259693    
     65376  0.39515251    
     65664  0.39368957    
     65952  0.39403275    
     66240  0.39523956    
     66528  0.39670622    
     66816  0.39920479    
     67104  0.39769474    
     67392  0.39811707    
     67680  0.39948270    
     67968  0.40158063    
     68256  0.39961961    
     68544  0.39971292    
     68832  0.40085810    
     69120  0.40238622    
     69408  0.40023363    
     69696  0.40034595    
     69984  0.40160954    
     70272  0.40375122    
     70560  0.40666541    
     70848  0.40534335    
     71136  0.40619281    
     71424  0.40814960    
     71712  0.41048366    
     72000  0.40772316    
     72288  0.40763828    
     72576  0.40886828    
     72864  0.41105288    
     73152  0.41405842    
     73440  0.41266268    
     73728  0.41358408    
     74016  0.41571856    
     74304  0.41873801    
     74592  0.41678160    
     74880  0.41761667    
     75168  0.41981283    
     75456  0.41759503    
     75744  0.41787440    
     76032  0.41949829    
     76320  0.42210224    
     76608  0.42011845    
     76896  0.42064181    
     77184  0.42199314    
     77472  0.42475009    
     77760  0.42292172    
     78048  0.42366686    
     78336  0.42580658    
     78624  0.42892084    
     78912  0.42721939    
     79200  0.42804387    
     79488  0.43025300    
     79776  0.43287113    
     80064  0.43095231    
     80352  0.43172866    
     80640  0.43396983    
     80928  0.43718332    
     81216  0.43539646    
     81504  0.43615505    
     81792  0.43833676    
     82080  0.44089252    
     82368  0.44459641    
     82656  0.44326898    
     82944  0.44447541    
     83232  0.44710585    
     83520  0.45066807    
     83808  0.44908509    
     84096  0.44936115    
     84384  0.45143652    
     84672  0.45462093    
     84960  0.45860010    
     85248  0.45734319    
     85536  0.45848882    
     85824  0.46105155    
     86112  0.46394742    
     86400  0.46787572    
     86688  0.46670952    
     86976  0.46794742    
     87264  0.47063014    
     87552  0.47426155    
     87840  0.47799021    
     88128  0.48257330    
     88416  0.48212594    
     88704  0.48389661    
     88992  0.48703501    
     89280  0.49108091    
     89568  0.49516958    
     89856  0.50002217    
     90144  0.50542223    
     90432  0.50591171    
     90720  0.50826210    
     91008  0.51178229    
     91296  0.51547444    
     91584  0.51992130    
     91872  0.52487153    
     92160  0.53016669    
     92448  0.53569794    
     92736  0.54139608    
     93024  0.54666948    
     93312  0.54746842    
     93600  0.54963869    
     93888  0.55267930    
     94176  0.55626482    
     94464  0.55963314    
     94752  0.56336308    
     95040  0.56729895    
     95328  0.57133234    
     95616  0.57539445    
     95904  0.57942951    
     96192  0.58289903    
     96480  0.58642751    
     96768  0.58994901    
     97056  0.59341526    
     97344  0.59679180    
     97632  0.60005063    
     97920  0.60317570    
     98208  0.60566926    
     98496  0.60812408    
     98784  0.61049581    
     99072  0.61275268    
     99360  0.61486912    
     99648  0.61682552    
     99936  0.61861026    
    100224  0.61974257    
    100512  0.62079161    
    100800  0.62172306    
    101088  0.62251246    
    101376  0.62314039    
    101664  0.62359238    
    101952  0.62778139    
    102240  0.63098931    
    102528  0.63341582    
    102816  0.63520187    
    103104  0.63600820    
    103392  0.63644826    
    103680  0.63655710    
    103968  0.63636130    
    104256  0.63588148    
    104544  0.63513464    
    104832  0.63800496    
