         1   106.00000    
       288   235.74396    
       576   262.04016    
       864   290.91669    
      1152   322.53592    
      1440   357.01636    
      1728   390.42053    
      2016   426.16016    
      2304   464.16565    
      2592   504.31534    
      2880   546.42761    
      3168   590.26068    
      3456   628.86609    
      3744   668.21466    
      4032   708.07458    
      4320   748.20245    
      4608   788.35962    
      4896   828.31512    
      5184   858.50421    
      5472   888.39581    
      5760   917.92993    
      6048   947.05463    
      6336   975.73004    
      6624   1003.9257    
      6912   1020.2598    
      7200   1037.1001    
      7488   1053.2307    
      7776   1069.8505    
      8064   1086.9099    
      8352   1092.0945    
      8640   1099.0881    
      8928   1107.6564    
      9216   1117.5857    
      9504   1128.6906    
      9792   1140.8073    
     10080   1139.4524    
     10368   1140.7971    
     10656   1144.4530    
     10944   1150.0516    
     11232   1070.9707    
     11520   995.39020    
     11808   931.75244    
     12096   885.10626    
     12384   851.56207    
     12672   827.51404    
     12960   810.52502    
     13248   789.88477    
     13536   775.20715    
     13824   764.21143    
     14112   757.01318    
     14400   752.89288    
     14688   751.23621    
     14976   751.56000    
     15264   744.00079    
     15552   739.32947    
     15840   737.08215    
     16128   736.78107    
     16416   738.04932    
     16704   739.57867    
     16992   733.91833    
     17280   730.70746    
     17568   729.48962    
     17856   729.86987    
     18144   730.54352    
     18432   732.39349    
     18720   735.22180    
     19008   730.56036    
     19296   727.07605    
     19584   725.51166    
     19872   725.49878    
     20160   726.72876    
     20448   727.92169    
     20736   730.10529    
     21024   725.01587    
     21312   722.17773    
     21600   720.12878    
     21888   719.72308    
     22176   720.65503    
     22464   722.67847    
     22752   724.53809    
     23040   727.36420    
     23328   723.06927    
     23616   721.09827    
     23904   719.96027    
     24192   720.58301    
     24480   722.66888    
     24768   725.99213    
     25056   729.29523    
     25344   733.79321    
     25632   732.26672    
     25920   733.20959    
     26208   735.13263    
     26496   739.08630    
     26784   744.82001    
     27072   752.16919    
     27360   761.03912    
     27648   770.20758    
     27936   772.90991    
     28224   779.11310    
     28512   788.39557    
     28800   799.30957    
     29088   813.25128    
     29376   830.16620    
     29664   850.13031    
     29952   872.00214    
     30240   888.55920    
     30528   911.27631    
     30816   940.02679    
     31104   975.03711    
     31392   1013.3392    
     31680   1055.7972    
     31968   1103.0481    
     32256   1155.5736    
     32544   1201.0889    
     32832   1255.5648    
     33120   1316.8291    
     33408   1382.8853    
     33696   1451.8226    
     33984   1520.1724    
     34272   1588.4844    
     34560   1654.4323    
     34848   1702.7549    
     35136   1749.6461    
     35424   1791.9276    
     35712   1826.8391    
     36000   1856.8448    
     36288   1881.4900    
     36576   1901.0479    
     36864   1916.1536    
     37152   1913.2281    
     37440   1910.9600    
     37728   1909.7527    
     38016   1908.3848    
     38304   1906.8285    
     38592   1905.3563    
     38880   1904.2592    
     39168   1903.7728    
     39456   1890.1278    
     39744   1881.0314    
     40032   1876.1849    
     40320   1873.7273    
     40608   1873.0975    
     40896   1874.0743    
     41184   1876.5103    
     41472   1880.2621    
     41760   1871.8268    
     42048   1869.2906    
     42336   1869.3662    
     42624   1871.1042    
     42912   1874.1598    
     43200   1876.7777    
     43488   1881.6903    
     43776   1887.6931    
     44064   1881.5388    
     44352   1880.4364    
     44640   1881.2697    
     44928   1883.2590    
     45216   1886.1495    
     45504   1889.8004    
     45792   1894.0842    
     46080   1898.8721    
     46368   1904.0447    
     46656   1909.4891    
     46944   1915.0984    
     47232   1908.3149    
     47520   1905.8545    
     47808   1904.8499    
     48096   1904.7203    
     48384   1905.3105    
     48672   1906.5309    
     48960   1908.2781    
     49248   1910.4562    
     49536   1912.9600    
     49824   1915.6868    
     50112   1918.5452    
     50400   1922.8157    
     50688   1925.7511    
     50976   1928.3995    
     51264   1930.9006    
     51552   1933.2415    
     51840   1935.3898    
     52128   1937.3174    
     52416   1939.0011    
     52704   1940.4229    
     52992   1941.5653    
     53280   1942.4178    
     53568   1942.9762    
     53856   1943.2390    
     54144   1944.5469    
     54432   1944.2427    
     54720   1943.4733    
     55008   1942.4154    
     55296   1941.0927    
     55584   1939.5052    
     55872   1937.6519    
     56160   1935.5188    
     56448   1933.1021    
     56736   1930.4149    
     57024   1928.7313    
     57312   1925.4683    
     57600   1934.6779    
     57888   1939.4398    
     58176   1942.4093    
     58464   1943.9662    
     58752   1944.2008    
     59040   1943.1825    
     59328   1942.3440    
     59616   1939.1310    
     59904   1934.8246    
     60192   1943.1661    
     60480   1946.5002    
     60768   1947.6338    
     61056   1947.0436    
     61344   1944.8854    
     61632   1941.2950    
     61920   1937.7690    
     62208   1945.7561    
     62496   1948.0936    
     62784   1947.9099    
     63072   1945.7842    
     63360   1941.9237    
     63648   1936.5021    
     63936   1944.0349    
     64224   1947.2737    
     64512   1946.3370    
     64800   1943.0294    
     65088   1937.7878    
     65376   1930.8584    
     65664   1937.2811    
     65952   1937.6432    
     66240   1935.1260    
     66528   1931.8807    
     66816   1925.2500    
     67104   1931.9796    
     67392   1932.1969    
     67680   1929.2505    
     67968   1923.8948    
     68256   1932.1073    
     68544   1933.3868    
     68832   1931.1338    
     69120   1927.7249    
     69408   1936.6832    
     69696   1937.9806    
     69984   1935.4030    
     70272   1929.9159    
     70560   1921.9141    
     70848   1928.2410    
     71136   1927.2202    
     71424   1922.4688    
     71712   1916.5902    
     72000   1927.9502    
     72288   1930.1705    
     72576   1927.8949    
     72864   1922.4056    
     73152   1914.1949    
     73440   1921.0107    
     73728   1919.9264    
     74016   1914.7167    
     74304   1906.5364    
     74592   1915.4926    
     74880   1914.8979    
     75168   1909.6345    
     75456   1919.5032    
     75744   1920.7465    
     76032   1917.3439    
     76320   1910.5873    
     76608   1919.6877    
     76896   1920.1307    
     77184   1917.7910    
     77472   1910.6520    
     77760   1919.4543    
     78048   1919.3317    
     78336   1914.3624    
     78624   1906.0424    
     78912   1914.5476    
     79200   1914.2531    
     79488   1909.1183    
     79776   1902.6501    
     80064   1912.1631    
     80352   1912.2379    
     80640   1907.1492    
     80928   1898.6510    
     81216   1907.8307    
     81504   1908.0344    
     81792   1903.1853    
     82080   1897.0817    
     82368   1887.0006    
     82656   1894.8779    
     82944   1893.7805    
     83232   1887.5952    
     83520   1878.0859    
     83808   1887.0377    
     84096   1889.3892    
     84384   1885.2864    
     84672   1877.1860    
     84960   1866.2258    
     85248   1874.2491    
     85536   1873.6165    
     85824   1867.8264    
     86112   1860.8484    
     86400   1850.1699    
     86688   1858.1318    
     86976   1857.3632    
     87264   1851.2855    
     87552   1841.6998    
     87840   1831.7772    
     88128   1818.7744    
     88416   1824.4049    
     88704   1821.9082    
     88992   1814.3328    
     89280   1803.3590    
     89568   1792.2185    
     89856   1778.2712    
     90144   1762.3137    
     90432   1764.7776    
     90720   1760.3341    
     91008   1751.4786    
     91296   1741.9286    
     91584   1729.5391    
     91872   1715.2236    
     92160   1699.5795    
     92448   1683.0171    
     92736   1665.8016    
     93024   1650.1918    
     93312   1651.7366    
     93600   1648.1194    
     93888   1641.1489    
     94176   1632.0276    
     94464   1623.6328    
     94752   1613.8358    
     95040   1603.1846    
     95328   1592.0957    
     95616   1580.8331    
     95904   1569.6161    
     96192   1560.4949    
     96480   1551.1742    
     96768   1541.8494    
     97056   1532.7021    
     97344   1523.8665    
     97632   1515.4486    
     97920   1507.5153    
     98208   1501.9506    
     98496   1496.5983    
     98784   1491.5425    
     99072   1486.9060    
     99360   1482.7844    
     99648   1479.2529    
     99936   1476.3588    
    100224   1475.9266    
    100512   1475.9033    
    100800   1476.3134    
    101088   1477.2527    
    101376   1478.7932    
    101664   1480.9949    
    101952   1467.8325    
    102240   1458.4434    
    102528   1452.1763    
    102816   1448.4829    
    103104   1448.6438    
    103392   1450.4438    
    103680   1453.6007    
    103968   1458.0044    
    104256   1463.5691    
    104544   1470.2235    
    104832   1461.6987    
