         1   106.00000    
       288   289.40741    
       576   317.29306    
       864   346.35306    
      1152   376.23120    
      1440   406.24744    
      1728   429.05777    
      2016   433.86938    
      2304   388.60690    
      2592   323.86722    
      2880   256.81601    
      3168   214.11993    
      3456   184.72252    
      3744   163.38806    
      4032   147.31668    
      4320   134.87517    
      4608   125.04654    
      4896   117.16393    
      5184   110.77155    
      5472   105.54673    
      5760   101.25421    
      6048   97.717781    
      6336   94.802063    
      6624   92.401085    
      6912   90.429855    
      7200   88.818962    
      7488   87.510979    
      7776   86.457329    
      8064   85.616585    
      8352   84.953125    
      8640   84.436134    
      8928   84.038895    
      9216   83.738464    
      9504   83.515106    
      9792   83.352112    
     10080   83.235565    
     10368   83.154007    
     10656   83.098259    
     10944   83.061066    
     11232   83.036949    
     11520   83.021690    
     11808   83.012413    
     12096   83.006950    
     12384   83.003899    
     12672   83.001701    
     12960   83.001488    
     13248   83.001404    
     13536   83.001328    
     13824   83.001251    
     14112   83.001183    
     14400   83.001114    
     14688   83.001053    
     14976   83.000992    
     15264   83.000938    
     15552   83.000885    
     15840   83.000839    
     16128   83.000786    
     16416   83.000740    
     16704   83.000702    
     16992   83.000664    
     17280   83.000626    
     17568   83.000587    
     17856   83.000557    
     18144   83.000526    
     18432   83.000496    
     18720   83.000465    
     19008   83.000435    
     19296   83.000412    
     19584   83.000389    
     19872   83.000366    
     20160   83.000343    
     20448   83.000328    
     20736   83.000305    
     21024   83.000290    
     21312   83.000275    
     21600   83.000259    
     21888   83.000244    
     22176   83.000229    
     22464   83.000214    
     22752   83.000206    
     23040   83.000191    
     23328   83.000183    
     23616   83.000168    
     23904   83.000160    
     24192   83.000153    
     24480   83.000145    
     24768   83.000137    
     25056   83.000130    
     25344   83.000122    
     25632   83.000114    
     25920   83.000107    
     26208   83.000099    
     26496   83.000099    
     26784   83.000092    
     27072   83.000084    
     27360   83.000084    
     27648   307.07147    
     27936   882.62653    
     28224   920.83502    
     28512   949.00439    
     28800   975.99451    
     29088   1005.9504    
     29376   1039.8651    
     29664   1078.4490    
     29952   1120.8159    
     30240   1157.9216    
     30528   1204.5624    
     30816   1260.9537    
     31104   1327.7997    
     31392   1401.5560    
     31680   1483.5723    
     31968   1574.8525    
     32256   1676.1207    
     32544   1769.7550    
     32832   1877.9540    
     33120   1997.3517    
     33408   2124.8201    
     33696   2255.8672    
     33984   2382.8313    
     34272   2509.4863    
     34560   2631.9526    
     34848   2726.0188    
     35136   2816.6331    
     35424   2898.5979    
     35712   2967.4844    
     36000   3027.1423    
     36288   3076.8125    
     36576   3116.9592    
     36864   3148.6594    
     37152   3150.1355    
     37440   3151.5354    
     37728   3153.5220    
     38016   3154.1904    
     38304   3153.6577    
     38592   3152.5303    
     38880   3151.4336    
     39168   3150.8906    
     39456   3128.7998    
     39744   3113.8167    
     40032   3105.4578    
     40320   3100.6934    
     40608   3098.7078    
     40896   3099.2393    
     41184   3102.1226    
     41472   3107.1775    
     41760   3092.7019    
     42048   3087.8010    
     42336   3087.0042    
     42624   3088.8135    
     42912   3092.7302    
     43200   3096.0042    
     43488   3103.1130    
     43776   3112.0544    
     44064   3101.5750    
     44352   3099.1973    
     44640   3099.7959    
     44928   3102.1494    
     45216   3105.8984    
     45504   3110.8533    
     45792   3116.8350    
     46080   3123.6523    
     46368   3131.1248    
     46656   3139.0718    
     46944   3147.3230    
     47232   3135.7698    
     47520   3131.1372    
     47808   3128.6528    
     48096   3127.4622    
     48384   3127.3132    
     48672   3128.1228    
     48960   3129.7603    
     49248   3132.0820    
     49536   3134.9338    
     49824   3138.1589    
     50112   3141.6157    
     50400   3147.3062    
     50688   3150.8037    
     50976   3153.8599    
     51264   3156.6982    
     51552   3159.2925    
     51840   3161.5789    
     52128   3163.5115    
     52416   3165.0413    
     52704   3166.1404    
     52992   3166.7739    
     53280   3166.9177    
     53568   3166.5637    
     53856   3165.7085    
     54144   3166.4482    
     54432   3164.5295    
     54720   3161.8433    
     55008   3158.6716    
     55296   3155.0562    
     55584   3150.9983    
     55872   3146.4841    
     56160   3141.4983    
     56448   3136.0269    
     56736   3130.0974    
     57024   3125.6738    
     57312   3118.6509    
     57600   3131.2678    
     57888   3136.9028    
     58176   3139.8481    
     58464   3140.6575    
     58752   3139.4260    
     59040   3136.2227    
     59328   3133.2515    
     59616   3126.4221    
     59904   3117.8210    
     60192   3128.9829    
     60480   3132.2756    
     60768   3132.2131    
     61056   3129.5010    
     61344   3124.3420    
     61632   3116.9072    
     61920   3109.5002    
     62208   3119.8945    
     62496   3121.4275    
     62784   3119.1106    
     63072   3113.8091    
     63360   3105.7983    
     63648   3095.3010    
     63936   3104.8845    
     64224   3107.7170    
     64512   3104.0466    
     64800   3096.7251    
     65088   3086.3875    
     65376   3073.3696    
     65664   3080.9624    
     65952   3079.1035    
     66240   3072.8472    
     66528   3065.4502    
     66816   3052.7190    
     67104   3060.5496    
     67392   3058.2761    
     67680   3051.1963    
     67968   3040.4253    
     68256   3050.5095    
     68544   3049.8777    
     68832   3043.8904    
     69120   3036.1406    
     69408   3047.2273    
     69696   3046.4963    
     69984   3039.8958    
     70272   3028.8660    
     70560   3013.9463    
     70848   3020.8206    
     71136   3016.3633    
     71424   3006.2488    
     71712   2994.3872    
     72000   3008.6362    
     72288   3008.8894    
     72576   3002.4075    
     72864   2991.0969    
     73152   2975.6484    
     73440   2982.8845    
     73728   2978.0334    
     74016   2966.9683    
     74304   2951.4187    
     74592   2961.6431    
     74880   2957.2556    
     75168   2945.8616    
     75456   2957.0576    
     75744   2954.7170    
     76032   2945.5100    
     76320   2931.3523    
     76608   2940.8396    
     76896   2937.2644    
     77184   2929.5701    
     77472   2914.6384    
     77760   2923.3130    
     78048   2918.5728    
     78336   2906.6807    
     78624   2889.8435    
     78912   2897.8271    
     79200   2892.6462    
     79488   2880.3601    
     79776   2866.1250    
     80064   2875.2087    
     80352   2870.2346    
     80640   2857.7280    
     80928   2840.2759    
     81216   2848.6008    
     81504   2843.6697    
     81792   2831.4250    
     82080   2817.3918    
     82368   2797.4429    
     82656   2803.4224    
     82944   2796.1887    
     83232   2781.6138    
     83520   2762.2805    
     83808   2769.4873    
     84096   2767.0493    
     84384   2755.2952    
     84672   2737.8525    
     84960   2716.3635    
     85248   2721.8960    
     85536   2714.9243    
     85824   2700.6467    
     86112   2684.7385    
     86400   2663.5195    
     86688   2668.5967    
     86976   2661.1682    
     87264   2646.2812    
     87552   2626.5344    
     87840   2606.3577    
     88128   2581.7847    
     88416   2583.1987    
     88704   2573.0735    
     88992   2555.8665    
     89280   2533.9841    
     89568   2511.8950    
     89856   2485.8601    
     90144   2456.9678    
     90432   2453.4651    
     90720   2440.2510    
     91008   2420.9170    
     91296   2400.5945    
     91584   2376.3184    
     91872   2349.3330    
     92160   2320.4268    
     92448   2290.1248    
     92736   2258.7375    
     93024   2229.1270    
     93312   2222.7327    
     93600   2208.9722    
     93888   2190.2827    
     94176   2168.2603    
     94464   2146.4402    
     94752   2122.0500    
     95040   2095.3618    
     95328   2066.4153    
     95616   2034.7083    
     95904   1999.0221    
     96192   1958.4169    
     96480   1905.2106    
     96768   1825.8030    
     97056   1685.9479    
     97344   1488.2435    
     97632   1273.4719    
     97920   1002.9189    
     98208   800.04480    
     98496   660.06110    
     98784   557.95020    
     99072   480.40756    
     99360   419.70316    
     99648   371.03970    
     99936   331.28278    
    100224   298.29724    
    100512   270.57898    
    100800   247.03725    
    101088   226.86284    
    101376   209.44225    
    101664   194.30205    
    101952   181.07130    
    102240   169.45532    
    102528   159.21690    
    102816   150.16336    
    103104   142.13620    
    103392   135.00407    
    103680   128.65742    
    103968   123.00378    
    104256   117.96460    
    104544   113.47295    
    104832   109.47112    
