         1   106.00000    
       288   257.35562    
       576   281.62744    
       864   307.23740    
      1152   334.05899    
      1440   361.90475    
      1728   386.56189    
      2016   411.45404    
      2304   436.34180    
      2592   460.97580    
      2880   485.10992    
      3168   508.51007    
      3456   525.53296    
      3744   541.72375    
      4032   557.03638    
      4320   571.44635    
      4608   584.95264    
      4896   597.57214    
      5184   603.23151    
      5472   608.82196    
      5760   614.35205    
      6048   619.82910    
      6336   625.25616    
      6624   630.63727    
      6912   629.80231    
      7200   629.84167    
      7488   630.00580    
      7776   630.87653    
      8064   632.37494    
      8352   628.40576    
      8640   625.81433    
      8928   624.40234    
      9216   623.96918    
      9504   624.34741    
      9792   625.39929    
     10080   620.53918    
     10368   617.14514    
     10656   615.03766    
     10944   613.98450    
     11232   630.52417    
     11520   649.19043    
     11808   657.95630    
     12096   664.79266    
     12384   671.27228    
     12672   677.81366    
     12960   684.58289    
     13248   684.09393    
     13536   684.95270    
     13824   686.19269    
     14112   688.55658    
     14400   691.89838    
     14688   696.05609    
     14976   700.88922    
     15264   697.52985    
     15552   696.05249    
     15840   696.16235    
     16128   697.55994    
     16416   700.00964    
     16704   702.36694    
     16992   697.75787    
     17280   695.26331    
     17568   694.48645    
     17856   695.09149    
     18144   695.87781    
     18432   697.73706    
     18720   700.49548    
     19008   696.22882    
     19296   693.10388    
     19584   691.83130    
     19872   692.05597    
     20160   693.49841    
     20448   694.96448    
     20736   697.45428    
     21024   693.19824    
     21312   691.16742    
     21600   689.96606    
     21888   690.41895    
     22176   692.24011    
     22464   695.20752    
     22752   698.15503    
     23040   702.18231    
     23328   699.58929    
     23616   699.36414    
     23904   700.10583    
     24192   702.70898    
     24480   706.90027    
     24768   712.49384    
     25056   718.31787    
     25344   725.58728    
     25632   727.25354    
     25920   731.62335    
     26208   737.28387    
     26496   745.31348    
     26784   755.52313    
     27072   767.82092    
     27360   782.20312    
     27648   797.55145    
     27936   806.87225    
     28224   820.51111    
     28512   838.14990    
     28800   858.44885    
     29088   883.06201    
     29376   912.17426    
     29664   946.16815    
     29952   984.16327    
     30240   1017.9548    
     30528   1061.0177    
     30816   1113.7896    
     31104   1177.2815    
     31392   1248.7327    
     31680   1329.8082    
     31968   1422.1389    
     32256   1527.3467    
     32544   1627.9089    
     32832   1747.6783    
     33120   1884.8314    
     33408   2037.7898    
     33696   2204.7639    
     33984   2380.5916    
     34272   2566.9697    
     34560   2759.4539    
     34848   2919.2458    
     35136   3081.9346    
     35424   3237.9290    
     35712   3377.0059    
     36000   3503.6907    
     36288   3614.2734    
     36576   3707.5481    
     36864   3784.0090    
     37152   3793.5566    
     37440   3801.8174    
     37728   3810.2688    
     38016   3814.7117    
     38304   3815.5483    
     38592   3814.2988    
     38880   3812.5242    
     39168   3811.5317    
     39456   3762.6118    
     39744   3729.6299    
     40032   3710.9988    
     40320   3699.9290    
     40608   3694.6772    
     40896   3694.7461    
     41184   3699.8494    
     41472   3709.6787    
     41760   3677.9033    
     42048   3666.6785    
     42336   3664.0552    
     42624   3666.8831    
     42912   3674.1716    
     43200   3680.2090    
     43488   3694.5537    
     43776   3712.9849    
     44064   3690.0378    
     44352   3684.3616    
     44640   3684.8826    
     44928   3689.0471    
     45216   3696.1538    
     45504   3705.8533    
     45792   3717.8110    
     46080   3731.6560    
     46368   3747.0334    
     46656   3763.5754    
     46944   3780.9265    
     47232   3755.0747    
     47520   3744.3247    
     47808   3738.0715    
     48096   3734.5254    
     48384   3733.1326    
     48672   3733.7698    
     48960   3736.1873    
     49248   3740.0854    
     49536   3745.1523    
     49824   3751.0620    
     50112   3757.5122    
     50400   3768.7849    
     50688   3775.2866    
     50976   3780.8599    
     51264   3785.9863    
     51552   3790.5974    
     51840   3794.5391    
     52128   3797.7058    
     52416   3799.9741    
     52704   3801.2820    
     52992   3801.5444    
     53280   3800.6990    
     53568   3798.7285    
     53856   3795.6282    
     54144   3795.9167    
     54432   3790.3169    
     54720   3783.0283    
     55008   3774.6721    
     55296   3765.3552    
     55584   3755.0884    
     55872   3743.8425    
     56160   3731.6016    
     56448   3718.3430    
     56736   3704.1470    
     57024   3693.0757    
     57312   3676.5278    
     57600   3701.2751    
     57888   3711.5046    
     58176   3716.1860    
     58464   3716.4084    
     58752   3712.3281    
     59040   3704.0688    
     59328   3696.2161    
     59616   3680.1990    
     59904   3660.5320    
     60192   3681.9993    
     60480   3687.1438    
     60768   3685.3491    
     61056   3678.0469    
     61344   3665.6653    
     61632   3648.5847    
     61920   3631.5398    
     62208   3650.9841    
     62496   3652.2390    
     62784   3645.6289    
     63072   3632.9343    
     63360   3614.7537    
     63648   3591.5994    
     63936   3609.0276    
     64224   3612.7712    
     64512   3603.3386    
     64800   3586.6018    
     65088   3563.9124    
     65376   3536.0388    
     65664   3548.9119    
     65952   3543.1008    
     66240   3528.6926    
     66528   3512.0652    
     66816   3485.1218    
     67104   3498.0139    
     67392   3491.3445    
     67680   3475.4885    
     67968   3452.6768    
     68256   3469.7366    
     68544   3466.3096    
     68832   3452.7292    
     69120   3435.8438    
     69408   3454.5798    
     69696   3450.8818    
     69984   3436.1313    
     70272   3413.1584    
     70560   3383.1067    
     70848   3393.4683    
     71136   3382.7764    
     71424   3361.7595    
     71712   3337.6650    
     72000   3361.0891    
     72288   3358.9651    
     72576   3344.6597    
     72864   3321.7488    
     73152   3291.6230    
     73440   3301.9895    
     73728   3290.7332    
     74016   3268.5681    
     74304   3238.7510    
     74592   3253.9436    
     74880   3243.4756    
     75168   3220.9409    
     75456   3237.8728    
     75744   3232.2263    
     76032   3214.7769    
     76320   3189.0059    
     76608   3203.6816    
     76896   3195.9810    
     77184   3181.3103    
     77472   3154.4915    
     77760   3167.4375    
     78048   3157.7439    
     78336   3136.1643    
     78624   3106.6077    
     78912   3118.0671    
     79200   3107.7532    
     79488   3085.8840    
     79776   3061.0603    
     80064   3073.9487    
     80352   3064.0085    
     80640   3042.0461    
     80928   3012.4543    
     81216   3023.7856    
     81504   3014.0520    
     81792   2992.8999    
     82080   2969.1836    
     82368   2936.5403    
     82656   2943.7786    
     82944   2930.6760    
     83232   2906.5281    
     83520   2875.5122    
     83808   2884.3003    
     84096   2878.6216    
     84384   2859.1045    
     84672   2831.4229    
     84960   2798.2117    
     85248   2804.2271    
     85536   2792.1025    
     85824   2769.6194    
     86112   2745.1152    
     86400   2713.4050    
     86688   2718.5256    
     86976   2706.1328    
     87264   2683.5483    
     87552   2654.6028    
     87840   2625.5022    
     88128   2590.8694    
     88416   2590.9121    
     88704   2575.6101    
     88992   2551.1709    
     89280   2520.9883    
     89568   2491.0271    
     89856   2456.4460    
     90144   2418.7952    
     90432   2412.9358    
     90720   2395.0581    
     91008   2369.8987    
     91296   2343.9917    
     91584   2313.6821    
     91872   2280.6494    
     92160   2245.9382    
     92448   2210.2520    
     92736   2174.0244    
     93024   2140.7212    
     93312   2133.6577    
     93600   2118.5071    
     93888   2098.3689    
     94176   2075.2563    
     94464   2053.5798    
     94752   2030.0610    
     95040   2005.5879    
     95328   1980.7878    
     95616   1956.0496    
     95904   1931.6703    
     96192   1910.5347    
     96480   1889.2571    
     96768   1868.1566    
     97056   1847.4875    
     97344   1827.4298    
     97632   1808.1184    
     97920   1789.6278    
     98208   1774.4681    
     98496   1759.6372    
     98784   1745.2961    
     99072   1731.6066    
     99360   1718.6945    
     99648   1706.6493    
     99936   1695.5267    
    100224   1687.6395    
    100512   1680.2714    
    100800   1673.5023    
    101088   1667.4551    
    101376   1662.2224    
    101664   1657.8696    
    101952   1635.4625    
    102240   1617.9404    
    102528   1604.3291    
    102816   1593.8837    
    103104   1588.0768    
    103392   1584.1486    
    103680   1581.7944    
    103968   1580.8789    
    104256   1581.2974    
    104544   1582.9642    
    104832   1567.7777    
