         1   106.00000    
       288   255.86147    
       576   280.07083    
       864   305.63486    
      1152   332.40137    
      1440   360.09830    
      1728   383.94534    
      2016   406.31195    
      2304   427.92725    
      2592   437.51724    
      2880   437.51724    
      3168   437.51724    
      3456   437.51724    
      3744   437.51724    
      4032   437.51724    
      4320   437.51724    
      4608   437.51724    
      4896   437.51724    
      5184   437.51724    
      5472   437.51724    
      5760   437.51724    
      6048   437.51724    
      6336   437.51724    
      6624   437.51724    
      6912   437.51724    
      7200   437.51724    
      7488   437.51724    
      7776   437.51724    
      8064   437.51724    
      8352   437.51724    
      8640   437.51724    
      8928   437.51724    
      9216   437.51724    
      9504   437.51724    
      9792   437.51724    
     10080   437.51724    
     10368   437.51724    
     10656   437.51724    
     10944   437.51724    
     11232   437.51724    
     11520   437.51724    
     11808   437.51724    
     12096   437.51724    
     12384   437.51724    
     12672   437.51724    
     12960   437.51724    
     13248   437.51724    
     13536   437.51724    
     13824   437.51724    
     14112   437.51724    
     14400   437.51724    
     14688   437.51724    
     14976   437.51724    
     15264   437.51724    
     15552   437.51724    
     15840   437.51724    
     16128   437.51724    
     16416   437.51724    
     16704   437.51724    
     16992   437.51724    
     17280   437.51724    
     17568   437.51724    
     17856   437.51724    
     18144   437.51724    
     18432   437.51724    
     18720   437.51724    
     19008   437.51724    
     19296   437.51724    
     19584   437.51724    
     19872   437.51724    
     20160   437.51724    
     20448   437.51724    
     20736   437.51724    
     21024   437.51724    
     21312   437.51724    
     21600   437.51724    
     21888   437.51724    
     22176   437.51724    
     22464   437.51724    
     22752   437.51724    
     23040   437.51724    
     23328   437.51724    
     23616   437.51724    
     23904   437.51724    
     24192   437.51724    
     24480   437.51724    
     24768   437.51724    
     25056   437.51724    
     25344   437.51724    
     25632   437.51724    
     25920   437.51724    
     26208   437.51724    
     26496   437.51724    
     26784   437.51724    
     27072   437.51724    
     27360   437.51724    
     27648   794.87726    
     27936   803.88538    
     28224   815.96637    
     28512   831.74927    
     28800   849.89038    
     29088   871.92908    
     29376   897.95374    
     29664   928.21503    
     29952   961.72974    
     30240   990.70270    
     30528   1027.6627    
     30816   1072.7100    
     31104   1126.3695    
     31392   1185.5560    
     31680   1251.3997    
     31968   1324.7339    
     32256   1406.1753    
     32544   1480.8351    
     32832   1567.5886    
     33120   1663.6804    
     33408   1766.5542    
     33696   1873.6243    
     33984   1980.3162    
     34272   2087.0247    
     34560   2190.4663    
     34848   2270.0310    
     35136   2346.8713    
     35424   2416.5288    
     35712   2475.1602    
     36000   2526.0320    
     36288   2568.4556    
     36576   2602.7930    
     36864   2629.9397    
     37152   2631.2068    
     37440   2632.4351    
     37728   2634.1873    
     38016   2634.8125    
     38304   2634.4033    
     38592   2633.4761    
     38880   2632.5654    
     39168   2632.1182    
     39456   2613.2427    
     39744   2600.4492    
     40032   2593.3169    
     40320   2589.2493    
     40608   2587.5474    
     40896   2587.9885    
     41184   2590.4319    
     41472   2594.7256    
     41760   2582.3518    
     42048   2578.1570    
     42336   2577.4631    
     42624   2578.9919    
     42912   2582.3169    
     43200   2585.0842    
     43488   2591.1274    
     43776   2598.7371    
     44064   2589.7771    
     44352   2587.7395    
     44640   2588.2427    
     44928   2590.2439    
     45216   2593.4360    
     45504   2597.6577    
     45792   2602.7563    
     46080   2608.5698    
     46368   2614.9438    
     46656   2621.7261    
     46944   2628.7700    
     47232   2618.9041    
     47520   2614.9563    
     47808   2612.8435    
     48096   2611.8350    
     48384   2611.7158    
     48672   2612.4148    
     48960   2613.8208    
     49248   2615.8113    
     49536   2618.2554    
     49824   2621.0195    
     50112   2623.9824    
     50400   2628.8611    
     50688   2631.8657    
     50976   2634.4934    
     51264   2636.9360    
     51552   2639.1707    
     51840   2641.1433    
     52128   2642.8147    
     52416   2644.1431    
     52704   2645.1045    
     52992   2645.6692    
     53280   2645.8162    
     53568   2645.5398    
     53856   2644.8357    
     54144   2645.5020    
     54432   2643.8943    
     54720   2641.6309    
     55008   2638.9534    
     55296   2635.8972    
     55584   2632.4641    
     55872   2628.6423    
     56160   2624.4187    
     56448   2619.7812    
     56736   2614.7544    
     57024   2611.0203    
     57312   2605.0654    
     57600   2615.8816    
     57888   2620.7344    
     58176   2623.2913    
     58464   2624.0251    
     58752   2623.0178    
     59040   2620.3269    
     59328   2617.8423    
     59616   2612.0605    
     59904   2604.7664    
     60192   2614.3545    
     60480   2617.2180    
     60768   2617.2166    
     61056   2614.9529    
     61344   2610.6006    
     61632   2604.3062    
     61920   2598.0439    
     62208   2606.9878    
     62496   2608.3579    
     62784   2606.4399    
     63072   2601.9734    
     63360   2595.1951    
     63648   2586.2957    
     63936   2594.5503    
     64224   2597.0442    
     64512   2593.9797    
     64800   2587.7974    
     65088   2579.0413    
     65376   2568.0002    
     65664   2574.5625    
     65952   2573.0500    
     66240   2567.7834    
     66528   2561.5530    
     66816   2550.7681    
     67104   2557.5417    
     67392   2555.6843    
     67680   2549.7239    
     67968   2540.6157    
     68256   2549.3191    
     68544   2548.8684    
     68832   2543.8462    
     69120   2537.3313    
     69408   2546.9045    
     69696   2546.3799    
     69984   2540.8430    
     70272   2531.5278    
     70560   2518.8972    
     70848   2524.8792    
     71136   2521.1809    
     71424   2512.6555    
     71712   2502.6528    
     72000   2514.9421    
     72288   2515.2747    
     72576   2509.8577    
     72864   2500.3228    
     73152   2487.2637    
     73440   2493.5740    
     73728   2489.5613    
     74016   2480.2473    
     74304   2467.1147    
     74592   2475.9934    
     74880   2472.3928    
     75168   2462.8140    
     75456   2472.6760    
     75744   2471.4136    
     76032   2464.2673    
     76320   2452.8848    
     76608   2461.7427    
     76896   2459.4360    
     77184   2453.6150    
     77472   2441.6150    
     77760   2449.8428    
     78048   2446.5964    
     78336   2437.2222    
     78624   2423.6191    
     78912   2431.2920    
     79200   2427.7014    
     79488   2418.0190    
     79776   2406.6875    
     80064   2415.3728    
     80352   2412.0208    
     80640   2402.2041    
     80928   2388.1487    
     81216   2396.2222    
     81504   2392.9336    
     81792   2383.3630    
     82080   2372.2778    
     82368   2356.1428    
     82656   2362.2874    
     82944   2357.1062    
     83232   2345.6196    
     83520   2330.0530    
     83808   2337.2993    
     84096   2336.2888    
     84384   2327.2720    
     84672   2313.3684    
     84960   2295.9971    
     85248   2301.8794    
     85536   2297.0203    
     85824   2285.8745    
     86112   2273.3540    
     86400   2256.2864    
     86688   2261.8662    
     86976   2256.6936    
     87264   2245.1003    
     87552   2229.3281    
     87840   2213.2307    
     88128   2193.3831    
     88416   2195.9343    
     88704   2188.5630    
     88992   2175.1021    
     89280   2157.6309    
     89568   2140.0483    
     89856   2119.1121    
     90144   2095.7783    
     90432   2094.3367    
     90720   2084.5618    
     91008   2069.5547    
     91296   2053.7993    
     91584   2034.7120    
     91872   2013.3943    
     92160   1990.5543    
     92448   1966.6808    
     92736   1942.0818    
     93024   1919.3596    
     93312   1916.6693    
     93600   1907.8536    
     93888   1895.1068    
     94176   1879.9086    
     94464   1865.5703    
     94752   1849.7814    
     95040   1833.1169    
     95328   1816.1006    
     95616   1799.0999    
     95904   1782.4478    
     96192   1768.1360    
     96480   1754.6370    
     96768   1742.1930    
     97056   1732.1530    
     97344   1723.3896    
     97632   1716.8317    
     97920   1715.5581    
     98208   1715.5581    
     98496   1715.5581    
     98784   1715.5581    
     99072   1715.5581    
     99360   1715.5581    
     99648   1715.5581    
     99936   1715.5581    
    100224   1715.5581    
    100512   1715.5581    
    100800   1715.5581    
    101088   1715.5581    
    101376   1715.5581    
    101664   1715.5581    
    101952   1715.5581    
    102240   1715.5581    
    102528   1715.5581    
    102816   1715.5581    
    103104   1715.5581    
    103392   1715.5581    
    103680   1715.5581    
    103968   1715.5581    
    104256   1715.5581    
    104544   1715.5581    
    104832   1715.5581    
