         1   16.000000    
       288   15.000140    
       576   14.740472    
       864   14.463904    
      1152   14.173873    
      1440   13.878290    
      1728   13.611895    
      2016   13.597336    
      2304   14.264762    
      2592   15.167004    
      2880   16.079350    
      3168   16.660311    
      3456   17.060310    
      3744   17.350609    
      4032   17.569284    
      4320   17.738577    
      4608   17.872314    
      4896   17.979570    
      5184   18.066555    
      5472   18.137644    
      5760   18.196049    
      6048   18.244169    
      6336   18.283846    
      6624   18.316509    
      6912   18.343330    
      7200   18.365248    
      7488   18.383043    
      7776   18.397383    
      8064   18.408831    
      8352   18.417860    
      8640   18.424877    
      8928   18.430298    
      9216   18.434381    
      9504   18.437405    
      9792   18.439634    
     10080   18.441217    
     10368   18.442316    
     10656   18.442991    
     10944   18.443541    
     11232   18.443899    
     11520   18.443930    
     11808   18.443956    
     12096   18.443983    
     12384   18.444008    
     12672   18.444031    
     12960   18.444054    
     13248   18.444075    
     13536   18.444094    
     13824   18.444113    
     14112   18.444130    
     14400   18.444147    
     14688   18.444162    
     14976   18.444178    
     15264   18.444191    
     15552   18.444204    
     15840   18.444218    
     16128   18.444229    
     16416   18.444241    
     16704   18.444250    
     16992   18.444260    
     17280   18.444269    
     17568   18.444279    
     17856   18.444286    
     18144   18.444296    
     18432   18.444302    
     18720   18.444309    
     19008   18.444317    
     19296   18.444323    
     19584   18.444328    
     19872   18.444334    
     20160   18.444340    
     20448   18.444344    
     20736   18.444349    
     21024   18.444353    
     21312   18.444357    
     21600   18.444361    
     21888   18.444365    
     22176   18.444368    
     22464   18.444372    
     22752   18.444376    
     23040   18.444378    
     23328   18.444380    
     23616   18.444384    
     23904   18.444386    
     24192   18.444387    
     24480   18.444389    
     24768   18.444391    
     25056   18.444393    
     25344   18.444395    
     25632   18.444397    
     25920   18.444399    
     26208   18.444401    
     26496   18.444403    
     26784   18.444403    
     27072   18.444405    
     27360   18.444405    
     27648   17.280367    
     27936   14.446347    
     28224   14.444508    
     28512   14.527469    
     28800   14.642371    
     29088   14.776967    
     29376   14.927523    
     29664   15.093008    
     29952   15.274700    
     30240   15.473336    
     30528   15.686531    
     30816   15.913272    
     31104   16.152756    
     31392   16.405970    
     31680   16.670059    
     31968   16.941969    
     32256   17.217941    
     32544   17.496939    
     32832   17.769716    
     33120   18.030752    
     33408   18.277128    
     33696   18.506495    
     33984   18.718527    
     34272   18.911345    
     34560   19.085171    
     34848   19.241943    
     35136   19.380495    
     35424   19.501545    
     35712   19.607187    
     36000   19.698393    
     36288   19.776354    
     36576   19.842373    
     36864   19.897688    
     37152   19.944946    
     37440   19.983406    
     37728   20.013128    
     38016   20.034817    
     38304   20.049719    
     38592   20.059078    
     38880   20.064041    
     39168   20.065649    
     39456   20.066481    
     39744   20.064884    
     40032   20.060923    
     40320   20.054678    
     40608   20.046921    
     40896   20.038452    
     41184   20.029854    
     41472   20.021568    
     41760   20.015503    
     42048   20.009216    
     42336   20.001844    
     42624   19.993786    
     42912   19.985531    
     43200   19.977915    
     43488   19.971180    
     43776   19.964998    
     44064   19.961107    
     44352   19.956402    
     44640   19.950457    
     44928   19.943640    
     45216   19.936369    
     45504   19.928961    
     45792   19.921625    
     46080   19.914497    
     46368   19.907679    
     46656   19.901182    
     46944   19.895025    
     47232   19.890583    
     47520   19.885473    
     47808   19.878809    
     48096   19.871256    
     48384   19.862816    
     48672   19.853973    
     48960   19.844999    
     49248   19.835983    
     49536   19.827042    
     49824   19.818251    
     50112   19.809647    
     50400   19.800694    
     50688   19.791531    
     50976   19.782557    
     51264   19.773762    
     51552   19.765093    
     51840   19.756460    
     52128   19.747850    
     52416   19.739176    
     52704   19.730438    
     52992   19.721586    
     53280   19.712553    
     53568   19.703331    
     53856   19.693913    
     54144   19.683817    
     54432   19.673227    
     54720   19.662474    
     55008   19.651527    
     55296   19.640421    
     55584   19.629150    
     55872   19.617624    
     56160   19.605886    
     56448   19.593880    
     56736   19.581642    
     57024   19.568592    
     57312   19.554958    
     57600   19.539822    
     57888   19.525644    
     58176   19.512714    
     58464   19.500591    
     58752   19.488888    
     59040   19.477268    
     59328   19.465128    
     59616   19.452316    
     59904   19.439161    
     60192   19.424099    
     60480   19.409687    
     60768   19.396223    
     61056   19.383278    
     61344   19.370501    
     61632   19.357542    
     61920   19.343876    
     62208   19.327726    
     62496   19.312119    
     62784   19.297403    
     63072   19.283163    
     63360   19.268976    
     63648   19.254444    
     63936   19.237995    
     64224   19.221594    
     64512   19.205597    
     64800   19.190018    
     65088   19.174416    
     65376   19.158405    
     65664   19.140409    
     65952   19.122738    
     66240   19.105759    
     66528   19.088589    
     66816   19.070938    
     67104   19.051441    
     67392   19.032373    
     67680   19.014116    
     67968   18.996136    
     68256   18.976624    
     68544   18.957603    
     68832   18.939445    
     69120   18.921345    
     69408   18.901112    
     69696   18.881298    
     69984   18.862312    
     70272   18.843657    
     70560   18.824743    
     70848   18.803740    
     71136   18.782703    
     71424   18.762194    
     71712   18.741390    
     72000   18.718115    
     72288   18.695240    
     72576   18.673504    
     72864   18.652313    
     73152   18.631107    
     73440   18.607950    
     73728   18.584654    
     74016   18.561827    
     74304   18.539110    
     74592   18.514290    
     74880   18.488848    
     75168   18.463923    
     75456   18.437868    
     75744   18.412279    
     76032   18.387640    
     76320   18.363575    
     76608   18.337976    
     76896   18.312332    
     77184   18.287085    
     77472   18.261517    
     77760   18.234209    
     78048   18.206690    
     78336   18.179680    
     78624   18.152851    
     78912   18.124537    
     79200   18.095882    
     79488   18.067698    
     79776   18.039606    
     80064   18.009459    
     80352   17.978779    
     80640   17.948593    
     80928   17.918728    
     81216   17.887571    
     81504   17.856052    
     81792   17.825075    
     82080   17.794367    
     82368   17.762774    
     82656   17.729609    
     82944   17.695566    
     83232   17.661751    
     83520   17.628139    
     83808   17.593494    
     84096   17.558416    
     84384   17.523254    
     84672   17.488367    
     84960   17.453659    
     85248   17.417786    
     85536   17.381227    
     85824   17.344988    
     86112   17.309223    
     86400   17.272943    
     86688   17.235647    
     86976   17.197527    
     87264   17.159668    
     87552   17.122274    
     87840   17.085266    
     88128   17.047609    
     88416   17.008898    
     88704   16.969122    
     88992   16.929392    
     89280   16.889992    
     89568   16.851040    
     89856   16.811644    
     90144   16.771711    
     90432   16.730923    
     90720   16.688992    
     91008   16.646950    
     91296   16.605440    
     91584   16.563745    
     91872   16.522038    
     92160   16.480286    
     92448   16.438496    
     92736   16.396631    
     93024   16.354752    
     93312   16.311821    
     93600   16.267738    
     93888   16.223661    
     94176   16.180298    
     94464   16.138506    
     94752   16.097979    
     95040   16.059402    
     95328   16.023672    
     95616   15.992259    
     95904   15.967563    
     96192   15.954481    
     96480   15.961761    
     96768   16.010485    
     97056   16.155577    
     97344   16.398949    
     97632   16.686218    
     97920   17.081347    
     98208   17.381960    
     98496   17.589378    
     98784   17.740671    
     99072   17.855568    
     99360   17.945515    
     99648   18.017618    
     99936   18.076527    
    100224   18.125404    
    100512   18.166475    
    100800   18.201359    
    101088   18.231256    
    101376   18.257065    
    101664   18.279495    
    101952   18.299109    
    102240   18.316320    
    102528   18.331480    
    102816   18.344894    
    103104   18.356804    
    103392   18.367353    
    103680   18.376757    
    103968   18.385153    
    104256   18.392597    
    104544   18.399281    
    104832   18.405174    
