         1   16.000000    
       288   15.638454    
       576   15.398518    
       864   15.135105    
      1152   14.847813    
      1440   14.537224    
      1728   14.204285    
      2016   13.856243    
      2304   13.496225    
      2592   13.127575    
      2880   12.754033    
      3168   12.379481    
      3456   12.010404    
      3744   11.652664    
      4032   11.308146    
      4320   10.978494    
      4608   10.664964    
      4896   10.368433    
      5184   10.096929    
      5472   9.8460579    
      5760   9.6141338    
      6048   9.3997841    
      6336   9.2016115    
      6624   9.0183220    
      6912   8.8601646    
      7200   8.7153978    
      7488   8.5823555    
      7776   8.4594393    
      8064   8.3452368    
      8352   8.2520828    
      8640   8.1650467    
      8928   8.0829210    
      9216   8.0048933    
      9504   7.9303036    
      9792   7.8586783    
     10080   7.8055463    
     10368   7.7535353    
     10656   7.7021666    
     10944   7.6513057    
     11232   8.4134512    
     11520   9.3333216    
     11808   10.113222    
     12096   10.760784    
     12384   11.295177    
     12672   11.736840    
     12960   12.102038    
     13248   12.409150    
     13536   12.658899    
     13824   12.863732    
     14112   13.029791    
     14400   13.163883    
     14688   13.271604    
     14976   13.357621    
     15264   13.428911    
     15552   13.484388    
     15840   13.527116    
     16128   13.559509    
     16416   13.583623    
     16704   13.601490    
     16992   13.616224    
     17280   13.626721    
     17568   13.633986    
     17856   13.638701    
     18144   13.641791    
     18432   13.643793    
     18720   13.645246    
     19008   13.648463    
     19296   13.652184    
     19584   13.656372    
     19872   13.661080    
     20160   13.666546    
     20448   13.673262    
     20736   13.681439    
     21024   13.693114    
     21312   13.706482    
     21600   13.721570    
     21888   13.738379    
     22176   13.756992    
     22464   13.777567    
     22752   13.800767    
     23040   13.826762    
     23328   13.857253    
     23616   13.890577    
     23904   13.927300    
     24192   13.967157    
     24480   14.010193    
     24768   14.056788    
     25056   14.107856    
     25344   14.163683    
     25632   14.225690    
     25920   14.292865    
     26208   14.365954    
     26496   14.445075    
     26784   14.530710    
     27072   14.623516    
     27360   14.724438    
     27648   14.835231    
     27936   14.956213    
     28224   15.088300    
     28512   15.231796    
     28800   15.388375    
     29088   15.559113    
     29376   15.745638    
     29664   15.950070    
     29952   16.175674    
     30240   16.420233    
     30528   16.689592    
     30816   16.985647    
     31104   17.311432    
     31392   17.669308    
     31680   18.060925    
     31968   18.488607    
     32256   18.954821    
     32544   19.438425    
     32832   19.964228    
     33120   20.530052    
     33408   21.136164    
     33696   21.781834    
     33984   22.460609    
     34272   23.175880    
     34560   23.918224    
     34848   24.583448    
     35136   25.255167    
     35424   25.904179    
     35712   26.497562    
     36000   27.044216    
     36288   27.529371    
     36576   27.946608    
     36864   28.295752    
     37152   28.409948    
     37440   28.504665    
     37728   28.584929    
     38016   28.637733    
     38304   28.666529    
     38592   28.678585    
     38880   28.681198    
     39168   28.680618    
     39456   28.516808    
     39744   28.403227    
     40032   28.334021    
     40320   28.286306    
     40608   28.255476    
     40896   28.241165    
     41184   28.243399    
     41472   28.261902    
     41760   28.145842    
     42048   28.097870    
     42336   28.076580    
     42624   28.072151    
     42912   28.082123    
     43200   28.089054    
     43488   28.125000    
     43776   28.175510    
     44064   28.092737    
     44352   28.065876    
     44640   28.057392    
     44928   28.059450    
     45216   28.070461    
     45504   28.089806    
     45792   28.116768    
     46080   28.150379    
     46368   28.189644    
     46656   28.233406    
     46944   28.280531    
     47232   28.186771    
     47520   28.142231    
     47808   28.109972    
     48096   28.085175    
     48384   28.065987    
     48672   28.052818    
     48960   28.045296    
     49248   28.042574    
     49536   28.043842    
     49824   28.048140    
     50112   28.054537    
     50400   28.076258    
     50688   28.081839    
     50976   28.084669    
     51264   28.086319    
     51552   28.086475    
     51840   28.084459    
     52128   28.079912    
     52416   28.072273    
     52704   28.061335    
     52992   28.046738    
     53280   28.028164    
     53568   28.005552    
     53856   27.978876    
     54144   27.962193    
     54432   27.925270    
     54720   27.882561    
     55008   27.836079    
     55296   27.786253    
     55584   27.733120    
     55872   27.676460    
     56160   27.616322    
     56448   27.552549    
     56736   27.485508    
     57024   27.427282    
     57312   27.350599    
     57600   27.403927    
     57888   27.412287    
     58176   27.404942    
     58464   27.384636    
     58752   27.351240    
     59040   27.304638    
     59328   27.258492    
     59616   27.185253    
     59904   27.100052    
     60192   27.142195    
     60480   27.133614    
     60768   27.104618    
     61056   27.059069    
     61344   26.997837    
     61632   26.921633    
     61920   26.844566    
     62208   26.877737    
     62496   26.854746    
     62784   26.808641    
     63072   26.744411    
     63360   26.663372    
     63648   26.566626    
     63936   26.592325    
     64224   26.575708    
     64512   26.519041    
     64800   26.440714    
     65088   26.344389    
     65376   26.231991    
     65664   26.240446    
     65952   26.192595    
     66240   26.119951    
     66528   26.040495    
     66816   25.929569    
     67104   25.935085    
     67392   25.882734    
     67680   25.804464    
     67968   25.706329    
     68256   25.723803    
     68544   25.681406    
     68832   25.610571    
     69120   25.530323    
     69408   25.551041    
     69696   25.506609    
     69984   25.431330    
     70272   25.332989    
     70560   25.214283    
     70848   25.208755    
     71136   25.142618    
     71424   25.048044    
     71712   24.944674    
     72000   24.972092    
     72288   24.927637    
     72576   24.850710    
     72864   24.750807    
     73152   24.631319    
     73440   24.621492    
     73728   24.551395    
     74016   24.452238    
     74304   24.332901    
     74592   24.333118    
     74880   24.262369    
     75168   24.160070    
     75456   24.162518    
     75744   24.104790    
     76032   24.017101    
     76320   23.908625    
     76608   23.905087    
     76896   23.842117    
     77184   23.761564    
     77472   23.649084    
     77760   23.637526    
     78048   23.566683    
     78336   23.466236    
     78624   23.346296    
     78912   23.328634    
     79200   23.255037    
     79488   23.153345    
     79776   23.044985    
     80064   23.027248    
     80352   22.951897    
     80640   22.848024    
     80928   22.726765    
     81216   22.702858    
     81504   22.627375    
     81792   22.525679    
     82080   22.418894    
     82368   22.290522    
     82656   22.252995    
     82944   22.166786    
     83232   22.055983    
     83520   21.930752    
     83808   21.893915    
     84096   21.823750    
     84384   21.722841    
     84672   21.605076    
     84960   21.476645    
     85248   21.431171    
     85536   21.345760    
     85824   21.239342    
     86112   21.130152    
     86400   21.006227    
     86688   20.956244    
     86976   20.869425    
     87264   20.763031    
     87552   20.645662    
     87840   20.529633    
     88128   20.403194    
     88416   20.341167    
     88704   20.248842    
     88992   20.140297    
     89280   20.022816    
     89568   19.907524    
     89856   19.784706    
     90144   19.657318    
     90432   19.582998    
     90720   19.487158    
     91008   19.379864    
     91296   19.272961    
     91584   19.159788    
     91872   19.043528    
     92160   18.925894    
     92448   18.807999    
     92736   18.690414    
     93024   18.577736    
     93312   18.500042    
     93600   18.409489    
     93888   18.312138    
     94176   18.211697    
     94464   18.114592    
     94752   18.015833    
     95040   17.916824    
     95328   17.818432    
     95616   17.721144    
     95904   17.625225    
     96192   17.534086    
     96480   17.443014    
     96768   17.352531    
     97056   17.262974    
     97344   17.174591    
     97632   17.087534    
     97920   17.001856    
     98208   16.920179    
     98496   16.838978    
     98784   16.758551    
     99072   16.679144    
     99360   16.600986    
     99648   16.524195    
     99936   16.448898    
    100224   16.377134    
    100512   16.306187    
    100800   16.236256    
    101088   16.167553    
    101376   16.100258    
    101664   16.034441    
    101952   15.959615    
    102240   15.890071    
    102528   15.824300    
    102816   15.761354    
    103104   15.701965    
    103392   15.643870    
    103680   15.586902    
    103968   15.531034    
    104256   15.476271    
    104544   15.422643    
    104832   15.363928    
