         1   16.000000    
       288   15.559899    
       576   15.328846    
       864   15.079172    
      1152   14.811845    
      1440   14.529576    
      1728   14.241127    
      2016   13.978027    
      2304   13.727131    
      2592   13.618383    
      2880   13.618383    
      3168   13.618383    
      3456   13.618383    
      3744   13.618383    
      4032   13.618383    
      4320   13.618383    
      4608   13.618383    
      4896   13.618383    
      5184   13.618383    
      5472   13.618383    
      5760   13.618383    
      6048   13.618383    
      6336   13.618383    
      6624   13.618383    
      6912   13.618383    
      7200   13.618383    
      7488   13.618383    
      7776   13.618383    
      8064   13.618383    
      8352   13.618383    
      8640   13.618383    
      8928   13.618383    
      9216   13.618383    
      9504   13.618383    
      9792   13.618383    
     10080   13.618383    
     10368   13.618383    
     10656   13.618383    
     10944   13.618383    
     11232   13.618383    
     11520   13.618383    
     11808   13.618383    
     12096   13.618383    
     12384   13.618383    
     12672   13.618383    
     12960   13.618383    
     13248   13.618383    
     13536   13.618383    
     13824   13.618383    
     14112   13.618383    
     14400   13.618383    
     14688   13.618383    
     14976   13.618383    
     15264   13.618383    
     15552   13.618383    
     15840   13.618383    
     16128   13.618383    
     16416   13.618383    
     16704   13.618383    
     16992   13.618383    
     17280   13.618383    
     17568   13.618383    
     17856   13.618383    
     18144   13.618383    
     18432   13.618383    
     18720   13.618383    
     19008   13.618383    
     19296   13.618383    
     19584   13.618383    
     19872   13.618383    
     20160   13.618383    
     20448   13.618383    
     20736   13.618383    
     21024   13.618383    
     21312   13.618383    
     21600   13.618383    
     21888   13.618383    
     22176   13.618383    
     22464   13.618383    
     22752   13.618383    
     23040   13.618383    
     23328   13.618383    
     23616   13.618383    
     23904   13.618383    
     24192   13.618383    
     24480   13.618383    
     24768   13.618383    
     25056   13.618383    
     25344   13.618383    
     25632   13.618383    
     25920   13.618383    
     26208   13.618383    
     26496   13.618383    
     26784   13.618383    
     27072   13.618383    
     27360   13.618383    
     27648   14.739174    
     27936   14.840209    
     28224   14.945240    
     28512   15.057856    
     28800   15.179291    
     29088   15.309500    
     29376   15.449059    
     29664   15.598717    
     29952   15.760451    
     30240   15.935368    
     30528   16.121307    
     30816   16.317480    
     31104   16.523212    
     31392   16.739450    
     31680   16.963675    
     31968   17.193268    
     32256   17.425098    
     32544   17.658543    
     32832   17.885668    
     33120   18.102131    
     33408   18.305765    
     33696   18.494886    
     33984   18.669912    
     34272   18.829466    
     34560   18.973673    
     34848   19.103933    
     35136   19.219305    
     35424   19.320290    
     35712   19.408529    
     36000   19.484812    
     36288   19.550077    
     36576   19.605381    
     36864   19.651737    
     37152   19.691074    
     37440   19.723091    
     37728   19.747856    
     38016   19.765917    
     38304   19.778320    
     38592   19.786100    
     38880   19.790220    
     39168   19.791552    
     39456   19.791964    
     39744   19.790445    
     40032   19.787046    
     40320   19.781792    
     40608   19.775318    
     40896   19.768282    
     41184   19.761166    
     41472   19.754333    
     41760   19.749105    
     42048   19.743814    
     42336   19.737677    
     42624   19.731001    
     42912   19.724182    
     43200   19.717884    
     43488   19.712362    
     43776   19.707323    
     44064   19.703955    
     44352   19.700018    
     44640   19.695082    
     44928   19.689444    
     45216   19.683447    
     45504   19.677347    
     45792   19.671322    
     46080   19.665478    
     46368   19.659893    
     46656   19.654585    
     46944   19.649561    
     47232   19.645739    
     47520   19.641443    
     47808   19.635881    
     48096   19.629597    
     48384   19.622591    
     48672   19.615257    
     48960   19.607826    
     49248   19.600363    
     49536   19.592970    
     49824   19.585707    
     50112   19.578598    
     50400   19.571232    
     50688   19.563660    
     50976   19.556246    
     51264   19.548975    
     51552   19.541805    
     51840   19.534664    
     52128   19.527533    
     52416   19.520350    
     52704   19.513109    
     52992   19.505768    
     53280   19.498272    
     53568   19.490614    
     53856   19.482788    
     54144   19.474422    
     54432   19.465616    
     54720   19.456661    
     55008   19.447548    
     55296   19.438299    
     55584   19.428907    
     55872   19.419300    
     56160   19.409519    
     56448   19.399506    
     56736   19.389297    
     57024   19.378431    
     57312   19.367058    
     57600   19.354612    
     57888   19.342894    
     58176   19.332188    
     58464   19.322134    
     58752   19.312412    
     59040   19.302750    
     59328   19.292650    
     59616   19.281969    
     59904   19.270987    
     60192   19.258575    
     60480   19.246639    
     60768   19.235466    
     61056   19.224703    
     61344   19.214064    
     61632   19.203255    
     61920   19.191866    
     62208   19.178539    
     62496   19.165596    
     62784   19.153368    
     63072   19.141514    
     63360   19.129688    
     63648   19.117561    
     63936   19.103970    
     64224   19.090376    
     64512   19.077076    
     64800   19.064100    
     65088   19.051096    
     65376   19.037733    
     65664   19.022839    
     65952   19.008160    
     66240   18.994034    
     66528   18.979744    
     66816   18.965029    
     67104   18.948889    
     67392   18.933048    
     67680   18.917856    
     67968   18.902885    
     68256   18.886732    
     68544   18.870935    
     68832   18.855839    
     69120   18.840782    
     69408   18.824024    
     69696   18.807570    
     69984   18.791779    
     70272   18.776251    
     70560   18.760496    
     70848   18.743074    
     71136   18.725590    
     71424   18.708527    
     71712   18.691217    
     72000   18.671925    
     72288   18.652922    
     72576   18.634850    
     72864   18.617224    
     73152   18.599575    
     73440   18.580349    
     73728   18.560986    
     74016   18.542002    
     74304   18.523111    
     74592   18.502493    
     74880   18.481348    
     75168   18.460625    
     75456   18.438971    
     75744   18.417686    
     76032   18.397184    
     76320   18.377150    
     76608   18.355818    
     76896   18.334442    
     77184   18.313387    
     77472   18.292061    
     77760   18.269249    
     78048   18.246258    
     78336   18.223690    
     78624   18.201273    
     78912   18.177551    
     79200   18.153557    
     79488   18.129957    
     79776   18.106422    
     80064   18.081087    
     80352   18.055325    
     80640   18.029987    
     80928   18.004921    
     81216   17.978651    
     81504   17.952112    
     81792   17.926041    
     82080   17.900177    
     82368   17.873581    
     82656   17.845514    
     82944   17.816748    
     83232   17.788193    
     83520   17.759811    
     83808   17.730381    
     84096   17.700605    
     84384   17.670790    
     84672   17.641218    
     84960   17.611801    
     85248   17.581173    
     85536   17.550032    
     85824   17.519180    
     86112   17.488705    
     86400   17.457798    
     86688   17.425779    
     86976   17.393127    
     87264   17.360727    
     87552   17.328724    
     87840   17.296995    
     88128   17.264700    
     88416   17.231222    
     88704   17.196899    
     88992   17.162630    
     89280   17.128637    
     89568   17.094931    
     89856   17.060801    
     90144   17.026150    
     90432   16.990442    
     90720   16.953785    
     91008   16.916986    
     91296   16.880510    
     91584   16.843765    
     91872   16.806854    
     92160   16.769701    
     92448   16.732260    
     92736   16.694437    
     93024   16.656109    
     93312   16.616558    
     93600   16.575689    
     93888   16.534328    
     94176   16.492922    
     94464   16.451885    
     94752   16.410725    
     95040   16.369549    
     95328   16.328424    
     95616   16.287403    
     95904   16.246519    
     96192   16.206078    
     96480   16.165781    
     96768   16.126060    
     97056   16.088327    
     97344   16.054825    
     97632   16.028748    
     97920   16.022518    
     98208   16.022518    
     98496   16.022518    
     98784   16.022518    
     99072   16.022518    
     99360   16.022518    
     99648   16.022518    
     99936   16.022518    
    100224   16.022518    
    100512   16.022518    
    100800   16.022518    
    101088   16.022518    
    101376   16.022518    
    101664   16.022518    
    101952   16.022518    
    102240   16.022518    
    102528   16.022518    
    102816   16.022518    
    103104   16.022518    
    103392   16.022518    
    103680   16.022518    
    103968   16.022518    
    104256   16.022518    
    104544   16.022518    
    104832   16.022518    
